K,Points:0,Points:1,Points:2,U,V,W,uu,uv,uw,vv,vw,ww,x-dim,y-dim,z-dim,K-dim,U-dim,V-dim,W-dim,uu-dim,uv-dim,uw-dim,vv-dim,vw-dim,ww-dim
0,-0.125,0.67,4.7844,0,0,0,0,0,0,0,0,0,-0.015,0.0804,0.574128,0,0,0,0,0,0,0,0,0,0
0,-0.083719,0.67,4.7844,0,0,0,0,0,0,0,0,0,-0.01004628,0.0804,0.574128,0,0,0,0,0,0,0,0,0,0
5.76E-08,-0.044001,0.67,4.7844,-0.00026516,-7.25E-14,8.37E-19,1.15E-07,3.14E-17,-2.03E-21,8.57E-27,-5.52E-31,4.09E-35,-0.00528012,0.0804,0.574128,2.0777E-09,-5.03804E-05,-1.37799E-14,1.58973E-19,4.15547E-09,1.1339E-18,-7.31061E-23,3.0942E-28,-1.99442E-32,1.47689E-36
0.0013255,-0.0058053,0.67,4.7844,-0.0017657,0.021339,0.35589,1.14E-05,-2.05E-05,-2.90E-05,0.00076954,-0.00012584,0.0018699,-0.000696636,0.0804,0.574128,4.78506E-05,-0.000335483,0.00405441,0.0676191,4.13165E-07,-7.40772E-07,-1.04834E-06,2.77804E-05,-4.54282E-06,6.75034E-05
0.0034307,0.030909,0.67,4.7844,-0.0073037,0.048393,0.80684,0.00018081,-0.00012063,-0.00016638,0.0020048,-0.00033084,0.0046758,0.00370908,0.0804,0.574128,0.000123848,-0.001387703,0.00919467,0.1532996,6.52724E-06,-4.35474E-06,-6.00632E-06,7.23733E-05,-1.19433E-05,0.000168796
0.0038167,0.066184,0.67,4.7844,-0.014938,0.044022,0.91476,0.00052202,-0.00020554,-0.00041633,0.0018005,-0.00016674,0.0053108,0.00794208,0.0804,0.574128,0.000137783,-0.00283822,0.00836418,0.1738044,1.88449E-05,-7.41999E-06,-1.50295E-05,6.49981E-05,-6.01931E-06,0.00019172
0.0041333,0.10006,0.67,4.7844,-0.019459,0.030513,0.94634,0.00075442,-0.00014822,-0.00033084,0.0012041,-0.00019421,0.0063081,0.0120072,0.0804,0.574128,0.000149212,-0.00369721,0.00579747,0.1798046,2.72346E-05,-5.35074E-06,-1.19433E-05,4.3468E-05,-7.01098E-06,0.000227722
0.0041721,0.13258,0.67,4.7844,-0.019544,0.021785,0.97382,0.00067556,7.38E-06,-3.90E-05,0.001288,-0.00095917,0.0063806,0.0159096,0.0804,0.574128,0.000150613,-0.00371336,0.00413915,0.1850258,2.43877E-05,2.66266E-07,-1.40808E-06,4.64968E-05,-3.4626E-05,0.00023034
0.0030759,0.16379,0.67,4.7844,-0.017615,0.0092456,1.0018,0.00051231,0.00011017,-5.82E-05,0.0012227,-0.00079809,0.0044168,0.0196548,0.0804,0.574128,0.00011104,-0.00334685,0.001756664,0.190342,1.84944E-05,3.97714E-06,-2.10044E-06,4.41395E-05,-2.8811E-05,0.000159446
0.0025009,0.19372,0.67,4.7844,-0.01575,0.0030807,1.0078,0.00056463,0.00018942,-0.00032516,0.0010852,-0.00028316,0.0033519,0.0232464,0.0804,0.574128,9.02825E-05,-0.0029925,0.000585333,0.191482,2.03831E-05,6.83806E-06,-1.17383E-05,3.91757E-05,-1.02221E-05,0.000121004
0.0029747,0.22242,0.67,4.7844,-0.013415,0.0053919,1.0158,0.00077463,0.00014527,-0.00091882,0.0010235,-0.00038088,0.0041512,0.0266904,0.0804,0.574128,0.000107387,-0.00254885,0.001024461,0.193002,2.79641E-05,5.24425E-06,-3.31694E-05,3.69484E-05,-1.37498E-05,0.000149858
0.0027241,0.24993,0.67,4.7844,-0.013017,0.011546,1.0277,0.00095388,-0.00010137,-0.00082645,0.0010165,-0.00034062,0.0034778,0.0299916,0.0804,0.574128,9.834E-05,-0.00247323,0.00219374,0.195263,3.44351E-05,-3.65946E-06,-2.98348E-05,3.66957E-05,-1.22964E-05,0.000125549
0.0022223,0.27629,0.67,4.7844,-0.014908,0.018279,1.0311,0.00099867,-6.74E-05,-0.00076672,0.00096118,-0.00022474,0.0024847,0.0331548,0.0804,0.574128,8.0225E-05,-0.00283252,0.00347301,0.195909,3.6052E-05,-2.43285E-06,-2.76786E-05,3.46986E-05,-8.11311E-06,8.96977E-05
0.0027016,0.30154,0.67,4.7844,-0.015562,0.019677,1.0323,0.0010324,0.00015676,-0.00090404,0.00098202,-0.00012217,0.0033888,0.0361848,0.0804,0.574128,9.75278E-05,-0.00295678,0.00373863,0.196137,3.72696E-05,5.65904E-06,-3.26358E-05,3.54509E-05,-4.41034E-06,0.000122336
0.0031687,0.32572,0.67,4.7844,-0.014632,0.013167,1.0328,0.0010989,0.00019327,-0.00085026,0.0013164,-0.00051556,0.0039222,0.0390864,0.0804,0.574128,0.00011439,-0.00278008,0.00250173,0.196232,3.96703E-05,6.97705E-06,-3.06944E-05,4.7522E-05,-1.86117E-05,0.000141591
0.0033147,0.34887,0.67,4.7844,-0.014459,0.0072794,1.0506,0.0011524,0.00015453,-0.00097625,0.0015666,-0.00095557,0.0039104,0.0418644,0.0804,0.574128,0.000119661,-0.00274721,0.001383086,0.199614,4.16016E-05,5.57853E-06,-3.52426E-05,5.65543E-05,-3.44961E-05,0.000141165
0.0030738,0.37102,0.67,4.7844,-0.015484,0.011426,1.0546,0.0012015,0.00018207,-0.0005732,0.0016905,-0.00098586,0.0032556,0.0445224,0.0804,0.574128,0.000110964,-0.00294196,0.00217094,0.200374,4.33742E-05,6.57273E-06,-2.06925E-05,6.10271E-05,-3.55895E-05,0.000117527
0.0027118,0.39221,0.67,4.7844,-0.016269,0.019868,1.0489,0.0012508,0.00028395,-0.00055719,0.0017014,-0.00066636,0.0024714,0.0470652,0.0804,0.574128,9.7896E-05,-0.00309111,0.00377492,0.199291,4.51539E-05,1.02506E-05,-2.01146E-05,6.14205E-05,-2.40556E-05,8.92175E-05
0.0022236,0.41248,0.67,4.7844,-0.016984,0.02617,1.0467,0.0013625,0.00025289,-0.00054621,0.001529,-0.00040851,0.0015557,0.0494976,0.0804,0.574128,8.0272E-05,-0.00322696,0.0049723,0.198873,4.91863E-05,9.12933E-06,-1.97182E-05,5.51969E-05,-1.47472E-05,5.61608E-05
0.0020601,0.43187,0.67,4.7844,-0.0182,0.029792,1.0495,0.0014223,7.40E-05,-0.00022771,0.0014762,-0.00050328,0.0012217,0.0518244,0.0804,0.574128,7.43696E-05,-0.003458,0.00566048,0.199405,5.1345E-05,2.67126E-06,-8.22033E-06,5.32908E-05,-1.81684E-05,4.41034E-05
0.0020327,0.4504,0.67,4.7844,-0.019447,0.03251,1.0513,0.0013313,-2.48E-05,-8.60E-05,0.0013575,-0.00060424,0.0013766,0.054048,0.0804,0.574128,7.33805E-05,-0.00369493,0.0061769,0.199747,4.80599E-05,-8.93692E-07,-3.10482E-06,4.90058E-05,-2.18131E-05,4.96953E-05
0.0022876,0.46812,0.67,4.7844,-0.020187,0.032933,1.0494,0.0012167,4.47E-05,-4.89E-05,0.0014192,-0.00089649,0.0019392,0.0561744,0.0804,0.574128,8.25824E-05,-0.00383553,0.00625727,0.199386,4.39229E-05,1.61335E-06,-1.76525E-06,5.12331E-05,-3.23633E-05,7.00051E-05
0.002442,0.48504,0.67,4.7844,-0.020307,0.030989,1.0529,0.0011493,0.00014015,-0.00015196,0.001593,-0.001109,0.0021416,0.0582048,0.0804,0.574128,8.81562E-05,-0.00385833,0.00588791,0.200051,4.14897E-05,5.05942E-06,-5.48576E-06,5.75073E-05,-4.00349E-05,7.73118E-05
0.0024363,0.50122,0.67,4.7844,-0.020441,0.028976,1.0582,0.0011234,0.00010236,-0.00019303,0.0017194,-0.0011543,0.0020299,0.0601464,0.0804,0.574128,8.79504E-05,-0.00388379,0.00550544,0.201058,4.05547E-05,3.6952E-06,-6.96838E-06,6.20703E-05,-4.16702E-05,7.32794E-05
0.0025434,0.51667,0.67,4.7844,-0.020389,0.029373,1.0595,0.0011515,2.61E-05,-0.00016695,0.0019183,-0.0011664,0.0020169,0.0620004,0.0804,0.574128,9.18167E-05,-0.00387391,0.00558087,0.201305,4.15692E-05,9.42427E-07,-6.0269E-06,6.92506E-05,-4.2107E-05,7.28101E-05
0.0024657,0.53142,0.67,4.7844,-0.019805,0.030363,1.0623,0.001186,7.92E-05,-0.00013225,0.002069,-0.0010013,0.0016765,0.0637704,0.0804,0.574128,8.90118E-05,-0.00376295,0.00576897,0.201837,4.28146E-05,2.85898E-06,-4.77423E-06,7.46909E-05,-3.61469E-05,6.05217E-05
0.0023062,0.54551,0.67,4.7844,-0.019417,0.029378,1.0652,0.0011532,0.00017857,-0.00012037,0.0020674,-0.00084434,0.0013917,0.0654612,0.0804,0.574128,8.32538E-05,-0.00368923,0.00558182,0.202388,4.16305E-05,6.44638E-06,-4.34536E-06,7.46331E-05,-3.04807E-05,5.02404E-05
0.0020598,0.55896,0.67,4.7844,-0.019205,0.027472,1.0636,0.001053,0.00017561,-0.00011568,0.0017794,-0.00065031,0.0012873,0.0670752,0.0804,0.574128,7.43588E-05,-0.00364895,0.00521968,0.202084,3.80133E-05,6.33952E-06,-4.17605E-06,6.42363E-05,-2.34762E-05,4.64715E-05
0.001846,0.5718,0.67,4.7844,-0.018868,0.024047,1.0596,0.00092319,8.72E-05,-0.00018971,0.0014203,-0.00033387,0.0013485,0.068616,0.0804,0.574128,6.66406E-05,-0.00358492,0.00456893,0.201324,3.33272E-05,3.14962E-06,-6.84853E-06,5.12728E-05,-1.20527E-05,4.86809E-05
0.0017297,0.58405,0.67,4.7844,-0.018809,0.019945,1.0606,0.00080409,4.79E-06,-0.00026801,0.0014158,-2.54E-05,0.0012395,0.070086,0.0804,0.574128,6.24422E-05,-0.00357371,0.00378955,0.201514,2.90276E-05,1.72825E-07,-9.67516E-06,5.11104E-05,-9.18492E-07,4.4746E-05
0.0017011,0.59575,0.67,4.7844,-0.019215,0.017791,1.0639,0.00072269,1.46E-05,-0.00031679,0.0016854,8.70E-05,0.00099411,0.07149,0.0804,0.574128,6.14097E-05,-0.00365085,0.00338029,0.202141,2.60891E-05,5.26338E-07,-1.14361E-05,6.08429E-05,3.13987E-06,3.58874E-05
0.0017729,0.6069,0.67,4.7844,-0.019775,0.016384,1.0668,0.00069203,8.05E-05,-0.00039199,0.001869,0.00010504,0.00098472,0.072828,0.0804,0.574128,6.40017E-05,-0.00375725,0.00311296,0.202692,2.49823E-05,2.90753E-06,-1.41508E-05,6.74709E-05,3.79194E-06,3.55484E-05
0.0018486,0.61755,0.67,4.7844,-0.020028,0.014268,1.07,0.00071961,0.00012437,-0.00042924,0.0019097,0.00018206,0.0010679,0.074106,0.0804,0.574128,6.67345E-05,-0.00380532,0.00271092,0.2033,2.59779E-05,4.48976E-06,-1.54956E-05,6.89402E-05,6.57237E-06,3.85512E-05
0.0019303,0.6277,0.67,4.7844,-0.019727,0.011104,1.0746,0.00079038,0.0001383,-0.00042984,0.0017956,0.0003191,0.0012746,0.075324,0.0804,0.574128,6.96838E-05,-0.00374813,0.00210976,0.204174,2.85327E-05,4.99263E-06,-1.55172E-05,6.48212E-05,1.15195E-05,4.60131E-05
0.0019835,0.63738,0.67,4.7844,-0.019091,0.007182,1.0791,0.00086705,0.00014051,-0.00037429,0.0016078,0.00046439,0.0014922,0.0764856,0.0804,0.574128,7.16044E-05,-0.00362729,0.00136458,0.205029,3.13005E-05,5.07241E-06,-1.35119E-05,5.80416E-05,1.67645E-05,5.38684E-05
0.0019614,0.64661,0.67,4.7844,-0.018598,0.0032475,1.0827,0.00091398,0.00013738,-0.00027177,0.0014745,0.000551,0.0015344,0.0775932,0.0804,0.574128,7.08065E-05,-0.00353362,0.000617025,0.205713,3.29947E-05,4.95942E-06,-9.8109E-06,5.32295E-05,1.98911E-05,5.53918E-05
0.0018599,0.65542,0.67,4.7844,-0.018565,8.39E-05,1.0861,0.00091262,0.00012815,-0.00017268,0.0014035,0.00056202,0.0014037,0.0786504,0.0804,0.574128,6.71424E-05,-0.00352735,1.59344E-05,0.206359,3.29456E-05,4.62622E-06,-6.23375E-06,5.06664E-05,2.02889E-05,5.06736E-05
0.0017016,0.66381,0.67,4.7844,-0.018984,-0.0020891,1.0899,0.00085992,0.00011678,-0.00010715,0.0013433,0.00050036,0.0011999,0.0796572,0.0804,0.574128,6.14278E-05,-0.00360696,-0.000396929,0.207081,3.10431E-05,4.21576E-06,-3.86812E-06,4.84931E-05,1.8063E-05,4.33164E-05
0.0015202,0.67207,0.67,4.7844,-0.01967,-0.003689,1.0948,0.00076712,0.00011202,-5.82E-05,0.001286,0.00037862,0.00098736,0.0806484,0.0804,0.574128,5.48792E-05,-0.0037373,-0.00070091,0.208012,2.7693E-05,4.04392E-06,-2.10041E-06,4.64246E-05,1.36682E-05,3.56437E-05
0.0013499,0.68032,0.67,4.7844,-0.020417,-0.0052739,1.1004,0.00065531,0.00011723,-2.05E-05,0.0012381,0.0002085,0.0008063,0.0816384,0.0804,0.574128,4.87314E-05,-0.00387923,-0.001002041,0.209076,2.36567E-05,4.232E-06,-7.39148E-07,4.46954E-05,7.52685E-06,2.91074E-05
0.001227,0.68858,0.67,4.7844,-0.021131,-0.0070542,1.1058,0.00054394,0.00012836,-1.07E-05,0.001194,1.53E-06,0.000716,0.0826296,0.0804,0.574128,4.42947E-05,-0.00401489,-0.001340298,0.210102,1.96362E-05,4.6338E-06,-3.84862E-07,4.31034E-05,5.51391E-08,2.58476E-05
0.0011571,0.69683,0.67,4.7844,-0.021825,-0.0086758,1.1109,0.00044435,0.00013862,-3.15E-05,0.0011358,-0.00019817,0.00073405,0.0836196,0.0804,0.574128,4.17713E-05,-0.00414675,-0.001648402,0.211071,1.6041E-05,5.00418E-06,-1.13683E-06,4.10024E-05,-7.15394E-06,2.64992E-05
0.0011032,0.70509,0.67,4.7844,-0.022496,-0.0098088,1.1153,0.00036404,0.00013913,-6.50E-05,0.0010419,-0.00034016,0.00080055,0.0846108,0.0804,0.574128,3.98255E-05,-0.00427424,-0.001863672,0.211907,1.31418E-05,5.02259E-06,-2.3469E-06,3.76126E-05,-1.22798E-05,2.88999E-05
0.0010533,0.71335,0.67,4.7844,-0.023093,-0.01081,1.1186,0.00030914,0.00012366,-8.48E-05,0.00091973,-0.00042668,0.00087763,0.085602,0.0804,0.574128,3.80241E-05,-0.00438767,-0.0020539,0.212534,1.116E-05,4.46413E-06,-3.06074E-06,3.32023E-05,-1.54031E-05,3.16824E-05
0.0010216,0.7216,0.67,4.7844,-0.023635,-0.012217,1.1207,0.00028111,9.78E-05,-7.80E-05,0.00080677,-0.00049086,0.00095527,0.086592,0.0804,0.574128,3.68798E-05,-0.00449065,-0.00232123,0.212933,1.01481E-05,3.53127E-06,-2.81493E-06,2.91244E-05,-1.772E-05,3.44852E-05
0.00099252,0.72986,0.67,4.7844,-0.024242,-0.013908,1.1221,0.00027559,6.82E-05,-5.60E-05,0.00072561,-0.0005373,0.00098384,0.0875832,0.0804,0.574128,3.583E-05,-0.00460598,-0.00264252,0.213199,9.9488E-06,2.46025E-06,-2.02203E-06,2.61945E-05,-1.93965E-05,3.55166E-05
0.00095211,0.73811,0.67,4.7844,-0.025004,-0.015572,1.1234,0.00028554,3.12E-05,-3.76E-05,0.00066956,-0.00054749,0.00094913,0.0885732,0.0804,0.574128,3.43712E-05,-0.00475076,-0.00295868,0.213446,1.0308E-05,1.12574E-06,-1.3588E-06,2.41711E-05,-1.97644E-05,3.42636E-05
0.000919,0.74637,0.67,4.7844,-0.025877,-0.017164,1.1246,0.00030553,-1.48E-05,-2.90E-05,0.00063107,-0.00051614,0.00090139,0.0895644,0.0804,0.574128,3.31759E-05,-0.00491663,-0.00326116,0.213674,1.10296E-05,-5.34172E-07,-1.04625E-06,2.27816E-05,-1.86327E-05,3.25402E-05
0.00091461,0.75463,0.67,4.7844,-0.026694,-0.018595,1.1253,0.00033288,-6.32E-05,-2.47E-05,0.00061071,-0.00046491,0.00088564,0.0905556,0.0804,0.574128,3.30174E-05,-0.00507186,-0.00353305,0.213807,1.2017E-05,-2.28199E-06,-8.92536E-07,2.20466E-05,-1.67833E-05,3.19716E-05
0.0009454,0.76288,0.67,4.7844,-0.027314,-0.019652,1.1243,0.00036559,-0.00010786,-2.00E-05,0.00061155,-0.00042591,0.00091367,0.0915456,0.0804,0.574128,3.41289E-05,-0.00518966,-0.00373388,0.213617,1.31978E-05,-3.89375E-06,-7.23083E-07,2.2077E-05,-1.53754E-05,3.29835E-05
0.0010023,0.77114,0.67,4.7844,-0.027704,-0.020169,1.1215,0.00040181,-0.00014502,-1.75E-05,0.00063992,-0.00040973,0.00096284,0.0925368,0.0804,0.574128,3.6183E-05,-0.00526376,-0.00383211,0.213085,1.45053E-05,-5.23522E-06,-6.31245E-07,2.31011E-05,-1.47913E-05,3.47585E-05
0.0010759,0.7794,0.67,4.7844,-0.027852,-0.020157,1.1177,0.00043697,-0.00016742,-1.47E-05,0.00070327,-0.00040594,0.0010116,0.093528,0.0804,0.574128,3.884E-05,-0.00529188,-0.00382983,0.212363,1.57746E-05,-6.04386E-06,-5.31248E-07,2.5388E-05,-1.46544E-05,3.65188E-05
0.0011622,0.78765,0.67,4.7844,-0.02776,-0.019748,1.1142,0.00046499,-0.00016807,-9.09E-06,0.0008091,-0.00041335,0.0010504,0.094518,0.0804,0.574128,4.19554E-05,-0.0052744,-0.00375212,0.211698,1.67861E-05,-6.06733E-06,-3.28008E-07,2.92085E-05,-1.49219E-05,3.79194E-05
0.0012543,0.79591,0.67,4.7844,-0.027507,-0.019028,1.1119,0.00048512,-0.00014612,-6.38E-07,0.00095904,-0.00044933,0.0010645,0.0955092,0.0804,0.574128,4.52802E-05,-0.00522633,-0.00361532,0.211261,1.75128E-05,-5.27493E-06,-2.30488E-08,3.46213E-05,-1.62208E-05,3.84285E-05
0.0013437,0.80416,0.67,4.7844,-0.02715,-0.017976,1.1107,0.0005001,-0.00010347,2.77E-05,0.0011354,-0.00052434,0.001052,0.0964992,0.0804,0.574128,4.85076E-05,-0.0051585,-0.00341544,0.211033,1.80536E-05,-3.73527E-06,9.99934E-07,4.09879E-05,-1.89287E-05,3.79772E-05
0.0014361,0.81242,0.67,4.7844,-0.026693,-0.016479,1.1101,0.00051367,-4.63E-05,8.49E-05,0.0013016,-0.00062531,0.0010569,0.0974904,0.0804,0.574128,5.18432E-05,-0.00507167,-0.00313101,0.210919,1.85435E-05,-1.67179E-06,3.06637E-06,4.69878E-05,-2.25737E-05,3.81541E-05
0.0015262,0.82068,0.67,4.7844,-0.026165,-0.014381,1.1097,0.00053062,1.11E-05,0.00014675,0.0014228,-0.00073426,0.001099,0.0984816,0.0804,0.574128,5.50958E-05,-0.00497135,-0.00273239,0.210843,1.91554E-05,3.99555E-07,5.29768E-06,5.13631E-05,-2.65068E-05,3.96739E-05
0.0016046,0.82893,0.67,4.7844,-0.025586,-0.011599,1.1089,0.00055141,5.34E-05,0.00018131,0.0015019,-0.00084361,0.0011559,0.0994716,0.0804,0.574128,5.79261E-05,-0.00486134,-0.00220381,0.210691,1.99059E-05,1.92666E-06,6.54529E-06,5.42186E-05,-3.04543E-05,4.1728E-05
0.0016975,0.83719,0.67,4.7844,-0.024996,-0.0084282,1.1076,0.00057197,7.11E-05,0.00018634,0.001577,-0.00094346,0.001246,0.1004628,0.0804,0.574128,6.12798E-05,-0.00474924,-0.001601358,0.210444,2.06481E-05,2.56787E-06,6.72687E-06,5.69297E-05,-3.40589E-05,4.49806E-05
0.0018098,0.84544,0.67,4.7844,-0.024501,-0.0053769,1.1056,0.00058992,5.05E-05,0.00019275,0.0016597,-0.0010068,0.00137,0.1014528,0.0804,0.574128,6.53338E-05,-0.00465519,-0.001021611,0.210064,2.12961E-05,1.82366E-06,6.95828E-06,5.99152E-05,-3.63455E-05,0.000049457
0.0019233,0.8537,0.67,4.7844,-0.024179,-0.0023954,1.1034,0.00060298,-3.51E-05,0.00021394,0.0017515,-0.0010207,0.001492,0.102444,0.0804,0.574128,6.94311E-05,-0.00459401,-0.000455126,0.209646,2.17676E-05,-1.26549E-06,7.72323E-06,6.32292E-05,-3.68473E-05,5.38612E-05
0.002057,0.86196,0.67,4.7844,-0.024081,0.00085984,1.1014,0.00060626,-0.00019086,0.00022414,0.0018836,-0.00098492,0.0016241,0.1034352,0.0804,0.574128,7.42577E-05,-0.00457539,0.00016337,0.209266,2.1886E-05,-6.89005E-06,8.09145E-06,6.7998E-05,-3.55556E-05,5.863E-05
0.0022017,0.87021,0.67,4.7844,-0.024233,0.0040171,1.0988,0.00059923,-0.00035877,0.00022483,0.0020273,-0.00093567,0.0017769,0.1044252,0.0804,0.574128,7.94814E-05,-0.00460427,0.000763249,0.208772,2.16322E-05,-1.29516E-05,8.11636E-06,7.31855E-05,-3.37777E-05,6.41461E-05
0.0022968,0.87847,0.67,4.7844,-0.02458,0.0066417,1.0946,0.00058934,-0.00047445,0.00025524,0.0021197,-0.0009454,0.0018845,0.1054164,0.0804,0.574128,8.29145E-05,-0.0046702,0.001261923,0.207974,2.12752E-05,-1.71276E-05,9.21416E-06,7.65212E-05,-3.41289E-05,6.80305E-05
0.0023369,0.88672,0.67,4.7844,-0.024989,0.0090585,1.0893,0.00058753,-0.00054624,0.00031757,0.0021987,-0.0010403,0.0018876,0.1064064,0.0804,0.574128,8.43621E-05,-0.00474791,0.001721115,0.206967,2.12098E-05,-1.97193E-05,1.14643E-05,7.93731E-05,-3.75548E-05,6.81424E-05
0.0023919,0.89498,0.67,4.7844,-0.025326,0.011448,1.0836,0.00059995,-0.00061047,0.00039264,0.0023179,-0.0012087,0.001866,0.1073976,0.0804,0.574128,8.63476E-05,-0.00481194,0.00217512,0.205884,2.16582E-05,-2.2038E-05,1.41743E-05,8.36762E-05,-4.36341E-05,6.73626E-05
0.0024795,0.90324,0.67,4.7844,-0.025547,0.013607,1.0777,0.00062193,-0.00067816,0.00047129,0.0024599,-0.0013901,0.0018773,0.1083888,0.0804,0.574128,8.951E-05,-0.00485393,0.00258533,0.204763,2.24517E-05,-2.44816E-05,1.70136E-05,8.88024E-05,-5.01826E-05,6.77705E-05
0.0025023,0.91149,0.67,4.7844,-0.025632,0.015485,1.0731,0.00064792,-0.00074316,0.000526,0.0025747,-0.0014518,0.001782,0.1093788,0.0804,0.574128,9.0333E-05,-0.00487008,0.00294215,0.203889,2.33899E-05,-2.68281E-05,1.89886E-05,9.29467E-05,-5.241E-05,6.43302E-05
0.0024117,0.91975,0.67,4.7844,-0.025508,0.016814,1.0707,0.00068129,-0.00077774,0.00054899,0.0025699,-0.0013541,0.0015723,0.11037,0.0804,0.574128,8.70624E-05,-0.00484652,0.00319466,0.203433,2.45946E-05,-2.80764E-05,1.98185E-05,9.27734E-05,-4.8883E-05,5.676E-05
0.0022866,0.92801,0.67,4.7844,-0.025131,0.017346,1.0696,0.00073084,-0.00076152,0.00056725,0.0024337,-0.0011921,0.0014086,0.1113612,0.0804,0.574128,8.25463E-05,-0.00477489,0.00329574,0.203224,2.63833E-05,-2.74909E-05,2.04777E-05,8.78566E-05,-4.30348E-05,5.08505E-05
0.0022064,0.93626,0.67,4.7844,-0.024534,0.017361,1.0688,0.00080436,-0.00072326,0.00059152,0.0023,-0.001052,0.0013085,0.1123512,0.0804,0.574128,7.9651E-05,-0.00466146,0.00329859,0.203072,2.90374E-05,-2.61097E-05,2.13539E-05,0.00008303,-3.79772E-05,4.72369E-05
0.0022012,0.94452,0.67,4.7844,-0.02385,0.016941,1.0681,0.00089945,-0.0007022,0.00062584,0.0022261,-0.00099909,0.0012768,0.1133424,0.0804,0.574128,7.94633E-05,-0.0045315,0.00321879,0.202939,3.24701E-05,-2.53494E-05,2.25928E-05,8.03622E-05,-3.60671E-05,4.60925E-05
0.0022344,0.95277,0.67,4.7844,-0.02325,0.015634,1.0668,0.00099879,-0.0006948,0.00067337,0.0021235,-0.0010484,0.0013466,0.1143324,0.0804,0.574128,8.06618E-05,-0.0044175,0.00297046,0.202692,3.60563E-05,-2.50823E-05,2.43087E-05,7.66584E-05,-3.78472E-05,4.86123E-05
0.002201,0.96103,0.67,4.7844,-0.022846,0.013168,1.0649,0.0010803,-0.00066613,0.00069917,0.0019132,-0.0011103,0.0014084,0.1153236,0.0804,0.574128,7.94561E-05,-0.00434074,0.00250192,0.202331,3.89988E-05,-2.40473E-05,2.524E-05,6.90665E-05,-4.00818E-05,5.08432E-05
0.0020687,0.96929,0.67,4.7844,-0.0227,0.0099472,1.0626,0.0011348,-0.00059323,0.0006779,0.0016187,-0.0010981,0.0013837,0.1163148,0.0804,0.574128,7.46801E-05,-0.004313,0.001889968,0.201894,4.09663E-05,-2.14156E-05,2.44722E-05,5.84351E-05,-3.96414E-05,4.99516E-05
0.0019229,0.97754,0.67,4.7844,-0.022763,0.0068901,1.06,0.0011722,-0.00048873,0.00062113,0.0013386,-0.0010278,0.0013349,0.1173048,0.0804,0.574128,6.94167E-05,-0.00432497,0.001309119,0.2014,4.23164E-05,-1.76432E-05,2.24228E-05,4.83235E-05,-3.71036E-05,4.81899E-05
0.0018215,0.9858,0.67,4.7844,-0.022781,0.0048764,1.0565,0.0012077,-0.0003824,0.00055527,0.0011455,-0.00093472,0.0012897,0.118296,0.0804,0.574128,6.57562E-05,-0.00432839,0.000926516,0.200735,4.3598E-05,-1.38046E-05,2.00452E-05,4.13526E-05,-3.37434E-05,4.65582E-05
0.0017737,0.99405,0.67,4.7844,-0.022546,0.0044768,1.0515,0.0012489,-0.00029482,0.00050371,0.0010378,-0.00081461,0.0012607,0.119286,0.0804,0.574128,6.40306E-05,-0.00428374,0.000850592,0.199785,4.50853E-05,-1.0643E-05,1.81839E-05,3.74646E-05,-2.94074E-05,4.55113E-05
0.0017524,1.0023,0.67,4.7844,-0.022074,0.0058532,1.0449,0.0012962,-0.00023849,0.00045858,0.00099169,-0.00068015,0.0012169,0.120276,0.0804,0.574128,6.32616E-05,-0.00419406,0.001112108,0.198531,4.67928E-05,-8.60949E-06,1.65547E-05,3.58E-05,-2.45534E-05,4.39301E-05
0.0017551,1.0106,0.67,4.7844,-0.021489,0.0083146,1.0379,0.0013493,-0.00021801,0.00040473,0.0010127,-0.00059334,0.0011482,0.121272,0.0804,0.574128,6.33591E-05,-0.00408291,0.001579774,0.197201,4.87097E-05,-7.87016E-06,1.46108E-05,3.65585E-05,-2.14196E-05,4.145E-05
0.0018168,1.0188,0.67,4.7844,-0.020932,0.010658,1.0313,0.0014118,-0.00021962,0.00034016,0.0011155,-0.00057425,0.0011062,0.122256,0.0804,0.574128,6.55865E-05,-0.00397708,0.00202502,0.195947,5.0966E-05,-7.92828E-06,1.22798E-05,4.02696E-05,-2.07304E-05,3.99338E-05
0.0019259,1.0271,0.67,4.7844,-0.020424,0.012428,1.0256,0.0014853,-0.00022261,0.00027669,0.0012695,-0.00058172,0.0010971,0.123252,0.0804,0.574128,6.9525E-05,-0.00388056,0.00236132,0.194864,5.36193E-05,-8.03622E-06,9.98851E-06,4.5829E-05,-2.10001E-05,3.96053E-05
0.002038,1.0353,0.67,4.7844,-0.019817,0.014218,1.0215,0.0015678,-0.00021797,0.00024404,0.0013999,-0.00059739,0.0011084,0.124236,0.0804,0.574128,7.35718E-05,-0.00376523,0.00270142,0.194085,5.65976E-05,-7.86872E-06,8.80984E-06,5.05364E-05,-2.15658E-05,4.00132E-05
0.0021033,1.0436,0.67,4.7844,-0.018977,0.016554,1.0192,0.0016556,-0.00021082,0.00024434,0.0014446,-0.00061094,0.0011063,0.125232,0.0804,0.574128,7.59291E-05,-0.00360563,0.00314526,0.193648,5.97672E-05,-7.6106E-06,8.82067E-06,5.21501E-05,-2.20549E-05,3.99374E-05
0.0021134,1.0518,0.67,4.7844,-0.017913,0.01902,1.0181,0.0017452,-0.00020243,0.00025535,0.0014099,-0.00059526,0.0010717,0.126216,0.0804,0.574128,7.62937E-05,-0.00340347,0.0036138,0.193439,6.30017E-05,-7.30772E-06,9.21814E-06,5.08974E-05,-2.14889E-05,3.86884E-05
0.0021059,1.0601,0.67,4.7844,-0.016814,0.020743,1.0174,0.0018365,-0.00018166,0.0002759,0.0013485,-0.00054233,0.0010268,0.127212,0.0804,0.574128,7.6023E-05,-0.00319466,0.00394117,0.193306,6.62977E-05,-6.55793E-06,9.95999E-06,4.86809E-05,-1.95781E-05,3.70675E-05
0.0021134,1.0684,0.67,4.7844,-0.015923,0.021441,1.0164,0.0019241,-0.00013976,0.00028955,0.0012871,-0.0005012,0.0010155,0.128208,0.0804,0.574128,7.62937E-05,-0.00302537,0.00407379,0.193116,6.946E-05,-5.04534E-06,1.04528E-05,4.64643E-05,-1.80933E-05,3.66596E-05
0.00215,1.0766,0.67,4.7844,-0.015394,0.021545,1.015,0.0019963,-7.69E-05,0.00027384,0.001225,-0.00051145,0.0010787,0.129192,0.0804,0.574128,0.000077615,-0.00292486,0.00409355,0.19285,7.20664E-05,-2.77649E-06,9.88562E-06,4.42225E-05,-1.84633E-05,3.89411E-05
0.0022046,1.0849,0.67,4.7844,-0.015218,0.021587,1.0138,0.0020471,-4.60E-06,0.0002346,0.0011611,-0.00056671,0.0012011,0.130188,0.0804,0.574128,7.95861E-05,-0.00289142,0.00410153,0.192622,7.39003E-05,-1.66233E-07,8.46906E-06,4.19157E-05,-2.04582E-05,4.33597E-05
0.0022497,1.0931,0.67,4.7844,-0.015257,0.021848,1.0127,0.0020753,6.53E-05,0.00018854,0.0011015,-0.00063577,0.0013225,0.131172,0.0804,0.574128,8.12142E-05,-0.00289883,0.00415112,0.192413,7.49183E-05,2.35636E-06,6.80629E-06,3.97642E-05,-2.29513E-05,4.77423E-05
0.0022875,1.1014,0.67,4.7844,-0.015331,0.022202,1.0115,0.0020781,0.0001308,0.00015323,0.0010635,-0.00070695,0.0014335,0.132168,0.0804,0.574128,8.25788E-05,-0.00291289,0.00421838,0.192185,7.50194E-05,4.72188E-06,5.5316E-06,3.83924E-05,-2.55209E-05,5.17494E-05
0.0023512,1.1096,0.67,4.7844,-0.015301,0.02221,1.0102,0.0020554,0.00018943,0.00013016,0.0010654,-0.00080592,0.0015817,0.133152,0.0804,0.574128,8.48783E-05,-0.00290719,0.0042199,0.191938,7.41999E-05,6.83842E-06,4.69878E-06,3.84609E-05,-2.90937E-05,5.70994E-05
0.0024372,1.1179,0.67,4.7844,-0.015068,0.021634,1.0088,0.0020151,0.00022766,0.00012302,0.0011032,-0.00092328,0.001756,0.134148,0.0804,0.574128,8.79829E-05,-0.00286292,0.00411046,0.191672,7.27451E-05,8.21853E-06,4.44102E-06,3.98255E-05,-3.33304E-05,6.33916E-05
0.002499,1.1262,0.67,4.7844,-0.014574,0.020704,1.0075,0.0019675,0.00023114,0.00014815,0.0011489,-0.001019,0.0018817,0.135144,0.0804,0.574128,9.02139E-05,-0.00276906,0.00393376,0.191425,7.10268E-05,8.34415E-06,5.34822E-06,4.14753E-05,-3.67859E-05,6.79294E-05
0.0025229,1.1344,0.67,4.7844,-0.013839,0.019972,1.0065,0.0019215,0.00020501,0.00020414,0.0011758,-0.0010615,0.0019484,0.136128,0.0804,0.574128,9.10767E-05,-0.00262941,0.00379468,0.191235,6.93662E-05,7.40086E-06,7.36945E-06,4.24464E-05,-3.83202E-05,7.03372E-05
0.0025295,1.1427,0.67,4.7844,-0.012915,0.020078,1.0059,0.0018796,0.00016673,0.00027144,0.0011707,-0.0010498,0.0020086,0.137124,0.0804,0.574128,9.1315E-05,-0.00245385,0.00381482,0.191121,6.78536E-05,6.01895E-06,9.79898E-06,4.22623E-05,-3.78978E-05,7.25105E-05
0.002569,1.1509,0.67,4.7844,-0.011887,0.0212,1.0052,0.0018369,0.00013008,0.00031488,0.0011536,-0.0010339,0.0021474,0.138108,0.0804,0.574128,9.27409E-05,-0.00225853,0.004028,0.190988,6.63121E-05,4.69589E-06,1.13672E-05,4.1645E-05,-3.73238E-05,7.75211E-05
0.0026814,1.1592,0.67,4.7844,-0.010918,0.022629,1.0041,0.0017926,9.98E-05,0.00031939,0.0011784,-0.0010715,0.0023917,0.139104,0.0804,0.574128,9.67985E-05,-0.00207442,0.00429951,0.190779,6.47129E-05,3.60253E-06,1.153E-05,4.25402E-05,-3.86812E-05,8.63404E-05
0.002858,1.1674,0.67,4.7844,-0.01015,0.023461,1.0025,0.0017525,6.75E-05,0.00030736,0.0012795,-0.0011926,0.002684,0.140088,0.0804,0.574128,0.000103174,-0.0019285,0.00445759,0.190475,6.32653E-05,2.43783E-06,1.10957E-05,4.619E-05,-4.30529E-05,9.68924E-05
0.0030568,1.1757,0.67,4.7844,-0.009519,0.023602,1.001,0.0017206,1.86E-05,0.00030112,0.0014378,-0.0013674,0.0029551,0.141084,0.0804,0.574128,0.00011035,-0.00180861,0.00448438,0.19019,6.21137E-05,6.72254E-07,1.08704E-05,5.19046E-05,-4.93631E-05,0.000106679
0.0031996,1.1839,0.67,4.7844,-0.0087978,0.023624,1.0006,0.0016939,-5.41E-05,0.00030942,0.0015931,-0.0015215,0.0031123,0.142068,0.0804,0.574128,0.000115506,-0.001671582,0.00448856,0.190114,6.11498E-05,-1.95243E-06,1.11701E-05,5.75109E-05,-5.49262E-05,0.000112354
0.0032379,1.1922,0.67,4.7844,-0.0078762,0.023997,1.0013,0.001658,-0.00014116,0.00033647,0.0016914,-0.0016132,0.0031265,0.143064,0.0804,0.574128,0.000116888,-0.001496478,0.00455943,0.190247,5.98538E-05,-5.09588E-06,1.21466E-05,6.10595E-05,-5.82365E-05,0.000112867
0.0032011,1.2005,0.67,4.7844,-0.0068093,0.024769,1.0028,0.0015914,-0.00022193,0.00037729,0.0017107,-0.001658,0.0031001,0.14406,0.0804,0.574128,0.00011556,-0.001293767,0.00470611,0.190532,5.74495E-05,-8.01167E-06,1.36202E-05,6.17563E-05,-5.98538E-05,0.000111914
0.003138,1.2087,0.67,4.7844,-0.0056823,0.025717,1.005,0.0014911,-0.00027568,0.00042093,0.0016513,-0.0016801,0.0031336,0.145044,0.0804,0.574128,0.000113282,-0.001079637,0.00488623,0.19095,5.38287E-05,-9.95205E-06,1.51956E-05,5.96119E-05,-6.06516E-05,0.000113123
0.0030627,1.217,0.67,4.7844,-0.0045779,0.026595,1.0079,0.0013852,-0.00029474,0.00045828,0.0015311,-0.0016624,0.0032091,0.14604,0.0804,0.574128,0.000110563,-0.000869801,0.00505305,0.191501,5.00057E-05,-1.06401E-05,1.65439E-05,5.52727E-05,-6.00126E-05,0.000115849
0.0029659,1.2252,0.67,4.7844,-0.0035607,0.027335,1.0112,0.0012997,-0.00029314,0.00048151,0.0013815,-0.001578,0.0032505,0.147024,0.0804,0.574128,0.000107069,-0.000676533,0.00519365,0.192128,4.69192E-05,-1.05824E-05,1.73825E-05,4.98722E-05,-5.69658E-05,0.000117343
0.0028494,1.2335,0.67,4.7844,-0.0026432,0.027778,1.0143,0.0012347,-0.00029238,0.00048908,0.001242,-0.0014493,0.0032221,0.14802,0.0804,0.574128,0.000102863,-0.000502208,0.00527782,0.192717,4.45727E-05,-1.05549E-05,1.76558E-05,4.48362E-05,-5.23197E-05,0.000116318
0.0027108,1.2417,0.67,4.7844,-0.0018082,0.027445,1.0169,0.0011872,-0.00029607,0.00048197,0.0011439,-0.0013356,0.0030905,0.149004,0.0804,0.574128,9.78599E-05,-0.000343558,0.00521455,0.193211,4.28579E-05,-1.06881E-05,1.73991E-05,4.12948E-05,-4.82152E-05,0.000111567
0.0025429,1.25,0.67,4.7844,-0.0010685,0.026021,1.0185,0.0011626,-0.00029292,0.00045715,0.0010968,-0.001263,0.0028264,0.15,0.0804,0.574128,9.17987E-05,-0.000203015,0.00494399,0.193515,4.19699E-05,-1.05744E-05,1.65031E-05,3.95945E-05,-4.55943E-05,0.000102033
0.0023419,1.2583,0.67,4.7844,-0.00045678,0.023847,1.0188,0.0011591,-0.0002755,0.00041035,0.0010857,-0.0011763,0.002439,0.150996,0.0804,0.574128,8.45426E-05,-8.67882E-05,0.00453093,0.193572,4.18435E-05,-9.94555E-06,1.48136E-05,3.91938E-05,-4.24644E-05,8.80479E-05
0.0021278,1.2665,0.67,4.7844,3.14E-05,0.021664,1.0179,0.0011642,-0.00024642,0.00035145,0.0010845,-0.0010323,0.0020069,0.15198,0.0804,0.574128,7.68136E-05,5.96657E-06,0.00411616,0.193401,4.20276E-05,-8.89576E-06,1.26873E-05,3.91505E-05,-3.7266E-05,7.24491E-05
0.0019754,1.2748,0.67,4.7844,0.00042804,0.019939,1.0175,0.0011607,-0.00021705,0.0002997,0.0010898,-0.00088768,0.0017002,0.152976,0.0804,0.574128,7.13119E-05,8.13276E-05,0.00378841,0.193325,4.19013E-05,-7.83551E-06,1.08192E-05,3.93418E-05,-3.20452E-05,6.13772E-05
0.001891,1.283,0.67,4.7844,0.00076547,0.018649,1.0192,0.0011443,-0.00019846,0.00027425,0.0011202,-0.00077113,0.0015175,0.15396,0.0804,0.574128,6.82651E-05,0.000145439,0.00354331,0.193648,4.13092E-05,-7.16441E-06,9.90043E-06,4.04392E-05,-2.78378E-05,5.47818E-05
0.0018545,1.2913,0.67,4.7844,0.001066,0.017419,1.0221,0.0011249,-0.00018996,0.00026019,0.0011741,-0.00064358,0.0014101,0.154956,0.0804,0.574128,6.69475E-05,0.00020254,0.00330961,0.194199,4.06089E-05,-6.85756E-06,9.39286E-06,4.2385E-05,-2.32332E-05,5.09046E-05
0.0018387,1.2995,0.67,4.7844,0.0013283,0.015972,1.0237,0.0011059,-0.00017942,0.00023666,0.0012051,-0.00050423,0.0013665,0.15594,0.0804,0.574128,6.63771E-05,0.000252377,0.00303468,0.194503,3.9923E-05,-6.47706E-06,8.54343E-06,4.35041E-05,-1.82027E-05,4.93307E-05
0.0017572,1.3078,0.67,4.7844,0.001478,0.014532,1.0231,0.0010835,-0.00015503,0.0001981,0.0011583,-0.00037798,0.0012726,0.156936,0.0804,0.574128,6.34349E-05,0.00028082,0.00276108,0.194389,3.91144E-05,-5.59658E-06,7.15141E-06,4.18146E-05,-1.36451E-05,4.59409E-05
0.0016245,1.316,0.67,4.7844,0.0014247,0.013415,1.022,0.0010485,-0.00012033,0.00013337,0.0010316,-0.0002607,0.0011689,0.15792,0.0804,0.574128,5.86445E-05,0.000270693,0.00254885,0.19418,3.78509E-05,-4.34391E-06,4.81466E-06,3.72408E-05,-9.41127E-06,4.21973E-05
0.0015256,1.3243,0.67,4.7844,0.0011786,0.012734,1.0215,0.00099771,-9.23E-05,5.57E-05,0.00088087,-0.00014494,0.0011726,0.158916,0.0804,0.574128,5.50742E-05,0.000223934,0.00241946,0.194085,3.60173E-05,-3.33134E-06,2.0094E-06,3.17994E-05,-5.23233E-06,4.23309E-05
0.0014652,1.3326,0.67,4.7844,0.00089947,0.012403,1.0213,0.00094891,-8.01E-05,-2.46E-05,0.00075652,-4.35E-05,0.0012249,0.159912,0.0804,0.574128,5.28937E-05,0.000170899,0.00235657,0.194047,3.42557E-05,-2.89186E-06,-8.88277E-07,2.73104E-05,-1.56865E-06,4.42189E-05
0.0014078,1.3408,0.67,4.7844,0.00079993,0.012084,1.021,0.00091821,-7.91E-05,-9.10E-05,0.00065903,1.76E-05,0.0012384,0.160896,0.0804,0.574128,5.08216E-05,0.000151987,0.00229596,0.19399,3.31474E-05,-2.85573E-06,-3.28514E-06,2.3791E-05,6.36624E-07,4.47062E-05
0.0013464,1.3491,0.67,4.7844,0.00096387,0.01148,1.0203,0.00090884,-8.28E-05,-0.00013175,0.00056394,1.85E-05,0.00122,0.161892,0.0804,0.574128,4.8605E-05,0.000183135,0.0021812,0.193857,3.28091E-05,-2.98919E-06,-4.75618E-06,2.03582E-05,6.66262E-07,0.000044042
0.0012545,1.3573,0.67,4.7844,0.001328,0.010423,1.0188,0.00091374,-8.95E-05,-0.00015702,0.00047033,-3.28E-05,0.0011249,0.162876,0.0804,0.574128,4.52875E-05,0.00025232,0.00198037,0.193572,3.2986E-05,-3.23073E-06,-5.66842E-06,1.69789E-05,-1.18466E-06,4.06089E-05
0.0011768,1.3656,0.67,4.7844,0.001765,0.0088584,1.0174,0.00091709,-9.74E-05,-0.00015466,0.00041083,-0.00011056,0.0010256,0.163872,0.0804,0.574128,4.24825E-05,0.00033535,0.001683096,0.193306,3.31069E-05,-3.51621E-06,-5.58323E-06,1.4831E-05,-3.99122E-06,3.70242E-05
0.0011442,1.3738,0.67,4.7844,0.0020933,0.0070808,1.0167,0.0009171,-0.00010213,-0.00014976,0.00040226,-0.00018375,0.00096901,0.164856,0.0804,0.574128,4.13056E-05,0.000397727,0.001345352,0.193173,3.31073E-05,-3.68689E-06,-5.40634E-06,1.45216E-05,-6.63338E-06,3.49813E-05
0.0010961,1.3821,0.67,4.7844,0.0021977,0.0056395,1.017,0.00091086,-9.87E-05,-0.0001399,0.00042851,-0.000233,0.0008529,0.165852,0.0804,0.574128,3.95692E-05,0.000417563,0.001071505,0.19323,3.2882E-05,-3.56275E-06,-5.05039E-06,1.54692E-05,-8.4113E-06,3.07897E-05
0.0010599,1.3903,0.67,4.7844,0.0021501,0.0047637,1.0177,0.00089361,-9.03E-05,-0.0001024,0.0004719,-0.00025047,0.00075423,0.166836,0.0804,0.574128,3.82624E-05,0.000408519,0.000905103,0.193363,3.22593E-05,-3.26149E-06,-3.69664E-06,1.70356E-05,-9.04197E-06,2.72277E-05
0.0010479,1.3986,0.67,4.7844,0.0020919,0.0042358,1.0183,0.00087281,-8.64E-05,-7.11E-05,0.00051617,-0.00024581,0.0007068,0.167832,0.0804,0.574128,3.78292E-05,0.000397461,0.000804802,0.193477,3.15084E-05,-3.11958E-06,-2.56523E-06,1.86337E-05,-8.87374E-06,2.55155E-05
0.0010361,1.4069,0.67,4.7844,0.002109,0.0038537,1.0194,0.00084936,-9.07E-05,-2.73E-05,0.00055333,-0.00024733,0.00066961,0.168828,0.0804,0.574128,3.74032E-05,0.00040071,0.000732203,0.193686,3.06619E-05,-3.27543E-06,-9.8423E-07,1.99752E-05,-8.92861E-06,2.41729E-05
0.0010567,1.4151,0.67,4.7844,0.0021773,0.0036094,1.0212,0.00082229,-0.00010297,1.70E-05,0.00059736,-0.00025414,0.00069375,0.169812,0.0804,0.574128,3.81469E-05,0.000413687,0.000685786,0.194028,2.96847E-05,-3.71722E-06,6.13122E-07,2.15647E-05,-9.17445E-06,2.50444E-05
0.0011109,1.4234,0.67,4.7844,0.0022132,0.0034336,1.024,0.00079192,-0.00011852,5.07E-05,0.00067456,-0.00027167,0.00075532,0.170808,0.0804,0.574128,4.01035E-05,0.000420508,0.000652384,0.19456,2.85883E-05,-4.27857E-06,1.83067E-06,2.43516E-05,-9.80729E-06,2.72671E-05
0.0012131,1.4316,0.67,4.7844,0.0021622,0.0031285,1.0274,0.00075978,-0.00013356,8.11E-05,0.00081068,-0.00030561,0.00085565,0.171792,0.0804,0.574128,4.37929E-05,0.000410818,0.000594415,0.195206,2.74281E-05,-4.82152E-06,2.92634E-06,2.92655E-05,-1.10325E-05,3.0889E-05
0.0013639,1.4399,0.67,4.7844,0.0020098,0.0024252,1.0314,0.00072882,-0.0001507,9.46E-05,0.0010099,-0.00035154,0.00098911,0.172788,0.0804,0.574128,4.92368E-05,0.000381862,0.000460788,0.195966,2.63104E-05,-5.44027E-06,3.41477E-06,3.64574E-05,-1.26906E-05,3.57069E-05
0.0015283,1.4481,0.67,4.7844,0.0017446,0.0010889,1.0362,0.00069841,-0.00017235,0.00010982,0.0012375,-0.00041023,0.0011206,0.173772,0.0804,0.574128,5.51716E-05,0.000331474,0.000206891,0.196878,2.52126E-05,-6.22184E-06,3.9645E-06,4.46738E-05,-1.48093E-05,4.04537E-05
0.0016696,1.4564,0.67,4.7844,0.0013841,-0.00083448,1.0411,0.00066756,-0.00019343,0.00012933,0.0014341,-0.00048899,0.0012375,0.174768,0.0804,0.574128,6.02726E-05,0.000262979,-0.000158551,0.197809,2.40989E-05,-6.98282E-06,4.66881E-06,5.1771E-05,-1.76525E-05,4.46738E-05
0.0017579,1.4647,0.67,4.7844,0.0010111,-0.0029856,1.0457,0.00063928,-0.00020673,0.0001549,0.0015484,-0.00058,0.0013282,0.175764,0.0804,0.574128,6.34602E-05,0.000192109,-0.000567264,0.198683,2.3078E-05,-7.46295E-06,5.59189E-06,5.58972E-05,-0.000020938,4.7948E-05
0.0018012,1.4729,0.67,4.7844,0.00073054,-0.004965,1.05,0.00061743,-0.00021208,0.00018593,0.0015666,-0.00066654,0.0014184,0.176748,0.0804,0.574128,6.50233E-05,0.000138803,-0.00094335,0.1995,2.22892E-05,-7.65609E-06,6.71207E-06,5.65543E-05,-2.40621E-05,5.12042E-05
0.0018362,1.4812,0.67,4.7844,0.00058593,-0.0065093,1.054,0.00060175,-0.00021628,0.00022888,0.0015216,-0.00074068,0.001549,0.177744,0.0804,0.574128,6.62868E-05,0.000111327,-0.001236767,0.20026,2.17232E-05,-7.80771E-06,8.26257E-06,5.49298E-05,-2.67385E-05,5.59189E-05
0.0019025,1.4894,0.67,4.7844,0.00055051,-0.0073059,1.0576,0.00058959,-0.00022422,0.0002877,0.0014656,-0.00081022,0.0017499,0.178728,0.0804,0.574128,6.86803E-05,0.000104597,-0.001388121,0.200944,2.12842E-05,-8.09434E-06,1.0386E-05,5.29082E-05,-2.92489E-05,6.31714E-05
0.0019919,1.4977,0.67,4.7844,0.00057944,-0.0070335,1.0608,0.00057743,-0.00023717,0.00035289,0.0014473,-0.00091062,0.0019591,0.179724,0.0804,0.574128,7.19076E-05,0.000110094,-0.001336365,0.201552,2.08452E-05,-8.56184E-06,1.27393E-05,5.22475E-05,-3.28734E-05,7.07235E-05
0.002055,1.5059,0.67,4.7844,0.00069591,-0.006062,1.0638,0.00056315,-0.00025649,0.00040241,0.0014777,-0.0010316,0.0020692,0.180708,0.0804,0.574128,7.41855E-05,0.000132223,-0.00115178,0.202122,2.03297E-05,-9.25929E-06,1.4527E-05,5.3345E-05,-3.72408E-05,7.46981E-05
0.0020623,1.5142,0.67,4.7844,0.0010132,-0.0055233,1.0662,0.00054478,-0.00027649,0.00042198,0.0015016,-0.0011184,0.0020782,0.181704,0.0804,0.574128,7.4449E-05,0.000192508,-0.001049427,0.202578,1.96666E-05,-9.98129E-06,1.52335E-05,5.42078E-05,-4.03742E-05,7.5023E-05
0.0020089,1.5224,0.67,4.7844,0.0016153,-0.0060191,1.0678,0.00052159,-0.00028629,0.00041178,0.0014728,-0.0011398,0.0020235,0.182688,0.0804,0.574128,7.25213E-05,0.000306907,-0.001143629,0.202882,1.88294E-05,-1.03351E-05,1.48653E-05,5.31681E-05,-4.11468E-05,7.30484E-05
0.0019124,1.5307,0.67,4.7844,0.0024618,-0.0070678,1.0692,0.00049853,-0.00028013,0.00037899,0.0014106,-0.0011125,0.0019157,0.183684,0.0804,0.574128,6.90376E-05,0.000467742,-0.001342882,0.203148,1.79969E-05,-1.01127E-05,1.36815E-05,5.09227E-05,-4.01613E-05,6.91568E-05
0.0018252,1.539,0.67,4.7844,0.0034262,-0.007969,1.0705,0.00048243,-0.00026225,0.00034285,0.0013547,-0.0010749,0.0018133,0.18468,0.0804,0.574128,6.58897E-05,0.000650978,-0.00151411,0.203395,1.74157E-05,-9.46723E-06,1.23769E-05,4.89047E-05,-3.88039E-05,6.54601E-05
0.0017758,1.5472,0.67,4.7844,0.0044133,-0.0082867,1.0714,0.00047598,-0.00024005,0.0003098,0.0013236,-0.0010554,0.0017521,0.185664,0.0804,0.574128,6.41064E-05,0.000838527,-0.001574473,0.203566,1.71829E-05,-8.66581E-06,1.11838E-05,4.7782E-05,-3.80999E-05,6.32508E-05
0.0017572,1.5555,0.67,4.7844,0.0053552,-0.0079924,1.0717,0.00047543,-0.00021513,0.00027634,0.0013099,-0.0010562,0.001729,0.18666,0.0804,0.574128,6.34349E-05,0.001017488,-0.001518556,0.203623,1.7163E-05,-7.76619E-06,9.97587E-06,4.72874E-05,-3.81288E-05,6.24169E-05
0.0017487,1.5637,0.67,4.7844,0.0061631,-0.0075709,1.0713,0.00047542,-0.00018621,0.0002376,0.0012983,-0.0010605,0.0017237,0.187644,0.0804,0.574128,6.31281E-05,0.001170989,-0.001438471,0.203547,1.71627E-05,-6.72218E-06,8.57736E-06,4.68686E-05,-3.82841E-05,6.22256E-05
0.001729,1.572,0.67,4.7844,0.0067972,-0.0073208,1.0704,0.00047426,-0.00015655,0.00020068,0.0012793,-0.0010452,0.0017044,0.18864,0.0804,0.574128,6.24169E-05,0.001291468,-0.001390952,0.203376,1.71208E-05,-5.65146E-06,7.24455E-06,4.61827E-05,-3.77317E-05,6.15288E-05
0.0016898,1.5802,0.67,4.7844,0.0072905,-0.0071124,1.0692,0.00047226,-0.00013356,0.00017493,0.0012528,-0.00099906,0.0016547,0.189624,0.0804,0.574128,6.10018E-05,0.001385195,-0.001351356,0.203148,1.70486E-05,-4.82152E-06,6.31497E-06,4.52261E-05,-3.60661E-05,5.97347E-05
0.0016304,1.5885,0.67,4.7844,0.00764,-0.0066637,1.0673,0.00047195,-0.00012241,0.00015651,0.0012216,-0.0009177,0.0015671,0.19062,0.0804,0.574128,5.88574E-05,0.0014516,-0.001266103,0.202787,1.70374E-05,-4.419E-06,5.65001E-06,4.40998E-05,-3.3129E-05,5.65723E-05
0.0015457,1.5968,0.67,4.7844,0.0078123,-0.0056479,1.0643,0.00047822,-0.00012317,0.00013151,0.0011823,-0.00079416,0.0014309,0.191616,0.0804,0.574128,5.57998E-05,0.001484337,-0.001073101,0.202217,1.72637E-05,-4.44644E-06,4.74751E-06,4.2681E-05,-2.86692E-05,5.16555E-05
0.0014498,1.605,0.67,4.7844,0.0078518,-0.0038274,1.0601,0.00049245,-0.00013166,9.90E-05,0.0011292,-0.00063856,0.001278,0.1926,0.0804,0.574128,5.23378E-05,0.001491842,-0.000727206,0.201419,1.77774E-05,-4.75293E-06,3.57372E-06,4.07641E-05,-2.3052E-05,4.61358E-05
0.0013783,1.6133,0.67,4.7844,0.007857,-0.0012291,1.056,0.00051129,-0.00014145,8.44E-05,0.0010668,-0.00048881,0.0011785,0.193596,0.0804,0.574128,4.97566E-05,0.00149283,-0.000233529,0.20064,1.84576E-05,-5.10635E-06,3.04803E-06,3.85115E-05,-1.7646E-05,4.25439E-05
0.0013519,1.6215,0.67,4.7844,0.0078739,0.001704,1.0537,0.00053258,-0.00014617,0.00010363,0.0010132,-0.00037424,0.001158,0.19458,0.0804,0.574128,4.88036E-05,0.001496041,0.00032376,0.200203,1.92261E-05,-5.27674E-06,3.74104E-06,3.65765E-05,-1.35101E-05,4.18038E-05
0.0013464,1.6298,0.67,4.7844,0.0078506,0.004454,1.0531,0.00056338,-0.00014412,0.00014035,0.0009816,-0.00028065,0.0011478,0.195576,0.0804,0.574128,4.8605E-05,0.001491614,0.00084626,0.200089,2.0338E-05,-5.20273E-06,5.06664E-06,3.54358E-05,-1.01315E-05,4.14356E-05
0.0013122,1.638,0.67,4.7844,0.0076536,0.0067882,1.0537,0.00062003,-0.00014294,0.00015914,0.00096531,-0.00018064,0.0010392,0.19656,0.0804,0.574128,4.73704E-05,0.001454184,0.001289758,0.200203,2.23831E-05,-5.16013E-06,5.74495E-06,3.48477E-05,-6.5211E-06,3.75151E-05
0.0012413,1.6463,0.67,4.7844,0.0071421,0.0085037,1.0555,0.00071585,-0.00015172,0.00013374,0.00094735,-7.02E-05,0.00081943,0.197556,0.0804,0.574128,4.48109E-05,0.001356999,0.001615703,0.200545,2.58422E-05,-5.47709E-06,4.82801E-06,3.41993E-05,-2.5357E-06,2.95814E-05
0.0012011,1.6545,0.67,4.7844,0.0062941,0.0093511,1.0571,0.0008467,-0.00016886,9.55E-05,0.00091469,1.18E-05,0.00064086,0.19854,0.0804,0.574128,4.33597E-05,0.001195879,0.001776709,0.200849,3.05659E-05,-6.09585E-06,3.44827E-06,3.30203E-05,4.24753E-07,2.3135E-05
0.0012664,1.6628,0.67,4.7844,0.0052626,0.0095403,1.0572,0.00099784,-0.0001914,0.00011407,0.00087506,1.73E-05,0.00065997,0.199536,0.0804,0.574128,4.5717E-05,0.000999894,0.001812657,0.200868,3.6022E-05,-6.90954E-06,4.11793E-06,3.15897E-05,6.25072E-07,2.38249E-05
0.0014322,1.6711,0.67,4.7844,0.0042497,0.0098919,1.0569,0.0011689,-0.00022324,0.00020456,0.00085113,-4.77E-05,0.00084435,0.200532,0.0804,0.574128,5.17024E-05,0.000807443,0.001879461,0.200811,4.21973E-05,-8.05896E-06,7.38462E-06,3.07258E-05,-1.72038E-06,3.0481E-05
0.0016357,1.6793,0.67,4.7844,0.0033736,0.011098,1.0576,0.0013715,-0.00026471,0.0003201,0.00087561,-0.0001586,0.0010243,0.201516,0.0804,0.574128,5.90488E-05,0.000640984,0.00210862,0.200944,4.95112E-05,-9.55603E-06,1.15556E-05,3.16095E-05,-5.72546E-06,3.69772E-05
0.0018686,1.6876,0.67,4.7844,0.0027055,0.012937,1.0578,0.0016015,-0.00031036,0.00041924,0.00099252,-0.0003113,0.0011433,0.202512,0.0804,0.574128,6.74565E-05,0.000514045,0.00245803,0.200982,5.78142E-05,-1.1204E-05,1.51346E-05,3.583E-05,-1.12379E-05,4.12731E-05
0.0021453,1.6958,0.67,4.7844,0.0023396,0.014508,1.0564,0.0018343,-0.00035333,0.00048602,0.0011794,-0.00048713,0.001277,0.203496,0.0804,0.574128,7.74453E-05,0.000444524,0.00275652,0.200716,6.62182E-05,-1.27552E-05,1.75453E-05,4.25763E-05,-1.75854E-05,4.60997E-05
0.0023648,1.7041,0.67,4.7844,0.0023233,0.014788,1.0545,0.0020482,-0.00038954,0.0005089,0.001317,-0.00061909,0.0013644,0.204492,0.0804,0.574128,8.53693E-05,0.000441427,0.00280972,0.200355,7.394E-05,-1.40624E-05,1.83713E-05,4.75437E-05,-2.23491E-05,4.92548E-05
0.0024081,1.7123,0.67,4.7844,0.0025213,0.013442,1.0533,0.0022346,-0.00042784,0.00048138,0.0013473,-0.00062796,0.0012344,0.205476,0.0804,0.574128,8.69324E-05,0.000479047,0.00255398,0.200127,8.06691E-05,-1.5445E-05,1.73778E-05,4.86375E-05,-2.26694E-05,4.45618E-05
0.0023559,1.7206,0.67,4.7844,0.00267,0.011382,1.0527,0.0023823,-0.00048211,0.00042581,0.0013501,-0.00055569,0.00097943,0.206472,0.0804,0.574128,8.5048E-05,0.0005073,0.00216258,0.200013,8.6001E-05,-1.74042E-05,1.53717E-05,4.87386E-05,-2.00604E-05,3.53574E-05
0.0023386,1.7289,0.67,4.7844,0.0026055,0.0097731,1.0522,0.0024764,-0.00054943,0.00038399,0.0013979,-0.00048252,0.00080289,0.207468,0.0804,0.574128,8.44235E-05,0.000495045,0.001856889,0.199918,8.9398E-05,-1.98344E-05,1.3862E-05,5.04642E-05,-1.7419E-05,2.89843E-05
0.0023496,1.7371,0.67,4.7844,0.0023534,0.0092326,1.052,0.0025128,-0.00061854,0.00037454,0.0014842,-0.00041762,0.00070231,0.208452,0.0804,0.574128,8.48206E-05,0.000447146,0.001754194,0.19988,9.07121E-05,-2.23293E-05,1.35209E-05,5.35796E-05,-1.50761E-05,2.53534E-05
0.0023417,1.7454,0.67,4.7844,0.0020375,0.0098956,1.0528,0.0024972,-0.00068283,0.00037417,0.0015777,-0.00035566,0.00060856,0.209448,0.0804,0.574128,8.45354E-05,0.000387125,0.001880164,0.200032,9.01489E-05,-2.46502E-05,1.35075E-05,5.6955E-05,-1.28393E-05,2.1969E-05
0.0023256,1.7536,0.67,4.7844,0.0017813,0.011382,1.0546,0.0024413,-0.00073345,0.00036746,0.0016733,-0.00027773,0.00053664,0.210432,0.0804,0.574128,8.39542E-05,0.000338447,0.00216258,0.200374,8.81309E-05,-2.64775E-05,1.32653E-05,6.04061E-05,-1.00261E-05,1.93727E-05
0.0023271,1.7619,0.67,4.7844,0.0016714,0.012805,1.0572,0.0023597,-0.00075957,0.00037773,0.0017514,-0.00019258,0.00054312,0.211428,0.0804,0.574128,8.40083E-05,0.000317566,0.00243295,0.200868,8.51852E-05,-2.74205E-05,1.36361E-05,6.32255E-05,-6.95214E-06,1.96066E-05
0.0023099,1.7701,0.67,4.7844,0.001781,0.013133,1.0596,0.0022648,-0.00075496,0.00042873,0.0017349,-0.00016301,0.00062002,0.212412,0.0804,0.574128,8.33874E-05,0.00033839,0.00249527,0.201324,8.17593E-05,-2.72541E-05,1.54772E-05,6.26299E-05,-5.88466E-06,2.23827E-05
0.0022603,1.7784,0.67,4.7844,0.0021731,0.011959,1.0611,0.0021641,-0.00072778,0.00050258,0.0016216,-0.00023173,0.00073489,0.213408,0.0804,0.574128,8.15968E-05,0.000412889,0.00227221,0.201609,7.8124E-05,-2.62729E-05,1.81431E-05,5.85398E-05,-8.36545E-06,2.65295E-05
0.0022223,1.7866,0.67,4.7844,0.0028413,0.0097196,1.0609,0.0020591,-0.00070227,0.00054666,0.001516,-0.00035599,0.00086937,0.214392,0.0804,0.574128,8.0225E-05,0.000539847,0.001846724,0.201571,7.43335E-05,-2.53519E-05,1.97344E-05,5.47276E-05,-1.28512E-05,3.13843E-05
0.0022059,1.7949,0.67,4.7844,0.0037022,0.0073863,1.0594,0.0019491,-0.00070217,0.00053775,0.0014782,-0.00045931,0.00098449,0.215388,0.0804,0.574128,7.9633E-05,0.000703418,0.001403397,0.201286,7.03625E-05,-2.53483E-05,1.94128E-05,5.3363E-05,-1.65811E-05,3.55401E-05
0.0021994,1.8032,0.67,4.7844,0.0046409,0.0060466,1.0572,0.0018351,-0.00073177,0.00050128,0.0014922,-0.00052414,0.0010714,0.216384,0.0804,0.574128,7.93983E-05,0.000881771,0.001148854,0.200868,6.62471E-05,-2.64169E-05,1.80962E-05,5.38684E-05,-1.89215E-05,3.86775E-05
0.0022105,1.8114,0.67,4.7844,0.0055476,0.0062069,1.0559,0.0017232,-0.00076415,0.00048162,0.0015366,-0.00058058,0.0011612,0.217368,0.0804,0.574128,7.97991E-05,0.001054044,0.001179311,0.200621,6.22075E-05,-2.75858E-05,1.73865E-05,5.54713E-05,-2.09589E-05,4.19193E-05
0.0022497,1.8197,0.67,4.7844,0.0063652,0.0073042,1.0561,0.0016231,-0.00076074,0.00051703,0.0016039,-0.00066134,0.0012725,0.218364,0.0804,0.574128,8.12142E-05,0.001209388,0.001387798,0.200659,5.85939E-05,-2.74627E-05,1.86648E-05,5.79008E-05,-2.38744E-05,4.59373E-05
0.002311,1.8279,0.67,4.7844,0.0071502,0.008389,1.0565,0.0015375,-0.00071184,0.00059758,0.0016792,-0.00077456,0.0014052,0.219348,0.0804,0.574128,8.34271E-05,0.001358538,0.00159391,0.200735,5.55038E-05,-2.56974E-05,2.15726E-05,6.06191E-05,-2.79616E-05,5.07277E-05
0.0023689,1.8362,0.67,4.7844,0.0080754,0.0090189,1.0557,0.0014578,-0.00063855,0.00067548,0.0017469,-0.00089086,0.001533,0.220344,0.0804,0.574128,8.55173E-05,0.001534326,0.001713591,0.200583,5.26266E-05,-2.30517E-05,2.43848E-05,6.30631E-05,-3.216E-05,5.53413E-05
0.0023933,1.8446,0.67,4.7844,0.0093296,0.0092772,1.0537,0.0013693,-0.00055358,0.0007068,0.0017743,-0.00097642,0.0016431,0.221352,0.0804,0.574128,8.63981E-05,0.001772624,0.001762668,0.200203,4.94317E-05,-1.99842E-05,2.55155E-05,6.40522E-05,-3.52488E-05,5.93159E-05
0.0023717,1.8534,0.67,4.7844,0.010943,0.0094423,1.052,0.0012638,-0.00045498,0.00068277,0.0017513,-0.0010108,0.0017282,0.222408,0.0804,0.574128,8.56184E-05,0.00207917,0.001794037,0.19988,4.56232E-05,-1.64248E-05,2.4648E-05,6.32219E-05,-3.64899E-05,6.2388E-05
0.0023157,1.8626,0.67,4.7844,0.012671,0.0094822,1.0516,0.0011458,-0.00034953,0.00060798,0.0017075,-0.0010027,0.0017781,0.223512,0.0804,0.574128,8.35968E-05,0.00240749,0.001801618,0.199804,4.13634E-05,-1.2618E-05,2.19481E-05,6.16408E-05,-3.61975E-05,6.41894E-05
0.0022434,1.8723,0.67,4.7844,0.014119,0.0097162,1.0525,0.0010242,-0.00023319,0.00050773,0.0016593,-0.00096893,0.0018033,0.224676,0.0804,0.574128,8.09867E-05,0.00268261,0.001846078,0.199975,3.69736E-05,-8.41816E-06,1.83291E-05,5.99007E-05,-3.49784E-05,6.50991E-05
0.0021376,1.8824,0.67,4.7844,0.015074,0.0094734,1.0538,0.00091096,-0.00011185,0.0004235,0.0015727,-0.00086453,0.0017915,0.225888,0.0804,0.574128,7.71674E-05,0.00286406,0.001799946,0.200222,3.28857E-05,-4.03779E-06,1.52884E-05,5.67745E-05,-3.12095E-05,6.46732E-05
0.002006,1.8931,0.67,4.7844,0.015633,0.0078976,1.0531,0.00082807,-1.54E-06,0.00035689,0.0014096,-0.00068194,0.0017743,0.227172,0.0804,0.574128,7.24166E-05,0.00297027,0.001500544,0.200089,2.98933E-05,-5.54279E-08,1.28837E-05,5.08866E-05,-2.4618E-05,6.40522E-05
0.0018346,1.9042,0.67,4.7844,0.015962,0.0062712,1.0516,0.00078952,9.24E-05,0.00030611,0.0011784,-0.00050217,0.0017012,0.228504,0.0804,0.574128,6.62291E-05,0.00303278,0.001191528,0.199804,2.85017E-05,3.33593E-06,1.10506E-05,4.25402E-05,-1.81283E-05,6.14133E-05
0.0016698,1.9159,0.67,4.7844,0.016071,0.0061806,1.0495,0.00078638,0.00014171,0.00024365,0.00091783,-0.00040552,0.0016355,0.229908,0.0804,0.574128,6.02798E-05,0.00305349,0.001174314,0.199405,2.83883E-05,5.11573E-06,8.79577E-06,3.31337E-05,-1.46393E-05,5.90416E-05
0.0015015,1.9282,0.67,4.7844,0.015755,0.0075431,1.0467,0.00080942,0.00014885,0.00016493,0.00074092,-0.00031368,0.0014527,0.231384,0.0804,0.574128,5.42042E-05,0.00299345,0.001433189,0.198873,2.92201E-05,5.37349E-06,5.95397E-06,2.67472E-05,-1.13238E-05,5.24425E-05
0.0014193,1.941,0.67,4.7844,0.014899,0.0075966,1.0441,0.00086523,0.00014641,0.00013682,0.00068456,-0.00018323,0.0012888,0.23292,0.0804,0.574128,5.12367E-05,0.00283081,0.001443354,0.198379,3.12348E-05,5.2854E-06,4.9392E-06,2.47126E-05,-6.6146E-06,4.65257E-05
0.0014385,1.9545,0.67,4.7844,0.013637,0.0054653,1.0385,0.00094984,0.00012821,7.87E-05,0.00068666,-0.00011976,0.0012405,0.23454,0.0804,0.574128,5.19299E-05,0.00259103,0.001038407,0.197315,3.42892E-05,4.62838E-06,2.84028E-06,2.47884E-05,-4.32334E-06,4.47821E-05
0.0014208,1.9686,0.67,4.7844,0.012317,0.0020381,1.0341,0.0010355,3.99E-05,2.42E-05,0.00069782,-0.00015292,0.0011082,0.236232,0.0804,0.574128,5.12909E-05,0.00234023,0.000387239,0.196479,3.73816E-05,1.44071E-06,8.72465E-07,2.51913E-05,-5.52041E-06,4.0006E-05
0.0014828,1.9833,0.67,4.7844,0.011128,-0.0026151,1.034,0.0011171,-8.15E-05,1.46E-05,0.00062135,-0.0001391,0.0012271,0.237996,0.0804,0.574128,5.35291E-05,0.00211432,-0.000496869,0.19646,4.03273E-05,-2.9406E-06,5.28468E-07,2.24307E-05,-5.02151E-06,4.42983E-05
0.0017179,1.9988,0.67,4.7844,0.009343,-0.0064914,1.0333,0.0011656,-7.25E-05,0.00016129,0.00058163,5.87E-05,0.0016886,0.239856,0.0804,0.574128,6.20162E-05,0.00177517,-0.001233366,0.196327,4.20782E-05,-2.61822E-06,5.82257E-06,2.09968E-05,2.11755E-06,6.09585E-05
0.0020184,2.0149,0.67,4.7844,0.006453,-0.0092186,1.0264,0.0011478,2.40E-05,0.00028702,0.00063775,0.00011093,0.0022512,0.241788,0.0804,0.574128,7.28642E-05,0.00122607,-0.001751534,0.195016,4.14356E-05,8.64667E-07,1.03614E-05,2.30228E-05,4.00457E-06,8.12683E-05
0.0024398,2.0319,0.67,4.7844,0.0033018,-0.012653,1.018,0.0011029,7.26E-05,0.00034189,0.00068832,-8.10E-05,0.0030884,0.243828,0.0804,0.574128,8.80768E-05,0.000627342,-0.00240407,0.19342,3.98147E-05,2.62205E-06,1.23422E-05,2.48484E-05,-2.9237E-06,0.000111491
0.0026552,2.0496,0.67,4.7844,0.00045094,-0.01516,1.0124,0.0010936,3.47E-05,0.00061372,0.00066393,-0.00014182,0.0035528,0.245952,0.0804,0.574128,9.58527E-05,8.56786E-05,-0.0028804,0.192356,3.9479E-05,1.25263E-06,2.21553E-05,2.39679E-05,-5.1197E-06,0.000128256
0.0033197,2.0681,0.67,4.7844,-0.001381,-0.010007,0.99871,0.001179,-5.57E-05,0.0011921,0.00069368,-0.00015595,0.0047667,0.248172,0.0804,0.574128,0.000119841,-0.00026239,-0.00190133,0.1897549,4.25619E-05,-2.0112E-06,4.30348E-05,2.50418E-05,-5.6298E-06,0.000172078
0.0044796,2.0875,0.67,4.7844,-0.0011271,0.00070274,0.9856,0.0013755,-0.00026847,0.0018394,0.00096796,-0.00061285,0.0066158,0.2505,0.0804,0.574128,0.000161714,-0.000214149,0.000133521,0.187264,4.96556E-05,-9.69177E-06,6.64023E-05,3.49434E-05,-2.21239E-05,0.00023883
0.0050795,2.1078,0.67,4.7844,0.0019556,0.010748,0.97639,0.001608,-0.00041789,0.0020712,0.0012804,-0.0011264,0.0072705,0.252936,0.0804,0.574128,0.00018337,0.000371564,0.00204212,0.1855141,5.80488E-05,-1.50858E-05,7.47703E-05,4.62224E-05,-4.0663E-05,0.000262465
0.0051195,2.129,0.67,4.7844,0.0068212,0.013536,0.96841,0.0017272,-0.0004743,0.0023118,0.0013,-0.0013699,0.0072117,0.25548,0.0804,0.574128,0.000184814,0.001296028,0.00257184,0.1839979,6.23519E-05,-1.71222E-05,8.3456E-05,0.00004693,-4.94534E-05,0.000260342
0.0040984,2.1511,0.67,4.7844,0.0091755,0.015558,0.96418,0.0017423,-0.000191,0.0021739,0.0010156,-0.00070967,0.0054389,0.258132,0.0804,0.574128,0.000147952,0.001743345,0.00295602,0.1831942,6.2897E-05,-6.8951E-06,7.84778E-05,3.66632E-05,-2.56191E-05,0.000196344
0.0035293,2.1743,0.67,4.7844,0.0079317,0.019549,0.96055,0.0016336,0.00040246,0.0016334,0.00099646,0.00032764,0.0044286,0.260916,0.0804,0.574128,0.000127408,0.001507023,0.00371431,0.1825045,5.8973E-05,1.45288E-05,5.89657E-05,3.59722E-05,1.18278E-05,0.000159872
0.0036158,2.1984,0.67,4.7844,0.0055758,0.021497,0.9574,0.001378,0.0007342,0.0013029,0.0015665,0.00061445,0.0042871,0.263808,0.0804,0.574128,0.00013053,0.001059402,0.00408443,0.181906,4.97458E-05,2.65046E-05,4.70347E-05,5.65507E-05,2.21816E-05,0.000154764
0.003552,2.2237,0.67,4.7844,0.0039368,0.018433,0.94195,0.0011816,0.00064505,0.00099051,0.0019927,0.00071326,0.0039296,0.266844,0.0804,0.574128,0.000128227,0.000747992,0.00350227,0.1789705,4.26558E-05,2.32863E-05,3.57574E-05,7.19365E-05,2.57487E-05,0.000141859
0.0048629,2.2501,0.67,4.7844,0.0031383,0.015347,0.92474,0.0010089,0.00022971,0.0012867,0.0020687,0.00069182,0.0066483,0.270012,0.0804,0.574128,0.000175551,0.000596277,0.00291593,0.1757006,3.64213E-05,8.29253E-06,4.64499E-05,7.46801E-05,2.49747E-05,0.000240004
0.0048067,2.2776,0.67,4.7844,0.0018909,0.024877,0.89549,0.00089576,7.11E-05,0.0014242,0.0020434,0.00018158,0.0066742,0.273312,0.0804,0.574128,0.000173522,0.000359271,0.00472663,0.1701431,3.23369E-05,2.56693E-06,5.14136E-05,7.37667E-05,6.55504E-06,0.000240939
0.0048364,2.3063,0.67,4.7844,-0.0011603,0.035498,0.88147,0.00099634,0.00037021,0.0012039,0.001713,-0.00045192,0.0069634,0.276756,0.0804,0.574128,0.000174594,-0.000220457,0.00674462,0.1674793,3.59679E-05,1.33646E-05,4.34608E-05,6.18393E-05,-1.63143E-05,0.000251379
0.0050587,2.3362,0.67,4.7844,-0.0059501,0.0417,0.88202,0.0012345,0.00036947,0.0012381,0.0017065,-0.00084778,0.0071764,0.280344,0.0804,0.574128,0.000182619,-0.001130519,0.007923,0.1675838,4.45655E-05,1.33379E-05,4.46954E-05,6.16047E-05,-3.06049E-05,0.000259068
0.0049448,2.3674,0.67,4.7844,-0.0090277,0.046047,0.85921,0.0014434,5.36E-05,0.0014381,0.0022523,-0.0013231,0.0061939,0.284088,0.0804,0.574128,0.000178507,-0.001715263,0.00874893,0.1632499,5.21067E-05,1.93413E-06,5.19154E-05,8.1308E-05,-4.77639E-05,0.0002236
0.0059034,2.3999,0.67,4.7844,-0.0071935,0.051331,0.83045,0.0014183,0.00016952,0.0013607,0.0030354,-0.00016321,0.0073532,0.287988,0.0804,0.574128,0.000213113,-0.001366765,0.00975289,0.1577855,5.12006E-05,6.11967E-06,4.91213E-05,0.000109578,-5.89188E-06,0.000265451
0.0051005,2.4338,0.67,4.7844,-0.0024435,0.048563,0.77353,0.0010542,0.00021648,0.0009304,0.0028726,0.0010901,0.0062743,0.292056,0.0804,0.574128,0.000184128,-0.000464265,0.00922697,0.1469707,3.80566E-05,7.81493E-06,3.35874E-05,0.000103701,3.93526E-05,0.000226502
0.0033884,2.4691,0.67,4.7844,-1.53E-05,0.037336,0.65349,0.00041701,3.84E-05,0.00049285,0.0018009,0.00074621,0.0045589,0.296292,0.0804,0.574128,0.000122321,-2.91289E-06,0.00709384,0.1241631,1.50541E-05,1.38758E-06,1.77919E-05,6.50125E-05,2.69382E-05,0.000164576
0.0012725,2.5058,0.67,4.7844,-5.50E-05,0.016403,0.28696,2.79E-05,6.74E-06,8.60E-05,0.00068461,0.00029444,0.0018324,0.300696,0.0804,0.574128,4.59373E-05,-1.04538E-05,0.00311657,0.0545224,1.00871E-06,2.43235E-07,3.1055E-06,2.47144E-05,1.06293E-05,6.61496E-05
9.06E-07,2.544,0.67,4.7844,-5.20E-05,-1.07E-14,-3.22E-18,1.81E-06,3.79E-16,1.45E-20,7.94E-26,3.03E-30,2.20E-34,0.30528,0.0804,0.574128,3.27239E-08,-9.87468E-06,-2.02825E-15,-6.12579E-19,6.54493E-08,1.36927E-17,5.22981E-22,2.86475E-27,1.09282E-31,7.94164E-36
0,2.5837,0.67,4.7844,0,0,0,0,0,0,0,0,0,0.310044,0.0804,0.574128,0,0,0,0,0,0,0,0,0,0
0,2.625,0.67,4.7844,0,0,0,0,0,0,0,0,0,0.315,0.0804,0.574128,0,0,0,0,0,0,0,0,0,0
0,-0.125,0.67,4.8244,0,0,0,0,0,0,0,0,0,-0.015,0.0804,0.578928,0,0,0,0,0,0,0,0,0,0
0,-0.083719,0.67,4.8244,0,0,0,0,0,0,0,0,0,-0.01004628,0.0804,0.578928,0,0,0,0,0,0,0,0,0,0
4.78E-08,-0.044001,0.67,4.8244,-0.00039546,-1.08E-13,2.66E-18,9.55E-08,2.61E-17,-1.85E-21,7.13E-27,-5.06E-31,4.91E-35,-0.00528012,0.0804,0.578928,1.7241E-09,-7.51374E-05,-2.05618E-14,5.05742E-19,3.44816E-09,9.42102E-19,-6.69005E-23,2.57407E-28,-1.82659E-32,1.77345E-36
0.0012975,-0.0058053,0.67,4.8244,-0.0019326,0.02157,0.35709,1.16E-05,-2.33E-05,-2.85E-05,0.00077514,-0.00012906,0.0018082,-0.000696636,0.0804,0.578928,4.68398E-05,-0.000367194,0.0040983,0.0678471,4.19915E-07,-8.3983E-07,-1.02784E-06,2.79826E-05,-4.65907E-06,6.5276E-05
0.0033622,0.030909,0.67,4.8244,-0.0074816,0.048912,0.8095,0.0001841,-0.00013683,-0.00016304,0.0020193,-0.00033871,0.0045209,0.00370908,0.0804,0.578928,0.000121375,-0.001421504,0.00929328,0.153805,6.64601E-06,-4.93956E-06,-5.88574E-06,7.28967E-05,-1.22274E-05,0.000163204
0.0036982,0.066184,0.67,4.8244,-0.015358,0.044479,0.91822,0.00052761,-0.00021715,-0.00038175,0.0017936,-0.00018015,0.0050752,0.00794208,0.0804,0.578928,0.000133505,-0.00291802,0.00845101,0.1744618,1.90467E-05,-7.83912E-06,-1.37812E-05,6.4749E-05,-6.50342E-06,0.000183215
0.0040582,0.10006,0.67,4.8244,-0.020002,0.031202,0.9491,0.00074464,-0.00015837,-0.000309,0.0012058,-0.00021978,0.0061659,0.0120072,0.0804,0.578928,0.000146501,-0.00380038,0.00592838,0.180329,2.68815E-05,-5.71716E-06,-1.11549E-05,4.35294E-05,-7.93406E-06,0.000222589
0.0041181,0.13258,0.67,4.8244,-0.020107,0.022594,0.97601,0.00065368,-5.90E-06,-4.87E-05,0.0012873,-0.00096193,0.0062951,0.0159096,0.0804,0.578928,0.000148663,-0.00382033,0.00429286,0.1854419,2.35978E-05,-2.13149E-07,-1.75666E-06,4.64715E-05,-3.47257E-05,0.000227253
0.0030048,0.16379,0.67,4.8244,-0.018332,0.0097274,1.0037,0.000503,0.00010704,-6.52E-05,0.0011805,-0.00078378,0.0043262,0.0196548,0.0804,0.578928,0.000108473,-0.00348308,0.001848206,0.190703,1.81583E-05,3.86414E-06,-2.35361E-06,4.26161E-05,-2.82945E-05,0.000156176
0.002468,0.19372,0.67,4.8244,-0.016694,0.0035955,1.0093,0.00056426,0.00018637,-0.00031278,0.0010494,-0.00027794,0.0033223,0.0232464,0.0804,0.578928,8.90948E-05,-0.00317186,0.000683145,0.191767,2.03698E-05,6.72796E-06,-1.12914E-05,3.78833E-05,-1.00336E-05,0.000119935
0.0029796,0.22242,0.67,4.8244,-0.014524,0.0061342,1.0168,0.00076996,0.00014208,-0.00090104,0.0010127,-0.00039045,0.0041765,0.0266904,0.0804,0.578928,0.000107564,-0.00275956,0.001165498,0.193192,2.77956E-05,5.12909E-06,-3.25275E-05,3.65585E-05,-1.40952E-05,0.000150772
0.0027766,0.24993,0.67,4.8244,-0.014166,0.012378,1.0285,0.00095921,-0.00010596,-0.00086888,0.0010268,-0.00033409,0.0035671,0.0299916,0.0804,0.578928,0.000100235,-0.00269154,0.00235182,0.195415,3.46275E-05,-3.82516E-06,-3.13666E-05,3.70675E-05,-1.20606E-05,0.000128772
0.0022582,0.27629,0.67,4.8244,-0.016102,0.018932,1.0327,0.0010223,-6.69E-05,-0.00081222,0.00098313,-0.00020497,0.002511,0.0331548,0.0804,0.578928,8.1521E-05,-0.00305938,0.00359708,0.196213,3.6905E-05,-2.41635E-06,-2.93211E-05,3.5491E-05,-7.39942E-06,9.06471E-05
0.0027324,0.30154,0.67,4.8244,-0.016843,0.020113,1.0336,0.0010534,0.00016255,-0.00089387,0.0010023,-0.00012912,0.0034091,0.0361848,0.0804,0.578928,9.86396E-05,-0.00320017,0.00382147,0.196384,3.80277E-05,5.86806E-06,-3.22687E-05,3.6183E-05,-4.66123E-06,0.000123069
0.003227,0.32572,0.67,4.8244,-0.015894,0.013449,1.0343,0.0010995,0.00019268,-0.00083617,0.0013492,-0.00054189,0.0040054,0.0390864,0.0804,0.578928,0.000116495,-0.00301986,0.00255531,0.196517,3.9692E-05,6.95575E-06,-3.01857E-05,4.87061E-05,-1.95622E-05,0.000144595
0.0033373,0.34887,0.67,4.8244,-0.0156,0.0076204,1.0517,0.0011469,0.000143,-0.00096157,0.0015911,-0.00096836,0.0039365,0.0418644,0.0804,0.578928,0.000120477,-0.002964,0.001447876,0.199823,4.14031E-05,5.1623E-06,-3.47127E-05,5.74387E-05,-3.49578E-05,0.000142108
0.0030444,0.37102,0.67,4.8244,-0.016608,0.011857,1.0551,0.0012081,0.00018103,-0.00055706,0.0016816,-0.00097138,0.0031991,0.0445224,0.0804,0.578928,0.000109903,-0.00315552,0.00225283,0.200469,4.36124E-05,6.53518E-06,-2.01099E-05,6.07058E-05,-3.50668E-05,0.000115488
0.0026869,0.39221,0.67,4.8244,-0.01763,0.020261,1.0496,0.0012559,0.00030481,-0.00054931,0.0016774,-0.00065394,0.0024404,0.0470652,0.0804,0.578928,9.69971E-05,-0.0033497,0.00384959,0.199424,4.5338E-05,1.10036E-05,-1.98301E-05,6.05541E-05,-2.36072E-05,8.80984E-05
0.0022086,0.41248,0.67,4.8244,-0.018631,0.026616,1.0472,0.0013511,0.000262,-0.0005234,0.0014948,-0.00040642,0.0015712,0.0494976,0.0804,0.578928,7.97305E-05,-0.00353989,0.00505704,0.198968,4.87747E-05,9.4582E-06,-1.88947E-05,5.39623E-05,-1.46718E-05,5.67203E-05
0.0020366,0.43187,0.67,4.8244,-0.01996,0.030136,1.0497,0.0013942,6.66E-05,-0.00018923,0.0014201,-0.00050619,0.0012589,0.0518244,0.0804,0.578928,7.35213E-05,-0.0037924,0.00572584,0.199443,5.03306E-05,2.40401E-06,-6.8312E-06,5.12656E-05,-1.82735E-05,4.54463E-05
0.0020349,0.4504,0.67,4.8244,-0.021168,0.032819,1.0507,0.0012977,-2.09E-05,-8.26E-05,0.0013158,-0.00061532,0.0014563,0.054048,0.0804,0.578928,7.34599E-05,-0.00402192,0.00623561,0.199633,4.6847E-05,-7.54273E-07,-2.98287E-06,4.75004E-05,-2.22131E-05,5.25724E-05
0.0023457,0.46812,0.67,4.8244,-0.021874,0.03341,1.0486,0.001195,5.95E-05,-8.09E-05,0.0014283,-0.00094508,0.0020681,0.0561744,0.0804,0.578928,8.46798E-05,-0.00415606,0.0063479,0.199234,4.31395E-05,2.1482E-06,-2.92031E-06,5.15616E-05,-3.41174E-05,7.46584E-05
0.0024967,0.48504,0.67,4.8244,-0.022087,0.031491,1.0524,0.0011444,0.00015006,-0.00016705,0.0016036,-0.0011586,0.0022455,0.0582048,0.0804,0.578928,9.01309E-05,-0.00419653,0.00598329,0.199956,4.13128E-05,5.41717E-06,-6.03051E-06,5.789E-05,-4.18255E-05,8.10626E-05
0.0024608,0.50122,0.67,4.8244,-0.022345,0.02957,1.058,0.0011231,0.00010176,-0.0001898,0.0017151,-0.0011613,0.0020835,0.0601464,0.0804,0.578928,8.88349E-05,-0.00424555,0.0056183,0.20102,4.05439E-05,3.67354E-06,-6.85178E-06,6.19151E-05,-4.19229E-05,7.52144E-05
0.0025596,0.51667,0.67,4.8244,-0.022281,0.030101,1.0589,0.0011494,2.42E-05,-0.00015892,0.0019182,-0.0011654,0.0020516,0.0620004,0.0804,0.578928,9.24016E-05,-0.00423339,0.00571919,0.201191,4.14933E-05,8.72032E-07,-5.73701E-06,6.9247E-05,-4.20709E-05,7.40628E-05
0.0024561,0.53142,0.67,4.8244,-0.021615,0.030811,1.0617,0.0011876,7.61E-05,-0.00012067,0.0020405,-0.00099746,0.001684,0.0637704,0.0804,0.578928,8.86652E-05,-0.00410685,0.00585409,0.201723,4.28724E-05,2.74746E-06,-4.35619E-06,7.36621E-05,-3.60083E-05,6.07924E-05
0.0022754,0.54551,0.67,4.8244,-0.021199,0.02961,1.0647,0.0011529,0.00016464,-9.58E-05,0.0020058,-0.00082558,0.0013922,0.0654612,0.0804,0.578928,8.21419E-05,-0.00402781,0.0056259,0.202293,4.16197E-05,5.9435E-06,-3.45852E-06,7.24094E-05,-2.98034E-05,5.02584E-05
0.0020279,0.55896,0.67,4.8244,-0.021034,0.027809,1.063,0.0010422,0.00015374,-9.12E-05,0.0017325,-0.00062615,0.0012811,0.0670752,0.0804,0.578928,7.32072E-05,-0.00399646,0.00528371,0.20197,3.76234E-05,5.55001E-06,-3.29116E-06,6.25433E-05,-2.2604E-05,4.62477E-05
0.0018224,0.5718,0.67,4.8244,-0.020808,0.02445,1.0592,0.00090686,6.90E-05,-0.00017772,0.0014077,-0.00030865,0.0013302,0.068616,0.0804,0.578928,6.57886E-05,-0.00395352,0.0046455,0.201248,3.27376E-05,2.49249E-06,-6.41569E-06,5.0818E-05,-1.11423E-05,4.80202E-05
0.0017276,0.58405,0.67,4.8244,-0.020864,0.020333,1.0603,0.00078968,2.94E-07,-0.00026621,0.0014239,-1.86E-05,0.0012416,0.070086,0.0804,0.578928,6.23664E-05,-0.00396416,0.00386327,0.201457,2.85074E-05,1.06145E-08,-9.61018E-06,5.14028E-05,-6.72868E-07,4.48218E-05
0.0017171,0.59575,0.67,4.8244,-0.021338,0.018123,1.0637,0.00071419,2.51E-05,-0.00032412,0.0016904,7.36E-05,0.0010296,0.07149,0.0804,0.578928,6.19873E-05,-0.00405422,0.00344337,0.202103,2.57823E-05,9.06868E-07,-1.17007E-05,6.10234E-05,2.65732E-06,3.71686E-05
0.0017945,0.6069,0.67,4.8244,-0.021946,0.016712,1.0667,0.00068995,9.90E-05,-0.00040611,0.0018679,8.60E-05,0.0010311,0.072828,0.0804,0.578928,6.47815E-05,-0.00416974,0.00317528,0.202673,2.49072E-05,3.57368E-06,-1.46606E-05,6.74312E-05,3.10525E-06,3.72227E-05
0.001875,0.61755,0.67,4.8244,-0.022257,0.014689,1.0699,0.00072203,0.00014641,-0.00044897,0.0019137,0.0001595,0.0011143,0.074106,0.0804,0.578928,6.76875E-05,-0.00422883,0.00279091,0.203281,2.60653E-05,5.2854E-06,-1.62078E-05,6.90846E-05,5.75795E-06,4.02262E-05
0.0019646,0.6277,0.67,4.8244,-0.022014,0.011622,1.0744,0.00079482,0.00016242,-0.00045813,0.0018108,0.00029147,0.0013237,0.075324,0.0804,0.578928,7.09221E-05,-0.00418266,0.00220818,0.204136,2.8693E-05,5.86336E-06,-1.65385E-05,6.53699E-05,1.05221E-05,4.77856E-05
0.0020165,0.63738,0.67,4.8244,-0.021409,0.0077292,1.0786,0.00087231,0.00016466,-0.00040509,0.0016329,0.0004353,0.0015278,0.0764856,0.0804,0.578928,7.27957E-05,-0.00406771,0.001468548,0.204934,3.14904E-05,5.94423E-06,-1.46237E-05,5.89477E-05,1.57143E-05,5.51536E-05
0.0019843,0.64661,0.67,4.8244,-0.020898,0.0037476,1.0823,0.00092137,0.00016015,-0.00029617,0.0015019,0.00052105,0.0015454,0.0775932,0.0804,0.578928,7.16332E-05,-0.00397062,0.000712044,0.205637,3.32615E-05,5.78142E-06,-1.06917E-05,5.42186E-05,1.88099E-05,5.57889E-05
0.0018694,0.65542,0.67,4.8244,-0.020809,0.00047188,1.0858,0.00092318,0.00014843,-0.00018508,0.0014227,0.00052744,0.0013929,0.0786504,0.0804,0.578928,6.74853E-05,-0.00395371,8.96572E-05,0.206302,3.33268E-05,5.35832E-06,-6.68139E-06,5.13595E-05,1.90406E-05,5.02837E-05
0.0017036,0.66381,0.67,4.8244,-0.021176,-0.0018504,1.0897,0.0008716,0.00013362,-0.00011177,0.001351,0.00046024,0.0011846,0.0796572,0.0804,0.578928,6.15E-05,-0.00402344,-0.000351576,0.207043,3.14648E-05,4.82368E-06,-4.0349E-06,4.87711E-05,1.66147E-05,4.27641E-05
0.0015239,0.67207,0.67,4.8244,-0.021856,-0.0035834,1.0945,0.00077682,0.00012516,-6.36E-05,0.0012863,0.00033726,0.0009847,0.0806484,0.0804,0.578928,5.50128E-05,-0.00415264,-0.000680846,0.207955,2.80432E-05,4.51828E-06,-2.29524E-06,4.64354E-05,1.21751E-05,3.55477E-05
0.0013612,0.68032,0.67,4.8244,-0.02266,-0.0052396,1.1001,0.00066107,0.0001286,-2.76E-05,0.0012362,0.00016857,0.00082513,0.0816384,0.0804,0.578928,4.91393E-05,-0.0043054,-0.000995524,0.209019,2.38646E-05,4.64246E-06,-9.97335E-07,4.46268E-05,6.08538E-06,2.97872E-05
0.0012432,0.68858,0.67,4.8244,-0.023476,-0.0070158,1.1056,0.00054577,0.00013948,-1.78E-05,0.0011917,-3.65E-05,0.00074892,0.0826296,0.0804,0.578928,4.48795E-05,-0.00446044,-0.001333002,0.210064,1.97023E-05,5.03523E-06,-6.42363E-07,4.30204E-05,-1.31671E-06,2.7036E-05
0.0011712,0.69683,0.67,4.8244,-0.024288,-0.0085708,1.1107,0.00044521,0.00014737,-3.86E-05,0.0011324,-0.0002277,0.00076473,0.0836196,0.0804,0.578928,4.22803E-05,-0.00461472,-0.001628452,0.211033,1.60721E-05,5.32006E-06,-1.39321E-06,4.08796E-05,-8.21997E-06,2.76068E-05
0.001112,0.70509,0.67,4.8244,-0.025041,-0.0096317,1.1151,0.00036771,0.000143,-6.95E-05,0.0010388,-0.00035909,0.00081757,0.0846108,0.0804,0.578928,4.01432E-05,-0.00475779,-0.001830023,0.211869,1.32743E-05,5.1623E-06,-2.50942E-06,3.75007E-05,-1.29631E-05,2.95143E-05
0.0010612,0.71335,0.67,4.8244,-0.025658,-0.010611,1.1181,0.0003173,0.00012339,-8.23E-05,0.00091902,-0.00044025,0.00088616,0.085602,0.0804,0.578928,3.83093E-05,-0.00487502,-0.00201609,0.212439,1.14545E-05,4.45438E-06,-2.97132E-06,3.31766E-05,-1.5893E-05,3.19904E-05
0.0010325,0.7216,0.67,4.8244,-0.026205,-0.012008,1.12,0.00029357,9.50E-05,-6.92E-05,0.00080774,-0.00050216,0.00096363,0.086592,0.0804,0.578928,3.72733E-05,-0.00497895,-0.00228152,0.2128,1.05979E-05,3.42946E-06,-2.49794E-06,2.91594E-05,-1.8128E-05,3.4787E-05
0.0010055,0.72986,0.67,4.8244,-0.026849,-0.013662,1.1215,0.00029146,6.23E-05,-4.60E-05,0.00072605,-0.00054609,0.00099357,0.0875832,0.0804,0.578928,3.62986E-05,-0.00510131,-0.00259578,0.213085,1.05217E-05,2.24979E-06,-1.65977E-06,2.62104E-05,-1.97138E-05,3.58679E-05
0.0009687,0.73811,0.67,4.8244,-0.027638,-0.015294,1.1228,0.00030379,2.14E-05,-3.01E-05,0.00066858,-0.00055314,0.00096501,0.0885732,0.0804,0.578928,3.49701E-05,-0.00525122,-0.00290586,0.213332,1.09668E-05,7.71926E-07,-1.0882E-06,2.41357E-05,-1.99684E-05,3.48369E-05
0.00094077,0.74637,0.67,4.8244,-0.028477,-0.016864,1.124,0.00032497,-2.80E-05,-2.49E-05,0.00062985,-0.00051991,0.00092672,0.0895644,0.0804,0.578928,3.39618E-05,-0.00541063,-0.00320416,0.21356,1.17314E-05,-1.00925E-06,-8.98818E-07,2.27376E-05,-1.87688E-05,3.34546E-05
0.000942,0.75463,0.67,4.8244,-0.02925,-0.018257,1.1245,0.00035264,-7.77E-05,-2.34E-05,0.00061148,-0.00047138,0.00091988,0.0905556,0.0804,0.578928,3.40062E-05,-0.0055575,-0.00346883,0.213655,1.27303E-05,-2.80562E-06,-8.43224E-07,2.20744E-05,-1.70168E-05,3.32077E-05
0.00097536,0.76288,0.67,4.8244,-0.029847,-0.019266,1.1232,0.00038584,-0.00012139,-2.40E-05,0.00061598,-0.00043753,0.0009489,0.0915456,0.0804,0.578928,3.52105E-05,-0.00567093,-0.00366054,0.213408,1.39288E-05,-4.38218E-06,-8.66508E-07,2.22369E-05,-1.57948E-05,3.42553E-05
0.0010306,0.77114,0.67,4.8244,-0.030178,-0.019731,1.1202,0.00042115,-0.00015549,-2.65E-05,0.00064909,-0.00042358,0.00099104,0.0925368,0.0804,0.578928,3.72047E-05,-0.00573382,-0.00374889,0.212838,1.52035E-05,-5.61319E-06,-9.55134E-07,2.34321E-05,-1.52912E-05,3.57765E-05
0.0011032,0.7794,0.67,4.8244,-0.030245,-0.019654,1.1163,0.0004524,-0.0001744,-2.63E-05,0.00071944,-0.00042,0.0010347,0.093528,0.0804,0.578928,3.98255E-05,-0.00574655,-0.00373426,0.212097,1.63316E-05,-6.29584E-06,-9.4943E-07,2.59718E-05,-0.000015162,3.73527E-05
0.00119,0.78765,0.67,4.8244,-0.030105,-0.019169,1.1129,0.00047512,-0.00017262,-2.60E-05,0.00083416,-0.00042856,0.0010707,0.094518,0.0804,0.578928,0.000042959,-0.00571995,-0.00364211,0.211451,1.71518E-05,-6.23158E-06,-9.3925E-07,3.01132E-05,-1.5471E-05,3.86523E-05
0.0012781,0.79591,0.67,4.8244,-0.029795,-0.018374,1.1106,0.00048989,-0.00014755,-1.74E-05,0.0009916,-0.00046678,0.0010747,0.0955092,0.0804,0.578928,4.61394E-05,-0.00566105,-0.00349106,0.211014,1.7685E-05,-5.32656E-06,-6.28501E-07,3.57968E-05,-1.68508E-05,3.87967E-05
0.0013651,0.80416,0.67,4.8244,-0.029367,-0.017251,1.1093,0.00050145,-0.00010035,1.79E-05,0.001172,-0.00054251,0.0010568,0.0964992,0.0804,0.578928,4.92801E-05,-0.00557973,-0.00327769,0.210767,1.81023E-05,-3.62264E-06,6.4684E-07,4.23092E-05,-1.95846E-05,3.81505E-05
0.0014593,0.81242,0.67,4.8244,-0.028875,-0.015668,1.1086,0.00051539,-3.87E-05,7.72E-05,0.0013365,-0.00064377,0.0010667,0.0974904,0.0804,0.578928,5.26807E-05,-0.00548625,-0.00297692,0.210634,1.86056E-05,-1.39823E-06,2.78548E-06,4.82477E-05,-2.32401E-05,3.85079E-05
0.0015484,0.82068,0.67,4.8244,-0.028305,-0.01344,1.108,0.000535,2.22E-05,0.00013451,0.0014515,-0.00075629,0.0011104,0.0984816,0.0804,0.578928,5.58972E-05,-0.00537795,-0.0025536,0.21052,1.93135E-05,7.99615E-07,4.85581E-06,5.23992E-05,-2.73021E-05,4.00854E-05
0.0016321,0.82893,0.67,4.8244,-0.027665,-0.01053,1.1072,0.00056077,6.68E-05,0.00016093,0.0015297,-0.00086808,0.0011737,0.0994716,0.0804,0.578928,5.89188E-05,-0.00525635,-0.0020007,0.210368,2.02438E-05,2.41321E-06,5.80957E-06,5.52222E-05,-3.13377E-05,4.23706E-05
0.0017356,0.83719,0.67,4.8244,-0.027051,-0.0073096,1.1057,0.00059053,8.54E-05,0.00015995,0.0016085,-0.00095864,0.0012722,0.1004628,0.0804,0.578928,6.26552E-05,-0.00513969,-0.001388824,0.210083,2.13181E-05,3.08178E-06,5.7742E-06,5.80669E-05,-3.46069E-05,4.59264E-05
0.0018511,0.84544,0.67,4.8244,-0.026554,-0.0042243,1.1035,0.0006156,5.86E-05,0.00016818,0.0016906,-0.0010075,0.0013961,0.1014528,0.0804,0.578928,6.68247E-05,-0.00504526,-0.000802617,0.209665,2.22232E-05,2.11449E-06,6.0713E-06,6.10307E-05,-3.63708E-05,5.03992E-05
0.0019663,0.8537,0.67,4.8244,-0.026245,-0.0011504,1.1013,0.00062643,-4.20E-05,0.00019075,0.0017857,-0.0010073,0.0015203,0.102444,0.0804,0.578928,7.09834E-05,-0.00498655,-0.000218576,0.209247,2.26141E-05,-1.51743E-06,6.88608E-06,6.44638E-05,-3.63635E-05,5.48828E-05
0.0021009,0.86196,0.67,4.8244,-0.026195,0.002079,1.0994,0.00062491,-0.00020754,0.00019749,0.0019212,-0.00096225,0.0016556,0.1034352,0.0804,0.578928,7.58425E-05,-0.00497705,0.00039501,0.208886,2.25593E-05,-7.49219E-06,7.12939E-06,6.93553E-05,-3.47372E-05,5.97672E-05
0.0022353,0.87021,0.67,4.8244,-0.026417,0.0050111,1.0965,0.00061651,-0.00037103,0.00020776,0.0020521,-0.00093109,0.0018021,0.1044252,0.0804,0.578928,8.06943E-05,-0.00501923,0.000952109,0.208335,2.2256E-05,-1.33942E-05,7.50014E-06,7.40808E-05,-3.36123E-05,6.50558E-05
0.0023237,0.87847,0.67,4.8244,-0.026818,0.0074877,1.0918,0.00060448,-0.00048259,0.00026105,0.0021357,-0.00098049,0.0019073,0.1054164,0.0804,0.578928,8.38856E-05,-0.00509542,0.001422663,0.207442,2.18217E-05,-1.74215E-05,9.42391E-06,7.70988E-05,-3.53957E-05,6.88535E-05
0.0023799,0.88672,0.67,4.8244,-0.027269,0.0099372,1.0863,0.00059967,-0.00056041,0.00034048,0.0022276,-0.0011079,0.0019325,0.1064064,0.0804,0.578928,8.59144E-05,-0.00518111,0.001888068,0.206397,2.16481E-05,-2.02308E-05,1.22913E-05,8.04164E-05,-3.99952E-05,6.97633E-05
0.0024629,0.89498,0.67,4.8244,-0.027679,0.012391,1.0804,0.00061195,-0.00063395,0.00042548,0.0023651,-0.0012923,0.0019488,0.1073976,0.0804,0.578928,8.89107E-05,-0.00525901,0.00235429,0.205276,2.20914E-05,-2.28856E-05,1.53598E-05,8.53801E-05,-4.6652E-05,7.03517E-05
0.0025532,0.90324,0.67,4.8244,-0.027941,0.014611,1.0747,0.00063754,-0.00070969,0.00050309,0.0025174,-0.0014552,0.0019515,0.1083888,0.0804,0.578928,9.21705E-05,-0.00530879,0.00277609,0.204193,2.30152E-05,-2.56198E-05,1.81615E-05,9.08781E-05,-5.25327E-05,7.04492E-05
0.0025364,0.91149,0.67,4.8244,-0.027992,0.01641,1.0706,0.00067055,-0.00077447,0.00054219,0.0026094,-0.0014627,0.0017927,0.1093788,0.0804,0.578928,9.1564E-05,-0.00531848,0.0031179,0.203414,2.42069E-05,-2.79584E-05,1.95731E-05,9.41993E-05,-5.28035E-05,6.47165E-05
0.0024055,0.91975,0.67,4.8244,-0.027835,0.017424,1.0685,0.00071279,-0.00079423,0.00055546,0.002549,-0.0013241,0.0015493,0.11037,0.0804,0.578928,8.68386E-05,-0.00528865,0.00331056,0.203015,2.57317E-05,-2.86717E-05,2.00521E-05,9.20189E-05,-4.78E-05,5.59297E-05
0.0022773,0.92801,0.67,4.8244,-0.027438,0.017701,1.0674,0.00077062,-0.00076365,0.00057403,0.0023898,-0.0011621,0.0013941,0.1113612,0.0804,0.578928,8.22105E-05,-0.00521322,0.00336319,0.202806,2.78194E-05,-2.75678E-05,2.07225E-05,8.62718E-05,-4.19518E-05,5.0327E-05
0.0022189,0.93626,0.67,4.8244,-0.02682,0.017682,1.0666,0.00084914,-0.00072326,0.00060124,0.0022779,-0.0010449,0.0013107,0.1123512,0.0804,0.578928,8.01023E-05,-0.0050958,0.00335958,0.202654,3.0654E-05,-2.61097E-05,2.17048E-05,8.22322E-05,-3.77209E-05,4.73163E-05
0.0022293,0.94452,0.67,4.8244,-0.026113,0.01725,1.0657,0.00094353,-0.00070071,0.00064067,0.0022083,-0.0010133,0.0013067,0.1133424,0.0804,0.578928,8.04777E-05,-0.00496147,0.0032775,0.202483,3.40614E-05,-2.52956E-05,2.31282E-05,7.97196E-05,-3.65801E-05,4.71719E-05
0.0022444,0.95277,0.67,4.8244,-0.025484,0.015769,1.0643,0.0010374,-0.00068201,0.00068592,0.0020692,-0.0010552,0.0013822,0.1143324,0.0804,0.578928,8.10228E-05,-0.00484196,0.00299611,0.202217,3.74501E-05,-2.46206E-05,2.47617E-05,7.46981E-05,-3.80927E-05,4.98974E-05
0.0021744,0.96103,0.67,4.8244,-0.025077,0.013013,1.0624,0.0011147,-0.00063684,0.00069821,0.001816,-0.0010864,0.0014182,0.1153236,0.0804,0.578928,7.84958E-05,-0.00476463,0.00247247,0.201856,4.02407E-05,-2.29899E-05,2.52054E-05,6.55576E-05,-3.9219E-05,5.1197E-05
0.0020297,0.96929,0.67,4.8244,-0.024916,0.0096025,1.0601,0.0011694,-0.00055382,0.00066722,0.0015118,-0.0010587,0.0013783,0.1163148,0.0804,0.578928,7.32722E-05,-0.00473404,0.001824475,0.201419,4.22153E-05,-1.99929E-05,2.40866E-05,5.4576E-05,-3.82191E-05,4.97566E-05
0.0019038,0.97754,0.67,4.8244,-0.024882,0.0066214,1.0575,0.0012077,-0.00045211,0.00061415,0.0012583,-0.00099899,0.0013416,0.1173048,0.0804,0.578928,6.87272E-05,-0.00472758,0.001258066,0.200925,4.3598E-05,-1.63212E-05,2.21708E-05,4.54246E-05,-3.60635E-05,4.84318E-05
0.001833,0.9858,0.67,4.8244,-0.024819,0.0048704,1.0538,0.0012412,-0.00035869,0.00056156,0.0011004,-0.00092354,0.0013244,0.118296,0.0804,0.578928,6.61713E-05,-0.00471561,0.000925376,0.200222,4.48073E-05,-1.29487E-05,2.02723E-05,3.97244E-05,-3.33398E-05,4.78108E-05
0.0018039,0.99405,0.67,4.8244,-0.024525,0.0047723,1.0485,0.0012772,-0.00028808,0.00051795,0.0010197,-0.00081507,0.001311,0.119286,0.0804,0.578928,6.51208E-05,-0.00465975,0.000906737,0.199215,4.61069E-05,-1.03997E-05,1.8698E-05,3.68112E-05,-2.9424E-05,4.73271E-05
0.0017959,1.0023,0.67,4.8244,-0.023928,0.0064032,1.0417,0.0013206,-0.00024904,0.00046985,0.00099321,-0.00069103,0.001278,0.120276,0.0804,0.578928,6.4832E-05,-0.00454632,0.001216608,0.197923,4.76737E-05,-8.99034E-06,1.69616E-05,3.58549E-05,-2.49462E-05,4.61358E-05
0.0018052,1.0106,0.67,4.8244,-0.023238,0.0089659,1.0346,0.0013763,-0.00024205,0.00040571,0.0010305,-0.00061369,0.0012038,0.121272,0.0804,0.578928,6.51677E-05,-0.00441522,0.001703521,0.196574,4.96844E-05,-8.73801E-06,1.46461E-05,3.72011E-05,-2.21542E-05,4.34572E-05
0.0018685,1.0188,0.67,4.8244,-0.02264,0.011262,1.028,0.0014476,-0.00025039,0.0003246,0.001148,-0.00060086,0.0011415,0.122256,0.0804,0.578928,6.74529E-05,-0.0043016,0.00213978,0.19532,5.22584E-05,-9.03908E-06,1.17181E-05,4.14428E-05,-2.1691E-05,4.12082E-05
0.0019818,1.0271,0.67,4.8244,-0.022111,0.012987,1.0223,0.0015304,-0.00025288,0.00025575,0.0013129,-0.00061173,0.0011203,0.123252,0.0804,0.578928,7.1543E-05,-0.00420109,0.00246753,0.194237,5.52474E-05,-9.12897E-06,9.23258E-06,4.73957E-05,-2.20835E-05,4.04428E-05
0.0020886,1.0353,0.67,4.8244,-0.021489,0.014809,1.0181,0.0016191,-0.00024345,0.00022705,0.0014413,-0.00063001,0.0011168,0.124236,0.0804,0.578928,7.53985E-05,-0.00408291,0.00281371,0.193439,5.84495E-05,-8.78855E-06,8.19651E-06,5.20309E-05,-2.27434E-05,4.03165E-05
0.0021449,1.0436,0.67,4.8244,-0.020614,0.01715,1.0158,0.0017168,-0.00022878,0.0002378,0.0014687,-0.00064034,0.0011043,0.125232,0.0804,0.578928,7.74309E-05,-0.00391666,0.0032585,0.193002,6.19765E-05,-8.25896E-06,8.58458E-06,5.30201E-05,-2.31163E-05,3.98652E-05
0.0021497,1.0518,0.67,4.8244,-0.019517,0.019468,1.0148,0.0018232,-0.00020603,0.00026324,0.001414,-0.00061435,0.0010622,0.126216,0.0804,0.578928,7.76042E-05,-0.00370823,0.00369892,0.192812,6.58175E-05,-7.43768E-06,9.50296E-06,5.10454E-05,-2.2178E-05,3.83454E-05
0.0021423,1.0601,0.67,4.8244,-0.0184,0.020933,1.014,0.0019293,-0.00016485,0.00028775,0.0013387,-0.00055037,0.0010167,0.127212,0.0804,0.578928,7.7337E-05,-0.003496,0.00397727,0.19266,6.96477E-05,-5.95109E-06,1.03878E-05,4.83271E-05,-1.98684E-05,3.67029E-05
0.0021587,1.0684,0.67,4.8244,-0.017498,0.021386,1.0129,0.0020251,-0.00010573,0.00030665,0.0012686,-0.0005006,0.0010237,0.128208,0.0804,0.578928,7.79291E-05,-0.00332462,0.00406334,0.192451,7.31061E-05,-3.81685E-06,1.10701E-05,4.57965E-05,-1.80717E-05,3.69556E-05
0.0022052,1.0766,0.67,4.8244,-0.016976,0.021337,1.0115,0.0020995,-3.91E-05,0.00029443,0.0012007,-0.0005115,0.0011102,0.129192,0.0804,0.578928,7.96077E-05,-0.00322544,0.00405403,0.192185,7.5792E-05,-1.40992E-06,1.06289E-05,4.33453E-05,-1.84652E-05,4.00782E-05
0.0022647,1.0849,0.67,4.8244,-0.016832,0.02133,1.0102,0.0021433,2.53E-05,0.00025375,0.0011355,-0.00057136,0.0012505,0.130188,0.0804,0.578928,8.17557E-05,-0.00319808,0.0040527,0.191938,7.73731E-05,9.14305E-07,9.16038E-06,4.09916E-05,-2.06261E-05,4.51431E-05
0.0023075,1.0931,0.67,4.8244,-0.016919,0.021566,1.009,0.0021556,8.60E-05,0.00020299,0.0010776,-0.00064429,0.0013817,0.131172,0.0804,0.578928,8.33008E-05,-0.00321461,0.00409754,0.19171,7.78172E-05,3.10355E-06,7.32794E-06,3.89014E-05,-2.32589E-05,4.98794E-05
0.0023425,1.1014,0.67,4.8244,-0.017048,0.021874,1.0078,0.0021453,0.00014605,0.00016379,0.0010436,-0.00071658,0.0014962,0.132168,0.0804,0.578928,8.45643E-05,-0.00323912,0.00415606,0.191482,7.74453E-05,5.27241E-06,5.91282E-06,3.7674E-05,-2.58685E-05,5.40128E-05
0.002407,1.1096,0.67,4.8244,-0.01707,0.021887,1.0064,0.0021186,0.0002001,0.0001455,0.0010511,-0.00081323,0.0016444,0.133152,0.0804,0.578928,8.68927E-05,-0.0032433,0.00415853,0.191216,7.64815E-05,7.22361E-06,5.25255E-06,3.79447E-05,-2.93576E-05,5.93628E-05
0.0024991,1.1179,0.67,4.8244,-0.016886,0.021436,1.005,0.0020744,0.00023111,0.00013591,0.0010909,-0.00093587,0.0018329,0.134148,0.0804,0.578928,9.02175E-05,-0.00320834,0.00407284,0.19095,7.48858E-05,8.34307E-06,4.90635E-06,3.93815E-05,-3.37849E-05,6.61677E-05
0.0025685,1.1262,0.67,4.8244,-0.016444,0.020701,1.0034,0.0020178,0.00022702,0.00015113,0.0011339,-0.0010396,0.0019854,0.135144,0.0804,0.578928,9.27229E-05,-0.00312436,0.00393319,0.190646,7.28426E-05,8.19542E-06,5.45579E-06,4.09338E-05,-3.75296E-05,7.16729E-05
0.0025912,1.1344,0.67,4.8244,-0.015713,0.020149,1.0022,0.0019579,0.00019508,0.0001902,0.001155,-0.001091,0.0020695,0.136128,0.0804,0.578928,9.35423E-05,-0.00298547,0.00382831,0.190418,7.06802E-05,7.04239E-06,6.86622E-06,4.16955E-05,-3.93851E-05,7.4709E-05
0.0025918,1.1427,0.67,4.8244,-0.014719,0.020401,1.0015,0.0019011,0.00015406,0.00024,0.001147,-0.0010868,0.0021354,0.137124,0.0804,0.578928,9.3564E-05,-0.00279661,0.00387619,0.190285,6.86297E-05,5.56157E-06,0.000008664,4.14067E-05,-3.92335E-05,7.70879E-05
0.0026234,1.1509,0.67,4.8244,-0.01359,0.021606,1.0008,0.0018471,0.00011504,0.00027763,0.0011327,-0.0010777,0.002267,0.138108,0.0804,0.578928,9.47047E-05,-0.0025821,0.00410514,0.190152,6.66803E-05,4.15294E-06,1.00224E-05,4.08905E-05,-3.8905E-05,8.18387E-05
0.0027343,1.1592,0.67,4.8244,-0.012557,0.023044,0.99974,0.0017937,7.93E-05,0.000289,0.001164,-0.0011259,0.002511,0.139104,0.0804,0.578928,9.87082E-05,-0.00238583,0.00437836,0.1899506,6.47526E-05,2.86194E-06,1.04329E-05,4.20204E-05,-4.0645E-05,9.06471E-05
0.0029088,1.1674,0.67,4.8244,-0.011765,0.023883,0.99822,0.0017453,4.27E-05,0.00028746,0.0012756,-0.0012443,0.0027966,0.140088,0.0804,0.578928,0.000105008,-0.00223535,0.00453777,0.1896618,6.30053E-05,1.54064E-06,1.03773E-05,4.60492E-05,-4.49192E-05,0.000100957
0.0030933,1.1757,0.67,4.8244,-0.011095,0.024096,0.99689,0.001705,-7.82E-06,0.00028338,0.0014456,-0.0014037,0.003036,0.141084,0.0804,0.578928,0.000111668,-0.00210805,0.00457824,0.1894091,6.15505E-05,-2.82288E-07,1.023E-05,5.21862E-05,-5.06736E-05,0.0001096
0.0032191,1.1839,0.67,4.8244,-0.010312,0.024232,0.99644,0.0016658,-7.98E-05,0.00028663,0.0016102,-0.0015499,0.0031623,0.142068,0.0804,0.578928,0.00011621,-0.00195928,0.00460408,0.1893236,6.01354E-05,-2.88042E-06,1.03473E-05,5.81282E-05,-5.59514E-05,0.000114159
0.0032449,1.1922,0.67,4.8244,-0.0093148,0.024699,0.99698,0.0016138,-0.00016062,0.00030671,0.0017129,-0.0016438,0.0031632,0.143064,0.0804,0.578928,0.000117141,-0.001769812,0.00469281,0.1894262,5.82582E-05,-5.79838E-06,1.10722E-05,6.18357E-05,-5.93412E-05,0.000114192
0.0031967,1.2005,0.67,4.8244,-0.0081713,0.025497,0.99819,0.0015395,-0.00022893,0.00033782,0.0017293,-0.0016972,0.0031247,0.14406,0.0804,0.578928,0.000115401,-0.001552547,0.00484443,0.1896561,5.5576E-05,-8.26437E-06,1.21953E-05,6.24277E-05,-6.12689E-05,0.000112802
0.0031296,1.2087,0.67,4.8244,-0.0070052,0.026385,1.0001,0.0014454,-0.00027195,0.00036487,0.0016571,-0.0017278,0.0031567,0.145044,0.0804,0.578928,0.000112979,-0.001330988,0.00501315,0.190019,5.21789E-05,-9.8174E-06,1.31718E-05,5.98213E-05,-6.23736E-05,0.000113957
0.0030559,1.217,0.67,4.8244,-0.0059074,0.027178,1.003,0.0013514,-0.00028927,0.00038435,0.0015173,-0.0017093,0.003243,0.14604,0.0804,0.578928,0.000110318,-0.001122406,0.00516382,0.19057,4.87855E-05,-1.04426E-05,1.3875E-05,5.47745E-05,-6.17057E-05,0.000117072
0.0029643,1.2252,0.67,4.8244,-0.0049059,0.0279,1.0062,0.001273,-0.00028843,0.0003997,0.0013548,-0.0016159,0.0033008,0.147024,0.0804,0.578928,0.000107011,-0.000932121,0.005301,0.191178,4.59553E-05,-1.04123E-05,1.44292E-05,4.89083E-05,-5.8334E-05,0.000119159
0.0028531,1.2335,0.67,4.8244,-0.0039754,0.028383,1.0094,0.0012055,-0.00028216,0.00041893,0.0012149,-0.0014801,0.003286,0.14802,0.0804,0.578928,0.000102997,-0.000755326,0.00539277,0.191786,4.35186E-05,-1.0186E-05,1.51234E-05,4.38579E-05,-5.34316E-05,0.000118625
0.0027091,1.2417,0.67,4.8244,-0.003104,0.02807,1.0121,0.0011519,-0.00027894,0.00043759,0.001124,-0.001364,0.0031422,0.149004,0.0804,0.578928,9.77985E-05,-0.00058976,0.0053333,0.192299,4.15836E-05,-1.00697E-05,1.5797E-05,4.05764E-05,-4.92404E-05,0.000113433
0.0025314,1.25,0.67,4.8244,-0.0023135,0.026617,1.014,0.0011251,-0.00027472,0.00043512,0.0010862,-0.0012785,0.0028515,0.15,0.0804,0.578928,9.13835E-05,-0.000439565,0.00505723,0.19266,4.06161E-05,-9.91739E-06,1.57078E-05,3.92118E-05,-4.61539E-05,0.000102939
0.0023355,1.2583,0.67,4.8244,-0.0016263,0.024384,1.0146,0.001122,-0.00026224,0.00041105,0.0010806,-0.0011755,0.0024683,0.150996,0.0804,0.578928,8.43116E-05,-0.000308997,0.00463296,0.192774,4.05042E-05,-9.46686E-06,1.48389E-05,3.90097E-05,-4.24356E-05,8.91056E-05
0.0021312,1.2665,0.67,4.8244,-0.0010455,0.022124,1.014,0.0011297,-0.00024244,0.00037075,0.0010788,-0.0010354,0.0020539,0.15198,0.0804,0.578928,7.69363E-05,-0.000198645,0.00420356,0.19266,4.07822E-05,-8.75208E-06,1.33841E-05,3.89447E-05,-3.73779E-05,7.41458E-05
0.0019674,1.2748,0.67,4.8244,-0.00056086,0.020311,1.0137,0.0011356,-0.00022331,0.00031744,0.0010818,-0.00089893,0.0017174,0.152976,0.0804,0.578928,7.10231E-05,-0.000106563,0.00385909,0.192603,4.09952E-05,-8.06149E-06,1.14596E-05,3.9053E-05,-3.24514E-05,6.19981E-05
0.0018833,1.283,0.67,4.8244,-0.00015922,0.018924,1.0155,0.0011313,-0.00021159,0.0002822,0.0011119,-0.00078101,0.0015234,0.15396,0.0804,0.578928,6.79871E-05,-3.02518E-05,0.00359556,0.192945,4.08399E-05,-7.6384E-06,1.01874E-05,4.01396E-05,-2.81945E-05,5.49947E-05
0.0018569,1.2913,0.67,4.8244,0.00018983,0.017606,1.0185,0.0011171,-0.00020468,0.00026154,0.0011664,-0.00065024,0.0014303,0.154956,0.0804,0.578928,6.70341E-05,3.60677E-05,0.00334514,0.193515,4.03273E-05,-7.38895E-06,9.44159E-06,4.2107E-05,-2.34737E-05,5.16338E-05
0.0018312,1.2995,0.67,4.8244,0.00049221,0.016117,1.0202,0.0010947,-0.00019224,0.0002317,0.0012,-0.0005037,0.0013678,0.15594,0.0804,0.578928,6.61063E-05,9.35199E-05,0.00306223,0.193838,3.95187E-05,-6.93986E-06,8.36437E-06,0.00004332,-1.81836E-05,4.93776E-05
0.0017455,1.3078,0.67,4.8244,0.00069708,0.01468,1.0198,0.0010654,-0.00016427,0.0001902,0.0011594,-0.00037,0.0012662,0.156936,0.0804,0.578928,6.30126E-05,0.000132445,0.0027892,0.193762,3.84609E-05,-5.93015E-06,6.86622E-06,4.18543E-05,-0.000013357,4.57098E-05
0.0016272,1.316,0.67,4.8244,0.00071581,0.013601,1.0188,0.0010311,-0.00012485,0.00012592,0.0010371,-0.00025257,0.0011862,0.15792,0.0804,0.578928,5.87419E-05,0.000136004,0.00258419,0.193572,3.72227E-05,-4.50709E-06,4.54571E-06,3.74393E-05,-9.11778E-06,4.28218E-05
0.0015316,1.3243,0.67,4.8244,0.00053467,0.012973,1.0182,0.00098971,-9.24E-05,4.60E-05,0.00088396,-0.00013722,0.0011896,0.158916,0.0804,0.578928,5.52908E-05,0.000101587,0.00246487,0.193458,3.57285E-05,-3.33665E-06,1.65959E-06,3.1911E-05,-4.95364E-06,4.29446E-05
0.0014602,1.3326,0.67,4.8244,0.00029487,0.012694,1.0179,0.00094499,-7.58E-05,-3.43E-05,0.00075506,-3.52E-05,0.0012204,0.159912,0.0804,0.578928,5.27132E-05,5.60253E-05,0.00241186,0.193401,3.41141E-05,-2.7358E-06,-1.23989E-06,2.72577E-05,-1.27209E-06,4.40564E-05
0.0014031,1.3408,0.67,4.8244,0.00020556,0.012415,1.0174,0.00091065,-7.11E-05,-0.00010041,0.00065603,2.20E-05,0.0012395,0.160896,0.0804,0.578928,5.06519E-05,3.90564E-05,0.00235885,0.193306,3.28745E-05,-2.56602E-06,-3.6248E-06,2.36827E-05,7.95572E-07,4.4746E-05
0.0013307,1.3491,0.67,4.8244,0.00036666,0.011815,1.0165,0.00089514,-7.51E-05,-0.00013669,0.00056186,2.15E-05,0.0012043,0.161892,0.0804,0.578928,4.80383E-05,6.96654E-05,0.00224485,0.193135,3.23146E-05,-2.7097E-06,-4.93451E-06,2.02831E-05,7.77558E-07,4.34752E-05
0.0012316,1.3573,0.67,4.8244,0.00073382,0.010734,1.0151,0.00089555,-8.46E-05,-0.00015561,0.00047096,-2.92E-05,0.0010966,0.162876,0.0804,0.578928,4.44608E-05,0.000139426,0.00203946,0.192869,3.23294E-05,-3.05334E-06,-5.61752E-06,1.70017E-05,-1.05466E-06,3.95873E-05
0.0011719,1.3656,0.67,4.8244,0.0012014,0.0091718,1.0136,0.00089829,-9.57E-05,-0.00015742,0.0004146,-0.00010434,0.0010309,0.163872,0.0804,0.578928,4.23056E-05,0.000228266,0.001742642,0.192584,3.24283E-05,-3.4543E-06,-5.68286E-06,1.49671E-05,-3.76667E-06,3.72155E-05
0.0011314,1.3738,0.67,4.8244,0.0016138,0.0074261,1.013,0.00089787,-0.00010214,-0.00014714,0.00040678,-0.00017718,0.00095824,0.164856,0.0804,0.578928,4.08435E-05,0.000306622,0.001410959,0.19247,3.24131E-05,-3.68725E-06,-5.31175E-06,1.46848E-05,-6.3962E-06,3.45925E-05
0.001079,1.3821,0.67,4.8244,0.0018498,0.006007,1.0133,0.0008928,-9.78E-05,-0.00013036,0.00043221,-0.00023019,0.00083306,0.165852,0.0804,0.578928,3.89519E-05,0.000351462,0.00114133,0.192527,3.22301E-05,-3.53235E-06,-4.706E-06,1.56028E-05,-8.30986E-06,3.00735E-05
0.0010614,1.3903,0.67,4.8244,0.0019337,0.0051583,1.014,0.0008797,-8.84E-05,-9.60E-05,0.0004747,-0.00024743,0.00076839,0.166836,0.0804,0.578928,3.83165E-05,0.000367403,0.000980077,0.19266,3.17572E-05,-3.19247E-06,-3.46434E-06,1.71367E-05,-8.93222E-06,2.77389E-05
0.0010407,1.3986,0.67,4.8244,0.0019971,0.0046758,1.0147,0.00086294,-8.32E-05,-6.69E-05,0.00051913,-0.00024591,0.00069934,0.167832,0.0804,0.578928,3.75693E-05,0.000379449,0.000888402,0.192793,3.11521E-05,-3.00341E-06,-2.41458E-06,1.87406E-05,-8.87735E-06,2.52462E-05
0.0010332,1.4069,0.67,4.8244,0.0021221,0.0043424,1.0157,0.00084238,-8.63E-05,-2.32E-05,0.00055907,-0.00024475,0.00066487,0.168828,0.0804,0.578928,3.72985E-05,0.000403199,0.000825056,0.192983,3.04099E-05,-3.11572E-06,-8.36365E-07,2.01824E-05,-8.83548E-06,2.40018E-05
0.0010595,1.4151,0.67,4.8244,0.0022682,0.0041359,1.0176,0.00081861,-9.73E-05,1.93E-05,0.0006072,-0.00024896,0.00069316,0.169812,0.0804,0.578928,3.8248E-05,0.000430958,0.000785821,0.193344,2.95518E-05,-3.5134E-06,6.98174E-07,2.19199E-05,-8.98746E-06,2.50231E-05
0.0011103,1.4234,0.67,4.8244,0.0023568,0.0039805,1.0204,0.00079077,-0.00011173,4.97E-05,0.000688,-0.00027022,0.00074174,0.170808,0.0804,0.578928,4.00818E-05,0.000447792,0.000756295,0.193876,2.85468E-05,-4.03345E-06,1.79273E-06,2.48368E-05,-9.75494E-06,2.67768E-05
0.0012222,1.4316,0.67,4.8244,0.0023413,0.0036839,1.0238,0.00075986,-0.00012771,7.64E-05,0.00082473,-0.00030394,0.00085974,0.171792,0.0804,0.578928,4.41214E-05,0.000444847,0.000699941,0.194522,2.74309E-05,-4.61033E-06,2.75678E-06,2.97728E-05,-1.09722E-05,3.10366E-05
0.0013694,1.4399,0.67,4.8244,0.0022037,0.0029772,1.0279,0.00073075,-0.00014652,8.48E-05,0.0010196,-0.00034745,0.00098849,0.172788,0.0804,0.578928,4.94353E-05,0.000418703,0.000565668,0.195301,2.63801E-05,-5.28937E-06,3.06258E-06,3.68076E-05,-1.25429E-05,3.56845E-05
0.0015312,1.4481,0.67,4.8244,0.0019604,0.0016207,1.0327,0.00070373,-0.00017018,9.64E-05,0.00124,-0.00040313,0.0011188,0.173772,0.0804,0.578928,5.52763E-05,0.000372476,0.000307933,0.196213,2.54047E-05,-6.1435E-06,3.48174E-06,0.000044764,-1.4553E-05,4.03887E-05
0.0016719,1.4564,0.67,4.8244,0.0016433,-0.00036537,1.0377,0.00067641,-0.00019465,0.00011829,0.0014299,-0.00047638,0.0012375,0.174768,0.0804,0.578928,6.03556E-05,0.000312227,-6.94203E-05,0.197163,2.44184E-05,-7.02687E-06,4.27027E-06,5.16194E-05,-1.71973E-05,4.46738E-05
0.0017532,1.4647,0.67,4.8244,0.0013225,-0.0026247,1.0424,0.00064641,-0.00021063,0.00014527,0.0015408,-0.00055998,0.0013192,0.175764,0.0804,0.578928,6.32905E-05,0.000251275,-0.000498693,0.198056,2.33354E-05,-7.60374E-06,5.24425E-06,5.56229E-05,-2.02153E-05,4.76231E-05
0.0017937,1.4729,0.67,4.8244,0.0010949,-0.0047081,1.0466,0.00061847,-0.00021665,0.00017449,0.0015576,-0.00064523,0.0014113,0.176748,0.0804,0.578928,6.47526E-05,0.000208031,-0.000894539,0.198854,2.23268E-05,-7.82107E-06,6.29909E-06,5.62294E-05,-2.32928E-05,5.09479E-05
0.0018213,1.4812,0.67,4.8244,0.00099185,-0.0063113,1.0506,0.00059946,-0.00022063,0.00021138,0.0015114,-0.00072282,0.0015316,0.177744,0.0804,0.578928,6.57489E-05,0.000188452,-0.001199147,0.199614,2.16405E-05,-7.96474E-06,7.63082E-06,5.45615E-05,-2.60938E-05,5.52908E-05
0.0018764,1.4894,0.67,4.8244,0.00096042,-0.0071317,1.0542,0.00058797,-0.00022716,0.00026566,0.0014516,-0.00080023,0.0017131,0.178728,0.0804,0.578928,6.7738E-05,0.00018248,-0.001355023,0.200298,2.12257E-05,-8.20048E-06,9.59033E-06,5.24028E-05,-2.88883E-05,6.18429E-05
0.0019584,1.4977,0.67,4.8244,0.00097158,-0.0068582,1.0574,0.0005761,-0.00023909,0.0003358,0.0014272,-0.00090085,0.0019134,0.179724,0.0804,0.578928,7.06982E-05,0.0001846,-0.001303058,0.200906,2.07972E-05,-8.63115E-06,1.21224E-05,5.15219E-05,-3.25207E-05,6.90737E-05
0.0020248,1.5059,0.67,4.8244,0.0010779,-0.0058525,1.0606,0.00055967,-0.00025907,0.00039438,0.0014591,-0.001019,0.0020308,0.180708,0.0804,0.578928,7.30953E-05,0.000204801,-0.001111975,0.201514,2.02041E-05,-9.35243E-06,1.42371E-05,5.26735E-05,-3.67859E-05,7.33119E-05
0.0020413,1.5142,0.67,4.8244,0.0013927,-0.0052363,1.0631,0.00053876,-0.00028028,0.00042371,0.0014932,-0.0011028,0.0020507,0.181704,0.0804,0.578928,7.36909E-05,0.000264613,-0.000994897,0.201989,1.94492E-05,-1.01181E-05,1.52959E-05,5.39045E-05,-3.98111E-05,7.40303E-05
0.0019932,1.5224,0.67,4.8244,0.0020173,-0.0056665,1.0649,0.00051442,-0.00028976,0.00041688,0.001469,-0.0011236,0.002003,0.182688,0.0804,0.578928,7.19545E-05,0.000383287,-0.001076635,0.202331,1.85706E-05,-1.04603E-05,1.50494E-05,5.30309E-05,-4.0562E-05,7.23083E-05
0.001898,1.5307,0.67,4.8244,0.0029304,-0.0067156,1.0664,0.00049136,-0.00028163,0.00038525,0.0014024,-0.0010992,0.0019022,0.183684,0.0804,0.578928,6.85178E-05,0.000556776,-0.001275964,0.202616,1.77381E-05,-1.01668E-05,1.39075E-05,5.06266E-05,-3.96811E-05,6.86694E-05
0.0018106,1.539,0.67,4.8244,0.0039938,-0.0076477,1.0677,0.00047608,-0.00026402,0.00035002,0.0013424,-0.0010661,0.0018027,0.18468,0.0804,0.578928,6.53627E-05,0.000758822,-0.001453063,0.202863,1.71865E-05,-9.53112E-06,1.26357E-05,4.84606E-05,-3.84862E-05,6.50775E-05
0.0017642,1.5472,0.67,4.8244,0.0050376,-0.0079761,1.0686,0.00046959,-0.00024604,0.00031806,0.0013141,-0.0010536,0.0017447,0.185664,0.0804,0.578928,6.36876E-05,0.000957144,-0.001515459,0.203034,1.69522E-05,-8.88204E-06,1.1482E-05,4.7439E-05,-3.8035E-05,6.29837E-05
0.0017486,1.5555,0.67,4.8244,0.0059632,-0.0076661,1.0689,0.0004676,-0.00022608,0.0002855,0.0013079,-0.0010607,0.0017217,0.18666,0.0804,0.578928,6.31245E-05,0.001133008,-0.001456559,0.203091,1.68804E-05,-8.16149E-06,1.03066E-05,4.72152E-05,-3.82913E-05,6.21534E-05
0.0017442,1.5637,0.67,4.8244,0.006763,-0.0072171,1.0685,0.00046635,-0.00020066,0.00024881,0.0012992,-0.0010713,0.0017229,0.187644,0.0804,0.578928,6.29656E-05,0.00128497,-0.001371249,0.203015,1.68352E-05,-7.24383E-06,8.98204E-06,4.69011E-05,-3.86739E-05,6.21967E-05
0.0017267,1.572,0.67,4.8244,0.0074326,-0.0069403,1.0677,0.00046532,-0.00017394,0.00021196,0.0012779,-0.0010595,0.0017103,0.18864,0.0804,0.578928,6.23339E-05,0.001412194,-0.001318657,0.202863,1.67981E-05,-6.27923E-06,7.65176E-06,4.61322E-05,-3.8248E-05,6.17418E-05
0.0016885,1.5802,0.67,4.8244,0.0079303,-0.0067133,1.0664,0.00046487,-0.00015207,0.00018441,0.0012496,-0.0010143,0.0016626,0.189624,0.0804,0.578928,6.09549E-05,0.001506757,-0.001275527,0.202616,1.67818E-05,-5.48973E-06,6.6572E-06,4.51106E-05,-3.66162E-05,6.00199E-05
0.0016299,1.5885,0.67,4.8244,0.0082448,-0.006245,1.0646,0.00046702,-0.00013837,0.00016615,0.0012208,-0.00093211,0.0015719,0.19062,0.0804,0.578928,5.88394E-05,0.001566512,-0.00118655,0.202274,1.68594E-05,-4.99516E-06,5.99802E-06,4.40709E-05,-3.36492E-05,5.67456E-05
0.0015505,1.5968,0.67,4.8244,0.0084059,-0.005218,1.0616,0.00047618,-0.00013472,0.00014385,0.0011882,-0.00081028,0.0014366,0.191616,0.0804,0.578928,5.59731E-05,0.001597121,-0.00099142,0.201704,1.71901E-05,-4.86339E-06,5.19299E-06,4.2894E-05,-2.92511E-05,5.18613E-05
0.0014615,1.605,0.67,4.8244,0.0084571,-0.0034049,1.0573,0.00049413,-0.00013975,0.00011172,0.0011428,-0.0006553,0.0012861,0.1926,0.0804,0.578928,5.27602E-05,0.001606849,-0.000646931,0.200887,1.78381E-05,-5.04498E-06,4.03309E-06,4.12551E-05,-2.36563E-05,4.64282E-05
0.0013924,1.6133,0.67,4.8244,0.0084696,-0.00081751,1.0531,0.00051669,-0.00014822,9.33E-05,0.0010838,-0.00050147,0.0011843,0.193596,0.0804,0.578928,5.02656E-05,0.001609224,-0.000155327,0.200089,1.86525E-05,-5.35074E-06,3.36726E-06,3.91252E-05,-1.81031E-05,4.27532E-05
0.0013657,1.6215,0.67,4.8244,0.0084869,0.0021022,1.0506,0.00053913,-0.00015463,0.00010901,0.0010301,-0.000381,0.0011621,0.19458,0.0804,0.578928,4.93018E-05,0.001612511,0.000399418,0.199614,1.94626E-05,-5.58214E-06,3.93526E-06,3.71866E-05,-1.37541E-05,4.19518E-05
0.0013593,1.6298,0.67,4.8244,0.0084639,0.0048361,1.05,0.00056895,-0.0001552,0.00014467,0.00099825,-0.00028801,0.0011514,0.195576,0.0804,0.578928,4.90707E-05,0.001608141,0.000918859,0.1995,2.05391E-05,-5.60272E-06,5.22259E-06,3.60368E-05,-1.03972E-05,4.15655E-05
0.0013219,1.638,0.67,4.8244,0.0082813,0.0071702,1.0509,0.00062574,-0.0001539,0.00016061,0.00098178,-0.00019218,0.0010362,0.19656,0.0804,0.578928,4.77206E-05,0.001573447,0.001362338,0.199671,2.25892E-05,-5.55579E-06,5.79802E-06,3.54423E-05,-6.9377E-06,3.74068E-05
0.0012474,1.6463,0.67,4.8244,0.0077969,0.00891,1.053,0.00072209,-0.0001612,0.00012925,0.00096427,-8.19E-05,0.00080851,0.197556,0.0804,0.578928,4.50311E-05,0.001481411,0.0016929,0.20007,2.60674E-05,-5.81932E-06,4.66593E-06,3.48101E-05,-2.95605E-06,2.91872E-05
0.0012087,1.6545,0.67,4.8244,0.0069893,0.009809,1.0546,0.00085141,-0.00017796,9.17E-05,0.00093223,1.48E-06,0.00063377,0.19854,0.0804,0.578928,4.36341E-05,0.001327967,0.00186371,0.200374,3.07359E-05,-6.42436E-06,3.31015E-06,3.36535E-05,5.34424E-08,2.28791E-05
0.0012819,1.6628,0.67,4.8244,0.0060165,0.010064,1.0545,0.0010024,-0.00019926,0.00011421,0.00089181,9.33E-06,0.00066968,0.199536,0.0804,0.578928,4.62766E-05,0.001143135,0.00191216,0.200355,3.61866E-05,-7.19329E-06,4.12298E-06,3.21943E-05,3.36744E-07,2.41754E-05
0.0014545,1.6711,0.67,4.8244,0.0050667,0.010438,1.0541,0.0011772,-0.00022772,0.00019842,0.0008698,-4.82E-05,0.00086205,0.200532,0.0804,0.578928,5.25075E-05,0.000962673,0.00198322,0.200279,4.24969E-05,-8.22069E-06,7.16296E-06,3.13998E-05,-1.73998E-06,3.112E-05
0.0016639,1.6793,0.67,4.8244,0.0042446,0.01159,1.0548,0.0013815,-0.00026397,0.00030517,0.00090507,-0.00015579,0.0010413,0.201516,0.0804,0.578928,6.00668E-05,0.000806474,0.0022021,0.200412,4.98722E-05,-9.52932E-06,1.10166E-05,3.2673E-05,-5.62402E-06,3.75909E-05
0.0019013,1.6876,0.67,4.8244,0.0036181,0.013349,1.0551,0.0016083,-0.00030199,0.00040553,0.0010297,-0.00031427,0.0011646,0.202512,0.0804,0.578928,6.86369E-05,0.000687439,0.00253631,0.200469,5.80596E-05,-1.09018E-05,1.46396E-05,3.71722E-05,-1.13451E-05,4.20421E-05
0.0021734,1.6958,0.67,4.8244,0.0032854,0.014866,1.0538,0.0018383,-0.00033501,0.00047904,0.0011995,-0.00049909,0.001309,0.203496,0.0804,0.578928,7.84597E-05,0.000624226,0.00282454,0.200222,6.63626E-05,-1.20939E-05,1.72933E-05,4.3302E-05,-1.80171E-05,4.72549E-05
0.0023774,1.7041,0.67,4.8244,0.003293,0.015119,1.0518,0.0020505,-0.00036061,0.00050758,0.0012994,-0.00062971,0.0014047,0.204492,0.0804,0.578928,8.58241E-05,0.00062567,0.00287261,0.199842,7.40231E-05,-1.3018E-05,1.83236E-05,4.69083E-05,-2.27325E-05,5.07097E-05
0.0024028,1.7123,0.67,4.8244,0.003522,0.013766,1.0506,0.0022381,-0.00039238,0.00048581,0.001303,-0.00062251,0.0012645,0.205476,0.0804,0.578928,8.67411E-05,0.00066918,0.00261554,0.199614,8.07954E-05,-1.41649E-05,1.75377E-05,4.70383E-05,-2.24726E-05,4.56485E-05
0.0023426,1.7206,0.67,4.8244,0.0037494,0.011708,1.0502,0.0023939,-0.00044671,0.00044002,0.0012998,-0.00054,0.0009914,0.206472,0.0804,0.578928,8.45679E-05,0.000712386,0.00222452,0.199538,8.64198E-05,-1.61262E-05,1.58847E-05,4.69228E-05,-0.000019494,3.57895E-05
0.0023224,1.7289,0.67,4.8244,0.0037964,0.01009,1.0498,0.0024936,-0.00051712,0.00040248,0.001348,-0.00047019,0.00080313,0.207468,0.0804,0.578928,8.38386E-05,0.000721316,0.0019171,0.199462,9.0019E-05,-1.8668E-05,1.45295E-05,4.86628E-05,-1.69739E-05,2.8993E-05
0.0023314,1.7371,0.67,4.8244,0.0036359,0.0095421,1.0496,0.0025235,-0.00059024,0.00038252,0.0014383,-0.00040895,0.00070093,0.208452,0.0804,0.578928,8.41635E-05,0.000690821,0.001812999,0.199424,9.10984E-05,-2.13077E-05,1.3809E-05,5.19226E-05,-1.47631E-05,2.53036E-05
0.002327,1.7454,0.67,4.8244,0.0033877,0.010212,1.0503,0.002498,-0.00066131,0.00037329,0.0015408,-0.00035062,0.00061514,0.209448,0.0804,0.578928,8.40047E-05,0.000643663,0.00194028,0.199557,9.01778E-05,-2.38733E-05,1.34758E-05,5.56229E-05,-1.26574E-05,2.22066E-05
0.0023183,1.7536,0.67,4.8244,0.0031887,0.011733,1.052,0.0024376,-0.00072425,0.00036422,0.0016518,-0.00027955,0.00054722,0.210432,0.0804,0.578928,8.36906E-05,0.000605853,0.00222927,0.19988,8.79974E-05,-2.61454E-05,1.31483E-05,5.963E-05,-1.00918E-05,1.97546E-05
0.0023265,1.7619,0.67,4.8244,0.0031063,0.013215,1.0544,0.0023552,-0.00076569,0.00037113,0.0017515,-0.00019771,0.00054629,0.211428,0.0804,0.578928,8.39867E-05,0.000590197,0.00251085,0.200336,8.50227E-05,-2.76414E-05,1.33978E-05,6.32292E-05,-7.13733E-06,1.97211E-05
0.0023137,1.7701,0.67,4.8244,0.0031915,0.013618,1.0567,0.0022585,-0.00076818,0.00042244,0.0017507,-0.00016398,0.0006182,0.212412,0.0804,0.578928,8.35246E-05,0.000606385,0.00258742,0.200773,8.15319E-05,-2.77313E-05,1.52501E-05,6.32003E-05,-5.91968E-06,2.2317E-05
0.0022695,1.7784,0.67,4.8244,0.0035188,0.012557,1.0582,0.0021544,-0.00073558,0.00050557,0.0016408,-0.00022718,0.0007437,0.213408,0.0804,0.578928,8.1929E-05,0.000668572,0.00238583,0.201058,7.77738E-05,-2.65544E-05,1.82511E-05,5.92329E-05,-8.2012E-06,2.68476E-05
0.002243,1.7866,0.67,4.8244,0.0041198,0.010449,1.0584,0.0020513,-0.00070469,0.00057208,0.0015333,-0.00036221,0.0009013,0.214392,0.0804,0.578928,8.09723E-05,0.000782762,0.00198531,0.201096,7.40519E-05,-2.54393E-05,2.06521E-05,5.53521E-05,-1.30758E-05,3.25369E-05
0.0022404,1.7949,0.67,4.8244,0.0049299,0.008174,1.0572,0.0019512,-0.00070812,0.00058722,0.0014917,-0.00048998,0.001038,0.215388,0.0804,0.578928,8.08784E-05,0.000936681,0.00155306,0.200868,7.04383E-05,-2.55631E-05,2.11986E-05,5.38504E-05,-1.76883E-05,3.74718E-05
0.0022347,1.8032,0.67,4.8244,0.0058222,0.0067464,1.0552,0.0018506,-0.00074662,0.00055678,0.0015009,-0.00057061,0.0011179,0.216384,0.0804,0.578928,8.06727E-05,0.001106218,0.001281816,0.200488,6.68067E-05,-2.6953E-05,2.00998E-05,5.41825E-05,-2.0599E-05,4.03562E-05
0.0022342,1.8114,0.67,4.8244,0.0066763,0.0067199,1.0538,0.0017509,-0.00079021,0.00052401,0.0015464,-0.00062779,0.0011712,0.217368,0.0804,0.578928,8.06546E-05,0.001268497,0.001276781,0.200222,6.32075E-05,-2.85266E-05,1.89168E-05,5.5825E-05,-2.26632E-05,4.22803E-05
0.0022742,1.8197,0.67,4.8244,0.0074388,0.0076851,1.0537,0.0016598,-0.00079881,0.00054386,0.0016257,-0.00070433,0.0012629,0.218364,0.0804,0.578928,8.20986E-05,0.001413372,0.001460169,0.200203,5.99188E-05,-2.8837E-05,1.96333E-05,5.86878E-05,-2.54263E-05,4.55907E-05
0.0023526,1.8279,0.67,4.8244,0.0081734,0.0088075,1.0539,0.0015806,-0.00076045,0.00061965,0.0017147,-0.00081643,0.0014098,0.219348,0.0804,0.578928,8.49289E-05,0.001552946,0.001673425,0.200241,5.70597E-05,-2.74522E-05,2.23694E-05,6.19007E-05,-2.94731E-05,5.08938E-05
0.0024239,1.8362,0.67,4.8244,0.0090683,0.0096011,1.0532,0.0015036,-0.00069641,0.00070399,0.0017872,-0.00093696,0.0015568,0.220344,0.0804,0.578928,8.75028E-05,0.001722977,0.001824209,0.200108,5.428E-05,-2.51404E-05,2.5414E-05,6.45179E-05,-3.38243E-05,5.62005E-05
0.0024527,1.8446,0.67,4.8244,0.010323,0.010002,1.0515,0.001413,-0.00062102,0.00074028,0.0018184,-0.0010282,0.0016739,0.221352,0.0804,0.578928,8.85425E-05,0.00196137,0.00190038,0.199785,5.10093E-05,-2.24188E-05,2.67241E-05,6.56442E-05,-3.7118E-05,6.04278E-05
0.0024329,1.8534,0.67,4.8244,0.011957,0.010197,1.0498,0.001302,-0.00052887,0.00071466,0.0017988,-0.0010649,0.001765,0.222408,0.0804,0.578928,8.78277E-05,0.00227183,0.00193743,0.199462,4.70022E-05,-1.90922E-05,2.57992E-05,6.49367E-05,-3.84429E-05,6.37165E-05
0.0023752,1.8626,0.67,4.8244,0.013712,0.010151,1.0495,0.0011796,-0.00042302,0.00063811,0.0017506,-0.0010539,0.0018201,0.223512,0.0804,0.578928,8.57447E-05,0.00260528,0.00192869,0.199405,4.25836E-05,-1.5271E-05,2.30358E-05,6.31967E-05,-3.80458E-05,6.57056E-05
0.0022922,1.8723,0.67,4.8244,0.015175,0.010246,1.0504,0.0010568,-0.00030172,0.00053893,0.0016926,-0.0010133,0.0018351,0.224676,0.0804,0.578928,8.27484E-05,0.00288325,0.00194674,0.199576,3.81505E-05,-1.08921E-05,1.94554E-05,6.11029E-05,-3.65801E-05,6.62471E-05
0.0021769,1.8824,0.67,4.8244,0.016117,0.0099898,1.0519,0.00094037,-0.00017254,0.00045389,0.001599,-0.00090624,0.0018146,0.225888,0.0804,0.578928,7.85861E-05,0.00306223,0.001898062,0.199861,3.39474E-05,-6.22869E-06,1.63854E-05,5.77239E-05,-3.27153E-05,6.55071E-05
0.0020372,1.8931,0.67,4.8244,0.016657,0.0084547,1.0515,0.00084992,-5.35E-05,0.00037781,0.0014312,-0.00071878,0.0017933,0.227172,0.0804,0.578928,7.35429E-05,0.00316483,0.001606393,0.199785,3.06821E-05,-1.93128E-06,1.36389E-05,5.16663E-05,-2.5948E-05,6.47381E-05
0.0018569,1.9042,0.67,4.8244,0.017018,0.0067534,1.05,0.00080358,4.86E-05,0.0003095,0.0011927,-0.00052922,0.0017175,0.228504,0.0804,0.578928,6.70341E-05,0.00323342,0.001283146,0.1995,2.90092E-05,1.75352E-06,1.1173E-05,4.30565E-05,-1.91048E-05,6.20018E-05
0.0016909,1.9159,0.67,4.8244,0.017238,0.006559,1.0481,0.00079732,0.00011085,0.00023458,0.00092833,-0.00042201,0.0016562,0.229908,0.0804,0.578928,6.10415E-05,0.00327522,0.00124621,0.199139,2.87833E-05,4.00169E-06,8.46834E-06,3.35127E-05,-1.52346E-05,5.97888E-05
0.0015199,1.9282,0.67,4.8244,0.017078,0.0078576,1.0456,0.00082252,0.00013821,0.00015329,0.00074739,-0.00031887,0.0014698,0.231384,0.0804,0.578928,5.48684E-05,0.00324482,0.001492944,0.198664,2.9693E-05,4.98938E-06,5.53377E-06,2.69808E-05,-1.15112E-05,5.30598E-05
0.0014377,1.941,0.67,4.8244,0.016331,0.0079688,1.0432,0.00088336,0.0001548,0.00012715,0.00068867,-0.00018415,0.0013034,0.23292,0.0804,0.578928,5.1901E-05,0.00310289,0.001514072,0.198208,3.18893E-05,5.58828E-06,4.59012E-06,2.4861E-05,-6.64782E-06,4.70527E-05
0.0014566,1.9545,0.67,4.8244,0.015063,0.0060507,1.038,0.00096931,0.00014581,6.91E-05,0.00069484,-0.00012408,0.0012491,0.23454,0.0804,0.578928,5.25833E-05,0.00286197,0.001149633,0.19722,3.49921E-05,5.26374E-06,2.49422E-06,2.50837E-05,-4.47929E-06,4.50925E-05
0.0014381,1.9686,0.67,4.8244,0.013701,0.0028877,1.0337,0.001053,5.80E-05,2.37E-06,0.00071022,-0.00015441,0.0011131,0.236232,0.0804,0.578928,5.19154E-05,0.00260319,0.000548663,0.196403,3.80133E-05,2.0955E-06,8.5492E-08,2.56389E-05,-5.5742E-06,4.01829E-05
0.0014895,1.9833,0.67,4.8244,0.012562,-0.001788,1.0331,0.0011358,-6.79E-05,-2.05E-05,0.00062832,-0.00014669,0.0012149,0.237996,0.0804,0.578928,5.3771E-05,0.00238678,-0.00033972,0.196289,4.10024E-05,-2.45105E-06,-7.39797E-07,2.26824E-05,-5.29551E-06,4.38579E-05
0.0017226,1.9988,0.67,4.8244,0.010883,-0.0058544,1.0321,0.0011873,-6.49E-05,0.00014125,0.0005731,4.72E-05,0.0016849,0.239856,0.0804,0.578928,6.21859E-05,0.00206777,-0.001112336,0.196099,4.28615E-05,-2.34148E-06,5.09913E-06,2.06889E-05,1.70403E-06,6.08249E-05
0.0020549,2.0149,0.67,4.8244,0.0080215,-0.008516,1.0256,0.0011684,2.90E-05,0.00029386,0.00062523,0.00011514,0.0023161,0.241788,0.0804,0.578928,7.41819E-05,0.001524085,-0.00161804,0.194864,4.21792E-05,1.0451E-06,1.06083E-05,2.25708E-05,4.15655E-06,8.36112E-05
0.0024613,2.0319,0.67,4.8244,0.004852,-0.011878,1.017,0.0011139,7.55E-05,0.00034614,0.00067966,-6.10E-05,0.0031291,0.243828,0.0804,0.578928,8.88529E-05,0.00092188,-0.00225682,0.19323,4.02118E-05,2.72418E-06,1.24957E-05,2.45357E-05,-2.2038E-06,0.000112961
0.0026765,2.0496,0.67,4.8244,0.0020484,-0.014543,1.011,0.0010996,2.93E-05,0.00062172,0.00065577,-0.00012381,0.0035975,0.245952,0.0804,0.578928,9.66217E-05,0.000389196,-0.00276317,0.19209,3.96956E-05,1.05867E-06,2.24441E-05,2.36733E-05,-4.46954E-06,0.00012987
0.0034173,2.0681,0.67,4.8244,0.00023343,-0.0093486,0.99762,0.0011916,-8.28E-05,0.0012336,0.00069958,-0.00016945,0.0049433,0.248172,0.0804,0.578928,0.000123365,4.43517E-05,-0.001776234,0.1895478,4.30168E-05,-2.98969E-06,4.4533E-05,2.52548E-05,-6.11715E-06,0.000178453
0.0045736,2.0875,0.67,4.8244,0.00036021,0.0013859,0.98533,0.0013938,-0.00029677,0.0018651,0.0010002,-0.00067163,0.0067531,0.2505,0.0804,0.578928,0.000165107,6.84399E-05,0.000263321,0.1872127,5.03162E-05,-1.07134E-05,6.73301E-05,3.61072E-05,-2.42458E-05,0.000243787
0.0051121,2.1078,0.67,4.8244,0.0032689,0.011259,0.97558,0.0016263,-0.00040064,0.0020841,0.0012802,-0.0011358,0.0073176,0.252936,0.0804,0.578928,0.000184547,0.000621091,0.00213921,0.1853602,5.87094E-05,-1.44631E-05,7.5236E-05,4.62152E-05,-4.10024E-05,0.000264165
0.0051521,2.129,0.67,4.8244,0.0080125,0.013746,0.96748,0.0017527,-0.00043183,0.0023752,0.0012592,-0.0012958,0.0072922,0.25548,0.0804,0.578928,0.000185991,0.001522375,0.00261174,0.1838212,6.32725E-05,-1.55891E-05,8.57447E-05,4.54571E-05,-4.67784E-05,0.000263248
0.0041386,2.1511,0.67,4.8244,0.010305,0.015228,0.96481,0.0017894,-0.00016263,0.0022341,0.0010143,-0.00064646,0.0054735,0.258132,0.0804,0.578928,0.000149403,0.00195795,0.00289332,0.1833139,6.45973E-05,-5.87094E-06,8.0651E-05,3.66162E-05,-2.33372E-05,0.000197593
0.0035047,2.1743,0.67,4.8244,0.0090946,0.019263,0.96107,0.0016963,0.00039851,0.001634,0.0009902,0.00030638,0.0043229,0.260916,0.0804,0.578928,0.00012652,0.001727974,0.00365997,0.1826033,6.12364E-05,1.43862E-05,5.89874E-05,3.57462E-05,1.10603E-05,0.000156057
0.0035552,2.1984,0.67,4.8244,0.0068255,0.021596,0.95778,0.0014323,0.00072439,0.0012923,0.0015156,0.00058725,0.0041624,0.263808,0.0804,0.578928,0.000128343,0.001296845,0.00410324,0.1819782,5.1706E-05,2.61505E-05,4.6652E-05,5.47132E-05,2.11997E-05,0.000150263
0.0035607,2.2237,0.67,4.8244,0.0052049,0.018902,0.94163,0.0012044,0.00067294,0.0010113,0.0019775,0.00077441,0.0039394,0.266844,0.0804,0.578928,0.000128541,0.000988931,0.00359138,0.1789097,4.34788E-05,2.42931E-05,3.65079E-05,7.13878E-05,2.79562E-05,0.000142212
0.0049242,2.2501,0.67,4.8244,0.0043819,0.015954,0.92309,0.0010016,0.00025266,0.0012872,0.002113,0.00072741,0.0067338,0.270012,0.0804,0.578928,0.000177764,0.000832561,0.00303126,0.1753871,3.61578E-05,9.12103E-06,4.64679E-05,7.62793E-05,2.62595E-05,0.00024309
0.0048347,2.2776,0.67,4.8244,0.0029023,0.025159,0.89538,0.00088438,5.79E-05,0.0013953,0.0020924,0.00015792,0.0066925,0.273312,0.0804,0.578928,0.000174533,0.000551437,0.00478021,0.1701222,3.19261E-05,2.08846E-06,5.03703E-05,7.55356E-05,5.70091E-06,0.000241599
0.0048795,2.3063,0.67,4.8244,-0.00056078,0.035886,0.88202,0.00097085,0.00034272,0.0011955,0.0017587,-0.00048814,0.0070294,0.276756,0.0804,0.578928,0.00017615,-0.000106548,0.00681834,0.1675838,3.50477E-05,1.23722E-05,4.31576E-05,6.34891E-05,-1.76219E-05,0.000253761
0.0050985,2.3362,0.67,4.8244,-0.0056018,0.04245,0.88128,0.0011806,0.00036885,0.0012388,0.0017596,-0.00085694,0.0072568,0.280344,0.0804,0.578928,0.000184056,-0.001064342,0.0080655,0.1674432,4.26197E-05,1.33155E-05,4.47207E-05,6.35216E-05,-3.09355E-05,0.00026197
0.0049514,2.3674,0.67,4.8244,-0.0087978,0.046735,0.85886,0.001416,6.76E-05,0.0014468,0.0023071,-0.0013017,0.0061798,0.284088,0.0804,0.578928,0.000178746,-0.001671582,0.00887965,0.1631834,5.11176E-05,2.44115E-06,5.22295E-05,8.32863E-05,-4.69914E-05,0.000223091
0.005906,2.3999,0.67,4.8244,-0.0070544,0.05271,0.83115,0.0014544,0.00018596,0.0013703,0.0031124,-7.34E-05,0.0072452,0.287988,0.0804,0.578928,0.000213207,-0.001340336,0.0100149,0.1579185,5.25038E-05,6.71316E-06,4.94678E-05,0.000112358,-2.65118E-06,0.000261552
0.0051227,2.4338,0.67,4.8244,-0.0024387,0.050155,0.77465,0.001099,0.00022193,0.00096072,0.0029319,0.0011814,0.0062145,0.292056,0.0804,0.578928,0.000184929,-0.000463353,0.00952945,0.1471835,3.96739E-05,8.01167E-06,3.4682E-05,0.000105842,4.26485E-05,0.000224343
0.0034396,2.4691,0.67,4.8244,-7.20E-05,0.038191,0.65467,0.00043043,2.51E-05,0.00053152,0.0018203,0.00076114,0.0046284,0.296292,0.0804,0.578928,0.00012417,-1.36775E-05,0.00725629,0.1243873,1.55385E-05,9.06579E-07,1.91879E-05,6.57128E-05,2.74772E-05,0.000167085
0.0012903,2.5058,0.67,4.8244,0.00012137,0.016779,0.2875,3.00E-05,4.52E-06,9.27E-05,0.00069201,0.00030037,0.0018586,0.300696,0.0804,0.578928,4.65798E-05,2.30603E-05,0.00318801,0.054625,1.08358E-06,1.63042E-07,3.3477E-06,2.49816E-05,1.08434E-05,6.70955E-05
1.52E-06,2.544,0.67,4.8244,0.00013606,2.86E-14,6.28E-19,3.05E-06,6.38E-16,1.14E-20,1.34E-25,2.40E-30,7.40E-34,0.30528,0.0804,0.578928,5.49659E-08,2.58514E-05,5.44084E-15,1.19398E-19,1.09935E-07,2.30271E-17,4.12623E-22,4.82332E-27,8.65498E-32,2.67133E-35
0,2.5837,0.67,4.8244,0,0,0,0,0,0,0,0,0,0.310044,0.0804,0.578928,0,0,0,0,0,0,0,0,0,0
0,2.625,0.67,4.8244,0,0,0,0,0,0,0,0,0,0.315,0.0804,0.578928,0,0,0,0,0,0,0,0,0,0
0,-0.125,0.67,4.8634,0,0,0,0,0,0,0,0,0,-0.015,0.0804,0.583608,0,0,0,0,0,0,0,0,0,0
0,-0.083719,0.67,4.8634,0,0,0,0,0,0,0,0,0,-0.01004628,0.0804,0.583608,0,0,0,0,0,0,0,0,0,0
3.89E-08,-0.044001,0.67,4.8634,-0.00051472,-1.41E-13,1.81E-17,7.78E-08,2.13E-17,-2.91E-21,5.83E-27,-7.97E-31,1.44E-34,-0.00528012,0.0804,0.583608,1.40386E-09,-9.77968E-05,-2.67843E-14,3.43083E-18,2.80771E-09,7.68858E-19,-1.04968E-22,2.1055E-28,-2.87583E-32,5.19623E-36
0.0012645,-0.0058053,0.67,4.8634,-0.0020818,0.021809,0.35837,1.18E-05,-2.56E-05,-2.84E-05,0.00077993,-0.00013307,0.0017372,-0.000696636,0.0804,0.583608,4.56485E-05,-0.000395542,0.00414371,0.0680903,4.27568E-07,-9.23221E-07,-1.02629E-06,2.81555E-05,-4.80383E-06,6.27129E-05
0.0032811,0.030909,0.67,4.8634,-0.0076276,0.049451,0.81235,0.00018778,-0.00015044,-0.00016273,0.0020318,-0.00034852,0.0043427,0.00370908,0.0804,0.583608,0.000118448,-0.001449244,0.00939569,0.1543465,6.77886E-06,-5.43088E-06,-5.87455E-06,7.3348E-05,-1.25816E-05,0.000156771
0.0035802,0.066184,0.67,4.8634,-0.015702,0.044967,0.92168,0.00053469,-0.0002258,-0.00035462,0.0017898,-0.00019682,0.004836,0.00794208,0.0804,0.583608,0.000129245,-0.00298338,0.00854373,0.1751192,1.93023E-05,-8.15138E-06,-1.28018E-05,6.46118E-05,-7.1052E-06,0.00017458
0.0039856,0.10006,0.67,4.8634,-0.020493,0.031913,0.9519,0.00073552,-0.0001669,-0.00029217,0.0012151,-0.00024502,0.0060206,0.0120072,0.0804,0.583608,0.00014388,-0.00389367,0.00606347,0.180861,2.65523E-05,-6.02509E-06,-1.05473E-05,4.38651E-05,-8.84522E-06,0.000217344
0.0040637,0.13258,0.67,4.8634,-0.020719,0.023378,0.97844,0.00063131,-2.00E-05,-5.98E-05,0.0012915,-0.00095944,0.0062045,0.0159096,0.0804,0.583608,0.0001467,-0.00393661,0.00444182,0.1859036,2.27903E-05,-7.22469E-07,-2.1595E-06,4.66232E-05,-3.46358E-05,0.000223982
0.0029354,0.16379,0.67,4.8634,-0.019132,0.010202,1.0058,0.00049515,0.00010121,-7.36E-05,0.0011414,-0.00076702,0.0042341,0.0196548,0.0804,0.583608,0.000105968,-0.00363508,0.00193838,0.191102,1.78749E-05,3.65368E-06,-2.65772E-06,4.12045E-05,-2.76894E-05,0.000152851
0.0024329,0.19372,0.67,4.8634,-0.017688,0.004133,1.0108,0.00056676,0.00018189,-0.00030049,0.0010166,-0.00027302,0.0032825,0.0232464,0.0804,0.583608,8.78277E-05,-0.00336072,0.00078527,0.192052,2.046E-05,6.56623E-06,-1.08477E-05,3.66993E-05,-9.85602E-06,0.000118498
0.0029922,0.22242,0.67,4.8634,-0.015665,0.006911,1.0178,0.00076931,0.0001394,-0.00088674,0.0010069,-0.00040416,0.0042081,0.0266904,0.0804,0.583608,0.000108018,-0.00297635,0.00131309,0.193382,2.77721E-05,5.03234E-06,-3.20113E-05,3.63491E-05,-1.45902E-05,0.000151912
0.0028369,0.24993,0.67,4.8634,-0.01535,0.013223,1.0295,0.00096709,-0.00010643,-0.00091425,0.0010389,-0.00032854,0.0036678,0.0299916,0.0804,0.583608,0.000102412,-0.0029165,0.00251237,0.195605,3.49119E-05,-3.84212E-06,-3.30044E-05,3.75043E-05,-1.18603E-05,0.000132408
0.0022929,0.27629,0.67,4.8634,-0.017345,0.019545,1.0342,0.001045,-6.20E-05,-0.00085541,0.0010031,-0.00018479,0.0025376,0.0331548,0.0804,0.583608,8.27737E-05,-0.00329555,0.00371355,0.196498,3.77245E-05,-2.23701E-06,-3.08803E-05,3.62119E-05,-6.67092E-06,9.16074E-05
0.002765,0.30154,0.67,4.8634,-0.018184,0.020519,1.0348,0.0010744,0.00016855,-0.00088432,0.0010245,-0.00014406,0.003431,0.0361848,0.0804,0.583608,9.98165E-05,-0.00345496,0.00389861,0.196612,3.87858E-05,6.08466E-06,-3.1924E-05,3.69845E-05,-5.20057E-06,0.000123859
0.0032846,0.32572,0.67,4.8634,-0.017235,0.013749,1.0357,0.001103,0.00019073,-0.00082213,0.0013849,-0.00057334,0.0040813,0.0390864,0.0804,0.583608,0.000118574,-0.00327465,0.00261231,0.196783,3.98183E-05,6.88535E-06,-2.96789E-05,4.99949E-05,-2.06976E-05,0.000147335
0.003355,0.34887,0.67,4.8634,-0.016866,0.0080082,1.0528,0.0011452,0.0001332,-0.00094541,0.0016147,-0.00098425,0.00395,0.0418644,0.0804,0.583608,0.000121116,-0.00320454,0.001521558,0.200032,4.13417E-05,4.80852E-06,-3.41293E-05,5.82907E-05,-3.55314E-05,0.000142595
0.0030155,0.37102,0.67,4.8634,-0.01788,0.012284,1.0557,0.0012196,0.00018388,-0.00054923,0.0016662,-0.0009549,0.0031451,0.0445224,0.0804,0.583608,0.00010886,-0.0033972,0.00233396,0.200583,4.40276E-05,6.63807E-06,-1.98272E-05,6.01498E-05,-3.44719E-05,0.000113538
0.0026591,0.39221,0.67,4.8634,-0.019125,0.02063,1.0504,0.0012673,0.00032507,-0.0005468,0.0016478,-0.00063578,0.002403,0.0470652,0.0804,0.583608,9.59935E-05,-0.00363375,0.0039197,0.199576,4.57495E-05,1.1735E-05,-1.97395E-05,5.94856E-05,-2.29517E-05,8.67483E-05
0.0021863,0.41248,0.67,4.8634,-0.020401,0.027066,1.0478,0.0013401,0.00026717,-0.0004947,0.0014597,-0.00040254,0.0015728,0.0494976,0.0804,0.583608,7.89254E-05,-0.00387619,0.00514254,0.199082,4.83776E-05,9.64484E-06,-1.78587E-05,5.26952E-05,-1.45317E-05,5.67781E-05
0.0020136,0.43187,0.67,4.8634,-0.021826,0.030499,1.0498,0.001357,5.88E-05,-0.00014614,0.0013674,-0.0005115,0.0013028,0.0518244,0.0804,0.583608,7.2691E-05,-0.00414694,0.00579481,0.199462,4.89877E-05,2.1238E-06,-5.27565E-06,4.93631E-05,-1.84652E-05,4.70311E-05
0.0020511,0.4504,0.67,4.8634,-0.022984,0.03315,1.0502,0.0012584,-1.48E-05,-8.32E-05,0.001281,-0.0006361,0.0015628,0.054048,0.0804,0.583608,7.40447E-05,-0.00436696,0.0062985,0.199538,4.54282E-05,-5.34677E-07,-3.00341E-06,4.62441E-05,-2.29632E-05,5.64171E-05
0.0024056,0.46812,0.67,4.8634,-0.023676,0.03386,1.0479,0.0011798,7.75E-05,-0.00012174,0.0014357,-0.00099074,0.0021958,0.0561744,0.0804,0.583608,8.68422E-05,-0.00449844,0.0064334,0.199101,4.25908E-05,2.79724E-06,-4.39481E-06,5.18288E-05,-3.57657E-05,7.92684E-05
0.0025483,0.48504,0.67,4.8634,-0.023994,0.031949,1.0521,0.0011496,0.00016512,-0.0001881,0.0016101,-0.001203,0.0023367,0.0582048,0.0804,0.583608,9.19936E-05,-0.00455886,0.00607031,0.199899,4.15006E-05,5.96083E-06,-6.79041E-06,5.81246E-05,-4.34283E-05,8.43549E-05
0.0024961,0.50122,0.67,4.8634,-0.024332,0.030162,1.0577,0.0011253,0.00011001,-0.00019201,0.0017134,-0.001177,0.0021534,0.0601464,0.0804,0.583608,9.01092E-05,-0.00462308,0.00573078,0.200963,4.06233E-05,3.97136E-06,-6.93156E-06,6.18537E-05,-4.24897E-05,7.77377E-05
0.0025774,0.51667,0.67,4.8634,-0.02423,0.030826,1.0583,0.0011369,2.98E-05,-0.00015237,0.0019235,-0.0011691,0.0020944,0.0620004,0.0804,0.583608,9.30441E-05,-0.0046037,0.00585694,0.201077,4.10421E-05,1.0752E-06,-5.50056E-06,6.94384E-05,-4.22045E-05,7.56078E-05
0.0024387,0.53142,0.67,4.8634,-0.02351,0.031239,1.061,0.0011658,6.75E-05,-0.00010241,0.0020202,-0.00099407,0.0016914,0.0637704,0.0804,0.583608,8.80371E-05,-0.0044669,0.00593541,0.20159,4.20854E-05,2.43581E-06,-3.697E-06,7.29292E-05,-3.58859E-05,6.10595E-05
0.0022373,0.54551,0.67,4.8634,-0.023088,0.029827,1.0641,0.001125,0.00013593,-6.30E-05,0.0019519,-0.00080537,0.0013976,0.0654612,0.0804,0.583608,8.07665E-05,-0.00438672,0.00566713,0.202179,4.06125E-05,4.90707E-06,-2.27383E-06,7.04636E-05,-2.90739E-05,5.04534E-05
0.0019915,0.55896,0.67,4.8634,-0.022971,0.028119,1.0624,0.001011,0.00012364,-6.65E-05,0.0016899,-0.00060347,0.0012821,0.0670752,0.0804,0.583608,7.18932E-05,-0.00436449,0.00534261,0.201856,3.64971E-05,4.4634E-06,-2.3996E-06,6.10054E-05,-2.17853E-05,4.62838E-05
0.0018004,0.5718,0.67,4.8634,-0.02286,0.024798,1.0588,0.0008817,5.39E-05,-0.00016999,0.0013961,-0.00028984,0.001323,0.068616,0.0804,0.583608,6.49944E-05,-0.0043434,0.00471162,0.201172,3.18294E-05,1.94709E-06,-6.13664E-06,5.03992E-05,-1.04632E-05,4.77603E-05
0.0017299,0.58405,0.67,4.8634,-0.023039,0.020664,1.06,0.00077698,4.02E-06,-0.00026635,0.0014328,-1.66E-05,0.00125,0.070086,0.0804,0.583608,6.24494E-05,-0.00437741,0.00392616,0.2014,2.8049E-05,1.45079E-07,-9.61524E-06,5.17241E-05,-6.00524E-07,0.000045125
0.0017411,0.59575,0.67,4.8634,-0.023584,0.018406,1.0635,0.00071512,4.25E-05,-0.00033303,0.0016958,5.77E-05,0.0010713,0.07149,0.0804,0.583608,6.28537E-05,-0.00448096,0.00349714,0.202065,2.58158E-05,1.53309E-06,-1.20224E-05,6.12184E-05,2.08232E-06,3.86739E-05
0.0018258,0.6069,0.67,4.8634,-0.024239,0.016992,1.0666,0.00070238,0.00012183,-0.00042198,0.0018662,6.37E-05,0.0010831,0.072828,0.0804,0.583608,6.59114E-05,-0.00460541,0.00322848,0.202654,2.53559E-05,4.39806E-06,-1.52335E-05,6.73698E-05,2.30065E-06,3.90999E-05
0.0019112,0.61755,0.67,4.8634,-0.024602,0.015056,1.0698,0.00074046,0.00017068,-0.00047136,0.0019155,0.00013265,0.0011664,0.074106,0.0804,0.583608,6.89943E-05,-0.00467438,0.00286064,0.203262,2.67306E-05,6.16155E-06,-1.70161E-05,6.91496E-05,4.78867E-06,4.2107E-05
0.002005,0.6277,0.67,4.8634,-0.024418,0.012073,1.0741,0.0008127,0.00018635,-0.00048649,0.0018221,0.00026057,0.0013751,0.075324,0.0804,0.583608,7.23805E-05,-0.00463942,0.00229387,0.204079,2.93385E-05,6.72724E-06,-1.75623E-05,6.57778E-05,9.40658E-06,4.96411E-05
0.0020503,0.63738,0.67,4.8634,-0.023863,0.0082036,1.0782,0.00088622,0.00018827,-0.00043338,0.0016542,0.00040149,0.0015602,0.0764856,0.0804,0.583608,7.40158E-05,-0.00453397,0.001558684,0.204858,3.19925E-05,6.79655E-06,-1.5645E-05,5.97166E-05,1.44938E-05,5.63232E-05
0.0020075,0.64661,0.67,4.8634,-0.023384,0.004181,1.0817,0.00093267,0.00018382,-0.00031865,0.0015277,0.00048517,0.0015546,0.0775932,0.0804,0.583608,7.24708E-05,-0.00444296,0.00079439,0.205523,3.36694E-05,6.6359E-06,-1.15033E-05,5.515E-05,1.75146E-05,5.61211E-05
0.0018801,0.65542,0.67,4.8634,-0.023299,0.000805,1.0853,0.00093484,0.00017037,-0.00019578,0.0014424,0.00048902,0.0013829,0.0786504,0.0804,0.583608,6.78716E-05,-0.00442681,0.00015295,0.206207,3.37477E-05,6.15036E-06,-7.06766E-06,5.20706E-05,1.76536E-05,4.99227E-05
0.001705,0.66381,0.67,4.8634,-0.023655,-0.0016596,1.0894,0.00088453,0.00015227,-0.00011073,0.0013585,0.00041825,0.001167,0.0796572,0.0804,0.583608,6.15505E-05,-0.00449445,-0.000315324,0.206986,3.19315E-05,5.49695E-06,-3.99735E-06,4.90419E-05,1.50988E-05,4.21287E-05
0.0015249,0.67207,0.67,4.8634,-0.024334,-0.0035351,1.0942,0.00078857,0.00014083,-5.98E-05,0.001285,0.00029197,0.00097609,0.0806484,0.0804,0.583608,5.50489E-05,-0.00462346,-0.000671669,0.207898,2.84674E-05,5.08396E-06,-2.16026E-06,4.63885E-05,1.05401E-05,3.52368E-05
0.00137,0.68032,0.67,4.8634,-0.025165,-0.0052812,1.0997,0.00066816,0.0001414,-2.61E-05,0.0012329,0.00012279,0.00083883,0.0816384,0.0804,0.583608,0.000049457,-0.00478135,-0.001003428,0.208943,2.41206E-05,5.10454E-06,-9.43907E-07,4.45077E-05,4.43272E-06,3.02818E-05
0.0012556,0.68858,0.67,4.8634,-0.026027,-0.0070508,1.1054,0.00054804,0.00014898,-1.77E-05,0.0011881,-7.95E-05,0.00077516,0.0826296,0.0804,0.583608,4.53272E-05,-0.00494513,-0.001339652,0.210026,1.97842E-05,5.37818E-06,-6.39331E-07,4.28904E-05,-2.86916E-06,2.79833E-05
0.0011797,0.69683,0.67,4.8634,-0.026873,-0.0085109,1.1105,0.00044541,0.00015343,-4.03E-05,0.0011249,-0.00026218,0.00078906,0.0836196,0.0804,0.583608,4.25872E-05,-0.00510587,-0.001617071,0.210995,1.60793E-05,5.53882E-06,-1.4549E-06,4.06089E-05,-9.4647E-06,2.84851E-05
0.0011145,0.70509,0.67,4.8634,-0.027654,-0.00948,1.1147,0.00036827,0.00014454,-6.98E-05,0.0010282,-0.00038169,0.00083259,0.0846108,0.0804,0.583608,4.02335E-05,-0.00525426,-0.0018012,0.211793,1.32945E-05,5.21789E-06,-2.52151E-06,3.7118E-05,-1.3779E-05,3.00565E-05
0.0010631,0.71335,0.67,4.8634,-0.028326,-0.010446,1.1175,0.00031963,0.00011981,-7.78E-05,0.00091132,-0.00045515,0.00089528,0.085602,0.0804,0.583608,3.83779E-05,-0.00538194,-0.00198474,0.212325,1.15386E-05,4.32514E-06,-2.80905E-06,3.28987E-05,-1.64309E-05,3.23196E-05
0.001039,0.7216,0.67,4.8634,-0.028944,-0.011853,1.1193,0.00029833,8.76E-05,-6.16E-05,0.00080493,-0.00051454,0.0009747,0.086592,0.0804,0.583608,3.75079E-05,-0.00549936,-0.00225207,0.212667,1.07697E-05,3.16384E-06,-2.22528E-06,2.9058E-05,-1.85749E-05,3.51867E-05
0.0010164,0.72986,0.67,4.8634,-0.029622,-0.01347,1.1208,0.00029949,5.23E-05,-3.92E-05,0.0007246,-0.00055558,0.0010088,0.0875832,0.0804,0.583608,3.6692E-05,-0.00562818,-0.0025593,0.212952,1.08116E-05,1.88955E-06,-1.41588E-06,2.61581E-05,-2.00564E-05,3.64177E-05
0.0009839,0.73811,0.67,4.8634,-0.030419,-0.015048,1.1221,0.00031633,9.68E-06,-2.59E-05,0.00066711,-0.00055741,0.00098435,0.0885732,0.0804,0.583608,3.55188E-05,-0.00577961,-0.00285912,0.213199,1.14195E-05,3.49278E-07,-9.33907E-07,2.40827E-05,-2.01225E-05,3.5535E-05
0.00096279,0.74637,0.67,4.8634,-0.031277,-0.016588,1.1233,0.00034245,-3.97E-05,-2.12E-05,0.00063029,-0.00052266,0.00095283,0.0895644,0.0804,0.583608,3.47567E-05,-0.00594263,-0.00315172,0.213427,1.23624E-05,-1.43169E-06,-7.64057E-07,2.27535E-05,-1.8868E-05,3.43972E-05
0.00097132,0.75463,0.67,4.8634,-0.032035,-0.017963,1.1235,0.00037471,-8.73E-05,-1.85E-05,0.00061421,-0.00047856,0.00095372,0.0905556,0.0804,0.583608,3.50647E-05,-0.00608665,-0.00341297,0.213465,1.3527E-05,-3.15088E-06,-6.67886E-07,2.2173E-05,-1.7276E-05,3.44293E-05
0.0010076,0.76288,0.67,4.8634,-0.032562,-0.018922,1.122,0.00041136,-0.00012752,-1.97E-05,0.00062186,-0.00044871,0.00098189,0.0915456,0.0804,0.583608,3.63744E-05,-0.00618678,-0.00359518,0.21318,1.48501E-05,-4.60347E-06,-7.12614E-07,2.24491E-05,-1.61984E-05,3.54462E-05
0.0010627,0.77114,0.67,4.8634,-0.032832,-0.019306,1.1187,0.00044708,-0.00015818,-2.46E-05,0.00066119,-0.00043596,0.0010172,0.0925368,0.0804,0.583608,3.83635E-05,-0.00623808,-0.00366814,0.212553,1.61396E-05,-5.7103E-06,-8.88963E-07,2.3869E-05,-1.57382E-05,3.67209E-05
0.0011364,0.7794,0.67,4.8634,-0.032839,-0.019149,1.1148,0.00047602,-0.00017381,-3.21E-05,0.00073964,-0.00043257,0.0010572,0.093528,0.0804,0.583608,4.1024E-05,-0.00623941,-0.00363831,0.211812,1.71843E-05,-6.27454E-06,-1.15942E-06,2.6701E-05,-1.56158E-05,3.81649E-05
0.0012203,0.78765,0.67,4.8634,-0.0326,-0.018588,1.1114,0.00049551,-0.00016863,-4.31E-05,0.00086343,-0.00044276,0.0010817,0.094518,0.0804,0.583608,4.40528E-05,-0.006194,-0.00353172,0.211166,1.78879E-05,-6.08754E-06,-1.55418E-06,3.11698E-05,-1.59836E-05,3.90494E-05
0.0013023,0.79591,0.67,4.8634,-0.032217,-0.017716,1.1091,0.00050586,-0.00014041,-3.67E-05,0.0010302,-0.0004835,0.0010684,0.0955092,0.0804,0.583608,4.7013E-05,-0.00612123,-0.00336604,0.210729,1.82615E-05,-5.0688E-06,-1.32433E-06,3.71902E-05,-1.74544E-05,3.85692E-05
0.0013895,0.80416,0.67,4.8634,-0.031759,-0.016517,1.1078,0.00051322,-9.03E-05,1.21E-06,0.0012151,-0.00056136,0.0010506,0.0964992,0.0804,0.583608,5.0161E-05,-0.00603421,-0.00313823,0.210482,1.85272E-05,-3.26026E-06,4.36738E-08,4.38651E-05,-2.02651E-05,3.79267E-05
0.001483,0.81242,0.67,4.8634,-0.031216,-0.014842,1.1069,0.00052484,-2.70E-05,5.86E-05,0.001375,-0.00066707,0.0010662,0.0974904,0.0804,0.583608,5.35363E-05,-0.00593104,-0.00281998,0.210311,1.89467E-05,-9.74592E-07,2.11528E-06,4.96375E-05,-2.40812E-05,3.84898E-05
0.0015704,0.82068,0.67,4.8634,-0.030601,-0.012477,1.1062,0.0005434,3.27E-05,0.00010946,0.0014835,-0.00078447,0.0011139,0.0984816,0.0804,0.583608,5.66914E-05,-0.00581419,-0.00237063,0.210178,1.96167E-05,1.18116E-06,3.95151E-06,5.35544E-05,-2.83194E-05,4.02118E-05
0.0016597,0.82893,0.67,4.8634,-0.02995,-0.0094416,1.1052,0.00057097,7.51E-05,0.00012617,0.0015624,-0.00089545,0.001186,0.0994716,0.0804,0.583608,5.99152E-05,-0.0056905,-0.001793904,0.209988,2.0612E-05,2.70985E-06,4.55474E-06,5.64026E-05,-3.23257E-05,4.28146E-05
0.0017699,0.83719,0.67,4.8634,-0.029324,-0.0061791,1.1035,0.00060417,8.99E-05,0.00012355,0.0016428,-0.00097891,0.0012927,0.1004628,0.0804,0.583608,6.38934E-05,-0.00557156,-0.001174029,0.209665,2.18105E-05,3.2455E-06,4.46016E-06,5.93051E-05,-3.53387E-05,4.66665E-05
0.0018881,0.84544,0.67,4.8634,-0.028823,-0.0030519,1.1012,0.00062982,5.31E-05,0.00014202,0.0017238,-0.0010147,0.0014227,0.1014528,0.0804,0.583608,6.81604E-05,-0.00547637,-0.000579861,0.209228,2.27365E-05,1.91756E-06,5.12692E-06,6.22292E-05,-3.66307E-05,5.13595E-05
0.002011,0.8537,0.67,4.8634,-0.028551,9.53E-05,1.0992,0.00064104,-6.08E-05,0.00016911,0.0018231,-0.00099525,0.0015578,0.102444,0.0804,0.583608,7.25971E-05,-0.00542469,1.81112E-05,0.208848,2.31415E-05,-2.19474E-06,6.10487E-06,6.58139E-05,-3.59285E-05,5.62366E-05
0.0021503,0.86196,0.67,4.8634,-0.028561,0.0032414,1.0972,0.00064093,-0.00022994,0.00018046,0.0019576,-0.00094275,0.0017021,0.1034352,0.0804,0.583608,7.76258E-05,-0.00542659,0.000615866,0.208468,2.31376E-05,-8.30083E-06,6.51461E-06,7.06694E-05,-3.40333E-05,6.14458E-05
0.0022757,0.87021,0.67,4.8634,-0.028826,0.0059353,1.0938,0.00062993,-0.00038615,0.00021241,0.0020734,-0.00093273,0.0018481,0.1044252,0.0804,0.583608,8.21528E-05,-0.00547694,0.001127707,0.207822,2.27405E-05,-1.394E-05,7.668E-06,7.48497E-05,-3.36716E-05,6.67164E-05
0.0023636,0.87847,0.67,4.8634,-0.029275,0.0083033,1.0887,0.00061412,-0.00049515,0.00028458,0.0021555,-0.0010187,0.0019575,0.1054164,0.0804,0.583608,8.5326E-05,-0.00556225,0.001577627,0.206853,2.21697E-05,-1.78749E-05,1.02733E-05,7.78136E-05,-3.67751E-05,7.06658E-05
0.0024395,0.88672,0.67,4.8634,-0.029806,0.010827,1.083,0.00060987,-0.00058137,0.00036762,0.002268,-0.0011778,0.002001,0.1064064,0.0804,0.583608,8.8066E-05,-0.00566314,0.00205713,0.20577,2.20163E-05,-2.09875E-05,1.32711E-05,8.18748E-05,-4.25186E-05,7.22361E-05
0.0025409,0.89498,0.67,4.8634,-0.030246,0.013373,1.0772,0.00062615,-0.00066645,0.00045057,0.0024231,-0.0013696,0.0020326,0.1073976,0.0804,0.583608,9.17265E-05,-0.00574674,0.00254087,0.204668,2.2604E-05,-2.40588E-05,1.62656E-05,8.74739E-05,-4.94426E-05,7.33769E-05
0.002614,0.90324,0.67,4.8634,-0.030487,0.015606,1.0718,0.00065965,-0.00074985,0.00051793,0.0025734,-0.0014903,0.001995,0.1083888,0.0804,0.583608,9.43654E-05,-0.00579253,0.00296514,0.203642,2.38134E-05,-2.70696E-05,1.86973E-05,9.28997E-05,-5.37998E-05,7.20195E-05
0.0025513,0.91149,0.67,4.8634,-0.030526,0.017207,1.0681,0.00070322,-0.00080802,0.00055023,0.002625,-0.0014434,0.0017744,0.1093788,0.0804,0.583608,9.21019E-05,-0.00579994,0.00326933,0.202939,2.53862E-05,-2.91695E-05,1.98633E-05,9.47625E-05,-5.21067E-05,6.40558E-05
0.0023964,0.91975,0.67,4.8634,-0.030332,0.017889,1.0662,0.00075062,-0.00080699,0.00057204,0.0025148,-0.0012955,0.0015274,0.11037,0.0804,0.583608,8.651E-05,-0.00576308,0.00339891,0.202578,2.70974E-05,-2.91323E-05,2.06506E-05,9.07843E-05,-4.67676E-05,5.51391E-05
0.0022743,0.92801,0.67,4.8634,-0.029888,0.017994,1.0651,0.00080511,-0.00076067,0.00059719,0.0023524,-0.0011519,0.0013911,0.1113612,0.0804,0.583608,8.21022E-05,-0.00567872,0.00341886,0.202369,2.90645E-05,-2.74602E-05,2.15586E-05,8.49216E-05,-4.15836E-05,5.02187E-05
0.0022308,0.93626,0.67,4.8634,-0.02925,0.017967,1.0641,0.00087818,-0.00071726,0.00062462,0.0022555,-0.0010532,0.001328,0.1123512,0.0804,0.583608,8.05319E-05,-0.0055575,0.00341373,0.202179,3.17023E-05,-2.58931E-05,2.25488E-05,8.14236E-05,-3.80205E-05,4.79408E-05
0.0022439,0.94452,0.67,4.8634,-0.02854,0.017436,1.063,0.00097145,-0.00069275,0.00066425,0.0021676,-0.0010274,0.0013487,0.1133424,0.0804,0.583608,8.10048E-05,-0.0054226,0.00331284,0.20197,3.50693E-05,-2.50083E-05,2.39794E-05,7.82504E-05,-3.70891E-05,4.86881E-05
0.0022351,0.95277,0.67,4.8634,-0.027916,0.0157,1.0615,0.0010696,-0.0006644,0.00069869,0.0019858,-0.0010501,0.0014148,0.1143324,0.0804,0.583608,8.06871E-05,-0.00530404,0.002983,0.201685,3.86126E-05,-2.39848E-05,2.52227E-05,7.16874E-05,-3.79086E-05,5.10743E-05
0.0021355,0.96103,0.67,4.8634,-0.027483,0.012702,1.0597,0.0011509,-0.000605,0.00069317,0.0017035,-0.0010522,0.0014167,0.1153236,0.0804,0.583608,7.70916E-05,-0.00522177,0.00241338,0.201343,4.15475E-05,-2.18405E-05,2.50234E-05,6.14964E-05,-3.79844E-05,5.11429E-05
0.0019951,0.96929,0.67,4.8634,-0.027279,0.0092305,1.0575,0.0012051,-0.00051526,0.00065228,0.0014069,-0.0010194,0.0013782,0.1163148,0.0804,0.583608,7.20231E-05,-0.00518301,0.001753795,0.200925,4.35041E-05,-1.86009E-05,2.35473E-05,5.07891E-05,-3.68003E-05,4.9753E-05
0.0018977,0.97754,0.67,4.8634,-0.027217,0.0064022,1.0547,0.0012438,-0.00042151,0.00060144,0.0011886,-0.00097491,0.001363,0.1173048,0.0804,0.583608,6.8507E-05,-0.00517123,0.001216418,0.200393,4.49012E-05,-1.52165E-05,2.1712E-05,4.29085E-05,-3.51943E-05,4.92043E-05
0.0018627,0.9858,0.67,4.8634,-0.027024,0.0049359,1.0508,0.0012845,-0.00034473,0.00055776,0.0010683,-0.0009139,0.0013726,0.118296,0.0804,0.583608,6.72435E-05,-0.00513456,0.000937821,0.199652,4.63705E-05,-1.24448E-05,2.01351E-05,3.85656E-05,-3.29918E-05,4.95509E-05
0.0018582,0.99405,0.67,4.8634,-0.026549,0.0051451,1.0452,0.0013333,-0.00029249,0.00051814,0.0010145,-0.00081448,0.0013686,0.119286,0.0804,0.583608,6.7081E-05,-0.00504431,0.000977569,0.198588,4.81321E-05,-1.05589E-05,1.87049E-05,3.66235E-05,-2.94027E-05,4.94065E-05
0.0018616,1.0023,0.67,4.8634,-0.02591,0.0069924,1.0383,0.0013908,-0.00026866,0.00046136,0.0010045,-0.00070059,0.001328,0.120276,0.0804,0.583608,6.72038E-05,-0.0049229,0.001328556,0.197277,5.02079E-05,-9.69863E-06,1.66551E-05,3.62625E-05,-2.52913E-05,4.79408E-05
0.0018764,1.0106,0.67,4.8634,-0.025253,0.0096177,1.0312,0.0014585,-0.00026822,0.00038777,0.0010539,-0.00063325,0.0012405,0.121272,0.0804,0.583608,6.7738E-05,-0.00479807,0.001827363,0.195928,5.26519E-05,-9.68274E-06,1.39985E-05,3.80458E-05,-2.28603E-05,4.47821E-05
0.0019351,1.0188,0.67,4.8634,-0.024645,0.011866,1.0245,0.0015322,-0.0002756,0.00030456,0.0011818,-0.00062713,0.0011562,0.122256,0.0804,0.583608,6.98571E-05,-0.00468255,0.00225454,0.194655,5.53124E-05,-9.94916E-06,1.09946E-05,4.2663E-05,-2.26394E-05,4.17388E-05
0.0020487,1.0271,0.67,4.8634,-0.024026,0.013541,1.0186,0.001608,-0.00027354,0.0002504,0.0013536,-0.00064625,0.0011358,0.123252,0.0804,0.583608,7.39581E-05,-0.00456494,0.00257279,0.193534,5.80488E-05,-9.87479E-06,9.03944E-06,4.8865E-05,-2.33296E-05,4.10024E-05
0.002145,1.0353,0.67,4.8634,-0.023266,0.015356,1.0144,0.001691,-0.00025174,0.00024206,0.0014777,-0.00066883,0.0011213,0.124236,0.0804,0.583608,7.74345E-05,-0.00442054,0.00291764,0.192736,6.10451E-05,-9.08781E-06,8.73837E-06,5.3345E-05,-2.41448E-05,4.04789E-05
0.0021842,1.0436,0.67,4.8634,-0.022312,0.017639,1.0121,0.001789,-0.00021585,0.00025746,0.0014863,-0.00067433,0.001093,0.125232,0.0804,0.583608,7.88496E-05,-0.00423928,0.00335141,0.192299,6.45829E-05,-7.79219E-06,9.29431E-06,5.36554E-05,-2.43433E-05,3.94573E-05
0.0021845,1.0518,0.67,4.8634,-0.02121,0.019773,1.0111,0.0018987,-0.00017177,0.00028587,0.001413,-0.00063338,0.0010573,0.126216,0.0804,0.583608,7.88605E-05,-0.0040299,0.00375687,0.192109,6.85431E-05,-6.2009E-06,1.03199E-05,5.10093E-05,-2.2865E-05,3.81685E-05
0.0021763,1.0601,0.67,4.8634,-0.020126,0.020978,1.0103,0.0020042,-0.00011595,0.00030887,0.0013254,-0.00055927,0.001023,0.127212,0.0804,0.583608,7.85644E-05,-0.00382394,0.00398582,0.191957,7.23516E-05,-4.1858E-06,1.11502E-05,4.78469E-05,-2.01896E-05,3.69303E-05
0.0021931,1.0684,0.67,4.8634,-0.019281,0.021217,1.0091,0.0020956,-5.07E-05,0.0003201,0.0012475,-0.00050548,0.0010432,0.128208,0.0804,0.583608,7.91709E-05,-0.00366339,0.00403123,0.191729,7.56512E-05,-1.83179E-06,1.15556E-05,4.50348E-05,-1.82478E-05,3.76595E-05
0.0022446,1.0766,0.67,4.8634,-0.018811,0.021064,1.0077,0.0021669,1.41E-05,0.00030059,0.0011763,-0.00051491,0.001146,0.129192,0.0804,0.583608,8.10301E-05,-0.00357409,0.00400216,0.191463,7.82251E-05,5.09732E-07,1.08513E-05,4.24644E-05,-1.85883E-05,4.13706E-05
0.0023113,1.0849,0.67,4.8634,-0.01869,0.021035,1.0063,0.0022125,7.22E-05,0.00025817,0.0011097,-0.00057321,0.0013003,0.130188,0.0804,0.583608,8.34379E-05,-0.0035511,0.00399665,0.191197,7.98713E-05,2.60462E-06,9.31994E-06,4.00602E-05,-2.06929E-05,4.69408E-05
0.0023596,1.0931,0.67,4.8634,-0.01878,0.02126,1.005,0.0022262,0.00012287,0.00021717,0.0010519,-0.00064515,0.0014411,0.131172,0.0804,0.583608,8.51816E-05,-0.0035682,0.0040394,0.19095,8.03658E-05,4.43561E-06,7.83984E-06,3.79736E-05,-2.32899E-05,5.20237E-05
0.0023973,1.1014,0.67,4.8634,-0.018915,0.021534,1.0037,0.0022077,0.00016948,0.00018164,0.0010225,-0.0007231,0.0015645,0.132168,0.0804,0.583608,8.65425E-05,-0.00359385,0.00409146,0.190703,7.9698E-05,6.11823E-06,6.5572E-06,3.69123E-05,-2.61039E-05,5.64785E-05
0.0024628,1.1096,0.67,4.8634,-0.018949,0.021564,1.0024,0.0021681,0.00020979,0.00015889,0.0010373,-0.00082481,0.0017202,0.133152,0.0804,0.583608,8.89071E-05,-0.00360031,0.00409716,0.190456,7.82684E-05,7.57342E-06,5.73593E-06,3.74465E-05,-2.97756E-05,6.20992E-05
0.0025528,1.1179,0.67,4.8634,-0.018772,0.021237,1.0008,0.0021157,0.0002302,0.00014021,0.0010815,-0.00095279,0.0019083,0.134148,0.0804,0.583608,9.21561E-05,-0.00356668,0.00403503,0.190152,7.63768E-05,8.31022E-06,5.06158E-06,3.90422E-05,-3.43957E-05,6.88896E-05
0.0026237,1.1262,0.67,4.8634,-0.018305,0.020694,0.99913,0.0020548,0.00021786,0.00013606,0.0011245,-0.0010636,0.0020681,0.135144,0.0804,0.583608,9.47156E-05,-0.00347795,0.00393186,0.1898347,7.41783E-05,7.86475E-06,4.91177E-06,4.05945E-05,-3.8396E-05,7.46584E-05
0.0026508,1.1344,0.67,4.8634,-0.017533,0.020338,0.99769,0.0019873,0.00017685,0.00016152,0.0011438,-0.0011248,0.0021704,0.136128,0.0804,0.583608,9.56939E-05,-0.00333127,0.00386422,0.1895611,7.17415E-05,6.38429E-06,5.83087E-06,4.12912E-05,-4.06053E-05,7.83514E-05
0.002658,1.1427,0.67,4.8634,-0.016495,0.020754,0.99673,0.0019143,0.00012833,0.00020441,0.001134,-0.0011375,0.0022677,0.137124,0.0804,0.583608,9.59538E-05,-0.00313405,0.00394326,0.1893787,6.91062E-05,4.63271E-06,7.3792E-06,4.09374E-05,-4.10638E-05,8.1864E-05
0.0026835,1.1509,0.67,4.8634,-0.015326,0.022045,0.99601,0.0018408,8.93E-05,0.00024103,0.001119,-0.0011369,0.0024073,0.138108,0.0804,0.583608,9.68744E-05,-0.00291194,0.00418855,0.1892419,6.64529E-05,3.22193E-06,8.70118E-06,4.03959E-05,-4.10421E-05,8.69035E-05
0.0027751,1.1592,0.67,4.8634,-0.014263,0.023466,0.995,0.0017767,5.92E-05,0.00025576,0.0011508,-0.0011841,0.0026227,0.139104,0.0804,0.583608,0.000100181,-0.00270997,0.00445854,0.18905,6.41389E-05,2.13874E-06,9.23294E-06,4.15439E-05,-4.2746E-05,9.46795E-05
0.002941,1.1674,0.67,4.8634,-0.01345,0.024293,0.9936,0.0017282,2.72E-05,0.00025615,0.0012664,-0.0012986,0.0028874,0.140088,0.0804,0.583608,0.00010617,-0.0025555,0.00461567,0.188784,6.2388E-05,9.82353E-07,9.24702E-06,4.5717E-05,-4.68795E-05,0.000104235
0.0031237,1.1757,0.67,4.8634,-0.012753,0.024594,0.99238,0.0016932,-2.14E-05,0.00025437,0.0014454,-0.0014467,0.0031088,0.141084,0.0804,0.583608,0.000112766,-0.00242307,0.00467286,0.1885522,6.11245E-05,-7.7189E-07,9.18276E-06,5.21789E-05,-5.22259E-05,0.000112228
0.0032418,1.1839,0.67,4.8634,-0.011904,0.024851,0.99195,0.0016614,-9.33E-05,0.00026069,0.0016222,-0.0015836,0.0032001,0.142068,0.0804,0.583608,0.000117029,-0.00226176,0.00472169,0.1884705,5.99765E-05,-3.36762E-06,9.41091E-06,5.85614E-05,-5.7168E-05,0.000115524
0.0032609,1.1922,0.67,4.8634,-0.010824,0.025371,0.9923,0.0016115,-0.00017426,0.00028234,0.001735,-0.0016814,0.0031752,0.143064,0.0804,0.583608,0.000117718,-0.00205656,0.00482049,0.188537,5.81752E-05,-6.29079E-06,1.01925E-05,6.26335E-05,-6.06985E-05,0.000114625
0.0032129,1.2005,0.67,4.8634,-0.0096337,0.026137,0.99323,0.0015294,-0.00023933,0.00030133,0.0017535,-0.0017421,0.0031429,0.14406,0.0804,0.583608,0.000115986,-0.001830403,0.00496603,0.1887137,5.52113E-05,-8.63981E-06,1.0878E-05,6.33014E-05,-6.28898E-05,0.000113459
0.0031494,1.2087,0.67,4.8634,-0.0084601,0.026956,0.99497,0.0014277,-0.00027694,0.00030662,0.0016728,-0.0017653,0.0031982,0.145044,0.0804,0.583608,0.000113693,-0.001607419,0.00512164,0.1890443,5.154E-05,-9.99753E-06,1.1069E-05,6.03881E-05,-6.37273E-05,0.000115455
0.0030837,1.217,0.67,4.8634,-0.0073687,0.027679,0.99769,0.0013324,-0.00029293,0.00031452,0.0015185,-0.0017378,0.0033166,0.14604,0.0804,0.583608,0.000111322,-0.001400053,0.00525901,0.1895611,4.80996E-05,-1.05748E-05,1.13542E-05,5.48179E-05,-6.27346E-05,0.000119729
0.0029931,1.2252,0.67,4.8634,-0.0063559,0.028348,1.0009,0.0012561,-0.00029213,0.00033962,0.0013432,-0.0016498,0.0033869,0.147024,0.0804,0.583608,0.000108051,-0.001207621,0.00538612,0.190171,4.53452E-05,-1.05459E-05,1.22603E-05,4.84895E-05,-5.95578E-05,0.000122267
0.002866,1.2335,0.67,4.8634,-0.0053962,0.028828,1.004,0.0011916,-0.00027812,0.0003823,0.0011958,-0.0015215,0.0033447,0.14802,0.0804,0.583608,0.000103463,-0.001025278,0.00547732,0.19076,4.30168E-05,-1.00401E-05,1.3801E-05,4.31684E-05,-5.49262E-05,0.000120744
0.0027039,1.2417,0.67,4.8634,-0.0044887,0.02854,1.007,0.0011436,-0.00026216,0.00041405,0.0011048,-0.0013999,0.0031595,0.149004,0.0804,0.583608,9.76108E-05,-0.000852853,0.0054226,0.19133,4.1284E-05,-9.46398E-06,1.49472E-05,3.98833E-05,-5.05364E-05,0.000114058
0.0025199,1.25,0.67,4.8634,-0.003646,0.027101,1.0093,0.0011287,-0.00025063,0.00041442,0.0010743,-0.0012964,0.0028367,0.15,0.0804,0.583608,9.09684E-05,-0.00069274,0.00514919,0.191767,4.07461E-05,-9.04774E-06,1.49606E-05,3.87822E-05,-4.68E-05,0.000102405
0.0023295,1.2583,0.67,4.8634,-0.0028732,0.024867,1.0102,0.0011371,-0.00024066,0.00040335,0.0010766,-0.0011775,0.0024452,0.150996,0.0804,0.583608,8.4095E-05,-0.000545908,0.00472473,0.191938,4.10493E-05,-8.68783E-06,1.45609E-05,3.88653E-05,-4.25078E-05,8.82717E-05
0.0021336,1.2665,0.67,4.8634,-0.0021793,0.022563,1.0098,0.001143,-0.00022855,0.00038145,0.001078,-0.0010358,0.002046,0.15198,0.0804,0.583608,7.7023E-05,-0.000414067,0.00428697,0.191862,4.12623E-05,-8.25066E-06,1.37703E-05,3.89158E-05,-3.73924E-05,7.38606E-05
0.0019677,1.2748,0.67,4.8634,-0.0015891,0.020659,1.0097,0.0011417,-0.00021536,0.00033278,0.0010818,-0.00090135,0.0017119,0.152976,0.0804,0.583608,7.1034E-05,-0.000301929,0.00392521,0.191843,4.12154E-05,-7.7745E-06,1.20134E-05,3.9053E-05,-3.25387E-05,6.17996E-05
0.0018909,1.283,0.67,4.8634,-0.0011093,0.019166,1.0115,0.0011334,-0.00020688,0.00027875,0.0011123,-0.00078015,0.001536,0.15396,0.0804,0.583608,6.82615E-05,-0.000210767,0.00364154,0.192185,4.09157E-05,-7.46837E-06,1.00629E-05,4.0154E-05,-2.81634E-05,5.54496E-05
0.0018755,1.2913,0.67,4.8634,-0.00071432,0.017767,1.0145,0.0011122,-0.00020359,0.00024678,0.0011671,-0.00064825,0.0014719,0.154956,0.0804,0.583608,6.77056E-05,-0.000135721,0.00337573,0.192755,4.01504E-05,-7.3496E-06,8.90876E-06,4.21323E-05,-2.34018E-05,5.31356E-05
0.001839,1.2995,0.67,4.8634,-0.00038198,0.016248,1.0163,0.0010835,-0.00019559,0.00022407,0.0012032,-0.000501,0.0013914,0.15594,0.0804,0.583608,6.63879E-05,-7.25762E-05,0.00308712,0.193097,3.91144E-05,-7.0608E-06,8.08893E-06,4.34355E-05,-1.80861E-05,5.02295E-05
0.0017495,1.3078,0.67,4.8634,-0.00015082,0.014825,1.0161,0.0010559,-0.0001721,0.00018302,0.0011691,-0.00036548,0.0012739,0.156936,0.0804,0.583608,6.3157E-05,-2.86558E-05,0.00281675,0.193059,3.8118E-05,-6.21281E-06,6.60702E-06,4.22045E-05,-1.31938E-05,4.59878E-05
0.0016384,1.316,0.67,4.8634,-7.70E-05,0.013782,1.0152,0.0010293,-0.00013655,0.00011943,0.0010512,-0.00024746,0.0011963,0.15792,0.0804,0.583608,5.91462E-05,-1.46376E-05,0.00261858,0.192888,3.71577E-05,-4.92946E-06,4.31142E-06,3.79483E-05,-8.93331E-06,4.31864E-05
0.0015397,1.3243,0.67,4.8634,-0.00016591,0.013192,1.0146,0.00099599,-0.00010531,4.75E-05,0.0008949,-0.0001323,0.0011884,0.158916,0.0804,0.583608,5.55832E-05,-3.15229E-05,0.00250648,0.192774,3.59552E-05,-3.80169E-06,1.71327E-06,3.23059E-05,-4.77603E-06,4.29012E-05
0.0014676,1.3326,0.67,4.8634,-0.000312,0.012945,1.0142,0.00095334,-8.63E-05,-2.66E-05,0.0007589,-3.48E-05,0.0012229,0.159912,0.0804,0.583608,5.29804E-05,-0.00005928,0.00245955,0.192698,3.44156E-05,-3.1172E-06,-9.61812E-07,2.73963E-05,-1.25455E-06,4.41467E-05
0.0014085,1.3408,0.67,4.8634,-0.00033622,0.012697,1.0135,0.00091507,-7.73E-05,-9.56E-05,0.00065531,1.95E-05,0.0012466,0.160896,0.0804,0.583608,5.08469E-05,-6.38818E-05,0.00241243,0.192565,3.3034E-05,-2.78876E-06,-3.4508E-06,2.36567E-05,7.03409E-07,4.50023E-05
0.0013178,1.3491,0.67,4.8634,-0.00013283,0.012108,1.0124,0.0008907,-7.62E-05,-0.00013573,0.00056203,2.07E-05,0.0011829,0.161892,0.0804,0.583608,4.75726E-05,-2.52377E-05,0.00230052,0.192356,3.21543E-05,-2.74963E-06,-4.89985E-06,2.02893E-05,7.46548E-07,4.27027E-05
0.0012181,1.3573,0.67,4.8634,0.00026747,0.011023,1.0109,0.00088124,-8.18E-05,-0.0001655,0.00047592,-2.86E-05,0.0010791,0.162876,0.0804,0.583608,4.39734E-05,5.08193E-05,0.00209437,0.192071,3.18128E-05,-2.9519E-06,-5.97455E-06,1.71807E-05,-1.0338E-06,3.89555E-05
0.0011552,1.3656,0.67,4.8634,0.00076896,0.0094748,1.0094,0.00087604,-9.22E-05,-0.00018635,0.0004232,-0.00010021,0.0010111,0.163872,0.0804,0.583608,4.17027E-05,0.000146102,0.001800212,0.191786,3.1625E-05,-3.32683E-06,-6.72724E-06,1.52775E-05,-3.61758E-06,3.65007E-05
0.0010934,1.3738,0.67,4.8634,0.001241,0.0077518,1.0089,0.00086306,-9.92E-05,-0.00017154,0.00041555,-0.00017212,0.0009081,0.164856,0.0804,0.583608,3.94717E-05,0.00023579,0.001472842,0.191691,3.11565E-05,-3.57975E-06,-6.19259E-06,1.50014E-05,-6.21353E-06,3.27824E-05
0.0010481,1.3821,0.67,4.8634,0.001561,0.0063507,1.0093,0.00084992,-9.47E-05,-0.00015048,0.00044032,-0.00022237,0.00080591,0.165852,0.0804,0.583608,3.78364E-05,0.00029659,0.001206633,0.191767,3.06821E-05,-3.41856E-06,-5.43233E-06,1.58956E-05,-8.02756E-06,2.90934E-05
0.0010366,1.3903,0.67,4.8634,0.0017482,0.0055281,1.01,0.00083766,-8.36E-05,-0.00011845,0.00048291,-0.00023785,0.00075269,0.166836,0.0804,0.583608,3.74213E-05,0.000332158,0.001050339,0.1919,3.02395E-05,-3.01843E-06,-4.27605E-06,1.74331E-05,-8.58639E-06,2.71721E-05
0.0010182,1.3986,0.67,4.8634,0.0019032,0.0050927,1.0108,0.00082417,-7.48E-05,-7.40E-05,0.0005291,-0.00024401,0.00068306,0.167832,0.0804,0.583608,3.6757E-05,0.000361608,0.000967613,0.192052,2.97525E-05,-2.70158E-06,-2.67241E-06,1.91005E-05,-8.80876E-06,2.46585E-05
0.0010243,1.4069,0.67,4.8634,0.0020876,0.0048175,1.0118,0.00081001,-7.52E-05,-3.03E-05,0.00057229,-0.00024236,0.00066622,0.168828,0.0804,0.583608,3.69772E-05,0.000396644,0.000915325,0.192242,2.92414E-05,-2.71313E-06,-1.09462E-06,2.06597E-05,-8.7492E-06,2.40505E-05
0.0010512,1.4151,0.67,4.8634,0.0022989,0.004634,1.0137,0.00079376,-8.52E-05,1.12E-05,0.00062218,-0.00024832,0.00068638,0.169812,0.0804,0.583608,3.79483E-05,0.000436791,0.00088046,0.192603,2.86547E-05,-3.07572E-06,4.05403E-07,2.24607E-05,-8.96435E-06,2.47783E-05
0.0011082,1.4234,0.67,4.8634,0.0024805,0.0044798,1.0164,0.00077365,-9.94E-05,4.28E-05,0.00070078,-0.00027349,0.00074199,0.170808,0.0804,0.583608,4.0006E-05,0.000471295,0.000851162,0.193116,2.79288E-05,-3.58787E-06,1.54411E-06,2.52982E-05,-9.87299E-06,2.67858E-05
0.0012202,1.4316,0.67,4.8634,0.0025728,0.0041865,1.0198,0.00074821,-0.00011401,6.69E-05,0.00083224,-0.00030633,0.00086005,0.171792,0.0804,0.583608,4.40492E-05,0.000488832,0.000795435,0.193762,2.70104E-05,-4.11576E-06,2.41617E-06,3.00439E-05,-1.10585E-05,3.10478E-05
0.0013607,1.4399,0.67,4.8634,0.0025448,0.0034739,1.0239,0.00072255,-0.00013091,7.80E-05,0.0010217,-0.00034682,0.0009771,0.172788,0.0804,0.583608,4.91213E-05,0.000483512,0.000660041,0.194541,2.60841E-05,-4.72585E-06,2.81407E-06,3.68834E-05,-1.25202E-05,3.52733E-05
0.0015183,1.4481,0.67,4.8634,0.0023799,0.0021032,1.0288,0.00069805,-0.00015494,8.82E-05,0.0012367,-0.00039436,0.0011018,0.173772,0.0804,0.583608,5.48106E-05,0.000452181,0.000399608,0.195472,2.51996E-05,-5.59333E-06,3.18467E-06,4.46449E-05,-1.42364E-05,3.9775E-05
0.0016565,1.4564,0.67,4.8634,0.002102,7.65E-05,1.0339,0.00067111,-0.00018307,0.0001124,0.0014251,-0.00045727,0.0012168,0.174768,0.0804,0.583608,5.97997E-05,0.00039938,1.45327E-05,0.196441,2.42271E-05,-6.60883E-06,4.05764E-06,5.14461E-05,-1.65074E-05,4.39265E-05
0.0017471,1.4647,0.67,4.8634,0.0017876,-0.0022675,1.0387,0.00064138,-0.00020477,0.00013941,0.0015409,-0.00053504,0.001312,0.175764,0.0804,0.583608,6.30703E-05,0.000339644,-0.000430825,0.197353,2.31538E-05,-7.3922E-06,5.0327E-06,5.56265E-05,-1.93149E-05,4.73632E-05
0.0017933,1.4729,0.67,4.8634,0.0015314,-0.0044443,1.043,0.00061677,-0.00021693,0.00016578,0.0015655,-0.00061683,0.0014042,0.176748,0.0804,0.583608,6.47381E-05,0.000290966,-0.000844417,0.19817,2.22654E-05,-7.83117E-06,5.98466E-06,5.65146E-05,-2.22676E-05,5.06916E-05
0.0018176,1.4812,0.67,4.8634,0.0013907,-0.00612,1.047,0.00060321,-0.00022473,0.00019878,0.0015204,-0.00069995,0.0015115,0.177744,0.0804,0.583608,6.56154E-05,0.000264233,-0.0011628,0.19893,2.17759E-05,-8.11275E-06,7.17596E-06,5.48864E-05,-2.52682E-05,5.45652E-05
0.0018598,1.4894,0.67,4.8634,0.001375,-0.0069825,1.0504,0.00059353,-0.00023161,0.00025188,0.0014516,-0.00078871,0.0016744,0.178728,0.0804,0.583608,6.71388E-05,0.00026125,-0.001326675,0.199576,2.14264E-05,-8.36112E-06,9.09287E-06,5.24028E-05,-2.84724E-05,6.04458E-05
0.0019349,1.4977,0.67,4.8634,0.001453,-0.0067156,1.0537,0.00057894,-0.00024164,0.00032247,0.001417,-0.00089641,0.0018739,0.179724,0.0804,0.583608,6.98499E-05,0.00027607,-0.001275964,0.200203,2.08997E-05,-8.7232E-06,1.16412E-05,5.11537E-05,-3.23604E-05,6.76478E-05
0.0020004,1.5059,0.67,4.8634,0.0016282,-0.005685,1.0569,0.00055939,-0.00026004,0.00038447,0.001442,-0.0010115,0.0019994,0.180708,0.0804,0.583608,7.22144E-05,0.000309358,-0.00108015,0.200811,2.0194E-05,-9.38744E-06,1.38794E-05,5.20562E-05,-3.65152E-05,7.21783E-05
0.0020197,1.5142,0.67,4.8634,0.002002,-0.0050115,1.0597,0.00053836,-0.00028204,0.00041977,0.0014747,-0.001089,0.0020264,0.181704,0.0804,0.583608,7.29112E-05,0.00038038,-0.000952185,0.201343,1.94348E-05,-1.01816E-05,1.51537E-05,5.32367E-05,-3.93129E-05,7.3153E-05
0.0019806,1.5224,0.67,4.8634,0.0026649,-0.0053726,1.0616,0.00051536,-0.00029349,0.00041928,0.0014577,-0.0011112,0.0019881,0.182688,0.0804,0.583608,7.14997E-05,0.000506331,-0.001020794,0.201704,1.86045E-05,-1.0595E-05,1.5136E-05,5.2623E-05,-4.01143E-05,7.17704E-05
0.001894,1.5307,0.67,4.8634,0.0035826,-0.006377,1.0632,0.00049072,-0.00028723,0.00039206,0.0014025,-0.0010928,0.0018947,0.183684,0.0804,0.583608,6.83734E-05,0.000680694,-0.00121163,0.202008,1.7715E-05,-1.0369E-05,1.41534E-05,5.06303E-05,-3.94501E-05,6.83987E-05
0.0018116,1.539,0.67,4.8634,0.0046252,-0.0073112,1.0646,0.00047133,-0.00026857,0.00035645,0.0013506,-0.0010641,0.0018012,0.18468,0.0804,0.583608,6.53988E-05,0.000878788,-0.001389128,0.202274,1.7015E-05,-9.69538E-06,1.28678E-05,4.87567E-05,-3.8414E-05,6.50233E-05
0.0017664,1.5472,0.67,4.8634,0.0056912,-0.0076583,1.0655,0.00046209,-0.00024788,0.00032458,0.0013249,-0.0010526,0.0017459,0.185664,0.0804,0.583608,6.3767E-05,0.001081328,-0.001455077,0.202445,1.66814E-05,-8.94847E-06,1.17173E-05,4.78289E-05,-3.79989E-05,6.3027E-05
0.0017513,1.5555,0.67,4.8634,0.006701,-0.0073424,1.0659,0.0004609,-0.00022715,0.0002918,0.0013161,-0.001065,0.0017255,0.18666,0.0804,0.583608,6.32219E-05,0.00127319,-0.001395056,0.202521,1.66385E-05,-8.20012E-06,1.0534E-05,4.75112E-05,-3.84465E-05,6.22906E-05
0.0017464,1.5637,0.67,4.8634,0.0075519,-0.0068686,1.0655,0.00046403,-0.00020233,0.00025401,0.0013007,-0.0010807,0.0017282,0.187644,0.0804,0.583608,6.3045E-05,0.001434861,-0.001305034,0.202445,1.67515E-05,-7.30411E-06,9.16976E-06,4.69553E-05,-3.90133E-05,6.2388E-05
0.0017299,1.572,0.67,4.8634,0.0082025,-0.0065682,1.0646,0.00046824,-0.00017649,0.00021708,0.0012722,-0.0010718,0.0017194,0.18864,0.0804,0.583608,6.24494E-05,0.001558475,-0.001247958,0.202274,1.69035E-05,-6.37129E-06,7.83659E-06,4.59264E-05,-3.8692E-05,6.20703E-05
0.0016917,1.5802,0.67,4.8634,0.0086961,-0.0063258,1.0634,0.00046953,-0.00015731,0.00019183,0.0012395,-0.0010278,0.0016745,0.189624,0.0804,0.583608,6.10704E-05,0.001652259,-0.001201902,0.202046,1.695E-05,-5.67889E-06,6.92506E-06,4.4746E-05,-3.71036E-05,6.04495E-05
0.0016331,1.5885,0.67,4.8634,0.0090334,-0.0058585,1.0616,0.00046827,-0.00014835,0.00017702,0.0012122,-0.00094777,0.0015856,0.19062,0.0804,0.583608,5.89549E-05,0.001716346,-0.001113115,0.201704,1.69045E-05,-5.35544E-06,6.39042E-06,4.37604E-05,-3.42145E-05,5.72402E-05
0.0015571,1.5968,0.67,4.8634,0.009179,-0.0048297,1.0586,0.00047289,-0.00014782,0.00015647,0.0011867,-0.00082694,0.0014547,0.191616,0.0804,0.583608,5.62113E-05,0.00174401,-0.000917643,0.201134,1.70713E-05,-5.3363E-06,5.64857E-06,4.28399E-05,-2.98525E-05,5.25147E-05
0.0014725,1.605,0.67,4.8634,0.0091887,-0.0030152,1.0543,0.000491,-0.00015414,0.00012393,0.001147,-0.00067175,0.001307,0.1926,0.0804,0.583608,5.31573E-05,0.001745853,-0.000572888,0.200317,1.77251E-05,-5.56445E-06,4.47387E-06,4.14067E-05,-2.42502E-05,4.71827E-05
0.0014022,1.6133,0.67,4.8634,0.0091824,-0.00044742,1.0499,0.00051707,-0.00016261,0.0001009,0.001092,-0.00051473,0.0011952,0.193596,0.0804,0.583608,5.06194E-05,0.001744656,-8.50098E-05,0.199481,1.86662E-05,-5.87022E-06,3.64249E-06,3.94212E-05,-1.85818E-05,4.31467E-05
0.0013676,1.6215,0.67,4.8634,0.0092151,0.0024458,1.0472,0.00054015,-0.0001654,0.0001087,0.0010401,-0.00038999,0.0011549,0.19458,0.0804,0.583608,4.93704E-05,0.001750869,0.000464702,0.198968,1.94994E-05,-5.97094E-06,3.92407E-06,3.75476E-05,-1.40786E-05,4.16919E-05
0.0013521,1.6298,0.67,4.8634,0.0092191,0.0051567,1.0466,0.00056756,-0.00016242,0.0001386,0.0010057,-0.00029272,0.0011311,0.195576,0.0804,0.583608,4.88108E-05,0.001751629,0.000979773,0.198854,2.04889E-05,-5.86336E-06,5.00346E-06,3.63058E-05,-1.05672E-05,4.08327E-05
0.0013143,1.638,0.67,4.8634,0.0090454,0.0074974,1.0478,0.00062437,-0.00016278,0.00015425,0.00098879,-0.00019413,0.0010155,0.19656,0.0804,0.583608,4.74462E-05,0.001718626,0.001424506,0.199082,2.25398E-05,-5.87636E-06,5.56843E-06,3.56953E-05,-7.00809E-06,3.66596E-05
0.001249,1.6463,0.67,4.8634,0.008577,0.009293,1.0502,0.00072474,-0.00017453,0.00012697,0.00097623,-8.71E-05,0.00079705,0.197556,0.0804,0.583608,4.50889E-05,0.00162963,0.00176567,0.199538,2.61631E-05,-6.30053E-06,4.58362E-06,3.52419E-05,-3.14474E-06,2.87735E-05
0.0012199,1.6545,0.67,4.8634,0.0078263,0.01026,1.0519,0.00085738,-0.00019288,9.40E-05,0.0009502,-9.97E-06,0.00063215,0.19854,0.0804,0.583608,4.40384E-05,0.001486997,0.0019494,0.199861,3.09514E-05,-6.96297E-06,3.39495E-06,3.43022E-05,-3.59874E-07,2.28206E-05
0.0013002,1.6628,0.67,4.8634,0.0069319,0.010563,1.0517,0.0010057,-0.00020964,0.00011432,0.00091561,-3.58E-07,0.00067904,0.199536,0.0804,0.583608,4.69372E-05,0.001317061,0.00200697,0.199823,3.63058E-05,-7.568E-06,4.12695E-06,3.30535E-05,-1.29361E-08,2.45133E-05
0.0014778,1.6711,0.67,4.8634,0.0060575,0.010938,1.0512,0.0011728,-0.0002285,0.00018726,0.00089626,-4.74E-05,0.00088653,0.200532,0.0804,0.583608,5.33486E-05,0.001150925,0.00207822,0.199728,4.23381E-05,-8.24885E-06,6.76009E-06,3.2355E-05,-1.70991E-06,3.20037E-05
0.0016899,1.6793,0.67,4.8634,0.0053013,0.012032,1.0518,0.0013703,-0.00025583,0.00028605,0.00093291,-0.00014948,0.0010766,0.201516,0.0804,0.583608,6.10054E-05,0.001007247,0.00228608,0.199842,4.94678E-05,-9.23546E-06,1.03264E-05,3.36781E-05,-5.39623E-06,3.88653E-05
0.0019284,1.6876,0.67,4.8634,0.004721,0.013704,1.0522,0.0015946,-0.0002886,0.00038471,0.0010594,-0.00031056,0.0012027,0.202512,0.0804,0.583608,6.96152E-05,0.00089699,0.00260376,0.199918,5.75651E-05,-1.04185E-05,1.3888E-05,3.82443E-05,-1.12112E-05,4.34175E-05
0.0021982,1.6958,0.67,4.8634,0.0044103,0.015147,1.0509,0.0018276,-0.00031685,0.00046293,0.0012166,-0.00050553,0.0013522,0.203496,0.0804,0.583608,7.9355E-05,0.000837957,0.00287793,0.199671,6.59764E-05,-1.14383E-05,1.67118E-05,4.39193E-05,-1.82496E-05,4.88144E-05
0.0023938,1.7041,0.67,4.8634,0.0044393,0.015377,1.0489,0.0020493,-0.00033508,0.00050552,0.0012852,-0.00063877,0.0014531,0.204492,0.0804,0.583608,8.64162E-05,0.000843467,0.00292163,0.199291,7.39797E-05,-1.20964E-05,1.82493E-05,4.63957E-05,-2.30596E-05,5.24569E-05
0.0024015,1.7123,0.67,4.8634,0.0047082,0.014064,1.0477,0.002247,-0.00035959,0.00049175,0.0012617,-0.00061458,0.0012943,0.205476,0.0804,0.583608,8.66942E-05,0.000894558,0.00267216,0.199063,8.11167E-05,-1.29812E-05,1.77522E-05,4.55474E-05,-2.21863E-05,4.67242E-05
0.0023259,1.7206,0.67,4.8634,0.0049988,0.012042,1.0475,0.002407,-0.00041217,0.00044466,0.001249,-0.00051695,0.00099586,0.206472,0.0804,0.583608,8.3965E-05,0.000949772,0.00228798,0.199025,8.68927E-05,-1.48793E-05,1.60522E-05,4.50889E-05,-1.86619E-05,3.59505E-05
0.0023042,1.7289,0.67,4.8634,0.0051507,0.010403,1.0473,0.0025069,-0.00048659,0.00041323,0.0012992,-0.00044974,0.00080226,0.207468,0.0804,0.583608,8.31816E-05,0.000978633,0.00197657,0.198987,9.04991E-05,-1.75659E-05,1.49176E-05,4.69011E-05,-1.62356E-05,2.89616E-05
0.0023156,1.7371,0.67,4.8634,0.0051211,0.009835,1.0472,0.0025317,-0.00056436,0.00039713,0.0013973,-0.0004007,0.00070229,0.208452,0.0804,0.583608,8.35932E-05,0.000973009,0.00186865,0.198968,9.13944E-05,-2.03734E-05,1.43364E-05,5.04425E-05,-1.44653E-05,2.53527E-05
0.0023142,1.7454,0.67,4.8634,0.0049683,0.010539,1.0477,0.0024946,-0.00063854,0.00038221,0.0015098,-0.0003495,0.00062403,0.209448,0.0804,0.583608,8.35426E-05,0.000943977,0.00200241,0.199063,9.00551E-05,-2.30513E-05,1.37978E-05,5.45038E-05,-1.2617E-05,2.25275E-05
0.0023104,1.7536,0.67,4.8634,0.0048003,0.012123,1.0493,0.0024247,-0.00070756,0.00036768,0.0016325,-0.00028031,0.0005637,0.210432,0.0804,0.583608,8.34054E-05,0.000912057,0.00230337,0.199367,8.75317E-05,-2.55429E-05,1.32732E-05,5.89333E-05,-1.01192E-05,2.03496E-05
0.0023197,1.7619,0.67,4.8634,0.0047028,0.013634,1.0514,0.0023416,-0.00076014,0.00036665,0.0017428,-0.00019845,0.00055509,0.211428,0.0804,0.583608,8.37412E-05,0.000893532,0.00259046,0.199766,8.45318E-05,-2.74411E-05,1.32361E-05,6.29151E-05,-7.16405E-06,2.00387E-05
0.0023086,1.7701,0.67,4.8634,0.0047505,0.014046,1.0535,0.0022518,-0.00077265,0.00041291,0.0017512,-0.00016651,0.00061423,0.212412,0.0804,0.583608,8.33405E-05,0.000902595,0.00266874,0.200165,8.129E-05,-2.78927E-05,1.49061E-05,6.32183E-05,-6.01101E-06,2.21737E-05
0.0022746,1.7784,0.67,4.8634,0.0050302,0.013066,1.0551,0.0021537,-0.00074101,0.00050306,0.0016497,-0.00023108,0.00074581,0.213408,0.0804,0.583608,8.21131E-05,0.000955738,0.00248254,0.200469,7.77486E-05,-2.67505E-05,1.81605E-05,5.95542E-05,-8.34199E-06,2.69237E-05
0.0022596,1.7866,0.67,4.8634,0.0055821,0.011116,1.0556,0.0020495,-0.0007044,0.00058501,0.001546,-0.00036753,0.00092375,0.214392,0.0804,0.583608,8.15716E-05,0.001060599,0.00211204,0.200564,7.3987E-05,-2.54288E-05,2.11189E-05,5.58106E-05,-1.32678E-05,3.33474E-05
0.0022639,1.7949,0.67,4.8634,0.0063517,0.0089404,1.0548,0.0019471,-0.00070657,0.00061749,0.0015053,-0.00050809,0.0010755,0.215388,0.0804,0.583608,8.17268E-05,0.001206823,0.001698676,0.200412,7.02903E-05,-2.55072E-05,2.22914E-05,5.43413E-05,-1.8342E-05,3.88256E-05
0.0022607,1.8032,0.67,4.8634,0.0072068,0.0074464,1.0531,0.0018513,-0.00075292,0.00059718,0.001516,-0.00060335,0.0011542,0.216384,0.0804,0.583608,8.16113E-05,0.001369292,0.001414816,0.200089,6.68319E-05,-2.71804E-05,2.15582E-05,5.47276E-05,-2.17809E-05,4.16666E-05
0.0022573,1.8114,0.67,4.8634,0.0080129,0.0072289,1.0518,0.0017641,-0.00080943,0.00056359,0.0015617,-0.0006623,0.0011888,0.217368,0.0804,0.583608,8.14885E-05,0.001522451,0.001373491,0.199842,6.3684E-05,-2.92204E-05,2.03456E-05,5.63774E-05,-2.3909E-05,4.29157E-05
0.0022994,1.8197,0.67,4.8634,0.0087151,0.008043,1.0513,0.0016876,-0.00083135,0.00057805,0.0016463,-0.00073577,0.0012649,0.218364,0.0804,0.583608,8.30083E-05,0.001655869,0.00152817,0.199747,6.09224E-05,-3.00117E-05,2.08676E-05,5.94314E-05,-2.65613E-05,4.56629E-05
0.0023917,1.8279,0.67,4.8634,0.0093902,0.0092005,1.0513,0.001619,-0.00080456,0.00065026,0.0017479,-0.00084724,0.0014166,0.219348,0.0804,0.583608,8.63404E-05,0.001784138,0.001748095,0.199747,5.84459E-05,-2.90446E-05,2.34744E-05,6.30992E-05,-3.05854E-05,5.11393E-05
0.0024798,1.8362,0.67,4.8634,0.010247,0.010177,1.0506,0.001548,-0.00075104,0.00073831,0.0018289,-0.00097271,0.0015828,0.220344,0.0804,0.583608,8.95208E-05,0.00194693,0.00193363,0.199614,5.58828E-05,-2.71125E-05,2.6653E-05,6.60233E-05,-3.51148E-05,5.71391E-05
0.0025193,1.8446,0.67,4.8634,0.011496,0.010731,1.049,0.0014601,-0.00068638,0.00078209,0.0018632,-0.0010734,0.0017152,0.221352,0.0804,0.583608,9.09467E-05,0.00218424,0.00203889,0.19931,5.27096E-05,-2.47783E-05,2.82334E-05,6.72615E-05,-3.87497E-05,6.19187E-05
0.0025014,1.8534,0.67,4.8634,0.013144,0.010949,1.0476,0.0013485,-0.00060155,0.0007579,0.0018417,-0.0011147,0.0018126,0.222408,0.0804,0.583608,9.03005E-05,0.00249736,0.00208031,0.199044,4.86809E-05,-2.1716E-05,2.73602E-05,6.64854E-05,-4.02407E-05,6.54349E-05
0.0024383,1.8626,0.67,4.8634,0.014905,0.010812,1.0473,0.0012228,-0.00049742,0.00067763,0.0017873,-0.0010985,0.0018664,0.223512,0.0804,0.583608,8.80226E-05,0.00283195,0.00205428,0.198987,4.41431E-05,-1.79569E-05,2.44624E-05,6.45215E-05,-3.96559E-05,6.7377E-05
0.0023411,1.8723,0.67,4.8634,0.016356,0.010755,1.0483,0.0010969,-0.00037357,0.00057503,0.001721,-0.0010454,0.0018643,0.224676,0.0804,0.583608,8.45137E-05,0.00310764,0.00204345,0.199177,3.95981E-05,-1.34859E-05,2.07586E-05,6.21281E-05,-3.77389E-05,6.73012E-05
0.0022152,1.8824,0.67,4.8634,0.017266,0.010471,1.05,0.0009792,-0.0002356,0.00048725,0.0016205,-0.00093345,0.0018308,0.225888,0.0804,0.583608,7.99687E-05,0.00328054,0.00198949,0.1995,3.53491E-05,-8.50516E-06,1.75897E-05,5.85001E-05,-3.36975E-05,6.60919E-05
0.0020714,1.8931,0.67,4.8634,0.017778,0.0089993,1.0498,0.00088507,-0.00010538,0.00040316,0.0014511,-0.0007451,0.0018067,0.227172,0.0804,0.583608,7.47775E-05,0.00337782,0.001709867,0.199462,3.1951E-05,-3.80422E-06,1.45541E-05,5.23847E-05,-2.68981E-05,6.52219E-05
0.0018908,1.9042,0.67,4.8634,0.01817,0.007259,1.0485,0.00083191,3.96E-06,0.00031917,0.0012118,-0.00055248,0.0017379,0.228504,0.0804,0.583608,6.82579E-05,0.0034523,0.00137921,0.199215,3.0032E-05,1.42812E-07,1.1522E-05,4.3746E-05,-1.99445E-05,6.27382E-05
0.0017257,1.9159,0.67,4.8634,0.018503,0.0069626,1.0468,0.00081989,7.62E-05,0.00023175,0.00094623,-0.00043975,0.0016853,0.229908,0.0804,0.583608,6.22978E-05,0.00351557,0.001322894,0.198892,2.9598E-05,2.74934E-06,8.36618E-06,3.41589E-05,-1.5875E-05,6.08393E-05
0.001546,1.9282,0.67,4.8634,0.018506,0.0081863,1.0443,0.00084283,0.00012178,0.00014326,0.0007595,-0.00032611,0.0014897,0.231384,0.0804,0.583608,5.58106E-05,0.00351614,0.001555397,0.198417,3.04262E-05,4.39626E-06,5.17169E-06,2.7418E-05,-1.17726E-05,5.37782E-05
0.0014595,1.941,0.67,4.8634,0.017883,0.0083557,1.0422,0.00090293,0.00015567,0.00011243,0.00069563,-0.00018469,0.0013204,0.23292,0.0804,0.583608,5.2688E-05,0.00339777,0.001587583,0.198018,3.25958E-05,5.61969E-06,4.05872E-06,2.51122E-05,-6.66731E-06,4.76664E-05
0.001474,1.9545,0.67,4.8634,0.016626,0.0066521,1.0374,0.00098423,0.00015485,5.40E-05,0.00070298,-0.00012652,0.0012608,0.23454,0.0804,0.583608,5.32114E-05,0.00315894,0.001263899,0.197106,3.55307E-05,5.59009E-06,1.95117E-06,2.53776E-05,-4.56737E-06,4.55149E-05
0.0014528,1.9686,0.67,4.8634,0.015221,0.0037582,1.0332,0.0010606,7.16E-05,-2.09E-05,0.0007223,-0.00015535,0.0011227,0.236232,0.0804,0.583608,5.24461E-05,0.00289199,0.000714058,0.196308,3.82877E-05,2.58397E-06,-7.54671E-07,2.6075E-05,-5.60814E-06,4.05295E-05
0.0014948,1.9833,0.67,4.8634,0.014114,-0.0009291,1.0321,0.001143,-5.24E-05,-5.38E-05,0.0006384,-0.00015349,0.0012081,0.237996,0.0804,0.583608,5.39623E-05,0.00268166,-0.000176529,0.196099,4.12623E-05,-1.892E-06,-1.94056E-06,2.30462E-05,-5.54099E-06,4.36124E-05
0.0017239,1.9988,0.67,4.8634,0.012544,-0.0051926,1.0309,0.001207,-5.58E-05,0.00011775,0.00056919,3.42E-05,0.0016715,0.239856,0.0804,0.583608,6.22328E-05,0.00238336,-0.000986594,0.195871,4.35727E-05,-2.01452E-06,4.25078E-06,2.05478E-05,1.23494E-06,6.03412E-05
0.0020951,2.0149,0.67,4.8634,0.0097504,-0.0078065,1.0247,0.0012032,3.19E-05,0.00030182,0.0006133,0.00011686,0.0023737,0.241788,0.0804,0.583608,7.56331E-05,0.001852576,-0.001483235,0.194693,4.34355E-05,1.15083E-06,1.08957E-05,2.21401E-05,4.21865E-06,8.56906E-05
0.0024915,2.0319,0.67,4.8634,0.0065988,-0.011086,1.0161,0.0011427,7.78E-05,0.00036128,0.00066909,-3.94E-05,0.0031711,0.243828,0.0804,0.583608,8.99432E-05,0.001253772,-0.00210634,0.193059,4.12515E-05,2.80789E-06,1.30422E-05,2.41541E-05,-1.42227E-06,0.000114477
0.0027004,2.0496,0.67,4.8634,0.0038389,-0.013882,1.0097,0.0011108,2.50E-05,0.00062977,0.00064856,-0.00010666,0.0036414,0.245952,0.0804,0.583608,9.74844E-05,0.000729391,-0.00263758,0.191843,4.00999E-05,9.01886E-07,2.27347E-05,2.3413E-05,-3.85043E-06,0.000131455
0.0035069,2.0681,0.67,4.8634,0.0020166,-0.0086841,0.99651,0.0011999,-0.00010725,0.0012635,0.00070683,-0.00018517,0.0051071,0.248172,0.0804,0.583608,0.000126599,0.000383154,-0.001649979,0.1893369,4.33164E-05,-3.87173E-06,4.56124E-05,2.55166E-05,-6.68464E-06,0.000184366
0.0046628,2.0875,0.67,4.8634,0.0019868,0.0019552,0.98509,0.0014102,-0.00032091,0.0018923,0.0010263,-0.00072689,0.0068891,0.2505,0.0804,0.583608,0.000168327,0.000377492,0.000371488,0.1871671,5.09082E-05,-1.15849E-05,6.8312E-05,3.70494E-05,-2.62407E-05,0.000248697
0.005147,2.1078,0.67,4.8634,0.0046794,0.011641,0.97477,0.0016492,-0.00038241,0.0021118,0.0012743,-0.0011382,0.0073704,0.252936,0.0804,0.583608,0.000185807,0.000889086,0.00221179,0.1852063,5.95361E-05,-1.3805E-05,7.6236E-05,4.60022E-05,-4.1089E-05,0.000266071
0.0051796,2.129,0.67,4.8634,0.009285,0.013952,0.96653,0.0017844,-0.00039207,0.0024367,0.0012187,-0.0012145,0.0073561,0.25548,0.0804,0.583608,0.000186984,0.00176415,0.00265088,0.1836407,6.44168E-05,-1.41537E-05,8.79649E-05,4.39951E-05,-4.38435E-05,0.000265555
0.0041729,2.1511,0.67,4.8634,0.011536,0.015008,0.9655,0.001834,-0.00013715,0.002283,0.0010132,-0.00058214,0.0054987,0.258132,0.0804,0.583608,0.000150642,0.00219184,0.00285152,0.183445,6.62074E-05,-4.95112E-06,8.24163E-05,3.65765E-05,-2.10153E-05,0.000198503
0.0034783,2.1743,0.67,4.8634,0.010363,0.019085,0.96169,0.0017494,0.00039091,0.0016285,0.00098577,0.00028754,0.0042213,0.260916,0.0804,0.583608,0.000125567,0.00196897,0.00362615,0.1827211,6.31533E-05,1.41119E-05,5.87889E-05,3.55863E-05,1.03802E-05,0.000152389
0.0034997,2.1984,0.67,4.8634,0.0081967,0.0217,0.95813,0.0014832,0.00070908,0.0012798,0.0014602,0.00056008,0.0040561,0.263808,0.0804,0.583608,0.000126339,0.001557373,0.004123,0.1820447,5.35435E-05,2.55978E-05,4.62008E-05,5.27132E-05,2.02189E-05,0.000146425
0.0035758,2.2237,0.67,4.8634,0.0066573,0.019303,0.94125,0.001233,0.00069684,0.0010396,0.0019488,0.00082576,0.0039698,0.266844,0.0804,0.583608,0.000129086,0.001264887,0.00366757,0.1788375,4.45113E-05,2.51559E-05,3.75296E-05,7.03517E-05,2.98099E-05,0.00014331
0.0049824,2.2501,0.67,4.8634,0.0057977,0.01656,0.92155,0.001004,0.00027845,0.0013005,0.0021434,0.00075364,0.0068173,0.270012,0.0804,0.583608,0.000179865,0.001101563,0.0031464,0.1750945,3.62444E-05,1.0052E-05,4.69481E-05,7.73767E-05,2.72064E-05,0.000246105
0.0048651,2.2776,0.67,4.8634,0.0040197,0.025419,0.89536,0.00088225,4.61E-05,0.0013765,0.0021278,0.00012786,0.0067201,0.273312,0.0804,0.583608,0.00017563,0.000763743,0.00482961,0.1701184,3.18492E-05,1.66526E-06,4.96917E-05,7.68136E-05,4.61575E-06,0.000242596
0.0049279,2.3063,0.67,4.8634,0.00012673,0.036209,0.88265,0.00095445,0.00030866,0.0011926,0.0017975,-0.00052278,0.0071038,0.276756,0.0804,0.583608,0.000177897,2.40787E-05,0.00687971,0.1677035,3.44556E-05,1.11426E-05,4.30529E-05,6.48898E-05,-1.88724E-05,0.000256447
0.0051387,2.3362,0.67,4.8634,-0.0051942,0.043176,0.88074,0.0011371,0.0003592,0.0012406,0.0018057,-0.00085532,0.0073346,0.280344,0.0804,0.583608,0.000185507,-0.000986898,0.00820344,0.1673406,4.10493E-05,1.29671E-05,4.47857E-05,6.51858E-05,-3.08771E-05,0.000264779
0.0049528,2.3674,0.67,4.8634,-0.008541,0.047432,0.85869,0.0013927,7.37E-05,0.0014439,0.0023525,-0.0012633,0.0061604,0.284088,0.0804,0.583608,0.000178796,-0.00162279,0.00901208,0.1631511,5.02765E-05,2.66104E-06,5.21248E-05,8.49253E-05,-4.56051E-05,0.00022239
0.0059011,2.3999,0.67,4.8634,-0.0069522,0.054081,0.83205,0.0014773,0.00020331,0.0013668,0.0031943,2.80E-05,0.0071306,0.287988,0.0804,0.583608,0.00021303,-0.001320918,0.01027539,0.1580895,5.33305E-05,7.33949E-06,4.93415E-05,0.000115314,1.0112E-06,0.000257415
0.0051416,2.4338,0.67,4.8634,-0.0025472,0.051751,0.77603,0.0011248,0.00023012,0.00098014,0.0030029,0.0012782,0.0061555,0.292056,0.0804,0.583608,0.000185612,-0.000483968,0.00983269,0.1474457,4.06053E-05,8.30733E-06,3.53831E-05,0.000108405,4.6143E-05,0.000222214
0.0034871,2.4691,0.67,4.8634,-0.0002114,0.039126,0.65607,0.00043666,1.02E-05,0.00055906,0.0018473,0.00078263,0.0046902,0.296292,0.0804,0.583608,0.000125884,-0.000040166,0.00743394,0.1246533,1.57634E-05,3.66993E-07,2.01821E-05,6.66875E-05,2.82529E-05,0.000169316
0.0013074,2.5058,0.67,4.8634,0.0002633,0.01719,0.28813,2.99E-05,2.01E-06,9.76E-05,0.00070235,0.00030892,0.0018825,0.300696,0.0804,0.583608,4.71971E-05,0.000050027,0.0032661,0.0547447,1.07881E-06,7.25032E-08,3.52156E-06,2.53548E-05,1.1152E-05,6.79583E-05
1.26E-06,2.544,0.67,4.8634,0.00030662,6.44E-14,8.01E-19,2.52E-06,5.29E-16,-9.33E-21,1.11E-25,-1.95E-30,7.95E-34,0.30528,0.0804,0.583608,4.55329E-08,5.82578E-05,1.22337E-14,1.5219E-19,9.10695E-08,1.90991E-17,-3.36925E-22,4.0053E-27,-7.02217E-32,2.87067E-35
0,2.5837,0.67,4.8634,0,0,0,0,0,0,0,0,0,0.310044,0.0804,0.583608,0,0,0,0,0,0,0,0,0,0
0,2.625,0.67,4.8634,0,0,0,0,0,0,0,0,0,0.315,0.0804,0.583608,0,0,0,0,0,0,0,0,0,0
0,-0.125,0.67,4.9015,0,0,0,0,0,0,0,0,0,-0.015,0.0804,0.58818,0,0,0,0,0,0,0,0,0,0
0,-0.083719,0.67,4.9015,0,0,0,0,0,0,0,0,0,-0.01004628,0.0804,0.58818,0,0,0,0,0,0,0,0,0,0
4.19E-08,-0.044001,0.67,4.9015,-0.0006548,-1.80E-13,2.85E-17,8.39E-08,2.30E-17,-3.53E-21,6.32E-27,-9.67E-31,1.69E-34,-0.00528012,0.0804,0.58818,1.51418E-09,-0.000124412,-3.41069E-14,5.41424E-18,3.02836E-09,8.3095E-19,-1.27303E-22,2.28015E-28,-3.49249E-32,6.08646E-36
0.0012283,-0.0058053,0.67,4.9015,-0.0022469,0.022049,0.3597,1.21E-05,-2.74E-05,-2.88E-05,0.00078291,-0.00013757,0.0016617,-0.000696636,0.0804,0.58818,4.43416E-05,-0.000426911,0.00418931,0.068343,4.3616E-07,-9.89898E-07,-1.03889E-06,2.82631E-05,-4.96628E-06,5.99874E-05
0.0031921,0.030909,0.67,4.9015,-0.0077491,0.049992,0.81533,0.00019148,-0.00016131,-0.00016469,0.0020394,-0.00035953,0.0041533,0.00370908,0.0804,0.58818,0.000115235,-0.001472329,0.00949848,0.1549127,6.91243E-06,-5.82329E-06,-5.94531E-06,7.36223E-05,-1.2979E-05,0.000149934
0.0034674,0.066184,0.67,4.9015,-0.015983,0.045487,0.9251,0.00054213,-0.00023209,-0.00033486,0.0017866,-0.00021659,0.004606,0.00794208,0.0804,0.58818,0.000125173,-0.00303677,0.00864253,0.175769,1.95709E-05,-8.37845E-06,-1.20884E-05,6.44963E-05,-7.8189E-06,0.000166277
0.0039138,0.10006,0.67,4.9015,-0.020948,0.03265,0.95474,0.00072659,-0.0001766,-0.00028143,0.001231,-0.00026939,0.0058701,0.0120072,0.0804,0.58818,0.000141288,-0.00398012,0.0062035,0.1814006,2.62299E-05,-6.37526E-06,-1.01596E-05,4.44391E-05,-9.72498E-06,0.000211911
0.0040068,0.13258,0.67,4.9015,-0.021395,0.024126,0.9811,0.00060928,-3.74E-05,-7.10E-05,0.0012991,-0.00095103,0.0061052,0.0159096,0.0804,0.58818,0.000144645,-0.00406505,0.00458394,0.186409,2.1995E-05,-1.35173E-06,-2.56223E-06,4.68975E-05,-3.43322E-05,0.000220398
0.0028705,0.16379,0.67,4.9015,-0.020025,0.010652,1.0079,0.00048828,9.10E-05,-7.92E-05,0.001105,-0.00074824,0.0041477,0.0196548,0.0804,0.58818,0.000103625,-0.00380475,0.00202388,0.191501,1.76269E-05,3.28514E-06,-2.85778E-06,3.98905E-05,-2.70115E-05,0.000149732
0.0023977,0.19372,0.67,4.9015,-0.018739,0.004675,1.0125,0.00056984,0.00017434,-0.00028631,0.00098758,-0.00026924,0.0032379,0.0232464,0.0804,0.58818,8.6557E-05,-0.00356041,0.00088825,0.192375,2.05712E-05,6.29367E-06,-1.03358E-05,3.56516E-05,-9.71956E-06,0.000116888
0.0030084,0.22242,0.67,4.9015,-0.016842,0.0077119,1.019,0.00077002,0.00013683,-0.00087604,0.0010052,-0.00041994,0.0042415,0.0266904,0.0804,0.58818,0.000108603,-0.00319998,0.001465261,0.19361,2.77977E-05,4.93956E-06,-3.1625E-05,3.62877E-05,-1.51598E-05,0.000153118
0.0028982,0.24993,0.67,4.9015,-0.016576,0.014084,1.0306,0.00097472,-0.00010335,-0.00096317,0.0010515,-0.00032224,0.0037702,0.0299916,0.0804,0.58818,0.000104625,-0.00314944,0.00267596,0.195814,3.51874E-05,-3.73094E-06,-3.47704E-05,3.79592E-05,-1.16329E-05,0.000136104
0.0023239,0.27629,0.67,4.9015,-0.01864,0.020133,1.0358,0.0010641,-5.45E-05,-0.00089865,0.0010205,-0.00016475,0.0025632,0.0331548,0.0804,0.58818,8.38928E-05,-0.0035416,0.00382527,0.196802,3.8414E-05,-1.96637E-06,-3.24413E-05,3.68401E-05,-5.94748E-06,9.25315E-05
0.0027964,0.30154,0.67,4.9015,-0.019587,0.020908,1.036,0.0010919,0.00017187,-0.00087799,0.0010476,-0.0001657,0.0034533,0.0361848,0.0804,0.58818,0.00010095,-0.00372153,0.00397252,0.19684,3.94176E-05,6.20451E-06,-3.16954E-05,3.78184E-05,-5.98177E-06,0.000124664
0.0033382,0.32572,0.67,4.9015,-0.018661,0.014071,1.0371,0.0011043,0.00018509,-0.00080731,0.0014246,-0.00061107,0.0041477,0.0390864,0.0804,0.58818,0.000120509,-0.00354559,0.00267349,0.197049,3.98652E-05,6.68175E-06,-2.91439E-05,5.14281E-05,-2.20596E-05,0.000149732
0.0033684,0.34887,0.67,4.9015,-0.01826,0.0084242,1.0538,0.0011423,0.00012373,-0.00092601,0.0016399,-0.0010044,0.0039546,0.0418644,0.0804,0.58818,0.000121599,-0.0034694,0.001600598,0.200222,4.1237E-05,4.46665E-06,-3.3429E-05,5.92004E-05,-3.62588E-05,0.000142761
0.0029856,0.37102,0.67,4.9015,-0.0193,0.012695,1.0563,0.0012307,0.00019033,-0.00054695,0.0016466,-0.00093817,0.0030939,0.0445224,0.0804,0.58818,0.00010778,-0.003667,0.00241205,0.200697,4.44283E-05,6.87091E-06,-1.97449E-05,5.94423E-05,-3.38679E-05,0.00011169
0.0026256,0.39221,0.67,4.9015,-0.02074,0.020977,1.0512,0.0012784,0.00034389,-0.0005449,0.0016143,-0.00061489,0.0023585,0.0470652,0.0804,0.58818,9.47842E-05,-0.0039406,0.00398563,0.199728,4.61502E-05,1.24144E-05,-1.96709E-05,5.82762E-05,-2.21975E-05,8.51419E-05
0.0021585,0.41248,0.67,4.9015,-0.022264,0.027513,1.0484,0.001327,0.0002675,-0.0004603,0.001425,-0.00039724,0.0015649,0.0494976,0.0804,0.58818,7.79219E-05,-0.00423016,0.00522747,0.199196,4.79047E-05,9.65675E-06,-1.66168E-05,5.14425E-05,-1.43404E-05,5.64929E-05
0.0019984,0.43187,0.67,4.9015,-0.023781,0.03087,1.0499,0.0013239,5.10E-05,-0.00010749,0.0013208,-0.00051813,0.001352,0.0518244,0.0804,0.58818,7.21422E-05,-0.00451839,0.0058653,0.199481,4.77928E-05,1.83944E-06,-3.88039E-06,4.76809E-05,-1.87045E-05,4.88072E-05
0.0020928,0.4504,0.67,4.9015,-0.024902,0.033492,1.0496,0.0012352,-5.72E-06,-9.36E-05,0.0012544,-0.00066406,0.001696,0.054048,0.0804,0.58818,7.55501E-05,-0.00473138,0.00636348,0.199424,4.45907E-05,-2.06654E-07,-3.37993E-06,4.52838E-05,-2.39726E-05,6.12256E-05
0.0024733,0.46812,0.67,4.9015,-0.025604,0.034269,1.0473,0.0011795,9.84E-05,-0.00016838,0.0014411,-0.0010312,0.002326,0.0561744,0.0804,0.58818,8.92861E-05,-0.00486476,0.00651111,0.198987,4.258E-05,3.55199E-06,-6.07852E-06,5.20237E-05,-3.72263E-05,8.39686E-05
0.0025978,0.48504,0.67,4.9015,-0.026019,0.032368,1.0519,0.0011577,0.00018187,-0.00021046,0.0016133,-0.0012387,0.0024246,0.0582048,0.0804,0.58818,9.37806E-05,-0.00494361,0.00614992,0.199861,4.1793E-05,6.56551E-06,-7.59761E-06,5.82401E-05,-4.47171E-05,8.75281E-05
0.0025426,0.50122,0.67,4.9015,-0.026385,0.030772,1.0573,0.0011216,0.00011714,-0.00019032,0.001717,-0.0011998,0.0022467,0.0601464,0.0804,0.58818,9.17879E-05,-0.00501315,0.00584668,0.200887,4.04898E-05,4.22875E-06,-6.87055E-06,6.19837E-05,-4.33128E-05,8.11059E-05
0.0025956,0.51667,0.67,4.9015,-0.026229,0.031554,1.0577,0.0011168,3.21E-05,-0.00013868,0.0019339,-0.0011742,0.0021404,0.0620004,0.0804,0.58818,9.37012E-05,-0.00498351,0.00599526,0.200963,4.03165E-05,1.15715E-06,-5.00635E-06,6.98138E-05,-4.23886E-05,7.72684E-05
0.0024183,0.53142,0.67,4.9015,-0.0255,0.031632,1.0604,0.0011392,5.83E-05,-8.15E-05,0.0020008,-0.00098746,0.0016965,0.0637704,0.0804,0.58818,8.73006E-05,-0.004845,0.00601008,0.201476,4.11251E-05,2.10528E-06,-2.94229E-06,7.22289E-05,-3.56473E-05,6.12437E-05
0.0022054,0.54551,0.67,4.9015,-0.025102,0.030006,1.0634,0.0011005,0.00011549,-3.69E-05,0.0018975,-0.00079161,0.0014128,0.0654612,0.0804,0.58818,7.96149E-05,-0.00476938,0.00570114,0.202046,3.97281E-05,4.16919E-06,-1.33281E-06,6.84998E-05,-2.85771E-05,5.10021E-05
0.0019683,0.55896,0.67,4.9015,-0.025037,0.028378,1.0619,0.00099308,0.00010848,-5.47E-05,0.0016468,-0.00059083,0.0012967,0.0670752,0.0804,0.58818,7.10556E-05,-0.00475703,0.00539182,0.201761,3.58502E-05,3.91613E-06,-1.9755E-06,5.94495E-05,-2.1329E-05,4.68109E-05
0.0017927,0.5718,0.67,4.9015,-0.025046,0.025083,1.0585,0.00087319,4.90E-05,-0.00017475,0.0013839,-0.00027648,0.0013282,0.068616,0.0804,0.58818,6.47165E-05,-0.00475874,0.00476577,0.201115,3.15222E-05,1.76796E-06,-6.30848E-06,4.99588E-05,-9.98093E-06,4.7948E-05
0.0017436,0.58405,0.67,4.9015,-0.025342,0.020952,1.0597,0.00077941,8.75E-06,-0.00027671,0.0014414,-1.38E-05,0.0012663,0.070086,0.0804,0.58818,6.2944E-05,-0.00481498,0.00398088,0.201343,2.81367E-05,3.15962E-07,-9.98923E-06,5.20345E-05,-4.9883E-07,4.57134E-05
0.0017759,0.59575,0.67,4.9015,-0.025949,0.01866,1.0634,0.00072879,5.80E-05,-0.00035374,0.0017001,4.18E-05,0.0011229,0.07149,0.0804,0.58818,6.411E-05,-0.00493031,0.0035454,0.202046,2.63093E-05,2.0921E-06,-1.277E-05,6.13736E-05,1.5097E-06,4.05367E-05
0.0018652,0.6069,0.67,4.9015,-0.026639,0.017242,1.0665,0.00072619,0.00014369,-0.0004487,0.0018624,4.00E-05,0.0011417,0.072828,0.0804,0.58818,6.73337E-05,-0.00506141,0.00327598,0.202635,2.62155E-05,5.18721E-06,-1.61981E-05,6.72326E-05,1.4423E-06,4.12154E-05
0.0019538,0.61755,0.67,4.9015,-0.027046,0.01538,1.0697,0.00077088,0.00019431,-0.00050096,0.0019154,0.00010679,0.0012214,0.074106,0.0804,0.58818,7.05322E-05,-0.00513874,0.0029222,0.203243,2.78288E-05,7.01459E-06,-1.80847E-05,6.91459E-05,3.85512E-06,4.40925E-05
0.002051,0.6277,0.67,4.9015,-0.026924,0.01246,1.0739,0.00084546,0.00021095,-0.00051974,0.0018314,0.00023086,0.001425,0.075324,0.0804,0.58818,7.40411E-05,-0.00511556,0.0023674,0.204041,3.05211E-05,7.6153E-06,-1.87626E-05,6.61135E-05,8.33405E-06,5.14425E-05
0.0020921,0.63738,0.67,4.9015,-0.026435,0.0086059,1.0776,0.00091933,0.00021332,-0.00046869,0.0016741,0.0003676,0.0015907,0.0764856,0.0804,0.58818,7.55248E-05,-0.00502265,0.001635121,0.204744,3.31878E-05,7.70085E-06,-1.69197E-05,6.0435E-05,1.32704E-05,5.74243E-05
0.0020437,0.64661,0.67,4.9015,-0.025991,0.0045576,1.0811,0.00096675,0.0002074,-0.00035331,0.0015525,0.00044856,0.0015681,0.0775932,0.0804,0.58818,7.37776E-05,-0.00493829,0.000865944,0.205409,3.48997E-05,7.48714E-06,-1.27545E-05,5.60453E-05,1.6193E-05,5.66084E-05
0.0019038,0.65542,0.67,4.9015,-0.025894,0.0011098,1.0848,0.00097017,0.00019052,-0.00022089,0.0014609,0.00044818,0.0013764,0.0786504,0.0804,0.58818,6.87272E-05,-0.00491986,0.000210862,0.206112,3.50231E-05,6.87777E-06,-7.97413E-06,5.27385E-05,1.61793E-05,4.9688E-05
0.0017171,0.66381,0.67,4.9015,-0.026221,-0.0014704,1.0891,0.00091898,0.00016805,-0.0001229,0.0013668,0.00037353,0.0011484,0.0796572,0.0804,0.58818,6.19873E-05,-0.00498199,-0.000279376,0.206929,3.31752E-05,6.06661E-06,-4.43669E-06,4.93415E-05,1.34844E-05,4.14572E-05
0.0015362,0.67207,0.67,4.9015,-0.026903,-0.0034671,1.0939,0.00081908,0.00015206,-6.82E-05,0.0012873,0.000246,0.00096607,0.0806484,0.0804,0.58818,5.54568E-05,-0.00511157,-0.000658749,0.207841,2.95688E-05,5.48937E-06,-2.46097E-06,4.64715E-05,8.8806E-06,3.48751E-05
0.0013858,0.68032,0.67,4.9015,-0.027791,-0.0052872,1.0994,0.00069262,0.00014901,-3.79E-05,0.0012323,7.73E-05,0.00084673,0.0816384,0.0804,0.58818,5.00274E-05,-0.00528029,-0.001004568,0.208886,2.50036E-05,5.37926E-06,-1.36685E-06,4.4486E-05,2.7914E-06,3.0567E-05
0.0012726,0.68858,0.67,4.9015,-0.02876,-0.0070444,1.1051,0.00056585,0.00015369,-3.18E-05,0.001184,-0.00012124,0.00079526,0.0826296,0.0804,0.58818,4.59409E-05,-0.0054644,-0.001338436,0.209969,2.04272E-05,5.54821E-06,-1.1465E-06,4.27424E-05,-4.37676E-06,2.87089E-05
0.0011924,0.69683,0.67,4.9015,-0.029731,-0.0084254,1.1102,0.00045784,0.00015318,-5.50E-05,0.0011168,-0.0002925,0.00081017,0.0836196,0.0804,0.58818,4.30456E-05,-0.00564889,-0.001600826,0.210938,1.6528E-05,5.5298E-06,-1.9855E-06,4.03165E-05,-1.05593E-05,2.92471E-05
0.0011215,0.70509,0.67,4.9015,-0.030603,-0.0093353,1.1142,0.00037803,0.00013736,-8.00E-05,0.0010197,-0.00040076,0.00084518,0.0846108,0.0804,0.58818,4.04862E-05,-0.00581457,-0.001773707,0.211698,1.36469E-05,4.9587E-06,-2.8871E-06,3.68112E-05,-1.44674E-05,3.0511E-05
0.0010699,0.71335,0.67,4.9015,-0.0313,-0.010305,1.1168,0.00032883,0.00010809,-8.00E-05,0.00090598,-0.00047019,0.00090501,0.085602,0.0804,0.58818,3.86234E-05,-0.005947,-0.00195795,0.212192,1.18708E-05,3.90205E-06,-2.88959E-06,3.27059E-05,-1.69739E-05,3.26709E-05
0.0010488,0.7216,0.67,4.9015,-0.031921,-0.011706,1.1186,0.00030814,7.38E-05,-5.99E-05,0.00080106,-0.00052747,0.00098833,0.086592,0.0804,0.58818,3.78617E-05,-0.00606499,-0.00222414,0.212534,1.11239E-05,2.66357E-06,-2.16239E-06,2.89183E-05,-1.90417E-05,3.56787E-05
0.0010283,0.72986,0.67,4.9015,-0.032638,-0.013283,1.1201,0.00031096,3.45E-05,-3.75E-05,0.00072079,-0.00056409,0.0010249,0.0875832,0.0804,0.58818,3.71216E-05,-0.00620122,-0.00252377,0.212819,1.12257E-05,1.24621E-06,-1.35216E-06,2.60205E-05,-2.03636E-05,3.69989E-05
0.00099966,0.73811,0.67,4.9015,-0.033465,-0.014839,1.1214,0.00032952,-1.30E-05,-2.49E-05,0.00066516,-0.00056249,0.0010046,0.0885732,0.0804,0.58818,3.60877E-05,-0.00635835,-0.00281941,0.213066,1.18957E-05,-4.69986E-07,-8.97735E-07,2.40123E-05,-2.03059E-05,3.62661E-05
0.00098526,0.74637,0.67,4.9015,-0.034283,-0.016369,1.1225,0.00035724,-6.39E-05,-2.06E-05,0.00063078,-0.00052872,0.00098251,0.0895644,0.0804,0.58818,3.55679E-05,-0.00651377,-0.00311011,0.213275,1.28964E-05,-2.30545E-06,-7.45357E-07,2.27712E-05,-1.90868E-05,3.54686E-05
0.00099746,0.75463,0.67,4.9015,-0.034988,-0.017702,1.1224,0.00039086,-0.00010925,-1.83E-05,0.00061696,-0.00048861,0.0009871,0.0905556,0.0804,0.58818,3.60083E-05,-0.00664772,-0.00336338,0.213256,1.411E-05,-3.94393E-06,-6.5933E-07,2.22723E-05,-1.76388E-05,3.56343E-05
0.0010326,0.76288,0.67,4.9015,-0.035488,-0.018598,1.1206,0.0004272,-0.00014494,-1.83E-05,0.00062955,-0.00046132,0.0010084,0.0915456,0.0804,0.58818,3.72769E-05,-0.00674272,-0.00353362,0.212914,1.54219E-05,-5.23233E-06,-6.60052E-07,2.27268E-05,-1.66537E-05,3.64032E-05
0.0010879,0.77114,0.67,4.9015,-0.035691,-0.01891,1.1172,0.00046098,-0.00016884,-2.31E-05,0.00067654,-0.00044841,0.0010383,0.0925368,0.0804,0.58818,3.92732E-05,-0.00678129,-0.0035929,0.212268,1.66414E-05,-6.09512E-06,-8.35354E-07,2.44231E-05,-1.61876E-05,3.74826E-05
0.0011632,0.7794,0.67,4.9015,-0.035605,-0.018661,1.1132,0.00048659,-0.00017724,-3.31E-05,0.00076475,-0.00044587,0.0010751,0.093528,0.0804,0.58818,4.19915E-05,-0.00676495,-0.00354559,0.211508,1.75659E-05,-6.39836E-06,-1.19614E-06,2.76075E-05,-1.60959E-05,3.88111E-05
0.0012442,0.78765,0.67,4.9015,-0.035321,-0.017999,1.1099,0.00050233,-0.00016646,-4.46E-05,0.0008996,-0.00045851,0.0010864,0.094518,0.0804,0.58818,4.49156E-05,-0.00671099,-0.00341981,0.210881,1.81341E-05,-6.00921E-06,-1.61049E-06,3.24756E-05,-1.65522E-05,3.9219E-05
0.0013275,0.79591,0.67,4.9015,-0.034891,-0.017042,1.1076,0.00051202,-0.00013349,-3.90E-05,0.0010743,-0.00050083,0.0010688,0.0955092,0.0804,0.58818,4.79228E-05,-0.00662929,-0.00323798,0.210444,1.84839E-05,-4.81899E-06,-1.40646E-06,3.87822E-05,-1.808E-05,3.85837E-05
0.0014206,0.80416,0.67,4.9015,-0.034366,-0.015768,1.1061,0.00052229,-7.89E-05,-3.27E-06,0.0012601,-0.00058155,0.0010588,0.0964992,0.0804,0.58818,5.12837E-05,-0.00652954,-0.00299592,0.210159,1.88547E-05,-2.84735E-06,-1.17924E-07,4.54896E-05,-2.0994E-05,3.82227E-05
0.0015148,0.81242,0.67,4.9015,-0.033793,-0.013981,1.1051,0.00053791,-1.38E-05,5.02E-05,0.0014144,-0.00069126,0.0010774,0.0974904,0.0804,0.58818,5.46843E-05,-0.00642067,-0.00265639,0.209969,1.94186E-05,-4.99516E-07,1.81197E-06,5.10598E-05,-2.49545E-05,3.88941E-05
0.001603,0.82068,0.67,4.9015,-0.033151,-0.011462,1.1042,0.00056159,4.38E-05,8.81E-05,0.001518,-0.00081186,0.0011264,0.0984816,0.0804,0.58818,5.78683E-05,-0.00629869,-0.00217778,0.209798,2.02734E-05,1.57992E-06,3.17925E-06,5.47998E-05,-2.93081E-05,4.0663E-05
0.0016981,0.82893,0.67,4.9015,-0.032455,-0.0083174,1.1031,0.00059422,8.28E-05,9.05E-05,0.0015985,-0.00092399,0.0012035,0.0994716,0.0804,0.58818,6.13014E-05,-0.00616645,-0.001580306,0.209589,2.14513E-05,2.98894E-06,3.26568E-06,5.77059E-05,-3.3356E-05,4.34464E-05
0.0018112,0.83719,0.67,4.9015,-0.031809,-0.0050211,1.1012,0.00062845,9.04E-05,8.86E-05,0.0016793,-0.00099972,0.0013146,0.1004628,0.0804,0.58818,6.53843E-05,-0.00604371,-0.000954009,0.209228,2.2687E-05,3.2634E-06,3.19709E-06,6.06227E-05,-3.60899E-05,4.74571E-05
0.0019284,0.84544,0.67,4.9015,-0.03132,-0.0018438,1.0988,0.00065405,3.78E-05,0.00010956,0.0017594,-0.0010189,0.0014433,0.1014528,0.0804,0.58818,6.96152E-05,-0.0059508,-0.000350322,0.208772,2.36112E-05,1.36545E-06,3.95512E-06,6.35143E-05,-3.67823E-05,5.21031E-05
0.0020554,0.8537,0.67,4.9015,-0.031086,0.0013349,1.0968,0.00066713,-9.19E-05,0.00013111,0.0018631,-0.00098363,0.0015806,0.102444,0.0804,0.58818,7.41999E-05,-0.00590634,0.000253631,0.208392,2.40834E-05,-3.3186E-06,4.73307E-06,6.72579E-05,-3.5509E-05,5.70597E-05
0.0021968,0.86196,0.67,4.9015,-0.031147,0.0043289,1.0947,0.00066464,-0.00026206,0.00015427,0.0019913,-0.00093232,0.0017377,0.1034352,0.0804,0.58818,7.93045E-05,-0.00591793,0.000822491,0.207993,2.39935E-05,-9.46037E-06,5.56915E-06,7.18859E-05,-3.36568E-05,6.2731E-05
0.002326,0.87021,0.67,4.9015,-0.031465,0.006809,1.0908,0.00064579,-0.00040812,0.00021637,0.0020937,-0.00095222,0.0019125,0.1044252,0.0804,0.58818,8.39686E-05,-0.00597835,0.00129371,0.207252,2.3313E-05,-1.47331E-05,7.81096E-06,7.55826E-05,-3.43751E-05,6.90413E-05
0.0024262,0.87847,0.67,4.9015,-0.031958,0.0091613,1.0854,0.0006247,-0.00051452,0.00030642,0.0021837,-0.0010707,0.0020441,0.1054164,0.0804,0.58818,8.75858E-05,-0.00607202,0.001740647,0.206226,2.25517E-05,-1.85742E-05,1.10618E-05,7.88316E-05,-3.86523E-05,7.3792E-05
0.0025136,0.88672,0.67,4.9015,-0.032501,0.01178,1.0797,0.00062285,-0.00060968,0.00039219,0.002317,-0.0012436,0.0020874,0.1064064,0.0804,0.58818,9.0741E-05,-0.00617519,0.0022382,0.205143,2.24849E-05,-2.20094E-05,1.41581E-05,8.36437E-05,-4.4894E-05,7.53551E-05
0.0026107,0.89498,0.67,4.9015,-0.032956,0.014377,1.074,0.00064457,-0.00070515,0.00047443,0.0024852,-0.0014249,0.0020915,0.1073976,0.0804,0.58818,9.42463E-05,-0.00626164,0.00273163,0.20406,2.3269E-05,-2.54559E-05,1.71269E-05,8.97157E-05,-5.14389E-05,7.55032E-05
0.0026454,0.90324,0.67,4.9015,-0.033198,0.016556,1.0689,0.00067818,-0.00078626,0.00053397,0.0026235,-0.0015059,0.0019891,0.1083888,0.0804,0.58818,9.54989E-05,-0.00630762,0.00314564,0.203091,2.44823E-05,-2.8384E-05,1.92763E-05,9.47084E-05,-5.4363E-05,7.18065E-05
0.0025397,0.91149,0.67,4.9015,-0.033184,0.017877,1.0655,0.00071614,-0.00082086,0.0005646,0.0026222,-0.0014277,0.0017411,0.1093788,0.0804,0.58818,9.16832E-05,-0.00630496,0.00339663,0.202445,2.58527E-05,-2.9633E-05,2.03821E-05,9.46614E-05,-5.154E-05,6.28537E-05
0.0023799,0.91975,0.67,4.9015,-0.03295,0.01823,1.0636,0.00076181,-0.00079568,0.00059382,0.0024683,-0.0012811,0.0015298,0.11037,0.0804,0.58818,8.59144E-05,-0.0062605,0.0034637,0.202084,2.75013E-05,-2.8724E-05,2.14369E-05,8.91056E-05,-4.62477E-05,5.52258E-05
0.0022776,0.92801,0.67,4.9015,-0.032507,0.018226,1.0624,0.00082499,-0.00074692,0.00062283,0.002312,-0.0011491,0.0014182,0.1113612,0.0804,0.58818,8.22214E-05,-0.00617633,0.00346294,0.201856,2.97821E-05,-2.69638E-05,2.24842E-05,8.34632E-05,-4.14825E-05,5.1197E-05
0.0022503,0.93626,0.67,4.9015,-0.031892,0.018172,1.0613,0.00091217,-0.00071101,0.00064865,0.0022239,-0.0010598,0.0013644,0.1123512,0.0804,0.58818,8.12358E-05,-0.00605948,0.00345268,0.201647,3.29293E-05,-2.56675E-05,2.34163E-05,8.02828E-05,-3.82588E-05,4.92548E-05
0.0022576,0.94452,0.67,4.9015,-0.031209,0.017495,1.0601,0.0010154,-0.00068535,0.00068385,0.00211,-0.0010308,0.0013897,0.1133424,0.0804,0.58818,8.14994E-05,-0.00592971,0.00332405,0.201419,3.66559E-05,-2.47411E-05,2.4687E-05,0.000076171,-3.72119E-05,5.01682E-05
0.0022184,0.95277,0.67,4.9015,-0.030588,0.015498,1.0586,0.001115,-0.00064568,0.00070171,0.001888,-0.001033,0.0014337,0.1143324,0.0804,0.58818,8.00842E-05,-0.00581172,0.00294462,0.201134,4.02515E-05,-2.3309E-05,2.53317E-05,6.81568E-05,-3.72913E-05,5.17566E-05
0.0020961,0.96103,0.67,4.9015,-0.030156,0.01227,1.0568,0.0011939,-0.00057456,0.00068323,0.0015865,-0.001014,0.0014118,0.1153236,0.0804,0.58818,7.56692E-05,-0.00572964,0.0023313,0.200792,4.30998E-05,-2.07416E-05,2.46646E-05,5.72727E-05,-3.66054E-05,5.0966E-05
0.0019689,0.96929,0.67,4.9015,-0.029919,0.0088004,1.0546,0.0012503,-0.00048499,0.00064111,0.0013087,-0.00098048,0.0013787,0.1163148,0.0804,0.58818,7.10773E-05,-0.00568461,0.001672076,0.200374,4.51358E-05,-1.75081E-05,2.31441E-05,4.72441E-05,-3.53953E-05,4.97711E-05
0.0019069,0.97754,0.67,4.9015,-0.029728,0.0062278,1.0516,0.0012965,-0.00040428,0.00059792,0.0011325,-0.00095469,0.0013849,0.1173048,0.0804,0.58818,6.88391E-05,-0.00564832,0.001183282,0.199804,4.68037E-05,-1.45945E-05,2.15849E-05,4.08833E-05,-3.44643E-05,4.99949E-05
0.0019062,0.9858,0.67,4.9015,-0.029433,0.0050951,1.0474,0.0013427,-0.00034277,0.0005622,0.0010506,-0.00091059,0.0014191,0.118296,0.0804,0.58818,6.88138E-05,-0.00559227,0.000968069,0.199006,4.84715E-05,-1.2374E-05,2.02954E-05,3.79267E-05,-3.28723E-05,5.12295E-05
0.0019176,0.99405,0.67,4.9015,-0.028907,0.0055996,1.0416,0.0013926,-0.00030197,0.00052151,0.0010217,-0.00081825,0.0014208,0.119286,0.0804,0.58818,6.92254E-05,-0.00549233,0.001063924,0.197904,5.02729E-05,-1.09011E-05,1.88265E-05,3.68834E-05,-2.95388E-05,5.12909E-05
0.0019145,1.0023,0.67,4.9015,-0.028146,0.0076454,1.0347,0.0014462,-0.00028509,0.00046051,0.0010277,-0.0007131,0.0013551,0.120276,0.0804,0.58818,6.91135E-05,-0.00534774,0.001452626,0.196593,5.22078E-05,-1.02917E-05,1.66244E-05,3.71E-05,-2.57429E-05,4.89191E-05
0.0019213,1.0106,0.67,4.9015,-0.027356,0.010291,1.0275,0.0015039,-0.000287,0.00038565,0.0010881,-0.00066018,0.0012507,0.121272,0.0804,0.58818,6.93589E-05,-0.00519764,0.00195529,0.195225,5.42908E-05,-1.03607E-05,1.3922E-05,3.92804E-05,-2.38325E-05,4.51503E-05
0.0019751,1.0188,0.67,4.9015,-0.02666,0.012436,1.0207,0.0015669,-0.00029027,0.0003142,0.0012215,-0.00066376,0.0011616,0.122256,0.0804,0.58818,7.13011E-05,-0.0050654,0.00236284,0.193933,5.65651E-05,-1.04787E-05,1.13426E-05,4.40962E-05,-2.39617E-05,4.19338E-05
0.0020852,1.0271,0.67,4.9015,-0.026008,0.01401,1.0146,0.0016414,-0.00027696,0.00027165,0.0013866,-0.00068309,0.0011424,0.123252,0.0804,0.58818,7.52757E-05,-0.00494152,0.0026619,0.192774,5.92545E-05,-9.99826E-06,9.80657E-06,5.00563E-05,-2.46595E-05,4.12406E-05
0.0021812,1.0353,0.67,4.9015,-0.025276,0.015761,1.0104,0.0017363,-0.00024136,0.00027023,0.001493,-0.00069949,0.0011333,0.124236,0.0804,0.58818,7.87413E-05,-0.00480244,0.00299459,0.191976,6.26804E-05,-8.7131E-06,9.7553E-06,5.38973E-05,-2.52516E-05,4.09121E-05
0.0022183,1.0436,0.67,4.9015,-0.024337,0.017963,1.0082,0.0018501,-0.00019086,0.00027972,0.0014888,-0.00069687,0.0010978,0.125232,0.0804,0.58818,8.00806E-05,-0.00462403,0.00341297,0.191558,6.67886E-05,-6.89005E-06,1.00979E-05,5.37457E-05,-2.5157E-05,3.96306E-05
0.0022224,1.0518,0.67,4.9015,-0.023213,0.019938,1.0072,0.001972,-0.00013326,0.00029953,0.0014101,-0.00064176,0.0010628,0.126216,0.0804,0.58818,8.02286E-05,-0.00441047,0.00378822,0.191368,7.11892E-05,-4.81069E-06,1.0813E-05,5.09046E-05,-2.31675E-05,3.83671E-05
0.0022218,1.0601,0.67,4.9015,-0.022091,0.020945,1.0063,0.0020884,-7.13E-05,0.00032233,0.0013163,-0.00055831,0.0010388,0.127212,0.0804,0.58818,8.0207E-05,-0.00419729,0.00397955,0.191197,7.53912E-05,-2.57509E-06,1.16361E-05,4.75184E-05,-2.0155E-05,3.75007E-05
0.0022434,1.0684,0.67,4.9015,-0.021212,0.02103,1.005,0.0021872,-8.42E-06,0.00032674,0.0012299,-0.00050324,0.0010696,0.128208,0.0804,0.58818,8.09867E-05,-0.00403028,0.0039957,0.19095,7.89579E-05,-3.03818E-07,1.17953E-05,4.43994E-05,-1.8167E-05,3.86126E-05
0.0023007,1.0766,0.67,4.9015,-0.020729,0.0208,1.0036,0.0022575,4.97E-05,0.00030222,0.0011533,-0.00051395,0.0011906,0.129192,0.0804,0.58818,8.30553E-05,-0.00393851,0.003952,0.190684,8.14958E-05,1.79482E-06,1.09101E-05,4.16341E-05,-1.85536E-05,4.29807E-05
0.0023688,1.0849,0.67,4.9015,-0.020621,0.020757,1.0021,0.0022947,9.89E-05,0.00025404,0.0010875,-0.00057423,0.0013553,0.130188,0.0804,0.58818,8.55137E-05,-0.00391799,0.00394383,0.190399,8.28387E-05,3.5717E-06,9.17084E-06,3.92588E-05,-2.07297E-05,4.89263E-05
0.0024208,1.0931,0.67,4.9015,-0.020727,0.02098,1.0007,0.0023051,0.00013926,0.000215,0.001037,-0.00064811,0.0014995,0.131172,0.0804,0.58818,8.73909E-05,-0.00393813,0.0039862,0.190133,8.32141E-05,5.02729E-06,7.7615E-06,3.74357E-05,-2.33968E-05,5.4132E-05
0.0024667,1.1014,0.67,4.9015,-0.020881,0.021242,0.99942,0.00229,0.00017578,0.00019078,0.0010171,-0.00073249,0.0016264,0.132168,0.0804,0.58818,8.90479E-05,-0.00396739,0.00403598,0.1898898,0.000082669,6.34566E-06,6.88716E-06,3.67173E-05,-2.64429E-05,5.8713E-05
0.002537,1.1096,0.67,4.9015,-0.020949,0.021306,0.9981,0.0022494,0.00020725,0.00016634,0.0010354,-0.00084006,0.0017893,0.133152,0.0804,0.58818,9.15857E-05,-0.00398031,0.00404814,0.189639,8.12033E-05,7.48173E-06,6.00487E-06,3.73779E-05,-3.03262E-05,6.45937E-05
0.0026279,1.1179,0.67,4.9015,-0.020803,0.021109,0.99647,0.00219,0.00021775,0.00014448,0.0010758,-0.0009722,0.0019899,0.134148,0.0804,0.58818,9.48672E-05,-0.00395257,0.00401071,0.1893293,0.000079059,7.86078E-06,5.21573E-06,3.88364E-05,-3.50964E-05,7.18354E-05
0.0026975,1.1262,0.67,4.9015,-0.020356,0.020753,0.99455,0.0021168,0.00019654,0.00012855,0.0011136,-0.0010901,0.0021647,0.135144,0.0804,0.58818,9.73798E-05,-0.00386764,0.00394307,0.1889645,7.64165E-05,7.09509E-06,4.64066E-06,4.0201E-05,-3.93526E-05,7.81457E-05
0.002723,1.1344,0.67,4.9015,-0.019545,0.020582,0.99283,0.0020356,0.00015205,0.00013675,0.0011289,-0.0011594,0.0022815,0.136128,0.0804,0.58818,9.83003E-05,-0.00371355,0.00391058,0.1886377,7.34852E-05,5.48901E-06,4.93668E-06,4.07533E-05,-4.18543E-05,8.23622E-05
0.0027289,1.1427,0.67,4.9015,-0.018409,0.021123,0.99166,0.0019522,0.00010352,0.00017013,0.001115,-0.0011844,0.0023906,0.137124,0.0804,0.58818,9.85133E-05,-0.00349771,0.00401337,0.1884154,7.04744E-05,3.73707E-06,6.14169E-06,4.02515E-05,-4.27568E-05,8.63007E-05
0.0027564,1.1509,0.67,4.9015,-0.017153,0.022436,0.99086,0.0018725,6.48E-05,0.00020461,0.0011001,-0.0011974,0.0025402,0.138108,0.0804,0.58818,9.9506E-05,-0.00325907,0.00426284,0.1882634,6.75973E-05,2.33791E-06,7.38642E-06,3.97136E-05,-4.32261E-05,9.17012E-05
0.0028425,1.1592,0.67,4.9015,-0.016061,0.023815,0.98989,0.0018048,3.70E-05,0.00022104,0.0011387,-0.0012487,0.0027415,0.139104,0.0804,0.58818,0.000102614,-0.00305159,0.00452485,0.1880791,6.51533E-05,1.33426E-06,7.97954E-06,4.11071E-05,-4.50781E-05,9.89682E-05
0.0029985,1.1674,0.67,4.9015,-0.015232,0.024648,0.98858,0.0017526,8.91E-06,0.00021863,0.0012624,-0.0013579,0.002982,0.140088,0.0804,0.58818,0.000108246,-0.00289408,0.00468312,0.1878302,6.32689E-05,3.2168E-07,7.89254E-06,4.55726E-05,-4.90202E-05,0.00010765
0.0031745,1.1757,0.67,4.9015,-0.014465,0.025044,0.98744,0.0017139,-3.83E-05,0.00021644,0.0014473,-0.0014958,0.0031879,0.141084,0.0804,0.58818,0.000114599,-0.00274835,0.00475836,0.1876136,6.18718E-05,-1.38194E-06,7.81348E-06,5.22475E-05,-5.39984E-05,0.000115083
0.0032848,1.1839,0.67,4.9015,-0.013514,0.025415,0.98698,0.0016787,-0.00011034,0.00022514,0.0016312,-0.0016239,0.0032597,0.142068,0.0804,0.58818,0.000118581,-0.00256766,0.00482885,0.1875262,6.06011E-05,-3.98327E-06,8.12755E-06,5.88863E-05,-5.86228E-05,0.000117675
0.0032901,1.1922,0.67,4.9015,-0.012336,0.025987,0.98718,0.0016261,-0.00018864,0.00024561,0.0017512,-0.0017206,0.003203,0.143064,0.0804,0.58818,0.000118773,-0.00234384,0.00493753,0.1875642,5.87022E-05,-6.8099E-06,8.86652E-06,6.32183E-05,-6.21137E-05,0.000115628
0.0032336,1.2005,0.67,4.9015,-0.01108,0.026712,0.98792,0.0015391,-0.00024852,0.00025651,0.0017685,-0.001788,0.0031596,0.14406,0.0804,0.58818,0.000116733,-0.0021052,0.00507528,0.1877048,5.55615E-05,-8.97157E-06,9.26001E-06,6.38429E-05,-6.45468E-05,0.000114062
0.0031705,1.2087,0.67,4.9015,-0.0098949,0.027425,0.98947,0.0014268,-0.00027697,0.00024637,0.0016788,-0.0018091,0.0032355,0.145044,0.0804,0.58818,0.000114455,-0.001880031,0.00521075,0.1879993,5.15075E-05,-9.99862E-06,8.89396E-06,6.06047E-05,-6.53085E-05,0.000116802
0.0031078,1.217,0.67,4.9015,-0.0088177,0.028058,0.992,0.0013181,-0.00027934,0.00025065,0.0015153,-0.0017698,0.0033821,0.14604,0.0804,0.58818,0.000112192,-0.001675363,0.00533102,0.18848,4.75834E-05,-1.00842E-05,9.04847E-06,5.47023E-05,-6.38898E-05,0.000122094
0.0030127,1.2252,0.67,4.9015,-0.0078095,0.028676,0.99508,0.0012298,-0.00026851,0.00029054,0.0013317,-0.0016846,0.0034638,0.147024,0.0804,0.58818,0.000108758,-0.001483805,0.00544844,0.1890652,4.43958E-05,-9.69321E-06,1.04885E-05,4.80744E-05,-6.08141E-05,0.000125043
0.0028701,1.2335,0.67,4.9015,-0.0068383,0.02914,0.99835,0.0011618,-0.0002514,0.00034885,0.0011789,-0.0015658,0.0033994,0.14802,0.0804,0.58818,0.000103611,-0.001299277,0.0055366,0.1896865,4.1941E-05,-9.07554E-06,1.25935E-05,4.25583E-05,-5.65254E-05,0.000122718
0.0026994,1.2417,0.67,4.9015,-0.0059114,0.02888,1.0017,0.0011186,-0.00023645,0.00038592,0.0010894,-0.0014379,0.0031907,0.149004,0.0804,0.58818,9.74483E-05,-0.001123166,0.0054872,0.190323,4.03815E-05,-8.53585E-06,1.39317E-05,3.93273E-05,-5.19082E-05,0.000115184
0.0025149,1.25,0.67,4.9015,-0.0050225,0.027488,1.0043,0.0011107,-0.0002292,0.000383,0.0010657,-0.0013172,0.0028533,0.15,0.0804,0.58818,9.07879E-05,-0.000954275,0.00522272,0.190817,4.00963E-05,-8.27412E-06,1.38263E-05,3.84718E-05,-4.75509E-05,0.000103004
0.0023176,1.2583,0.67,4.9015,-0.0041521,0.025284,1.0054,0.0011286,-0.00022552,0.00037307,0.0010749,-0.0011869,0.0024317,0.150996,0.0804,0.58818,8.36654E-05,-0.000788899,0.00480396,0.191026,4.07425E-05,-8.14127E-06,1.34678E-05,3.88039E-05,-4.28471E-05,8.77844E-05
0.0021242,1.2665,0.67,4.9015,-0.0033292,0.022948,1.0053,0.0011453,-0.00021949,0.00035763,0.0010797,-0.0010429,0.0020234,0.15198,0.0804,0.58818,7.66836E-05,-0.000632548,0.00436012,0.191007,4.13453E-05,-7.92359E-06,1.29104E-05,3.89772E-05,-3.76487E-05,7.30447E-05
0.0019772,1.2748,0.67,4.9015,-0.0026183,0.02095,1.0055,0.0011552,-0.00020967,0.00030723,0.0010848,-0.00090927,0.0017142,0.152976,0.0804,0.58818,7.13769E-05,-0.000497477,0.0039805,0.191045,4.17027E-05,-7.56909E-06,1.1091E-05,3.91613E-05,-3.28246E-05,6.18826E-05
0.0019088,1.283,0.67,4.9015,-0.0020507,0.019346,1.0073,0.0011536,-0.00020103,0.00024697,0.0011159,-0.00078429,0.0015481,0.15396,0.0804,0.58818,6.89077E-05,-0.000389633,0.00367574,0.191387,4.1645E-05,-7.25718E-06,8.91562E-06,4.0284E-05,-2.83129E-05,5.58864E-05
0.0018861,1.2913,0.67,4.9015,-0.0015924,0.01786,1.0101,0.0011262,-0.00019709,0.00022512,0.0011704,-0.00064769,0.0014756,0.154956,0.0804,0.58818,6.80882E-05,-0.000302556,0.0033934,0.191919,4.06558E-05,-7.11495E-06,8.12683E-06,4.22514E-05,-2.33816E-05,5.32692E-05
0.0018437,1.2995,0.67,4.9015,-0.0012193,0.016311,1.012,0.0010896,-0.0001912,0.00021853,0.0012094,-0.00049843,0.0013884,0.15594,0.0804,0.58818,6.65576E-05,-0.000231667,0.00309909,0.19228,3.93346E-05,-6.90232E-06,7.88893E-06,4.36593E-05,-1.79933E-05,5.01212E-05
0.0017572,1.3078,0.67,4.9015,-0.00094282,0.014917,1.012,0.0010598,-0.00017163,0.00018145,0.0011812,-0.00035785,0.0012734,0.156936,0.0804,0.58818,6.34349E-05,-0.000179136,0.00283423,0.19228,3.82588E-05,-6.19584E-06,6.55035E-06,4.26413E-05,-1.29184E-05,4.59697E-05
0.0016477,1.316,0.67,4.9015,-0.00080405,0.013917,1.0112,0.0010303,-0.0001381,0.00012032,0.0010659,-0.00023409,0.0011993,0.15792,0.0804,0.58818,5.9482E-05,-0.00015277,0.00264423,0.192128,3.71938E-05,-4.98541E-06,4.34355E-06,3.8479E-05,-8.45065E-06,4.32947E-05
0.0015501,1.3243,0.67,4.9015,-0.0008242,0.013356,1.0106,0.00099533,-0.00010459,4.28E-05,0.0009069,-0.00011898,0.001198,0.158916,0.0804,0.58818,5.59586E-05,-0.000156598,0.00253764,0.192014,3.59314E-05,-3.7757E-06,1.54562E-06,3.27391E-05,-4.29518E-06,4.32478E-05
0.0014804,1.3326,0.67,4.9015,-0.00091294,0.013131,1.0101,0.00095052,-8.26E-05,-3.52E-05,0.00076641,-2.73E-05,0.001244,0.159912,0.0804,0.58818,5.34424E-05,-0.000173459,0.00249489,0.191919,3.43138E-05,-2.98135E-06,-1.2691E-06,2.76674E-05,-9.84628E-07,4.49084E-05
0.0014136,1.3408,0.67,4.9015,-0.00089392,0.012912,1.0092,0.00090713,-7.45E-05,-9.46E-05,0.00065932,2.38E-05,0.0012607,0.160896,0.0804,0.58818,5.1031E-05,-0.000169845,0.00245328,0.191748,3.27474E-05,-2.68804E-06,-3.41506E-06,2.38015E-05,8.57519E-07,4.55113E-05
0.0013149,1.3491,0.67,4.9015,-0.00065974,0.012337,1.0079,0.00088136,-7.63E-05,-0.00013103,0.00056529,2.15E-05,0.0011832,0.161892,0.0804,0.58818,4.74679E-05,-0.000125351,0.00234403,0.191501,3.18171E-05,-2.75266E-06,-4.73018E-06,2.0407E-05,7.7745E-07,4.27135E-05
0.001214,1.3573,0.67,4.9015,-0.00022927,0.011266,1.0064,0.000874,-8.31E-05,-0.00015789,0.00048193,-2.96E-05,0.001072,0.162876,0.0804,0.58818,4.38254E-05,-4.35613E-05,0.00214054,0.191216,3.15514E-05,-2.99915E-06,-5.69983E-06,1.73977E-05,-1.0699E-06,3.86992E-05
0.0011384,1.3656,0.67,4.9015,0.00032667,0.0097582,1.0049,0.00087144,-9.29E-05,-0.000175,0.00043193,-0.00010093,0.00097341,0.163872,0.0804,0.58818,4.10962E-05,6.20673E-05,0.001854058,0.190931,3.1459E-05,-3.3529E-06,-6.3175E-06,1.55927E-05,-3.64357E-06,3.51401E-05
0.001073,1.3738,0.67,4.9015,0.00088857,0.0080717,1.0044,0.0008587,-9.94E-05,-0.00016375,0.0004248,-0.00017097,0.00086247,0.164856,0.0804,0.58818,3.87353E-05,0.000168828,0.001533623,0.190836,3.09991E-05,-3.58823E-06,-5.91138E-06,1.53353E-05,-6.17202E-06,3.11352E-05
0.0010369,1.3821,0.67,4.9015,0.0013319,0.0066841,1.0049,0.00084071,-9.51E-05,-0.00014844,0.00044904,-0.00021758,0.00078409,0.165852,0.0804,0.58818,3.74321E-05,0.000253061,0.001269979,0.190931,3.03496E-05,-3.43354E-06,-5.35868E-06,1.62103E-05,-7.85464E-06,2.83056E-05
0.0010178,1.3903,0.67,4.9015,0.0016473,0.0058736,1.0056,0.00082274,-8.29E-05,-0.00012395,0.00049138,-0.00023614,0.00072153,0.166836,0.0804,0.58818,3.67426E-05,0.000312987,0.001115984,0.191064,2.97009E-05,-2.99377E-06,-4.4746E-06,1.77388E-05,-8.52465E-06,2.60472E-05
0.0010115,1.3986,0.67,4.9015,0.0019299,0.0054709,1.0064,0.00080536,-7.40E-05,-8.22E-05,0.00054008,-0.00024683,0.00067758,0.167832,0.0804,0.58818,3.65152E-05,0.000366681,0.001039471,0.191216,2.90735E-05,-2.6723E-06,-2.96894E-06,1.94969E-05,-8.91056E-06,2.44606E-05
0.0010216,1.4069,0.67,4.9015,0.0022319,0.0052409,1.0074,0.00079011,-7.35E-05,-4.38E-05,0.0005866,-0.00024634,0.00066645,0.168828,0.0804,0.58818,3.68798E-05,0.000424061,0.000995771,0.191406,2.8523E-05,-2.65357E-06,-1.5806E-06,2.11763E-05,-8.89287E-06,2.40588E-05
0.001042,1.4151,0.67,4.9015,0.0025263,0.0050847,1.0094,0.00077231,-8.00E-05,-5.07E-06,0.00063791,-0.00025416,0.0006738,0.169812,0.0804,0.58818,3.76162E-05,0.000479997,0.000966093,0.191786,2.78804E-05,-2.88836E-06,-1.8294E-07,2.30286E-05,-9.17518E-06,2.43242E-05
0.0011069,1.4234,0.67,4.9015,0.0027623,0.0049359,1.0121,0.00075142,-9.14E-05,2.34E-05,0.00071556,-0.00027555,0.00074682,0.170808,0.0804,0.58818,3.99591E-05,0.000524837,0.000937821,0.192299,2.71263E-05,-3.30088E-06,8.44487E-07,2.58317E-05,-9.94736E-06,2.69602E-05
0.0012074,1.4316,0.67,4.9015,0.0028892,0.0046414,1.0155,0.00072896,-0.00010488,4.27E-05,0.00084193,-0.0003037,0.00084384,0.171792,0.0804,0.58818,4.35871E-05,0.000548948,0.000881866,0.192945,2.63155E-05,-3.78617E-06,1.54244E-06,3.03937E-05,-1.09636E-05,3.04626E-05
0.0013429,1.4399,0.67,4.9015,0.002877,0.0039341,1.0197,0.00070748,-0.00012268,5.22E-05,0.0010216,-0.00034277,0.00095665,0.172788,0.0804,0.58818,4.84787E-05,0.00054663,0.000747479,0.193743,2.554E-05,-4.42875E-06,1.88449E-06,3.68798E-05,-1.2374E-05,3.45351E-05
0.0014928,1.4481,0.67,4.9015,0.0027419,0.0025687,1.0245,0.00068568,-0.00014849,6.28E-05,0.0012253,-0.0003854,0.0010746,0.173772,0.0804,0.58818,5.38901E-05,0.000520961,0.000488053,0.194655,2.4753E-05,-5.36049E-06,2.26553E-06,4.42333E-05,-1.39129E-05,3.87931E-05
0.0016237,1.4564,0.67,4.9015,0.0025188,0.00051846,1.0297,0.00065947,-0.00017749,8.68E-05,0.0014072,-0.00044486,0.0011807,0.174768,0.0804,0.58818,5.86156E-05,0.000478572,9.85074E-05,0.195643,2.38069E-05,-6.40739E-06,3.13276E-06,5.07999E-05,-1.60594E-05,4.26233E-05
0.0017206,1.4647,0.67,4.9015,0.0022646,-0.0018964,1.0346,0.00063131,-0.00020137,0.00011408,0.0015248,-0.00051527,0.001285,0.175764,0.0804,0.58818,6.21137E-05,0.000430274,-0.000360316,0.196574,2.27903E-05,-7.26946E-06,4.11829E-06,5.50453E-05,-1.86012E-05,4.63885E-05
0.0017668,1.4729,0.67,4.9015,0.0020667,-0.0041734,1.039,0.00060758,-0.00021641,0.00014365,0.001555,-0.00059293,0.001371,0.176748,0.0804,0.58818,6.37815E-05,0.000392673,-0.000792946,0.19741,2.19336E-05,-7.8124E-06,5.18577E-06,5.61355E-05,-2.14048E-05,4.94931E-05
0.0017902,1.4812,0.67,4.9015,0.0019819,-0.0059391,1.0429,0.00059234,-0.00022454,0.00018068,0.0015113,-0.00068202,0.0014767,0.177744,0.0804,0.58818,6.46262E-05,0.000376561,-0.001128429,0.198151,2.13835E-05,-8.10589E-06,6.52255E-06,5.45579E-05,-2.46209E-05,5.33089E-05
0.001835,1.4894,0.67,4.9015,0.0019899,-0.0068617,1.0463,0.00058261,-0.00023034,0.00023858,0.0014427,-0.00077719,0.0016447,0.178728,0.0804,0.58818,6.62435E-05,0.000378081,-0.001303723,0.198797,2.10322E-05,-8.31527E-06,8.61274E-06,5.20815E-05,-2.80566E-05,5.93737E-05
0.0019122,1.4977,0.67,4.9015,0.0020697,-0.0066235,1.0496,0.00057286,-0.00024004,0.00031101,0.0014098,-0.00088584,0.0018417,0.179724,0.0804,0.58818,6.90304E-05,0.000393243,-0.001258465,0.199424,2.06802E-05,-8.66544E-06,1.12275E-05,5.08938E-05,-3.19788E-05,6.64854E-05
0.0019818,1.5059,0.67,4.9015,0.0022542,-0.0055718,1.053,0.00056004,-0.00025962,0.000378,0.001435,-0.00099664,0.0019686,0.180708,0.0804,0.58818,7.1543E-05,0.000428298,-0.001058642,0.20007,2.02174E-05,-9.37228E-06,1.36458E-05,5.18035E-05,-3.59787E-05,7.10665E-05
0.0020099,1.5142,0.67,4.9015,0.0026402,-0.004813,1.0559,0.00054191,-0.00028262,0.00041777,0.0014687,-0.0010751,0.0020092,0.181704,0.0804,0.58818,7.25574E-05,0.000501638,-0.00091447,0.200621,1.9563E-05,-1.02026E-05,1.50815E-05,5.30201E-05,-3.88111E-05,7.25321E-05
0.0019785,1.5224,0.67,4.9015,0.0033365,-0.0050778,1.058,0.00051663,-0.00029399,0.00042244,0.0014554,-0.0011036,0.001985,0.182688,0.0804,0.58818,7.14239E-05,0.000633935,-0.000964782,0.20102,1.86503E-05,-1.0613E-05,1.52501E-05,5.25399E-05,-3.984E-05,7.16585E-05
0.001898,1.5307,0.67,4.9015,0.0043301,-0.006048,1.0597,0.00048816,-0.00028709,0.00040042,0.0014028,-0.0010924,0.001905,0.183684,0.0804,0.58818,6.85178E-05,0.000822719,-0.00114912,0.201343,1.76226E-05,-1.03639E-05,1.44552E-05,5.06411E-05,-3.94356E-05,6.87705E-05
0.001818,1.539,0.67,4.9015,0.005476,-0.0069966,1.0611,0.00046613,-0.00026794,0.00036526,0.0013509,-0.0010689,0.001819,0.18468,0.0804,0.58818,6.56298E-05,0.00104044,-0.001329354,0.201609,1.68273E-05,-9.67263E-06,1.31859E-05,4.87675E-05,-3.85873E-05,6.56659E-05
0.0017705,1.5472,0.67,4.9015,0.0065897,-0.0073499,1.0621,0.0004566,-0.00024748,0.00032985,0.0013238,-0.0010587,0.0017606,0.185664,0.0804,0.58818,6.39151E-05,0.001252043,-0.001396481,0.201799,1.64833E-05,-8.93403E-06,1.19076E-05,4.77892E-05,-3.82191E-05,6.35577E-05
0.0017546,1.5555,0.67,4.9015,0.0075649,-0.0070321,1.0625,0.0004571,-0.00022634,0.00029413,0.0013122,-0.001071,0.0017399,0.18666,0.0804,0.58818,6.33411E-05,0.001437331,-0.001336099,0.201875,1.65013E-05,-8.17087E-06,1.06181E-05,4.73704E-05,-3.86631E-05,6.28104E-05
0.0017484,1.5637,0.67,4.9015,0.0084011,-0.0065529,1.0621,0.00046171,-0.00020018,0.00025519,0.0012958,-0.0010871,0.0017393,0.187644,0.0804,0.58818,6.31172E-05,0.001596209,-0.001245051,0.201799,1.66677E-05,-7.2265E-06,9.21236E-06,4.67784E-05,-3.92443E-05,6.27887E-05
0.0017305,1.572,0.67,4.9015,0.0091009,-0.0062311,1.0613,0.00046615,-0.00017574,0.00021888,0.0012689,-0.0010775,0.001726,0.18864,0.0804,0.58818,6.24711E-05,0.001729171,-0.001183909,0.201647,1.6828E-05,-6.34421E-06,7.90157E-06,4.58073E-05,-3.88978E-05,6.23086E-05
0.0016933,1.5802,0.67,4.9015,0.0096188,-0.0059584,1.0601,0.00046789,-0.00016164,0.00019693,0.0012384,-0.0010331,0.0016803,0.189624,0.0804,0.58818,6.11281E-05,0.001827572,-0.001132096,0.201419,1.68908E-05,-5.8352E-06,7.10917E-06,4.47062E-05,-3.72949E-05,6.06588E-05
0.0016372,1.5885,0.67,4.9015,0.0099379,-0.0054753,1.0583,0.00046904,-0.00015842,0.00018866,0.0012121,-0.00095616,0.0015931,0.19062,0.0804,0.58818,5.91029E-05,0.001888201,-0.001040307,0.201077,1.69323E-05,-5.71896E-06,6.81063E-06,4.37568E-05,-3.45174E-05,5.75109E-05
0.0015646,1.5968,0.67,4.9015,0.010085,-0.0044589,1.0554,0.00047804,-0.00016398,0.00017558,0.0011892,-0.00084012,0.0014619,0.191616,0.0804,0.58818,5.64821E-05,0.00191615,-0.000847191,0.200526,1.72572E-05,-5.91968E-06,6.33844E-06,4.29301E-05,-3.03283E-05,5.27746E-05
0.0014851,1.605,0.67,4.9015,0.010115,-0.0026661,1.0511,0.00050016,-0.00017501,0.0001493,0.0011572,-0.00068781,0.0013129,0.1926,0.0804,0.58818,5.36121E-05,0.00192185,-0.000506559,0.199709,1.80558E-05,-6.31786E-06,5.38973E-06,4.17749E-05,-2.48299E-05,4.73957E-05
0.0014186,1.6133,0.67,4.9015,0.010127,-0.00011745,1.0465,0.00052691,-0.00018411,0.00012697,0.0011058,-0.00052978,0.0012046,0.193596,0.0804,0.58818,5.12115E-05,0.00192413,-2.23155E-05,0.198835,1.90215E-05,-6.64637E-06,4.58362E-06,3.99194E-05,-1.91251E-05,4.34861E-05
0.001377,1.6215,0.67,4.9015,0.010174,0.0027552,1.0436,0.00054698,-0.00018329,0.00012736,0.0010491,-0.00040077,0.0011579,0.19458,0.0804,0.58818,4.97097E-05,0.00193306,0.000523488,0.198284,1.9746E-05,-6.61677E-06,4.5977E-06,3.78725E-05,-1.44678E-05,4.18002E-05
0.0013481,1.6298,0.67,4.9015,0.010189,0.0054558,1.043,0.00057016,-0.00017308,0.00014538,0.0010129,-0.00029876,0.0011133,0.195576,0.0804,0.58818,4.86664E-05,0.00193591,0.001036602,0.19817,2.05828E-05,-6.24819E-06,5.24822E-06,3.65657E-05,-1.07852E-05,4.01901E-05
0.0013016,1.638,0.67,4.9015,0.010033,0.0078062,1.0444,0.00062283,-0.00016369,0.00014855,0.00099891,-0.00019587,0.00098154,0.19656,0.0804,0.58818,4.69878E-05,0.00190627,0.001483178,0.198436,2.24842E-05,-5.90921E-06,5.36266E-06,3.60607E-05,-7.07091E-06,3.54336E-05
0.0012382,1.6463,0.67,4.9015,0.0095945,0.0096395,1.047,0.0007186,-0.00016618,0.00011427,0.00098759,-8.81E-05,0.00077028,0.197556,0.0804,0.58818,4.4699E-05,0.001822955,0.001831505,0.19893,2.59415E-05,-5.9991E-06,4.12515E-06,3.5652E-05,-3.18034E-06,2.78071E-05
0.0012174,1.6545,0.67,4.9015,0.0088865,0.01067,1.0488,0.00084647,-0.00018043,8.33E-05,0.00096236,-1.73E-05,0.00062598,0.19854,0.0804,0.58818,4.39481E-05,0.001688435,0.0020273,0.199272,3.05576E-05,-6.51352E-06,3.00572E-06,3.47412E-05,-6.23628E-07,2.25979E-05
0.0013033,1.6628,0.67,4.9015,0.0080496,0.011026,1.0486,0.00099165,-0.00019792,0.00010381,0.00092877,-1.33E-05,0.00068614,0.199536,0.0804,0.58818,4.70491E-05,0.001529424,0.00209494,0.199234,3.57986E-05,-7.14491E-06,3.74754E-06,3.35286E-05,-4.81755E-07,2.47697E-05
0.0014868,1.6711,0.67,4.9015,0.0072256,0.011408,1.048,0.0011587,-0.00021582,0.00016727,0.00091227,-5.38E-05,0.00090248,0.200532,0.0804,0.58818,5.36735E-05,0.001372864,0.00216752,0.19912,4.18291E-05,-7.7911E-06,6.03845E-06,3.29329E-05,-1.94388E-06,3.25795E-05
0.0017132,1.6793,0.67,4.9015,0.0065022,0.012454,1.0486,0.0013618,-0.00023768,0.00026133,0.00095655,-0.0001456,0.0011081,0.201516,0.0804,0.58818,6.18465E-05,0.001235418,0.00236626,0.199234,4.9161E-05,-8.58025E-06,9.43401E-06,3.45315E-05,-5.25616E-06,4.00024E-05
0.0019658,1.6876,0.67,4.9015,0.0059454,0.01404,1.0491,0.0015973,-0.00026441,0.00036919,0.001089,-0.00030375,0.0012453,0.202512,0.0804,0.58818,7.09654E-05,0.001129626,0.0026676,0.199329,5.76625E-05,-9.5452E-06,1.33278E-05,3.93129E-05,-1.09654E-05,4.49553E-05
0.0022352,1.6958,0.67,4.9015,0.0056584,0.015397,1.0479,0.0018384,-0.00028879,0.00046115,0.0012336,-0.0005051,0.0013985,0.203496,0.0804,0.58818,8.06907E-05,0.001075096,0.00292543,0.199101,6.63662E-05,-1.04253E-05,1.66475E-05,4.4533E-05,-1.82341E-05,5.04859E-05
0.0024154,1.7041,0.67,4.9015,0.0057118,0.015582,1.0458,0.00206,-0.00030138,0.00051549,0.0012688,-0.000639,0.0015021,0.204492,0.0804,0.58818,8.71959E-05,0.001085242,0.00296058,0.198702,0.000074366,-1.08798E-05,1.86092E-05,4.58037E-05,-2.30679E-05,5.42258E-05
0.0024002,1.7123,0.67,4.9015,0.0060252,0.014311,1.0447,0.0022539,-0.00031688,0.00050572,0.0012184,-0.00059792,0.0013282,0.205476,0.0804,0.58818,8.66472E-05,0.001144788,0.00271909,0.198493,8.13658E-05,-1.14394E-05,1.82565E-05,4.39842E-05,-2.15849E-05,4.7948E-05
0.0023045,1.7206,0.67,4.9015,0.0064139,0.012372,1.0446,0.0024072,-0.00036218,0.00045533,0.0011995,-0.00048471,0.0010023,0.206472,0.0804,0.58818,8.31925E-05,0.001218641,0.00235068,0.198474,8.68999E-05,-1.30747E-05,1.64374E-05,4.3302E-05,-1.7498E-05,3.6183E-05
0.0022748,1.7289,0.67,4.9015,0.0066984,0.010767,1.0445,0.0024984,-0.00043717,0.00041993,0.0012552,-0.00041592,0.00079595,0.207468,0.0804,0.58818,8.21203E-05,0.001272696,0.00204573,0.198455,9.01922E-05,-1.57818E-05,1.51595E-05,4.53127E-05,-1.50147E-05,2.87338E-05
0.0022882,1.7371,0.67,4.9015,0.0067886,0.010189,1.0445,0.0025196,-0.0005262,0.00040687,0.0013587,-0.00037774,0.00069816,0.208452,0.0804,0.58818,8.2604E-05,0.001289834,0.00193591,0.198455,9.09576E-05,-1.89958E-05,1.4688E-05,4.90491E-05,-1.36364E-05,2.52036E-05
0.0022929,1.7454,0.67,4.9015,0.0067297,0.010881,1.045,0.002484,-0.00061535,0.00039621,0.001474,-0.00034022,0.00062775,0.209448,0.0804,0.58818,8.27737E-05,0.001278643,0.00206739,0.19855,8.96724E-05,-2.22141E-05,1.43032E-05,5.32114E-05,-1.22819E-05,2.26618E-05
0.0022985,1.7536,0.67,4.9015,0.0066284,0.01248,1.0465,0.0024156,-0.00069495,0.00038206,0.0016055,-0.0002793,0.00057592,0.210432,0.0804,0.58818,8.29759E-05,0.001259396,0.0023712,0.198835,8.72032E-05,-2.50877E-05,1.37924E-05,5.79586E-05,-1.00827E-05,2.07907E-05
0.0023159,1.7619,0.67,4.9015,0.0065527,0.014018,1.0484,0.0023328,-0.000754,0.00037634,0.0017302,-0.00019723,0.00056882,0.211428,0.0804,0.58818,8.3604E-05,0.001245013,0.00266342,0.199196,8.42141E-05,-2.72194E-05,1.35859E-05,6.24602E-05,-7.12E-06,2.05344E-05
0.0023081,1.7701,0.67,4.9015,0.0065714,0.014449,1.0502,0.0022437,-0.00077253,0.00041169,0.0017541,-0.00016395,0.00061847,0.212412,0.0804,0.58818,8.33224E-05,0.001248566,0.00274531,0.199538,8.09976E-05,-2.78883E-05,1.4862E-05,6.3323E-05,-5.9186E-06,2.23268E-05
0.0022828,1.7784,0.67,4.9015,0.0067912,0.013531,1.0517,0.0021511,-0.00074596,0.00050184,0.001667,-0.00023269,0.00074757,0.213408,0.0804,0.58818,8.24091E-05,0.001290328,0.00257089,0.199823,7.76547E-05,-2.69292E-05,1.81164E-05,6.01787E-05,-8.40011E-06,2.69873E-05
0.0022808,1.7866,0.67,4.9015,0.0072689,0.011722,1.0525,0.0020554,-0.00070811,0.00059691,0.0015669,-0.00036931,0.00093916,0.214392,0.0804,0.58818,8.23369E-05,0.001381091,0.00222718,0.199975,7.41999E-05,-2.55628E-05,2.15485E-05,5.65651E-05,-1.33321E-05,3.39037E-05
0.0022891,1.7949,0.67,4.9015,0.0079605,0.0096742,1.0522,0.0019598,-0.00070391,0.00064431,0.0015172,-0.00051005,0.0011012,0.215388,0.0804,0.58818,8.26365E-05,0.001512495,0.001838098,0.199918,7.07488E-05,-2.54112E-05,2.32596E-05,5.47709E-05,-1.84128E-05,3.97533E-05
0.0022828,1.8032,0.67,4.9015,0.0087478,0.0081558,1.051,0.0018685,-0.00074894,0.00063335,0.0015211,-0.00061671,0.0011759,0.216384,0.0804,0.58818,8.24091E-05,0.001662082,0.001549602,0.19969,6.74529E-05,-2.70367E-05,2.28639E-05,5.49117E-05,-2.22632E-05,4.245E-05
0.0022795,1.8114,0.67,4.9015,0.009502,0.0077558,1.0496,0.0017858,-0.00081492,0.0005993,0.0015711,-0.00068855,0.0012022,0.217368,0.0804,0.58818,8.229E-05,0.00180538,0.001473602,0.199424,6.44674E-05,-2.94186E-05,2.16347E-05,5.67167E-05,-2.48567E-05,4.33994E-05
0.0023278,1.8197,0.67,4.9015,0.010165,0.0083906,1.0489,0.0017149,-0.00085485,0.0006062,0.0016657,-0.00076742,0.0012751,0.218364,0.0804,0.58818,8.40336E-05,0.00193135,0.001594214,0.199291,6.19079E-05,-3.08601E-05,2.18838E-05,6.01318E-05,-2.77039E-05,4.60311E-05
0.0024289,1.8279,0.67,4.9015,0.010804,0.0095326,1.0486,0.0016514,-0.00084649,0.000671,0.0017796,-0.00087795,0.0014267,0.219348,0.0804,0.58818,8.76833E-05,0.00205276,0.001811194,0.199234,5.96155E-05,-3.05583E-05,2.42231E-05,6.42436E-05,-3.1694E-05,5.15039E-05
0.0025286,1.8362,0.67,4.9015,0.011623,0.010667,1.0479,0.0015824,-0.00080328,0.00075786,0.0018703,-0.0010023,0.0016046,0.220344,0.0804,0.58818,9.12825E-05,0.00220837,0.00202673,0.199101,5.71246E-05,-2.89984E-05,2.73587E-05,6.75178E-05,-3.6183E-05,5.79261E-05
0.0025807,1.8446,0.67,4.9015,0.012843,0.011393,1.0465,0.0014955,-0.00074533,0.0008089,0.0019091,-0.0011075,0.001757,0.221352,0.0804,0.58818,9.31633E-05,0.00244017,0.00216467,0.198835,5.39876E-05,-2.69064E-05,2.92013E-05,6.89185E-05,-3.99808E-05,6.34277E-05
0.0025684,1.8534,0.67,4.9015,0.014465,0.011657,1.0451,0.0013869,-0.00066926,0.00079237,0.0018848,-0.0011543,0.0018651,0.222408,0.0804,0.58818,9.27192E-05,0.00274835,0.00221483,0.198569,5.00671E-05,-2.41603E-05,2.86046E-05,6.80413E-05,-4.16702E-05,6.73301E-05
0.0025018,1.8626,0.67,4.9015,0.016205,0.01144,1.045,0.0012652,-0.00057318,0.0007154,0.0018226,-0.0011357,0.0019159,0.223512,0.0804,0.58818,9.0315E-05,0.00307895,0.0021736,0.19855,4.56737E-05,-2.06918E-05,2.58259E-05,6.57959E-05,-4.09988E-05,6.9164E-05
0.0023908,1.8723,0.67,4.9015,0.017635,0.011229,1.0461,0.0011411,-0.00045371,0.00061154,0.0017474,-0.001073,0.0018931,0.224676,0.0804,0.58818,8.63079E-05,0.00335065,0.00213351,0.198759,4.11937E-05,-1.63789E-05,2.20766E-05,6.30811E-05,-3.87353E-05,6.83409E-05
0.0022527,1.8824,0.67,4.9015,0.018516,0.010911,1.048,0.0010215,-0.00031155,0.00051988,0.0016384,-0.0009578,0.0018455,0.225888,0.0804,0.58818,8.13225E-05,0.00351804,0.00207309,0.19912,3.68762E-05,-1.1247E-05,1.87677E-05,5.91462E-05,-3.45766E-05,6.66226E-05
0.0021055,1.8931,0.67,4.9015,0.019003,0.00953,1.048,0.00092322,-0.00016942,0.00042896,0.0014668,-0.00076865,0.0018209,0.227172,0.0804,0.58818,7.60086E-05,0.00361057,0.0018107,0.19912,3.33282E-05,-6.11606E-06,1.54855E-05,5.29515E-05,-2.77483E-05,6.57345E-05
0.0019295,1.9042,0.67,4.9015,0.019425,0.0077959,1.0469,0.00086509,-4.79E-05,0.00033118,0.0012318,-0.00057246,0.0017621,0.228504,0.0804,0.58818,6.9655E-05,0.00369075,0.001481221,0.198911,3.12297E-05,-1.73063E-06,1.19556E-05,4.4468E-05,-2.06658E-05,6.36118E-05
0.0017702,1.9159,0.67,4.9015,0.019877,0.0074057,1.0453,0.00084894,3.77E-05,0.00023502,0.00097026,-0.00045572,0.0017212,0.229908,0.0804,0.58818,6.39042E-05,0.00377663,0.001407083,0.198607,3.06467E-05,1.36061E-06,8.48422E-06,3.50264E-05,-1.64515E-05,6.21353E-05
0.0015839,1.9282,0.67,4.9015,0.020058,0.0085398,1.043,0.0008708,0.00010199,0.00014103,0.00077854,-0.00033617,0.0015185,0.231384,0.0804,0.58818,5.71788E-05,0.00381102,0.001622562,0.19817,3.14359E-05,3.68184E-06,5.09118E-06,2.81053E-05,-1.21357E-05,5.48179E-05
0.0014912,1.941,0.67,4.9015,0.019582,0.0087628,1.0411,0.00093197,0.00015212,0.00010215,0.00070823,-0.00018822,0.0013421,0.23292,0.0804,0.58818,5.38323E-05,0.00372058,0.001664932,0.197809,3.36441E-05,5.49153E-06,3.68762E-06,2.55671E-05,-6.79474E-06,4.84498E-05
0.0015004,1.9545,0.67,4.9015,0.018359,0.007267,1.0368,0.0010102,0.0001582,4.03E-05,0.00071352,-0.00012897,0.001277,0.23454,0.0804,0.58818,5.41644E-05,0.00348821,0.00138073,0.196992,3.64682E-05,5.71102E-06,1.45432E-06,2.57581E-05,-4.65582E-06,4.60997E-05
0.0014728,1.9686,0.67,4.9015,0.016917,0.0046367,1.0327,0.0010771,7.99E-05,-4.32E-05,0.00073389,-0.00015752,0.0011346,0.236232,0.0804,0.58818,5.31681E-05,0.00321423,0.000880973,0.196213,3.88833E-05,2.88262E-06,-1.56031E-06,2.64934E-05,-5.68647E-06,4.09591E-05
0.001499,1.9833,0.67,4.9015,0.015827,-4.61E-05,1.0311,0.0011477,-3.98E-05,-8.43E-05,0.00065053,-0.00016255,0.0011998,0.237996,0.0804,0.58818,5.41139E-05,0.00300713,-8.76356E-06,0.195909,4.1432E-05,-1.43519E-06,-3.04215E-06,2.34841E-05,-5.86806E-06,4.33128E-05
0.0017166,1.9988,0.67,4.9015,0.014356,-0.0045014,1.0295,0.0012108,-4.85E-05,8.88E-05,0.00057047,1.93E-05,0.0016519,0.239856,0.0804,0.58818,6.19693E-05,0.00272764,-0.000855266,0.195605,4.37099E-05,-1.74905E-06,3.20615E-06,2.0594E-05,6.95864E-07,5.96336E-05
0.0021255,2.0149,0.67,4.9015,0.011654,-0.0070861,1.0237,0.0012232,3.32E-05,0.00030123,0.00060483,0.0001186,0.0024229,0.241788,0.0804,0.58818,7.67306E-05,0.00221426,-0.001346359,0.194503,4.41575E-05,1.19704E-06,1.08744E-05,2.18344E-05,4.28146E-06,8.74667E-05
0.0025238,2.0319,0.67,4.9015,0.0085528,-0.010272,1.0152,0.0011723,7.93E-05,0.00038327,0.00065887,-1.44E-05,0.0032164,0.243828,0.0804,0.58818,9.11092E-05,0.001625032,-0.00195168,0.192888,4.232E-05,2.86313E-06,1.3836E-05,2.37852E-05,-5.20598E-07,0.000116112
0.0027316,2.0496,0.67,4.9015,0.0058383,-0.013169,1.0083,0.0011315,2.07E-05,0.00064777,0.00064194,-9.09E-05,0.0036897,0.245952,0.0804,0.58818,9.86108E-05,0.001109277,-0.00250211,0.191577,4.08472E-05,7.45573E-07,2.33845E-05,2.3174E-05,-3.28033E-06,0.000133198
0.0035895,2.0681,0.67,4.9015,0.0039843,-0.0080165,0.99542,0.0012131,-0.00012932,0.001289,0.00071404,-0.00020228,0.0052518,0.248172,0.0804,0.58818,0.000129581,0.000757017,-0.001523135,0.1891298,4.37929E-05,-4.66845E-06,4.65329E-05,2.57768E-05,-7.30231E-06,0.00018959
0.004746,2.0875,0.67,4.9015,0.0037624,0.0024093,0.98488,0.0014233,-0.00033925,0.0019219,0.0010448,-0.00077355,0.0070238,0.2505,0.0804,0.58818,0.000171331,0.000714856,0.000457767,0.1871272,5.13811E-05,-1.22469E-05,6.93806E-05,3.77173E-05,-2.79252E-05,0.000253559
0.0051813,2.1078,0.67,4.9015,0.0061924,0.01191,0.97401,0.0016637,-0.00036131,0.0021546,0.001264,-0.0011311,0.007435,0.252936,0.0804,0.58818,0.000187045,0.001176556,0.0022629,0.1850619,6.00596E-05,-1.30433E-05,7.77811E-05,4.56304E-05,-4.08327E-05,0.000268404
0.0051963,2.129,0.67,4.9015,0.010641,0.014163,0.96563,0.0018081,-0.000355,0.002497,0.0011806,-0.00113,0.007404,0.25548,0.0804,0.58818,0.000187586,0.00202179,0.00269097,0.1834697,6.52724E-05,-1.28155E-05,9.01417E-05,4.26197E-05,-0.000040793,0.000267284
0.004199,2.1511,0.67,4.9015,0.012865,0.014876,0.96623,0.0018668,-0.00011548,0.0023248,0.001011,-0.00052152,0.00552,0.258132,0.0804,0.58818,0.000151584,0.00244435,0.00282644,0.1835837,6.73915E-05,-4.16883E-06,8.39253E-05,3.64971E-05,-1.88269E-05,0.000199272
0.0034512,2.1743,0.67,4.9015,0.011719,0.018994,0.96241,0.001784,0.00037938,0.0016249,0.0009846,0.0002698,0.0041338,0.260916,0.0804,0.58818,0.000124588,0.00222661,0.00360886,0.1828579,6.44024E-05,1.36956E-05,5.86589E-05,3.55441E-05,9.73978E-06,0.00014923
0.003447,2.1984,0.67,4.9015,0.0096555,0.021821,0.95846,0.0015194,0.00068867,0.0012707,0.0014074,0.00053494,0.0039672,0.263808,0.0804,0.58818,0.000124437,0.001834545,0.00414599,0.1821074,5.48503E-05,2.4861E-05,4.58723E-05,5.08071E-05,1.93113E-05,0.000143216
0.0035921,2.2237,0.67,4.9015,0.0082539,0.019667,0.94083,0.0012571,0.00071421,0.0010733,0.0019112,0.0008676,0.0040159,0.266844,0.0804,0.58818,0.000129675,0.001568241,0.00373673,0.1787577,4.53813E-05,2.5783E-05,3.87461E-05,6.89943E-05,3.13204E-05,0.000144974
0.005033,2.2501,0.67,4.9015,0.0073588,0.01716,0.92014,0.0010102,0.00030215,0.0013192,0.0021599,0.00077154,0.0068958,0.270012,0.0804,0.58818,0.000181691,0.001398172,0.0032604,0.1748266,3.64682E-05,1.09076E-05,4.76231E-05,7.79724E-05,2.78526E-05,0.000248938
0.0048946,2.2776,0.67,4.9015,0.005233,0.025651,0.89545,0.00088734,3.37E-05,0.0013622,0.0021506,9.61E-05,0.0067513,0.273312,0.0804,0.58818,0.000176695,0.00099427,0.00487369,0.1701355,3.2033E-05,1.21819E-06,4.91754E-05,7.76367E-05,3.46838E-06,0.000243722
0.0049774,2.3063,0.67,4.9015,0.00090386,0.036468,0.88335,0.00094761,0.00026861,0.0011917,0.0018271,-0.00055296,0.00718,0.276756,0.0804,0.58818,0.000179684,0.000171733,0.00692892,0.1678365,3.42087E-05,9.69682E-06,4.30204E-05,6.59583E-05,-1.99619E-05,0.000259198
0.0051789,2.3362,0.67,4.9015,-0.0047016,0.043871,0.88036,0.001106,0.00034147,0.0012418,0.0018409,-0.00084489,0.0074109,0.280344,0.0804,0.58818,0.000186958,-0.000893304,0.00833549,0.1672684,3.99266E-05,1.23271E-05,4.4829E-05,6.64565E-05,-3.05005E-05,0.000267533
0.0049525,2.3674,0.67,4.9015,-0.0081875,0.048138,0.85859,0.0013741,7.53E-05,0.0014263,0.0023866,-0.0012162,0.0061443,0.284088,0.0804,0.58818,0.000178785,-0.001555625,0.00914622,0.1631321,4.9605E-05,2.71808E-06,5.14894E-05,8.61563E-05,-4.39048E-05,0.000221809
0.0058879,2.3999,0.67,4.9015,-0.0067827,0.055429,0.83298,0.0014895,0.00022548,0.001347,0.0032815,0.0001267,0.0070048,0.287988,0.0804,0.58818,0.000212553,-0.001288713,0.01053151,0.1582662,5.3771E-05,8.13983E-06,4.86267E-05,0.000118462,4.57387E-06,0.000252873
0.0051595,2.4338,0.67,4.9015,-0.0026732,0.053342,0.77758,0.0011371,0.00024611,0.00099083,0.00309,0.0013734,0.0060919,0.292056,0.0804,0.58818,0.000186258,-0.000507908,0.01013498,0.1477402,4.10493E-05,8.88457E-06,3.5769E-05,0.000111549,4.95797E-05,0.000219918
0.0035377,2.4691,0.67,4.9015,-0.00038353,0.04014,0.65766,0.00043809,-1.67E-06,0.0005782,0.0018853,0.00081268,0.0047519,0.296292,0.0804,0.58818,0.000127711,-7.28707E-05,0.0076266,0.1249554,1.5815E-05,-6.01137E-08,2.0873E-05,6.80593E-05,2.93377E-05,0.000171544
0.0013265,2.5058,0.67,4.9015,0.00038354,0.017637,0.28884,2.88E-05,1.57E-08,0.00010096,0.0007169,0.00032093,0.0019074,0.300696,0.0804,0.58818,4.78867E-05,7.28726E-05,0.00335103,0.0548796,1.03939E-06,5.65326E-10,3.64466E-06,2.58801E-05,1.15856E-05,6.88571E-05
6.70E-07,2.544,0.67,4.9015,0.00046223,9.71E-14,-2.94E-18,1.34E-06,2.81E-16,-1.02E-20,5.91E-26,-2.13E-30,3.06E-34,0.30528,0.0804,0.58818,2.41928E-08,8.78237E-05,1.84437E-14,-5.5822E-19,4.83848E-08,1.01571E-17,-3.66415E-22,2.13217E-27,-7.68389E-32,1.10643E-35
0,2.5837,0.67,4.9015,0,0,0,0,0,0,0,0,0,0.310044,0.0804,0.58818,0,0,0,0,0,0,0,0,0,0
0,2.625,0.67,4.9015,0,0,0,0,0,0,0,0,0,0.315,0.0804,0.58818,0,0,0,0,0,0,0,0,0,0
0,-0.125,0.67,4.9387,0,0,0,0,0,0,0,0,0,-0.015,0.0804,0.592644,0,0,0,0,0,0,0,0,0,0
0,-0.083719,0.67,4.9387,0,0,0,0,0,0,0,0,0,-0.01004628,0.0804,0.592644,0,0,0,0,0,0,0,0,0,0
6.49E-08,-0.044001,0.67,4.9387,-0.00084581,-2.32E-13,2.39E-17,1.30E-07,3.56E-17,-3.06E-21,9.78E-27,-8.41E-31,8.70E-35,-0.00528012,0.0804,0.592644,2.34137E-09,-0.000160704,-4.40971E-14,4.54309E-18,4.68289E-09,1.28606E-18,-1.10589E-22,3.5321E-28,-3.03608E-32,3.14229E-36
0.0011907,-0.0058053,0.67,4.9387,-0.0024584,0.02228,0.36107,1.24E-05,-2.89E-05,-2.94E-05,0.0007837,-0.00014161,0.0015854,-0.000696636,0.0804,0.592644,4.29843E-05,-0.000467096,0.0042332,0.0686033,4.46124E-07,-1.04152E-06,-1.05961E-06,2.82916E-05,-5.11212E-06,5.72329E-05
0.0030993,0.030909,0.67,4.9387,-0.0078488,0.050512,0.81837,0.00019514,-0.00016972,-0.00016795,0.0020414,-0.00036936,0.003962,0.00370908,0.0804,0.592644,0.000111885,-0.001491272,0.00959728,0.1554903,7.04455E-06,-6.12689E-06,-6.063E-06,7.36945E-05,-1.33339E-05,0.000143028
0.0033639,0.066184,0.67,4.9387,-0.016211,0.046014,0.92842,0.0005499,-0.00023555,-0.00032058,0.0017826,-0.00023792,0.0043954,0.00794208,0.0804,0.592644,0.000121437,-0.00308009,0.00874266,0.1763998,1.98514E-05,-8.50336E-06,-1.15729E-05,6.43519E-05,-8.58891E-06,0.000158674
0.0038399,0.10006,0.67,4.9387,-0.021385,0.033394,0.95761,0.00071845,-0.00018589,-0.00027244,0.0012505,-0.00029309,0.0057108,0.0120072,0.0804,0.592644,0.00013862,-0.00406315,0.00634486,0.1819459,2.5936E-05,-6.71063E-06,-9.83508E-06,4.51431E-05,-1.05805E-05,0.00020616
0.0039434,0.13258,0.67,4.9387,-0.022146,0.024833,0.98394,0.00058809,-5.67E-05,-7.91E-05,0.0013071,-0.00093804,0.0059916,0.0159096,0.0804,0.592644,0.000142357,-0.00420774,0.00471827,0.1869486,2.123E-05,-2.04543E-06,-2.85605E-06,4.71863E-05,-3.38632E-05,0.000216297
0.002813,0.16379,0.67,4.9387,-0.021009,0.011073,1.0101,0.00048135,7.77E-05,-8.38E-05,0.0010694,-0.00072793,0.0040752,0.0196548,0.0804,0.592644,0.000101549,-0.00399171,0.00210387,0.191919,1.73767E-05,2.80566E-06,-3.02453E-06,3.86053E-05,-2.62783E-05,0.000147115
0.0023637,0.19372,0.67,4.9387,-0.019842,0.0052065,1.0142,0.00057193,0.00016416,-0.00027081,0.00096147,-0.00026634,0.003194,0.0232464,0.0804,0.592644,8.53296E-05,-0.00376998,0.000989235,0.192698,2.06467E-05,5.92618E-06,-9.77624E-06,3.47091E-05,-9.61487E-06,0.000115303
0.0030273,0.22242,0.67,4.9387,-0.018059,0.0085215,1.0204,0.00077072,0.00013358,-0.00086579,0.0010082,-0.00043866,0.0042756,0.0266904,0.0804,0.592644,0.000109286,-0.00343121,0.001619085,0.193876,2.7823E-05,4.82224E-06,-3.1255E-05,3.6396E-05,-1.58356E-05,0.000154349
0.0029585,0.24993,0.67,4.9387,-0.017846,0.014952,1.0318,0.00098337,-9.77E-05,-0.0010126,0.0010653,-0.00031598,0.0038683,0.0299916,0.0804,0.592644,0.000106802,-0.00339074,0.00284088,0.196042,3.54997E-05,-3.52719E-06,-3.65549E-05,3.84573E-05,-1.14069E-05,0.000139646
0.0023504,0.27629,0.67,4.9387,-0.019988,0.020701,1.0375,0.0010843,-4.41E-05,-0.00094107,0.0010334,-0.00014514,0.0025831,0.0331548,0.0804,0.592644,8.48494E-05,-0.00379772,0.00393319,0.197125,3.91432E-05,-1.5932E-06,-3.39726E-05,3.73057E-05,-5.23955E-06,9.32499E-05
0.0028249,0.30154,0.67,4.9387,-0.021052,0.021291,1.0371,0.0011101,0.00017517,-0.00087433,0.0010693,-0.00019222,0.0034705,0.0361848,0.0804,0.592644,0.000101979,-0.00399988,0.00404529,0.197049,4.00746E-05,6.32364E-06,-3.15633E-05,3.86017E-05,-6.93914E-06,0.000125285
0.0033904,0.32572,0.67,4.9387,-0.020173,0.014417,1.0385,0.0011083,0.00017815,-0.00079498,0.0014653,-0.00065301,0.0042071,0.0390864,0.0804,0.592644,0.000122393,-0.00383287,0.00273923,0.197315,4.00096E-05,6.43122E-06,-2.86988E-05,5.28973E-05,-2.35737E-05,0.000151876
0.0033848,0.34887,0.67,4.9387,-0.019787,0.0088603,1.0548,0.0011454,0.00011431,-0.00090943,0.0016643,-0.0010277,0.00396,0.0418644,0.0804,0.592644,0.000122191,-0.00375953,0.001683457,0.200412,4.13489E-05,4.12659E-06,-3.28304E-05,6.00812E-05,-3.71E-05,0.000142956
0.002959,0.37102,0.67,4.9387,-0.020871,0.01308,1.057,0.0012479,0.00019779,-0.00055165,0.0016232,-0.00091963,0.0030469,0.0445224,0.0804,0.592644,0.00010682,-0.00396549,0.0024852,0.20083,4.50492E-05,7.14022E-06,-1.99146E-05,5.85975E-05,-3.31986E-05,0.000109993
0.002591,0.39221,0.67,4.9387,-0.02247,0.021293,1.0521,0.0012955,0.00035926,-0.00054515,0.0015769,-0.0005893,0.0023097,0.0470652,0.0804,0.592644,9.35351E-05,-0.0042693,0.00404567,0.199899,4.67676E-05,1.29693E-05,-1.96799E-05,5.69261E-05,-2.12737E-05,8.33802E-05
0.0021336,0.41248,0.67,4.9387,-0.024208,0.027938,1.049,0.0013242,0.00026234,-0.00042561,0.0013902,-0.0003894,0.0015527,0.0494976,0.0804,0.592644,7.7023E-05,-0.00459952,0.00530822,0.19931,4.78036E-05,9.47047E-06,-1.53645E-05,5.01862E-05,-1.40573E-05,5.60525E-05
0.001998,0.43187,0.67,4.9387,-0.025815,0.031232,1.0501,0.0013078,4.21E-05,-8.20E-05,0.0012804,-0.00052681,0.0014079,0.0518244,0.0804,0.592644,7.21278E-05,-0.00490485,0.00593408,0.199519,4.72116E-05,1.51829E-06,-2.96182E-06,4.62224E-05,-1.90178E-05,5.08252E-05
0.0021567,0.4504,0.67,4.9387,-0.026919,0.033826,1.0491,0.0012267,5.69E-06,-0.00012087,0.001235,-0.00069713,0.0018518,0.054048,0.0804,0.592644,7.78569E-05,-0.00511461,0.00642694,0.199329,4.42839E-05,2.05275E-07,-4.36341E-06,4.45835E-05,-2.51664E-05,6.685E-05
0.0025432,0.46812,0.67,4.9387,-0.027651,0.034624,1.0469,0.0011841,0.00012095,-0.00022215,0.0014444,-0.0010652,0.0024579,0.0561744,0.0804,0.592644,9.18095E-05,-0.00525369,0.00657856,0.198911,4.2746E-05,4.3663E-06,-8.01962E-06,5.21428E-05,-3.84537E-05,8.87302E-05
0.002645,0.48504,0.67,4.9387,-0.02815,0.032754,1.0517,0.001166,0.0001974,-0.00023363,0.0016142,-0.0012668,0.0025099,0.0582048,0.0804,0.592644,9.54845E-05,-0.0053485,0.00622326,0.199823,4.20926E-05,7.12614E-06,-8.43404E-06,5.82726E-05,-4.57315E-05,9.06074E-05
0.0026041,0.50122,0.67,4.9387,-0.028509,0.031407,1.0569,0.0011225,0.00012264,-0.00018681,0.0017264,-0.0012306,0.0023594,0.0601464,0.0804,0.592644,9.4008E-05,-0.00541671,0.00596733,0.200811,4.05223E-05,4.4273E-06,-6.74384E-06,6.2323E-05,-4.44247E-05,8.51743E-05
0.0026245,0.51667,0.67,4.9387,-0.028313,0.032266,1.0571,0.0011097,3.86E-05,-0.00013013,0.0019462,-0.0011845,0.002193,0.0620004,0.0804,0.592644,9.47445E-05,-0.00537947,0.00613054,0.200849,4.00602E-05,1.39451E-06,-4.69769E-06,7.02578E-05,-4.27605E-05,7.91673E-05
0.0024098,0.53142,0.67,4.9387,-0.027624,0.031974,1.0598,0.0011305,6.08E-05,-7.51E-05,0.0019782,-0.00098447,0.001711,0.0637704,0.0804,0.592644,8.69938E-05,-0.00524856,0.00607506,0.201362,4.08111E-05,2.19531E-06,-2.71068E-06,7.1413E-05,-3.55394E-05,6.17671E-05
0.0021905,0.54551,0.67,4.9387,-0.027264,0.030147,1.0628,0.0010939,0.00010648,-3.18E-05,0.0018428,-0.00078947,0.0014442,0.0654612,0.0804,0.592644,7.90771E-05,-0.00518016,0.00572793,0.201932,3.94898E-05,3.84393E-06,-1.14834E-06,6.65251E-05,-2.84999E-05,5.21356E-05
0.0019608,0.55896,0.67,4.9387,-0.027246,0.028583,1.0613,0.00098737,9.52E-05,-6.33E-05,0.0016064,-0.0005821,0.0013279,0.0670752,0.0804,0.592644,7.07849E-05,-0.00517674,0.00543077,0.201647,3.56441E-05,3.43755E-06,-2.28394E-06,5.7991E-05,-2.10138E-05,4.79372E-05
0.0017973,0.5718,0.67,4.9387,-0.027372,0.02529,1.0583,0.00086877,3.73E-05,-0.00019531,0.001375,-0.00025884,0.0013508,0.068616,0.0804,0.592644,6.48825E-05,-0.00520068,0.0048051,0.201077,3.13626E-05,1.34711E-06,-7.05069E-06,4.96375E-05,-9.34412E-06,4.87639E-05
0.0017646,0.58405,0.67,4.9387,-0.027787,0.021178,1.0596,0.0007826,8.36E-06,-0.00030322,0.0014509,-1.10E-05,0.0012958,0.070086,0.0804,0.592644,6.37021E-05,-0.00527953,0.00402382,0.201324,2.82519E-05,3.01634E-07,-1.09462E-05,5.23775E-05,-3.98147E-07,4.67784E-05
0.0018142,0.59575,0.67,4.9387,-0.028456,0.018876,1.0633,0.00074385,7.39E-05,-0.00038837,0.0017035,2.25E-05,0.0011811,0.07149,0.0804,0.592644,6.54926E-05,-0.00540664,0.00358644,0.202027,2.6853E-05,2.66833E-06,-1.40202E-05,6.14964E-05,8.1077E-07,4.26377E-05
0.0019062,0.6069,0.67,4.9387,-0.029175,0.017455,1.0665,0.00075345,0.00016875,-0.00048367,0.0018592,1.61E-05,0.0011998,0.072828,0.0804,0.592644,6.88138E-05,-0.00554325,0.00331645,0.202635,2.71995E-05,6.09188E-06,-1.74605E-05,6.71171E-05,5.79622E-07,4.33128E-05
0.0020004,0.61755,0.67,4.9387,-0.029616,0.015651,1.0696,0.0008074,0.00022184,-0.00053633,0.0019161,8.35E-05,0.0012774,0.074106,0.0804,0.592644,7.22144E-05,-0.00562704,0.00297369,0.203224,2.91471E-05,8.00842E-06,-1.93615E-05,6.91712E-05,3.01583E-06,4.61141E-05
0.0021011,0.6277,0.67,4.9387,-0.029551,0.012776,1.0736,0.00088523,0.00023851,-0.00055899,0.0018405,0.00020288,0.0014764,0.075324,0.0804,0.592644,7.58497E-05,-0.00561469,0.00242744,0.203984,3.19568E-05,8.61021E-06,-2.01795E-05,6.64421E-05,7.32397E-06,5.3298E-05
0.0021349,0.63738,0.67,4.9387,-0.029137,0.0089321,1.0771,0.00095648,0.00023952,-0.0005088,0.0016927,0.00033478,0.0016207,0.0764856,0.0804,0.592644,7.70699E-05,-0.00553603,0.001697099,0.204649,3.45289E-05,8.64667E-06,-1.83677E-05,6.11065E-05,1.20856E-05,5.85073E-05
0.002075,0.64661,0.67,4.9387,-0.028769,0.0048593,1.0805,0.00099761,0.00023222,-0.00039006,0.0015748,0.00041078,0.0015777,0.0775932,0.0804,0.592644,7.49075E-05,-0.00546611,0.000923267,0.205295,3.60137E-05,8.38314E-06,-1.40812E-05,5.68503E-05,1.48292E-05,5.6955E-05
0.0019203,0.65542,0.67,4.9387,-0.028727,0.0013487,1.0843,0.00099378,0.00021259,-0.00024784,0.0014778,0.00040409,0.001369,0.0786504,0.0804,0.592644,6.93228E-05,-0.00545813,0.000256253,0.206017,3.58755E-05,7.6745E-06,-8.94702E-06,5.33486E-05,1.45876E-05,4.94209E-05
0.0017229,0.66381,0.67,4.9387,-0.029079,-0.0013403,1.0887,0.00093721,0.00018517,-0.00013653,0.0013741,0.00032743,0.0011345,0.0796572,0.0804,0.592644,6.21967E-05,-0.00552501,-0.000254657,0.206853,3.38333E-05,6.68464E-06,-4.92873E-06,4.9605E-05,1.18202E-05,4.09555E-05
0.0015392,0.67207,0.67,4.9387,-0.029779,-0.0034658,1.0936,0.00083334,0.00016498,-7.22E-05,0.0012872,0.00019992,0.00095797,0.0806484,0.0804,0.592644,5.55651E-05,-0.00565801,-0.000658502,0.207784,3.00836E-05,5.95578E-06,-2.60599E-06,4.64679E-05,7.21711E-06,3.45827E-05
0.0013924,0.68032,0.67,4.9387,-0.030701,-0.0053697,1.0992,0.00070225,0.00015985,-4.04E-05,0.0012293,2.96E-05,0.00085314,0.0816384,0.0804,0.592644,5.02656E-05,-0.00583319,-0.001020243,0.208848,2.53512E-05,5.77059E-06,-1.4584E-06,4.43777E-05,1.06679E-06,3.07984E-05
0.0012847,0.68858,0.67,4.9387,-0.031715,-0.0071025,1.1049,0.00057143,0.00016161,-3.68E-05,0.0011805,-0.00016494,0.00081742,0.0826296,0.0804,0.592644,4.63777E-05,-0.00602585,-0.001349475,0.209931,2.06286E-05,5.83412E-06,-1.32902E-06,4.26161E-05,-5.95433E-06,2.95089E-05
0.0012026,0.69683,0.67,4.9387,-0.032713,-0.0083759,1.1099,0.00046277,0.00015608,-6.03E-05,0.0011119,-0.00032379,0.00083064,0.0836196,0.0804,0.592644,4.34139E-05,-0.00621547,-0.001591421,0.210881,1.6706E-05,5.63449E-06,-2.17762E-06,4.01396E-05,-1.16888E-05,2.99861E-05
0.0011265,0.70509,0.67,4.9387,-0.033596,-0.0092135,1.1136,0.00038523,0.00013499,-7.99E-05,0.0010136,-0.00042093,0.00085421,0.0846108,0.0804,0.592644,4.06667E-05,-0.00638324,-0.001750565,0.211584,1.39068E-05,4.87314E-06,-2.88313E-06,3.6591E-05,-1.51956E-05,3.0837E-05
0.0010782,0.71335,0.67,4.9387,-0.034346,-0.010198,1.116,0.00033914,0.00010196,-7.29E-05,0.0009017,-0.00048501,0.00091546,0.085602,0.0804,0.592644,3.8923E-05,-0.00652574,-0.00193762,0.21204,1.2243E-05,3.68076E-06,-2.63331E-06,3.25514E-05,-1.75089E-05,3.30481E-05
0.0010624,0.7216,0.67,4.9387,-0.035054,-0.011613,1.1178,0.00032195,6.51E-05,-5.08E-05,0.0008,-0.00054044,0.0010028,0.086592,0.0804,0.592644,3.83526E-05,-0.00666026,-0.00220647,0.212382,1.16224E-05,2.35108E-06,-1.83507E-06,0.00002888,-1.95099E-05,3.62011E-05
0.0010455,0.72986,0.67,4.9387,-0.035812,-0.013151,1.1193,0.00032843,2.39E-05,-3.02E-05,0.00072115,-0.00057334,0.0010414,0.0875832,0.0804,0.592644,3.77426E-05,-0.00680428,-0.00249869,0.212667,1.18563E-05,8.62285E-07,-1.08953E-06,2.60335E-05,-2.06976E-05,3.75945E-05
0.0010214,0.73811,0.67,4.9387,-0.036639,-0.014668,1.1207,0.00035066,-2.51E-05,-1.99E-05,0.00066528,-0.00056735,0.0010269,0.0885732,0.0804,0.592644,3.68725E-05,-0.00696141,-0.00278692,0.212933,1.26588E-05,-9.06724E-07,-7.16585E-07,2.40166E-05,-2.04813E-05,3.70711E-05
0.0010127,0.74637,0.67,4.9387,-0.037478,-0.016178,1.1216,0.00038151,-7.72E-05,-1.69E-05,0.00063191,-0.00053337,0.001012,0.0895644,0.0804,0.592644,3.65585E-05,-0.00712082,-0.00307382,0.213104,1.37725E-05,-2.78576E-06,-6.11715E-07,2.2812E-05,-1.92547E-05,3.65332E-05
0.0010271,0.75463,0.67,4.9387,-0.038174,-0.017485,1.1212,0.00041607,-0.00012264,-1.46E-05,0.00062151,-0.00049683,0.0010167,0.0905556,0.0804,0.592644,3.70783E-05,-0.00725306,-0.00332215,0.213028,1.50201E-05,-4.4273E-06,-5.27349E-07,2.24365E-05,-1.79356E-05,3.67029E-05
0.0010618,0.76288,0.67,4.9387,-0.038594,-0.018312,1.1191,0.00045122,-0.00015647,-1.66E-05,0.00063973,-0.00047288,0.0010327,0.0915456,0.0804,0.592644,3.8331E-05,-0.00733286,-0.00347928,0.212629,1.6289E-05,-5.64857E-06,-5.97599E-07,2.30943E-05,-1.7071E-05,3.72805E-05
0.0011186,0.77114,0.67,4.9387,-0.038724,-0.018515,1.1155,0.00048314,-0.00017774,-2.76E-05,0.00069538,-0.00046229,0.0010586,0.0925368,0.0804,0.592644,4.03815E-05,-0.00735756,-0.00351785,0.211945,1.74414E-05,-6.41641E-06,-9.97732E-07,2.51032E-05,-1.66887E-05,3.82155E-05
0.0011913,0.7794,0.67,4.9387,-0.03858,-0.018156,1.1116,0.00050514,-0.00018301,-4.21E-05,0.00079467,-0.00046249,0.0010828,0.093528,0.0804,0.592644,4.30059E-05,-0.0073302,-0.00344964,0.211204,1.82356E-05,-6.60666E-06,-1.51909E-06,2.86876E-05,-1.66959E-05,3.90891E-05
0.0012698,0.78765,0.67,4.9387,-0.038201,-0.017401,1.1083,0.00051678,-0.00016764,-5.37E-05,0.00094008,-0.00047726,0.0010827,0.094518,0.0804,0.592644,4.58398E-05,-0.00725819,-0.00330619,0.210577,1.86558E-05,-6.0518E-06,-1.93687E-06,3.39369E-05,-1.72291E-05,3.90855E-05
0.0013578,0.79591,0.67,4.9387,-0.037712,-0.016363,1.1059,0.00052455,-0.00012884,-4.68E-05,0.001122,-0.00052278,0.0010692,0.0955092,0.0804,0.592644,4.90166E-05,-0.00716528,-0.00310897,0.210121,1.89363E-05,-4.65112E-06,-1.68948E-06,4.05042E-05,-1.88724E-05,3.85981E-05
0.0014536,0.80416,0.67,4.9387,-0.037182,-0.015001,1.1042,0.00053334,-6.98E-05,-6.55E-06,0.001307,-0.00060862,0.0010668,0.0964992,0.0804,0.592644,5.2475E-05,-0.00706458,-0.00285019,0.209798,1.92536E-05,-2.51826E-06,-2.36531E-07,4.71827E-05,-2.19712E-05,3.85115E-05
0.0015486,0.81242,0.67,4.9387,-0.036577,-0.013087,1.103,0.00054893,-3.58E-06,4.55E-05,0.0014534,-0.00072208,0.0010949,0.0974904,0.0804,0.592644,5.59045E-05,-0.00694963,-0.00248653,0.20957,1.98164E-05,-1.29317E-07,1.64186E-06,5.24677E-05,-2.60671E-05,3.95259E-05
0.0016406,0.82068,0.67,4.9387,-0.035902,-0.010415,1.1021,0.00057644,5.43E-05,6.97E-05,0.0015526,-0.00084652,0.0011522,0.0984816,0.0804,0.592644,5.92257E-05,-0.00682138,-0.00197885,0.209399,2.08095E-05,1.96124E-06,2.5161E-06,5.60489E-05,-3.05594E-05,4.15944E-05
0.0017429,0.82893,0.67,4.9387,-0.035205,-0.0071791,1.1007,0.00061326,9.22E-05,6.40E-05,0.001635,-0.00095489,0.0012377,0.0994716,0.0804,0.592644,6.29187E-05,-0.00668895,-0.001364029,0.209133,2.21387E-05,3.32903E-06,2.30946E-06,5.90235E-05,-3.44715E-05,4.4681E-05
0.00186,0.83719,0.67,4.9387,-0.034551,-0.0038614,1.0986,0.00065058,9.07E-05,6.51E-05,0.0017163,-0.0010144,0.0013532,0.1004628,0.0804,0.592644,0.000067146,-0.00656469,-0.000733666,0.208734,2.34859E-05,3.2738E-06,2.34852E-06,6.19584E-05,-3.66198E-05,4.88505E-05
0.0019774,0.84544,0.67,4.9387,-0.034071,-0.00064891,1.0963,0.00067906,2.11E-05,8.42E-05,0.0017979,-0.0010164,0.0014779,0.1014528,0.0804,0.592644,7.13841E-05,-0.00647349,-0.000123293,0.208297,2.45141E-05,7.61313E-07,3.03944E-06,6.49042E-05,-3.6692E-05,5.33522E-05
0.0021047,0.8537,0.67,4.9387,-0.033879,0.0025092,1.0943,0.00069186,-0.00012113,0.00010422,0.0019037,-0.00097128,0.0016139,0.102444,0.0804,0.592644,7.59797E-05,-0.00643701,0.000476748,0.207917,2.49761E-05,-4.37279E-06,3.76234E-06,6.87236E-05,-3.50632E-05,5.82618E-05
0.002244,0.86196,0.67,4.9387,-0.033989,0.0053224,1.0919,0.00068533,-0.00028881,0.00014608,0.0020231,-0.00093537,0.0017796,0.1034352,0.0804,0.592644,8.10084E-05,-0.00645791,0.001011256,0.207461,2.47404E-05,-1.0426E-05,5.27349E-06,7.30339E-05,-3.37669E-05,6.42436E-05
0.0023769,0.87021,0.67,4.9387,-0.034343,0.0076445,1.0875,0.00066277,-0.00042845,0.0002364,0.0021162,-0.00098933,0.0019747,0.1044252,0.0804,0.592644,8.58061E-05,-0.00652517,0.001452455,0.206625,2.3926E-05,-1.5467E-05,8.53404E-06,7.63948E-05,-3.57148E-05,7.12867E-05
0.0024887,0.87847,0.67,4.9387,-0.03488,0.01003,1.0819,0.00064116,-0.00053983,0.00033946,0.0022191,-0.0011257,0.0021172,0.1054164,0.0804,0.592644,8.98421E-05,-0.0066272,0.0019057,0.205561,2.31459E-05,-1.94879E-05,1.22545E-05,8.01095E-05,-4.06378E-05,7.64309E-05
0.0025861,0.88672,0.67,4.9387,-0.035477,0.012759,1.0763,0.00063799,-0.00064335,0.00042585,0.0023782,-0.0013029,0.0021559,0.1064064,0.0804,0.592644,9.33582E-05,-0.00674063,0.00242421,0.204497,2.30314E-05,-2.32249E-05,1.53732E-05,8.5853E-05,-4.70347E-05,7.7828E-05
0.0026717,0.89498,0.67,4.9387,-0.035902,0.015402,1.0707,0.00065407,-0.00073653,0.00050104,0.0025583,-0.001473,0.0021311,0.1073976,0.0804,0.592644,9.64484E-05,-0.00682138,0.00292638,0.203433,2.36119E-05,-2.65887E-05,1.80875E-05,9.23546E-05,-5.31753E-05,7.69327E-05
0.0026613,0.90324,0.67,4.9387,-0.036073,0.017408,1.0659,0.00068416,-0.00080272,0.00054751,0.0026613,-0.0015159,0.0019772,0.1083888,0.0804,0.592644,9.60729E-05,-0.00685387,0.00330752,0.202521,2.46982E-05,-2.89782E-05,1.97651E-05,9.60729E-05,-5.4724E-05,7.13769E-05
0.0025237,0.91149,0.67,4.9387,-0.036053,0.018355,1.0627,0.00072773,-0.00081905,0.00057439,0.0025918,-0.0014081,0.0017279,0.1093788,0.0804,0.592644,9.11056E-05,-0.00685007,0.00348745,0.201913,2.62711E-05,-2.95677E-05,2.07355E-05,9.3564E-05,-5.08324E-05,6.23772E-05
0.0023719,0.91975,0.67,4.9387,-0.035831,0.018456,1.0608,0.00078656,-0.00078805,0.00060805,0.0024117,-0.0012608,0.0015456,0.11037,0.0804,0.592644,8.56256E-05,-0.00680789,0.00350664,0.201552,2.83948E-05,-2.84486E-05,2.19506E-05,8.70624E-05,-4.55149E-05,5.57962E-05
0.0022922,0.92801,0.67,4.9387,-0.035394,0.018415,1.0595,0.00086503,-0.00074587,0.00064343,0.0022752,-0.0011414,0.0014441,0.1113612,0.0804,0.592644,8.27484E-05,-0.00672486,0.00349885,0.201305,3.12276E-05,-2.69259E-05,2.32278E-05,8.21347E-05,-4.12045E-05,5.2132E-05
0.0022736,0.93626,0.67,4.9387,-0.034791,0.0183,1.0583,0.00096308,-0.00071211,0.00067697,0.0021851,-0.0010644,0.001399,0.1123512,0.0804,0.592644,8.2077E-05,-0.00661029,0.003477,0.201077,3.47672E-05,-2.57072E-05,2.44386E-05,7.88821E-05,-3.84248E-05,5.05039E-05
0.0022595,0.94452,0.67,4.9387,-0.034116,0.017383,1.057,0.0010692,-0.00067617,0.00070932,0.0020306,-0.0010257,0.0014192,0.1133424,0.0804,0.592644,8.1568E-05,-0.00648204,0.00330277,0.20083,3.85981E-05,-2.44097E-05,2.56065E-05,7.33047E-05,-3.70278E-05,5.12331E-05
0.0021838,0.95277,0.67,4.9387,-0.033506,0.015076,1.0555,0.0011664,-0.00062089,0.00070902,0.0017709,-0.0010012,0.0014303,0.1143324,0.0804,0.592644,7.88352E-05,-0.00636614,0.00286444,0.200545,4.2107E-05,-2.24141E-05,2.55956E-05,6.39295E-05,-3.61433E-05,5.16338E-05
0.0020551,0.96103,0.67,4.9387,-0.033042,0.011726,1.0537,0.0012422,-0.00054192,0.00067615,0.0014719,-0.00097172,0.001396,0.1153236,0.0804,0.592644,7.41891E-05,-0.00627798,0.00222794,0.200203,4.48434E-05,-1.95633E-05,2.4409E-05,5.31356E-05,-3.50791E-05,5.03956E-05
0.0019526,0.96929,0.67,4.9387,-0.032732,0.0084293,1.0514,0.0012964,-0.0004591,0.00063472,0.0012315,-0.0009514,0.0013774,0.1163148,0.0804,0.592644,7.04889E-05,-0.00621908,0.001601567,0.199766,4.68E-05,-1.65735E-05,2.29134E-05,4.44572E-05,-3.43455E-05,4.97241E-05
0.0019224,0.97754,0.67,4.9387,-0.032476,0.0061666,1.0482,0.0013396,-0.00039372,0.00059884,0.0010977,-0.00094705,0.0014076,0.1173048,0.0804,0.592644,6.93986E-05,-0.00617044,0.001171654,0.199158,4.83596E-05,-1.42133E-05,2.16181E-05,3.9627E-05,-3.41885E-05,5.08144E-05
0.0019417,0.9858,0.67,4.9387,-0.032015,0.0053431,1.0438,0.0013819,-0.00034915,0.00056818,0.0010491,-0.0009154,0.0014524,0.118296,0.0804,0.592644,7.00954E-05,-0.00608285,0.001015189,0.198322,4.98866E-05,-1.26043E-05,2.05113E-05,3.78725E-05,-3.30459E-05,5.24316E-05
0.0019586,0.99405,0.67,4.9387,-0.031269,0.00612,1.0378,0.0014276,-0.00032314,0.00052199,0.0010415,-0.00082579,0.0014481,0.119286,0.0804,0.592644,7.07055E-05,-0.00594111,0.0011628,0.197182,5.15364E-05,-1.16654E-05,1.88438E-05,3.75982E-05,-2.9811E-05,5.22764E-05
0.0019509,1.0023,0.67,4.9387,-0.030445,0.0083112,1.0308,0.0014786,-0.00031524,0.00045922,0.0010584,-0.00072648,0.0013647,0.120276,0.0804,0.592644,7.04275E-05,-0.00578455,0.001579128,0.195852,5.33775E-05,-1.13802E-05,1.65778E-05,3.82082E-05,-2.62259E-05,4.92657E-05
0.001955,1.0106,0.67,4.9387,-0.029692,0.010926,1.0235,0.0015376,-0.00031881,0.00038553,0.0011262,-0.00068529,0.0012462,0.121272,0.0804,0.592644,7.05755E-05,-0.00564148,0.00207594,0.194465,5.55074E-05,-1.1509E-05,1.39176E-05,4.06558E-05,-2.4739E-05,4.49878E-05
0.0020224,1.0188,0.67,4.9387,-0.029017,0.012927,1.0165,0.0016096,-0.00031731,0.00032064,0.0012607,-0.00069784,0.0011745,0.122256,0.0804,0.592644,7.30086E-05,-0.00551323,0.00245613,0.193135,5.81066E-05,-1.14549E-05,1.15751E-05,4.55113E-05,-2.5192E-05,4.23995E-05
0.0021388,1.0271,0.67,4.9387,-0.028323,0.014383,1.0103,0.0016999,-0.00029337,0.00028406,0.001417,-0.00071717,0.0011607,0.123252,0.0804,0.592644,7.72107E-05,-0.00538137,0.00273277,0.191957,6.13664E-05,-1.05907E-05,1.02546E-05,5.11537E-05,-2.58898E-05,4.19013E-05
0.002233,1.0353,0.67,4.9387,-0.027487,0.01609,1.0062,0.0018131,-0.00024402,0.00028051,0.0015061,-0.00072331,0.0011469,0.124236,0.0804,0.592644,8.06113E-05,-0.00522253,0.0030571,0.191178,6.54529E-05,-8.80912E-06,1.01264E-05,5.43702E-05,-2.61115E-05,4.14031E-05
0.0022636,1.0436,0.67,4.9387,-0.026471,0.018213,1.0041,0.0019449,-0.00018052,0.00029404,0.0014814,-0.00070528,0.001101,0.125232,0.0804,0.592644,8.1716E-05,-0.00502949,0.00346047,0.190779,7.02109E-05,-6.51677E-06,1.06148E-05,5.34785E-05,-2.54606E-05,3.97461E-05
0.0022637,1.0518,0.67,4.9387,-0.025326,0.020027,1.003,0.0020798,-0.00010898,0.00031255,0.0013901,-0.00063584,0.0010574,0.126216,0.0804,0.592644,8.17196E-05,-0.00481194,0.00380513,0.19057,7.50808E-05,-3.93418E-06,1.12831E-05,5.01826E-05,-2.29538E-05,3.81721E-05
0.0022719,1.0601,0.67,4.9387,-0.024217,0.020842,1.002,0.0022032,-3.36E-05,0.0003349,0.0012953,-0.00054499,0.0010452,0.127212,0.0804,0.592644,8.20156E-05,-0.00460123,0.00395998,0.19038,7.95355E-05,-1.21148E-06,1.20899E-05,4.67603E-05,-1.96741E-05,3.77317E-05
0.0023046,1.0684,0.67,4.9387,-0.02337,0.020788,1.0007,0.0023028,3.61E-05,0.00033503,0.0012154,-0.00049509,0.0010911,0.128208,0.0804,0.592644,8.31961E-05,-0.0044403,0.00394972,0.190133,8.31311E-05,1.30198E-06,1.20946E-05,4.38759E-05,-1.78727E-05,3.93887E-05
0.0023743,1.0766,0.67,4.9387,-0.02291,0.020518,0.99922,0.0023723,8.88E-05,0.00031084,0.001146,-0.00051526,0.0012305,0.129192,0.0804,0.592644,8.57122E-05,-0.0043529,0.00389842,0.1898518,8.564E-05,3.20517E-06,1.12213E-05,4.13706E-05,-1.86009E-05,4.44211E-05
0.0024514,1.0849,0.67,4.9387,-0.022799,0.02049,0.99763,0.0024047,0.00012246,0.00027206,0.0010845,-0.00058389,0.0014135,0.130188,0.0804,0.592644,8.84955E-05,-0.00433181,0.0038931,0.1895497,8.68097E-05,4.42081E-06,9.82137E-06,3.91505E-05,-2.10784E-05,5.10274E-05
0.0024984,1.0931,0.67,4.9387,-0.02289,0.020712,0.99608,0.0023965,0.00014742,0.00023374,0.0010363,-0.00066132,0.0015641,0.131172,0.0804,0.592644,9.01922E-05,-0.0043491,0.00393528,0.1892552,8.65137E-05,5.32186E-06,8.43801E-06,3.74104E-05,-2.38737E-05,5.6464E-05
0.0025324,1.1014,0.67,4.9387,-0.023022,0.020939,0.9948,0.0023563,0.00017414,0.00020716,0.0010149,-0.00074838,0.0016936,0.132168,0.0804,0.592644,9.14196E-05,-0.00437418,0.00397841,0.189012,8.50624E-05,6.28645E-06,7.47848E-06,3.66379E-05,-2.70165E-05,6.1139E-05
0.00259,1.1096,0.67,4.9387,-0.023069,0.021033,0.99352,0.0022964,0.00019795,0.00017124,0.0010282,-0.0008617,0.0018554,0.133152,0.0804,0.592644,0.000093499,-0.00438311,0.00399627,0.1887688,8.29E-05,7.146E-06,6.18176E-06,3.7118E-05,-3.11074E-05,6.69799E-05
0.0026742,1.1179,0.67,4.9387,-0.0229,0.020983,0.99178,0.002224,0.00020252,0.0001364,0.0010633,-0.00099625,0.0020611,0.134148,0.0804,0.592644,9.65386E-05,-0.004351,0.00398677,0.1884382,8.02864E-05,7.31097E-06,4.92404E-06,3.83851E-05,-3.59646E-05,7.44057E-05
0.0027456,1.1262,0.67,4.9387,-0.022388,0.020822,0.98964,0.0021382,0.00017838,0.00011239,0.0010955,-0.0011191,0.0022575,0.135144,0.0804,0.592644,9.91162E-05,-0.00425372,0.00395618,0.1880316,7.7189E-05,6.43952E-06,4.05728E-06,3.95476E-05,-4.03995E-05,8.14958E-05
0.0027779,1.1344,0.67,4.9387,-0.021504,0.020837,0.98761,0.0020417,0.00013209,0.00011012,0.0011064,-0.0012001,0.0024076,0.136128,0.0804,0.592644,0.000100282,-0.00408576,0.00395903,0.1876459,7.37054E-05,4.76845E-06,3.97533E-06,3.9941E-05,-4.33236E-05,8.69144E-05
0.0027843,1.1427,0.67,4.9387,-0.020323,0.021507,0.9862,0.0019455,8.29E-05,0.00013139,0.0010923,-0.0012355,0.0025307,0.137124,0.0804,0.592644,0.000100513,-0.00386137,0.00408633,0.187378,7.02326E-05,2.9937E-06,4.74318E-06,3.9432E-05,-4.46016E-05,9.13583E-05
0.0028094,1.1509,0.67,4.9387,-0.019055,0.022837,0.98531,0.0018616,4.63E-05,0.00015567,0.0010804,-0.0012548,0.0026768,0.138108,0.0804,0.592644,0.000101419,-0.00362045,0.00433903,0.1872089,6.72038E-05,1.6732E-06,5.61969E-06,3.90024E-05,-4.52983E-05,9.66325E-05
0.0028959,1.1592,0.67,4.9387,-0.01795,0.02415,0.98435,0.0017938,2.18E-05,0.00017444,0.001126,-0.0013061,0.002872,0.139104,0.0804,0.592644,0.000104542,-0.0034105,0.0045885,0.1870265,6.47562E-05,7.88099E-07,6.29728E-06,4.06486E-05,-4.71502E-05,0.000103679
0.0030459,1.1674,0.67,4.9387,-0.017075,0.024978,0.9831,0.0017371,-5.37E-06,0.00018481,0.0012599,-0.0014065,0.0030947,0.140088,0.0804,0.592644,0.000109957,-0.00324425,0.00474582,0.186789,6.27093E-05,-1.93806E-07,6.67164E-06,4.54824E-05,-5.07747E-05,0.000111719
0.0032047,1.1757,0.67,4.9387,-0.01624,0.025479,0.98201,0.0016864,-5.35E-05,0.00019346,0.0014569,-0.0015319,0.0032662,0.141084,0.0804,0.592644,0.00011569,-0.0030856,0.00484101,0.1865819,6.0879E-05,-1.93204E-06,6.98391E-06,5.25941E-05,-5.53016E-05,0.00011791
0.0032978,1.1839,0.67,4.9387,-0.015203,0.025952,0.98151,0.0016367,-0.0001242,0.00020808,0.0016516,-0.0016508,0.0033072,0.142068,0.0804,0.592644,0.000119051,-0.00288857,0.00493088,0.1864869,5.90849E-05,-4.48362E-06,7.51169E-06,5.96228E-05,-5.95939E-05,0.00011939
0.0032968,1.1922,0.67,4.9387,-0.013948,0.026534,0.98158,0.0015774,-0.00019454,0.00022544,0.0017758,-0.0017508,0.0032404,0.143064,0.0804,0.592644,0.000119014,-0.00265012,0.00504146,0.1865002,5.69441E-05,-7.02289E-06,8.13838E-06,6.41064E-05,-6.32039E-05,0.000116978
0.0032407,1.2005,0.67,4.9387,-0.012645,0.027185,0.9822,0.0014998,-0.00024128,0.00022848,0.0017884,-0.0018299,0.0031932,0.14406,0.0804,0.592644,0.000116989,-0.00240255,0.00516515,0.186618,5.41428E-05,-8.71021E-06,8.24813E-06,6.45612E-05,-6.60594E-05,0.000115275
0.0031843,1.2087,0.67,4.9387,-0.011439,0.027791,0.98361,0.0014051,-0.00025653,0.00021871,0.0016837,-0.0018665,0.0032798,0.145044,0.0804,0.592644,0.000114953,-0.00217341,0.00528029,0.1868859,5.07241E-05,-9.26073E-06,7.89543E-06,6.07816E-05,-6.73807E-05,0.000118401
0.0031241,1.217,0.67,4.9387,-0.010357,0.028334,0.98594,0.0013089,-0.00024701,0.00022705,0.0014999,-0.0018263,0.0034393,0.14604,0.0804,0.592644,0.00011278,-0.00196783,0.00538346,0.1873286,4.72513E-05,-8.91706E-06,8.19651E-06,5.41464E-05,-6.59294E-05,0.000124159
0.0030316,1.2252,0.67,4.9387,-0.0093521,0.028894,0.98894,0.0012313,-0.00022999,0.00026574,0.001304,-0.0017278,0.0035279,0.147024,0.0804,0.592644,0.000109441,-0.001776899,0.00548986,0.1878986,4.44499E-05,-8.30264E-06,9.59321E-06,4.70744E-05,-6.23736E-05,0.000127357
0.0028899,1.2335,0.67,4.9387,-0.0083896,0.029325,0.99237,0.0011752,-0.0002148,0.0003147,0.0011528,-0.0015986,0.0034519,0.14802,0.0804,0.592644,0.000104325,-0.001594024,0.00557175,0.1885503,4.24247E-05,-7.75428E-06,1.13607E-05,4.16161E-05,-5.77095E-05,0.000124614
0.0027118,1.2417,0.67,4.9387,-0.0074511,0.029081,0.99599,0.001134,-0.00020627,0.00034945,0.0010752,-0.0014533,0.0032144,0.149004,0.0804,0.592644,9.7896E-05,-0.001415709,0.00552539,0.1892381,4.09374E-05,-7.44635E-06,1.26151E-05,3.88147E-05,-5.24641E-05,0.00011604
0.0025219,1.25,0.67,4.9387,-0.0065026,0.027744,0.9989,0.0011107,-0.00020868,0.0003652,0.0010647,-0.0013183,0.0028685,0.15,0.0804,0.592644,9.10406E-05,-0.001235494,0.00527136,0.189791,4.00963E-05,-7.53335E-06,1.31837E-05,3.84357E-05,-4.75906E-05,0.000103553
0.0023086,1.2583,0.67,4.9387,-0.0055269,0.025581,1.0003,0.0011081,-0.00021565,0.00037381,0.0010799,-0.0011819,0.0024293,0.150996,0.0804,0.592644,8.33405E-05,-0.001050111,0.00486039,0.190057,4.00024E-05,-7.78497E-06,1.34945E-05,3.89844E-05,-4.26666E-05,8.76977E-05
0.0021031,1.2665,0.67,4.9387,-0.0045768,0.02323,1.0005,0.0011152,-0.00021956,0.00036088,0.0010862,-0.0010355,0.0020049,0.15198,0.0804,0.592644,7.59219E-05,-0.000869592,0.0044137,0.190095,4.02587E-05,-7.92612E-06,1.30278E-05,3.92118E-05,-3.73816E-05,7.23769E-05
0.0019638,1.2748,0.67,4.9387,-0.0037363,0.021151,1.001,0.001122,-0.00021858,0.00030526,0.0010928,-0.00090303,0.0017129,0.152976,0.0804,0.592644,7.08932E-05,-0.000709897,0.00401869,0.19019,4.05042E-05,-7.89074E-06,1.10199E-05,3.94501E-05,-3.25994E-05,6.18357E-05
0.0018949,1.283,0.67,4.9387,-0.003042,0.019445,1.0027,0.0011199,-0.00021343,0.00024807,0.0011238,-0.00078287,0.0015462,0.15396,0.0804,0.592644,6.84059E-05,-0.00057798,0.00369455,0.190513,4.04284E-05,-7.70482E-06,8.95533E-06,4.05692E-05,-2.82616E-05,5.58178E-05
0.0018672,1.2913,0.67,4.9387,-0.0025016,0.01789,1.0054,0.0011017,-0.00020511,0.00022774,0.0011777,-0.00064759,0.001455,0.154956,0.0804,0.592644,6.74059E-05,-0.000475304,0.0033991,0.191026,3.97714E-05,-7.40447E-06,8.22141E-06,4.2515E-05,-2.3378E-05,5.25255E-05
0.0018373,1.2995,0.67,4.9387,-0.0020953,0.016335,1.0073,0.0010783,-0.00019376,0.00021115,0.001221,-0.00049384,0.0013752,0.15594,0.0804,0.592644,6.63265E-05,-0.000398107,0.00310365,0.191387,3.89266E-05,-6.99474E-06,7.62252E-06,4.40781E-05,-1.78276E-05,4.96447E-05
0.0017704,1.3078,0.67,4.9387,-0.0017906,0.014975,1.0075,0.0010565,-0.0001728,0.00017264,0.0012002,-0.00034718,0.0012842,0.156936,0.0804,0.592644,6.39114E-05,-0.000340214,0.00284525,0.191425,3.81397E-05,-6.23808E-06,6.2323E-06,4.33272E-05,-1.25332E-05,4.63596E-05
0.0016724,1.316,0.67,4.9387,-0.001592,0.014003,1.0068,0.0010348,-0.00013878,0.00011643,0.0010872,-0.0002187,0.0012229,0.15792,0.0804,0.592644,6.03736E-05,-0.00030248,0.00266057,0.191292,3.73563E-05,-5.00996E-06,4.20312E-06,3.92479E-05,-7.89507E-06,4.41467E-05
0.001573,1.3243,0.67,4.9387,-0.0015256,0.013451,1.0062,0.0010101,-0.00010221,3.58E-05,0.00092222,-0.0001057,0.0012137,0.158916,0.0804,0.592644,5.67853E-05,-0.000289864,0.00255569,0.191178,3.64646E-05,-3.68978E-06,1.29303E-06,3.32921E-05,-3.81577E-06,4.38146E-05
0.0014933,1.3326,0.67,4.9387,-0.0015151,0.013247,1.0055,0.00096677,-7.74E-05,-3.53E-05,0.00077162,-1.86E-05,0.0012483,0.159912,0.0804,0.592644,5.39081E-05,-0.000287869,0.00251693,0.191045,3.49004E-05,-2.79392E-06,-1.27364E-06,2.78555E-05,-6.70991E-07,4.50636E-05
0.0014164,1.3408,0.67,4.9387,-0.0014115,0.013063,1.0044,0.00091422,-6.93E-05,-8.09E-05,0.00065676,3.03E-05,0.0012617,0.160896,0.0804,0.592644,5.1132E-05,-0.000268185,0.00248197,0.190836,3.30033E-05,-2.50144E-06,-2.91944E-06,2.3709E-05,1.09246E-06,4.55474E-05
0.0013102,1.3491,0.67,4.9387,-0.001123,0.012506,1.003,0.0008805,-7.23E-05,-0.00012505,0.00056001,2.31E-05,0.00118,0.161892,0.0804,0.592644,4.72982E-05,-0.00021337,0.00237614,0.19057,3.17861E-05,-2.60963E-06,-4.51431E-06,2.02164E-05,8.34596E-07,0.000042598
0.0012006,1.3573,0.67,4.9387,-0.00063467,0.011445,1.0015,0.00086582,-8.03E-05,-0.00014801,0.00047837,-3.14E-05,0.001057,0.162876,0.0804,0.592644,4.33417E-05,-0.000120587,0.00217455,0.190285,3.12561E-05,-2.89905E-06,-5.34316E-06,1.72692E-05,-1.13379E-06,3.81577E-05
0.0011196,1.3656,0.67,4.9387,-1.71E-05,0.0099712,0.99996,0.00086168,-8.90E-05,-0.0001605,0.00043228,-0.00010362,0.00094525,0.163872,0.0804,0.592644,4.04176E-05,-3.25489E-06,0.001894528,0.1899924,3.11066E-05,-3.21272E-06,-5.79405E-06,1.56053E-05,-3.74068E-06,3.41235E-05
0.0010658,1.3738,0.67,4.9387,0.00060793,0.0083279,0.99948,0.00085363,-9.28E-05,-0.00016628,0.00042845,-0.00016838,0.00084947,0.164856,0.0804,0.592644,3.84754E-05,0.000115507,0.001582301,0.1899012,3.0816E-05,-3.34914E-06,-6.00271E-06,1.5467E-05,-6.07852E-06,3.06659E-05
0.0010319,1.3821,0.67,4.9387,0.0011405,0.0069638,1,0.00083222,-8.57E-05,-0.00014392,0.00045259,-0.00021077,0.00077891,0.165852,0.0804,0.592644,3.72516E-05,0.000216695,0.001323122,0.19,3.00431E-05,-3.09215E-06,-5.19551E-06,1.63385E-05,-7.6088E-06,2.81187E-05
0.001007,1.3903,0.67,4.9387,0.0015672,0.0061798,1.0008,0.00081231,-7.16E-05,-0.00011733,0.00049244,-0.00023083,0.0007092,0.166836,0.0804,0.592644,3.63527E-05,0.000297768,0.001174162,0.190152,2.93244E-05,-2.58382E-06,-4.23561E-06,1.77771E-05,-8.33296E-06,2.56021E-05
0.0010106,1.3986,0.67,4.9387,0.0019376,0.0058171,1.0015,0.00079718,-6.37E-05,-7.84E-05,0.00054023,-0.0002358,0.00068371,0.167832,0.0804,0.592644,3.64827E-05,0.000368144,0.001105249,0.190285,2.87782E-05,-2.29917E-06,-2.83147E-06,1.95023E-05,-8.51238E-06,2.46819E-05
0.0010174,1.4069,0.67,4.9387,0.0023022,0.0056079,1.0026,0.00078341,-6.47E-05,-3.51E-05,0.00058789,-0.00024034,0.00066348,0.168828,0.0804,0.592644,3.67281E-05,0.000437418,0.001065501,0.190494,2.82811E-05,-2.33719E-06,-1.26743E-06,2.12228E-05,-8.67627E-06,2.39516E-05
0.0010419,1.4151,0.67,4.9387,0.0026766,0.0054599,1.0046,0.00076953,-7.19E-05,1.82E-06,0.00064198,-0.00025226,0.00067232,0.169812,0.0804,0.592644,3.76126E-05,0.000508554,0.001037381,0.190874,2.778E-05,-2.5948E-06,6.58103E-08,2.31755E-05,-9.10659E-06,2.42708E-05
0.0011116,1.4234,0.67,4.9387,0.0030158,0.0053108,1.0074,0.00075242,-8.48E-05,3.34E-05,0.00072389,-0.00027023,0.00074679,0.170808,0.0804,0.592644,4.01288E-05,0.000573002,0.001009052,0.191406,2.71624E-05,-3.06096E-06,1.20487E-06,2.61324E-05,-9.7553E-06,2.69591E-05
0.0012105,1.4316,0.67,4.9387,0.0032528,0.0050188,1.0108,0.00073444,-1.00E-04,4.75E-05,0.00085317,-0.00030439,0.00083341,0.171792,0.0804,0.592644,4.36991E-05,0.000618032,0.000953572,0.192052,2.65133E-05,-3.60874E-06,1.71572E-06,3.07994E-05,-1.09885E-05,3.00861E-05
0.0013494,1.4399,0.67,4.9387,0.0033555,0.004329,1.015,0.00071579,-0.00011905,5.16E-05,0.0010317,-0.00034429,0.00095131,0.172788,0.0804,0.592644,4.87133E-05,0.000637545,0.00082251,0.19285,2.584E-05,-4.29771E-06,1.86388E-06,3.72444E-05,-1.24289E-05,3.43423E-05
0.0014933,1.4481,0.67,4.9387,0.0033077,0.0029749,1.0198,0.00069474,-0.00014596,5.94E-05,0.0012305,-0.00038723,0.0010612,0.173772,0.0804,0.592644,5.39081E-05,0.000628463,0.000565231,0.193762,2.50801E-05,-5.26916E-06,2.14495E-06,4.44211E-05,-1.3979E-05,3.83093E-05
0.0016169,1.4564,0.67,4.9387,0.0031277,0.00091857,1.0251,0.00066921,-0.00017659,7.79E-05,0.0014045,-0.00044327,0.0011602,0.174768,0.0804,0.592644,5.83701E-05,0.000594263,0.000174528,0.194769,2.41585E-05,-6.3749E-06,2.81298E-06,5.07025E-05,-1.6002E-05,4.18832E-05
0.0017055,1.4647,0.67,4.9387,0.0028823,-0.0015432,1.0301,0.00063963,-0.00020176,0.00010277,0.0015154,-0.00050207,0.001256,0.175764,0.0804,0.592644,6.15686E-05,0.000547637,-0.000293208,0.195719,2.30906E-05,-7.28354E-06,3.71E-06,5.47059E-05,-1.81247E-05,4.53416E-05
0.0017469,1.4729,0.67,4.9387,0.002666,-0.0039101,1.0346,0.00061078,-0.00021496,0.0001296,0.0015422,-0.0005768,0.0013407,0.176748,0.0804,0.592644,6.30631E-05,0.00050654,-0.000742919,0.196574,2.20492E-05,-7.76006E-06,4.67856E-06,5.56734E-05,-2.08225E-05,4.83993E-05
0.0017661,1.4812,0.67,4.9387,0.0025552,-0.0057709,1.0385,0.00059,-0.00022016,0.00016339,0.0014962,-0.00066844,0.0014461,0.177744,0.0804,0.592644,6.37562E-05,0.000485488,-0.001096471,0.197315,0.000021299,-7.94778E-06,5.89838E-06,5.40128E-05,-2.41307E-05,5.22042E-05
0.0018079,1.4894,0.67,4.9387,0.0025885,-0.0067626,1.0418,0.00057914,-0.00022499,0.0002178,0.0014253,-0.00076776,0.0016114,0.178728,0.0804,0.592644,6.52652E-05,0.000491815,-0.001284894,0.197942,2.0907E-05,-8.12214E-06,7.86258E-06,5.14533E-05,-2.77161E-05,5.81715E-05
0.0018826,1.4977,0.67,4.9387,0.0027496,-0.006555,1.0451,0.0005703,-0.00023512,0.00028983,0.0013893,-0.00087764,0.0018055,0.179724,0.0804,0.592644,6.79619E-05,0.000522424,-0.00124545,0.198569,2.05878E-05,-8.48783E-06,1.04629E-05,5.01537E-05,-3.16828E-05,6.51786E-05
0.0019561,1.5059,0.67,4.9387,0.0030299,-0.0054884,1.0486,0.00055558,-0.00025363,0.00035961,0.0014145,-0.00098996,0.0019421,0.180708,0.0804,0.592644,7.06152E-05,0.000575681,-0.001042796,0.199234,2.00564E-05,-9.15604E-06,1.29819E-05,5.10635E-05,-3.57376E-05,7.01098E-05
0.0019954,1.5142,0.67,4.9387,0.0035077,-0.0046669,1.0516,0.00053342,-0.00027369,0.00040441,0.0014551,-0.0010714,0.0020023,0.181704,0.0804,0.592644,7.20339E-05,0.000666463,-0.000886711,0.199804,1.92565E-05,-9.88021E-06,1.45992E-05,5.25291E-05,-3.86775E-05,7.2283E-05
0.0019734,1.5224,0.67,4.9387,0.0042612,-0.004848,1.0539,0.00050514,-0.00028343,0.00041552,0.0014519,-0.0011008,0.0019898,0.182688,0.0804,0.592644,7.12397E-05,0.000809628,-0.00092112,0.200241,1.82356E-05,-1.02318E-05,1.50003E-05,5.24136E-05,-3.97389E-05,7.18318E-05
0.0018979,1.5307,0.67,4.9387,0.0052572,-0.0057549,1.0558,0.00047716,-0.00027787,0.00039899,0.0014059,-0.001089,0.0019128,0.183684,0.0804,0.592644,6.85142E-05,0.000998868,-0.001093431,0.200602,1.72255E-05,-1.00311E-05,1.44035E-05,5.0753E-05,-3.93129E-05,6.90521E-05
0.0018213,1.539,0.67,4.9387,0.0063714,-0.0066913,1.0573,0.00045839,-0.00026389,0.00037042,0.001356,-0.001067,0.0018283,0.18468,0.0804,0.592644,6.57489E-05,0.001210566,-0.001271347,0.200887,1.65479E-05,-9.52643E-06,1.33722E-05,4.89516E-05,-3.85187E-05,6.60016E-05
0.0017784,1.5472,0.67,4.9387,0.0075062,-0.0070681,1.0583,0.0004519,-0.00025088,0.00033969,0.0013327,-0.0010628,0.0017722,0.185664,0.0804,0.592644,6.42002E-05,0.001426178,-0.001342939,0.201077,1.63136E-05,-9.05677E-06,1.22628E-05,4.81105E-05,-3.83671E-05,6.39764E-05
0.0017691,1.5555,0.67,4.9387,0.0085789,-0.0067632,1.0587,0.00045394,-0.00023687,0.00030751,0.0013279,-0.0010804,0.0017564,0.18666,0.0804,0.592644,6.38645E-05,0.001629991,-0.001285008,0.201153,1.63872E-05,-8.55101E-06,1.11011E-05,4.79372E-05,-3.90024E-05,6.3406E-05
0.0017657,1.5637,0.67,4.9387,0.009478,-0.0062712,1.0584,0.00045861,-0.00021595,0.00027188,0.0013122,-0.001098,0.0017607,0.187644,0.0804,0.592644,6.37418E-05,0.00180082,-0.001191528,0.201096,1.65558E-05,-7.7958E-06,9.81487E-06,4.73704E-05,-3.96378E-05,6.35613E-05
0.0017421,1.572,0.67,4.9387,0.010161,-0.0059202,1.0576,0.00046162,-0.00019228,0.00023521,0.0012784,-0.0010856,0.0017441,0.18864,0.0804,0.592644,6.28898E-05,0.00193059,-0.001124838,0.200944,1.66645E-05,-6.94131E-06,8.49108E-06,4.61502E-05,-3.91902E-05,6.2962E-05
0.0016966,1.5802,0.67,4.9387,0.01068,-0.0056317,1.0564,0.00046203,-0.00017426,0.00020888,0.0012403,-0.0010392,0.0016908,0.189624,0.0804,0.592644,6.12473E-05,0.0020292,-0.001070023,0.200716,1.66793E-05,-6.29079E-06,7.54057E-06,4.47748E-05,-3.75151E-05,6.10379E-05
0.0016345,1.5885,0.67,4.9387,0.011037,-0.0051531,1.0547,0.00046363,-0.00016549,0.00019722,0.0012111,-0.00096104,0.0015943,0.19062,0.0804,0.592644,5.90055E-05,0.00209703,-0.000979089,0.200393,1.6737E-05,-5.97419E-06,7.11964E-06,4.37207E-05,-3.46935E-05,5.75542E-05
0.0015613,1.5968,0.67,4.9387,0.011192,-0.004136,1.0519,0.00047459,-0.0001675,0.00018503,0.0011908,-0.00084688,0.0014571,0.191616,0.0804,0.592644,5.63629E-05,0.00212648,-0.00078584,0.199861,1.71327E-05,-6.04675E-06,6.67958E-06,4.29879E-05,-3.05724E-05,5.26013E-05
0.0014876,1.605,0.67,4.9387,0.011212,-0.0023522,1.0475,0.00049965,-0.00017854,0.00016143,0.0011664,-0.00069748,0.0013092,0.1926,0.0804,0.592644,5.37024E-05,0.00213028,-0.000446918,0.199025,1.80374E-05,-6.44529E-06,5.82762E-06,4.2107E-05,-2.5179E-05,4.72621E-05
0.0014329,1.6133,0.67,4.9387,0.011232,0.00016295,1.0429,0.00053067,-0.00018947,0.00013795,0.0011253,-0.0005415,0.0012099,0.193596,0.0804,0.592644,5.17277E-05,0.00213408,3.09605E-05,0.198151,1.91572E-05,-6.83987E-06,4.98E-06,4.06233E-05,-1.95482E-05,4.36774E-05
0.0013998,1.6215,0.67,4.9387,0.01131,0.0030035,1.0398,0.00055645,-0.00019026,0.00013403,0.0010721,-0.00041331,0.001171,0.19458,0.0804,0.592644,5.05328E-05,0.0021489,0.000570665,0.197562,2.00878E-05,-6.86839E-06,4.83848E-06,3.87028E-05,-1.49205E-05,4.22731E-05
0.0013648,1.6298,0.67,4.9387,0.011355,0.0056803,1.0392,0.00058514,-0.00017968,0.00014694,0.0010283,-0.00031153,0.0011162,0.195576,0.0804,0.592644,4.92693E-05,0.00215745,0.001079257,0.197448,2.11236E-05,-6.48645E-06,5.30453E-06,3.71216E-05,-1.12462E-05,4.02948E-05
0.0013071,1.638,0.67,4.9387,0.011207,0.0080307,1.0408,0.0006391,-0.00016717,0.00014352,0.0010077,-0.00020745,0.00096754,0.19656,0.0804,0.592644,4.71863E-05,0.00212933,0.001525833,0.197752,2.30715E-05,-6.03484E-06,5.18107E-06,3.6378E-05,-7.48895E-06,3.49282E-05
0.0012415,1.6463,0.67,4.9387,0.010779,0.0099193,1.0436,0.00072939,-0.00016495,0.00010421,0.00099701,-9.53E-05,0.00075657,0.197556,0.0804,0.592644,4.48182E-05,0.00204801,0.001884667,0.198284,2.6331E-05,-5.9547E-06,3.76198E-06,3.59921E-05,-3.44149E-06,2.73122E-05
0.0012246,1.6545,0.67,4.9387,0.010117,0.011038,1.0454,0.00084989,-0.0001747,7.51E-05,0.00097488,-1.76E-05,0.00062451,0.19854,0.0804,0.592644,4.42081E-05,0.00192223,0.00209722,0.198626,3.0681E-05,-6.30667E-06,2.71014E-06,3.51932E-05,-6.35216E-07,2.25448E-05
0.0013125,1.6628,0.67,4.9387,0.0093425,0.011459,1.0452,0.00099386,-0.00019104,9.87E-05,0.0009428,-8.76E-06,0.00068828,0.199536,0.0804,0.592644,4.73813E-05,0.001775075,0.00217721,0.198588,3.58783E-05,-6.89654E-06,3.56448E-06,3.40351E-05,-3.16167E-07,2.48469E-05
0.0014953,1.6711,0.67,4.9387,0.0085775,0.011833,1.0447,0.0011637,-0.00021145,0.00015817,0.00092645,-4.87E-05,0.00090032,0.200532,0.0804,0.592644,5.39803E-05,0.001629725,0.00224827,0.198493,4.20096E-05,-7.63335E-06,5.70994E-06,3.34448E-05,-1.75984E-06,3.25016E-05
0.0017245,1.6793,0.67,4.9387,0.0079011,0.012801,1.0452,0.001362,-0.00023382,0.00024546,0.00097492,-0.00013783,0.0011121,0.201516,0.0804,0.592644,6.22545E-05,0.001501209,0.00243219,0.198588,4.91682E-05,-8.4409E-06,8.86111E-06,3.51946E-05,-4.97566E-06,4.01468E-05
0.0019838,1.6876,0.67,4.9387,0.007381,0.0143,1.0458,0.0015852,-0.00025657,0.00035146,0.0011123,-0.00029081,0.0012701,0.202512,0.0804,0.592644,7.16152E-05,0.00140239,0.002717,0.198702,5.72257E-05,-9.26218E-06,1.26877E-05,4.0154E-05,-1.04982E-05,4.58506E-05
0.0022546,1.6958,0.67,4.9387,0.0071264,0.015581,1.0446,0.0018198,-0.0002754,0.00045044,0.0012445,-0.00049398,0.001445,0.203496,0.0804,0.592644,8.13911E-05,0.001354016,0.00296039,0.198474,6.56948E-05,-9.94194E-06,1.62609E-05,4.49265E-05,-1.78327E-05,5.21645E-05
0.0024256,1.7041,0.67,4.9387,0.0072185,0.015733,1.0425,0.002045,-0.0002823,0.00051809,0.0012511,-0.00062884,0.0015552,0.204492,0.0804,0.592644,8.75642E-05,0.001371515,0.00298927,0.198075,7.38245E-05,-1.0191E-05,1.8703E-05,4.51647E-05,-2.27011E-05,5.61427E-05
0.002396,1.7123,0.67,4.9387,0.007588,0.014532,1.0414,0.0022467,-0.00029304,0.00051708,0.0011816,-0.00057586,0.0013636,0.205476,0.0804,0.592644,8.64956E-05,0.00144172,0.00276108,0.197866,8.11059E-05,-1.05787E-05,1.86666E-05,4.26558E-05,-2.07885E-05,4.9226E-05
0.0022912,1.7206,0.67,4.9387,0.008052,0.012699,1.0415,0.002409,-0.00033575,0.0004702,0.0011588,-0.00045214,0.0010145,0.206472,0.0804,0.592644,8.27123E-05,0.00152988,0.00241281,0.197885,8.69649E-05,-1.21206E-05,1.69742E-05,4.18327E-05,-1.63223E-05,3.66235E-05
0.0022584,1.7289,0.67,4.9387,0.0084395,0.011145,1.0416,0.0025049,-0.00040919,0.00043239,0.0012161,-0.00038443,0.00079586,0.207468,0.0804,0.592644,8.15282E-05,0.001603505,0.00211755,0.197904,9.04269E-05,-1.47718E-05,1.56093E-05,4.39012E-05,-1.38779E-05,2.87305E-05
0.0022722,1.7371,0.67,4.9387,0.0086568,0.010563,1.0416,0.0025239,-0.00049696,0.00041152,0.0013242,-0.00035128,0.00069624,0.208452,0.0804,0.592644,8.20264E-05,0.001644792,0.00200697,0.197904,9.11128E-05,-1.79403E-05,1.48559E-05,4.78036E-05,-1.26812E-05,2.51343E-05
0.0022797,1.7454,0.67,4.9387,0.0087037,0.011232,1.0422,0.0024853,-0.0005874,0.0003974,0.0014441,-0.00032087,0.00063,0.209448,0.0804,0.592644,8.22972E-05,0.001653703,0.00213408,0.198018,8.97193E-05,-2.12051E-05,1.43461E-05,5.2132E-05,-1.15834E-05,0.000022743
0.0022873,1.7536,0.67,4.9387,0.00865,0.012827,1.0435,0.0024148,-0.00067269,0.0003833,0.0015797,-0.00027168,0.00058009,0.210432,0.0804,0.592644,8.25715E-05,0.0016435,0.00243713,0.198265,8.71743E-05,-2.42841E-05,1.38371E-05,5.70272E-05,-9.80765E-06,2.09412E-05
0.0023082,1.7619,0.67,4.9387,0.0085751,0.014367,1.0452,0.0023281,-0.00073992,0.00037834,0.0017156,-0.00019667,0.0005727,0.211428,0.0804,0.592644,8.3326E-05,0.001629269,0.00272973,0.198588,8.40444E-05,-2.67111E-05,1.36581E-05,6.19332E-05,-7.09979E-06,2.06745E-05
0.0023052,1.7701,0.67,4.9387,0.0085634,0.0148,1.0467,0.0022325,-0.00076561,0.00041062,0.0017559,-0.00016179,0.00062191,0.212412,0.0804,0.592644,8.32177E-05,0.001627046,0.002812,0.198873,8.05933E-05,-2.76385E-05,1.48234E-05,6.3388E-05,-5.84062E-06,2.2451E-05
0.0022811,1.7784,0.67,4.9387,0.0087257,0.013937,1.0481,0.0021339,-0.0007429,0.00049571,0.0016791,-0.00023096,0.00074919,0.213408,0.0804,0.592644,8.23477E-05,0.001657883,0.00264803,0.199139,7.70338E-05,-2.68187E-05,1.78951E-05,6.06155E-05,-8.33766E-06,2.70458E-05
0.0022827,1.7866,0.67,4.9387,0.0091366,0.012254,1.0491,0.0020395,-0.00070554,0.00059684,0.0015818,-0.00037081,0.00094405,0.214392,0.0804,0.592644,8.24055E-05,0.001735954,0.00232826,0.199329,7.3626E-05,-2.547E-05,2.15459E-05,5.7103E-05,-1.33862E-05,3.40802E-05
0.0022987,1.7949,0.67,4.9387,0.0097732,0.010338,1.0493,0.0019525,-0.00070054,0.00066013,0.0015298,-0.00051086,0.0011151,0.215388,0.0804,0.592644,8.29831E-05,0.001856908,0.00196422,0.199367,7.04853E-05,-2.52895E-05,2.38307E-05,5.52258E-05,-1.8442E-05,4.02551E-05
0.0022965,1.8032,0.67,4.9387,0.010521,0.0088387,1.0486,0.0018724,-0.00074584,0.00066632,0.0015285,-0.00062041,0.0011921,0.216384,0.0804,0.592644,8.29037E-05,0.00199899,0.001679353,0.199234,6.75936E-05,-2.69248E-05,2.40542E-05,5.51789E-05,-2.23968E-05,4.30348E-05
0.0022968,1.8114,0.67,4.9387,0.011238,0.0083059,1.0474,0.0017984,-0.00081488,0.00064169,0.0015784,-0.00070429,0.0012167,0.217368,0.0804,0.592644,8.29145E-05,0.00213522,0.001578121,0.199006,6.49222E-05,-2.94172E-05,2.3165E-05,5.69802E-05,-2.54249E-05,4.39229E-05
0.0023534,1.8197,0.67,4.9387,0.011855,0.0087721,1.0465,0.0017321,-0.00086316,0.00064345,0.0016842,-0.00079216,0.0012904,0.218364,0.0804,0.592644,8.49577E-05,0.00225245,0.001666699,0.198835,6.25288E-05,-3.11601E-05,2.32285E-05,6.07996E-05,-2.8597E-05,4.65834E-05
0.0024607,1.8279,0.67,4.9387,0.012441,0.0098581,1.0458,0.0016719,-0.00086829,0.00069643,0.0018111,-0.00090026,0.0014384,0.219348,0.0804,0.592644,8.88313E-05,0.00236379,0.001873039,0.198702,6.03556E-05,-3.13453E-05,2.51411E-05,6.53807E-05,-3.24994E-05,5.19262E-05
0.0025685,1.8362,0.67,4.9387,0.013211,0.011099,1.0451,0.0016072,-0.00083828,0.00077762,0.0019063,-0.0010226,0.0016236,0.220344,0.0804,0.592644,9.27229E-05,0.00251009,0.00210881,0.198569,5.80199E-05,-3.02619E-05,2.80721E-05,6.88174E-05,-3.69159E-05,5.8612E-05
0.002633,1.8446,0.67,4.9387,0.01439,0.011986,1.0438,0.0015242,-0.00079187,0.00083194,0.0019474,-0.0011342,0.0017944,0.221352,0.0804,0.592644,9.50513E-05,0.0027341,0.00227734,0.198322,5.50236E-05,-2.85865E-05,3.0033E-05,7.03011E-05,-4.09446E-05,6.47778E-05
0.0026299,1.8534,0.67,4.9387,0.015975,0.012316,1.0426,0.0014196,-0.00072721,0.00082049,0.0019245,-0.0011891,0.0019156,0.222408,0.0804,0.592644,9.49394E-05,0.00303525,0.00234004,0.198094,5.12476E-05,-2.62523E-05,2.96197E-05,6.94745E-05,-4.29265E-05,6.91532E-05
0.0025616,1.8626,0.67,4.9387,0.017675,0.012038,1.0426,0.0013043,-0.00064076,0.00074636,0.0018562,-0.0011654,0.0019628,0.223512,0.0804,0.592644,9.24738E-05,0.00335825,0.00228722,0.198094,4.70852E-05,-2.31314E-05,2.69436E-05,6.70088E-05,-4.20709E-05,7.08571E-05
0.0024384,1.8723,0.67,4.9387,0.019069,0.011679,1.0439,0.001188,-0.00052798,0.00064222,0.0017687,-0.0010926,0.0019202,0.224676,0.0804,0.592644,8.80262E-05,0.00362311,0.00221901,0.198341,4.28868E-05,-1.90601E-05,2.31841E-05,6.38501E-05,-3.94429E-05,6.93192E-05
0.0022902,1.8824,0.67,4.9387,0.019913,0.011322,1.0459,0.0010713,-0.00038665,0.00054636,0.0016512,-0.00097802,0.001858,0.225888,0.0804,0.592644,8.26762E-05,0.00378347,0.00215118,0.198721,3.86739E-05,-1.39581E-05,1.97236E-05,5.96083E-05,-3.53065E-05,6.70738E-05
0.0021417,1.8931,0.67,4.9387,0.020373,0.010052,1.0462,0.00096747,-0.000239,0.00044892,0.0014813,-0.00079503,0.0018347,0.227172,0.0804,0.592644,7.73154E-05,0.00387087,0.00190988,0.198778,3.49257E-05,-8.6279E-06,1.6206E-05,5.34749E-05,-2.87006E-05,6.62327E-05
0.0019705,1.9042,0.67,4.9387,0.020824,0.0083639,1.0452,0.00089936,-0.00010839,0.00033882,0.0012533,-0.00060013,0.0017885,0.228504,0.0804,0.592644,7.11351E-05,0.00395656,0.001589141,0.198588,3.24669E-05,-3.91288E-06,1.22314E-05,4.52441E-05,-2.16647E-05,6.45649E-05
0.0018138,1.9159,0.67,4.9387,0.021395,0.0078838,1.0438,0.00087437,-7.76E-06,0.00023458,0.00099796,-0.0004767,0.0017552,0.229908,0.0804,0.592644,6.54782E-05,0.00406505,0.001497922,0.198322,3.15648E-05,-2.80039E-07,8.46834E-06,3.60264E-05,-1.72089E-05,6.33627E-05
0.0016217,1.9282,0.67,4.9387,0.021754,0.0089085,1.0416,0.00089203,7.81E-05,0.00013774,0.00080197,-0.00034922,0.0015495,0.231384,0.0804,0.592644,5.85434E-05,0.00413326,0.001692615,0.197904,3.22023E-05,2.81858E-06,4.97241E-06,2.89511E-05,-1.26068E-05,5.5937E-05
0.0015212,1.941,0.67,4.9387,0.021433,0.0091758,1.0399,0.00095319,0.0001471,9.39E-05,0.00072376,-0.00019442,0.0013655,0.23292,0.0804,0.592644,5.49153E-05,0.00407227,0.001743402,0.197581,3.44102E-05,5.31031E-06,3.39026E-06,2.61277E-05,-7.01856E-06,4.92946E-05
0.0015279,1.9545,0.67,4.9387,0.020264,0.0078802,1.0361,0.0010326,0.00016301,3.02E-05,0.00072668,-0.00013153,0.0012965,0.23454,0.0804,0.592644,5.51572E-05,0.00385016,0.001497238,0.196859,3.72769E-05,5.88466E-06,1.09174E-06,2.62331E-05,-4.74823E-06,4.68037E-05
0.0015012,1.9686,0.67,4.9387,0.018802,0.0055162,1.0321,0.001101,9.07E-05,-5.85E-05,0.0007484,-0.00015847,0.001153,0.236232,0.0804,0.592644,5.41933E-05,0.00357238,0.001048078,0.196099,3.97461E-05,3.27409E-06,-2.11124E-06,2.70172E-05,-5.72077E-06,4.16233E-05
0.0015117,1.9833,0.67,4.9387,0.017725,0.00086817,1.0301,0.0011677,-2.69E-05,-0.00010582,0.00066528,-0.00017296,0.0011905,0.237996,0.0804,0.592644,5.45724E-05,0.00336775,0.000164952,0.195719,4.2154E-05,-9.69466E-07,-3.8201E-06,2.40166E-05,-6.24386E-06,4.29771E-05
0.0017118,1.9988,0.67,4.9387,0.016354,-0.0037735,1.0282,0.0012224,-4.32E-05,6.33E-05,0.00057442,1.44E-06,0.0016268,0.239856,0.0804,0.592644,6.1796E-05,0.00310726,-0.000716965,0.195358,4.41286E-05,-1.56125E-06,2.28675E-06,2.07366E-05,5.20057E-08,5.87275E-05
0.002148,2.0149,0.67,4.9387,0.013753,-0.0063567,1.0228,0.0012333,3.31E-05,0.00029351,0.0005994,0.00012041,0.0024634,0.241788,0.0804,0.592644,7.75428E-05,0.00261307,-0.001207773,0.194332,4.45221E-05,1.19419E-06,1.05957E-05,2.16383E-05,4.3468E-06,8.89287E-05
0.0025485,2.0319,0.67,4.9387,0.010711,-0.0094386,1.0143,0.0011856,8.00E-05,0.00040058,0.00065175,1.45E-05,0.0032596,0.243828,0.0804,0.592644,9.20009E-05,0.00203509,-0.001793334,0.192717,4.28002E-05,2.88876E-06,1.44609E-05,2.35282E-05,5.22548E-07,0.000117672
0.0027637,2.0496,0.67,4.9387,0.0080328,-0.012406,1.0071,0.0011459,1.56E-05,0.0006704,0.00063876,-7.47E-05,0.0037427,0.245952,0.0804,0.592644,9.97696E-05,0.001526232,-0.00235714,0.191349,4.1367E-05,5.63918E-07,2.42014E-05,2.30592E-05,-2.69754E-06,0.000135111
0.003664,2.0681,0.67,4.9387,0.0061301,-0.0073478,0.99437,0.0012278,-0.00014851,0.0013147,0.0007212,-0.00022026,0.005379,0.248172,0.0804,0.592644,0.00013227,0.001164719,-0.001396082,0.1889303,4.43236E-05,-5.36121E-06,4.74607E-05,2.60353E-05,-7.95139E-06,0.000194182
0.0048207,2.0875,0.67,4.9387,0.0056971,0.0027559,0.98472,0.0014348,-0.00035341,0.0019549,0.0010543,-0.00081192,0.0071523,0.2505,0.0804,0.592644,0.000174027,0.001082449,0.000523621,0.1870968,5.17963E-05,-1.27581E-05,7.05719E-05,3.80602E-05,-2.93103E-05,0.000258198
0.0052161,2.1078,0.67,4.9387,0.0078257,0.012086,0.97337,0.0016702,-0.00034207,0.0022049,0.0012498,-0.0011153,0.0075123,0.252936,0.0804,0.592644,0.000188301,0.001486883,0.00229634,0.1849403,6.02942E-05,-1.23487E-05,7.95969E-05,4.51178E-05,-4.02623E-05,0.000271194
0.0052041,2.129,0.67,4.9387,0.012092,0.014388,0.96482,0.0018223,-0.00032553,0.0025484,0.001146,-0.0010447,0.0074399,0.25548,0.0804,0.592644,0.000187868,0.00229748,0.00273372,0.1833158,6.5785E-05,-1.17516E-05,9.19972E-05,4.13706E-05,-3.77137E-05,0.00026858
0.0042193,2.1511,0.67,4.9387,0.014299,0.014817,0.967,0.0018901,-0.00010111,0.0023576,0.0010084,-0.00046605,0.0055401,0.258132,0.0804,0.592644,0.000152317,0.00271681,0.00281523,0.18373,6.82326E-05,-3.65007E-06,8.51094E-05,3.64032E-05,-1.68244E-05,0.000199998
0.003431,2.1743,0.67,4.9387,0.013169,0.018973,0.96323,0.0018081,0.00036309,0.0016266,0.00098689,0.0002504,0.0040669,0.260916,0.0804,0.592644,0.000123859,0.00250211,0.00360487,0.1830137,6.52724E-05,1.31075E-05,5.87203E-05,3.56267E-05,9.03944E-06,0.000146815
0.0034035,2.1984,0.67,4.9387,0.011186,0.021976,0.9588,0.0015498,0.00066374,0.0012676,0.0013606,0.00050953,0.0038965,0.263808,0.0804,0.592644,0.000122866,0.00212534,0.00417544,0.182172,5.59478E-05,2.3961E-05,4.57604E-05,4.91177E-05,1.8394E-05,0.000140664
0.0036139,2.2237,0.67,4.9387,0.009953,0.020033,0.94036,0.001283,0.0007241,0.0011123,0.0018704,0.00089888,0.0040744,0.266844,0.0804,0.592644,0.000130462,0.00189107,0.00380627,0.1786684,4.63163E-05,2.614E-05,4.0154E-05,6.75214E-05,3.24496E-05,0.000147086
0.0050769,2.2501,0.67,4.9387,0.0090295,0.017765,0.9189,0.0010241,0.00032058,0.0013423,0.0021636,0.00078254,0.006966,0.270012,0.0804,0.592644,0.000183276,0.001715605,0.00337535,0.174591,3.697E-05,1.15729E-05,4.8457E-05,7.8106E-05,2.82497E-05,0.000251473
0.0049206,2.2776,0.67,4.9387,0.0065357,0.025862,0.89569,0.00090197,1.82E-05,0.0013515,0.0021587,6.50E-05,0.0067805,0.273312,0.0804,0.592644,0.000177634,0.001241783,0.00491378,0.1701811,3.25611E-05,6.57525E-07,4.87892E-05,7.79291E-05,2.34766E-06,0.000244776
0.0050263,2.3063,0.67,4.9387,0.0017834,0.036668,0.88412,0.0009543,0.00022312,0.0011924,0.0018455,-0.00058093,0.0072527,0.276756,0.0804,0.592644,0.000181449,0.000338846,0.00696692,0.1679828,3.44502E-05,8.05463E-06,4.30456E-05,6.66226E-05,-2.09716E-05,0.000261822
0.0052229,2.3362,0.67,4.9387,-0.0040924,0.044528,0.88013,0.0010924,0.00031923,0.0012417,0.0018653,-0.00082951,0.0074881,0.280344,0.0804,0.592644,0.000188547,-0.000777556,0.00846032,0.1672247,3.94356E-05,1.15242E-05,4.48254E-05,6.73373E-05,-2.99453E-05,0.00027032
0.0049548,2.3674,0.67,4.9387,-0.0076689,0.048854,0.85848,0.0013616,7.68E-05,0.0013927,0.0024103,-0.0011664,0.0061378,0.284088,0.0804,0.592644,0.000178868,-0.001457091,0.00928226,0.1631112,4.91538E-05,2.77086E-06,5.02765E-05,8.70118E-05,-4.2107E-05,0.000221575
0.0058665,2.3999,0.67,4.9387,-0.0064478,0.056719,0.83381,0.0014941,0.00025673,0.0013128,0.0033745,0.00021319,0.0068643,0.287988,0.0804,0.592644,0.000211781,-0.001225082,0.01077661,0.1584239,5.3937E-05,9.26795E-06,4.73921E-05,0.000121819,7.69616E-06,0.000247801
0.0051791,2.4338,0.67,4.9387,-0.0027279,0.054892,0.77919,0.0011435,0.00027634,0.0010022,0.0031914,0.0014612,0.0060233,0.292056,0.0804,0.592644,0.000186966,-0.000518301,0.01042948,0.1480461,4.12804E-05,9.97587E-06,3.61794E-05,0.00011521,5.27493E-05,0.000217441
0.0035972,2.4691,0.67,4.9387,-0.00054318,0.041213,0.65937,0.00043885,-5.37E-06,0.00059726,0.00193,0.00085039,0.0048254,0.296292,0.0804,0.592644,0.000129859,-0.000103204,0.00783047,0.1252803,1.58425E-05,-1.93965E-07,2.15611E-05,0.000069673,3.06991E-05,0.000174197
0.0013504,2.5058,0.67,4.9387,0.00042926,0.01811,0.2896,2.81E-05,-6.06E-07,0.00010442,0.00073401,0.00033601,0.0019388,0.300696,0.0804,0.592644,4.87494E-05,8.15594E-05,0.0034409,0.055024,1.0139E-06,-2.18939E-08,3.76956E-06,2.64978E-05,1.213E-05,6.99907E-05
2.93E-07,2.544,0.67,4.9387,0.00054075,1.14E-13,3.54E-18,5.86E-07,1.23E-16,-5.48E-22,2.59E-26,-1.16E-31,1.24E-34,0.30528,0.0804,0.592644,1.05834E-08,0.000102743,2.15878E-14,6.72505E-19,2.11665E-08,4.44608E-18,-1.97846E-23,9.33943E-28,-4.19229E-33,4.46882E-36
0,2.5837,0.67,4.9387,0,0,0,0,0,0,0,0,0,0.310044,0.0804,0.592644,0,0,0,0,0,0,0,0,0,0
0,2.625,0.67,4.9387,0,0,0,0,0,0,0,0,0,0.315,0.0804,0.592644,0,0,0,0,0,0,0,0,0,0
0,-0.125,0.67,4.975,0,0,0,0,0,0,0,0,0,-0.015,0.0804,0.597,0,0,0,0,0,0,0,0,0,0
0,-0.083719,0.67,4.975,0,0,0,0,0,0,0,0,0,-0.01004628,0.0804,0.597,0,0,0,0,0,0,0,0,0,0
1.25E-07,-0.044001,0.67,4.975,-0.0010542,-2.90E-13,3.06E-17,2.50E-07,6.87E-17,-7.41E-21,1.89E-26,-2.04E-30,2.43E-34,-0.00528012,0.0804,0.597,4.51142E-09,-0.000200298,-5.50126E-14,5.81818E-18,9.02283E-09,2.4796E-18,-2.67645E-22,6.81424E-28,-7.35465E-32,8.76977E-36
0.0011542,-0.0058053,0.67,4.975,-0.0026831,0.022494,0.36246,1.27E-05,-2.99E-05,-2.99E-05,0.00078415,-0.00014436,0.0015115,-0.000696636,0.0804,0.597,4.16666E-05,-0.000509789,0.00427386,0.0688674,4.58723E-07,-1.07874E-06,-1.0791E-06,2.83078E-05,-5.2114E-06,5.45652E-05
0.003009,0.030909,0.67,4.975,-0.0079286,0.050992,0.82145,0.00019881,-0.00017577,-0.00017103,0.0020424,-0.00037592,0.0037768,0.00370908,0.0804,0.597,0.000108625,-0.001506434,0.00968848,0.1560755,7.17704E-06,-6.3453E-06,-6.17418E-06,7.37306E-05,-1.35707E-05,0.000136342
0.0032744,0.066184,0.67,4.975,-0.016397,0.046508,0.93164,0.0005574,-0.00023723,-0.00030932,0.0017796,-0.00026012,0.0042118,0.00794208,0.0804,0.597,0.000118206,-0.00311543,0.00883652,0.1770116,2.01221E-05,-8.564E-06,-1.11665E-05,6.42436E-05,-9.39033E-06,0.000152046
0.0037624,0.10006,0.67,4.975,-0.021817,0.034108,0.96049,0.00071009,-0.00019561,-0.00026312,0.0012729,-0.00031893,0.0055418,0.0120072,0.0804,0.597,0.000135823,-0.00414523,0.00648052,0.1824931,2.56342E-05,-7.06152E-06,-9.49863E-06,4.59517E-05,-1.15134E-05,0.000200059
0.0038727,0.13258,0.67,4.975,-0.02297,0.025502,0.98694,0.00056769,-7.70E-05,-8.24E-05,0.0013171,-0.00092296,0.0058605,0.0159096,0.0804,0.597,0.000139804,-0.0043643,0.00484538,0.1875186,2.04936E-05,-2.77887E-06,-2.97576E-06,4.75473E-05,-3.33189E-05,0.000211564
0.0027664,0.16379,0.67,4.975,-0.022073,0.011473,1.0124,0.00047491,6.32E-05,-8.51E-05,0.001037,-0.00070535,0.004021,0.0196548,0.0804,0.597,9.9867E-05,-0.00419387,0.00217987,0.192356,1.71443E-05,2.28029E-06,-3.07197E-06,3.74357E-05,-2.54631E-05,0.000145158
0.0023348,0.19372,0.67,4.975,-0.020989,0.005724,1.016,0.00057445,0.00015259,-0.00025241,0.00093965,-0.00026284,0.0031556,0.0232464,0.0804,0.597,8.42863E-05,-0.00398791,0.00108756,0.19304,2.07376E-05,5.5085E-06,-9.112E-06,3.39214E-05,-9.48852E-06,0.000113917
0.0030501,0.22242,0.67,4.975,-0.019308,0.0093265,1.0218,0.00077323,0.00012945,-0.00085493,0.0010165,-0.00045889,0.0043104,0.0266904,0.0804,0.597,0.000110109,-0.00366852,0.001772035,0.194142,2.79136E-05,4.67315E-06,-3.0863E-05,3.66957E-05,-1.65659E-05,0.000155605
0.0030143,0.24993,0.67,4.975,-0.019157,0.015812,1.0331,0.00099331,-8.93E-05,-0.0010587,0.0010804,-0.00031001,0.0039548,0.0299916,0.0804,0.597,0.000108816,-0.00363983,0.00300428,0.196289,3.58585E-05,-3.22514E-06,-3.82191E-05,3.90024E-05,-1.11914E-05,0.000142768
0.002369,0.27629,0.67,4.975,-0.021389,0.021243,1.0391,0.0011029,-3.01E-05,-0.00097876,0.0010427,-0.00012484,0.0025924,0.0331548,0.0804,0.597,8.55209E-05,-0.00406391,0.00403617,0.197429,3.98147E-05,-1.08527E-06,-3.53332E-05,3.76415E-05,-4.50672E-06,9.35856E-05
0.002848,0.30154,0.67,4.975,-0.022576,0.021663,1.0382,0.0011246,0.00017885,-0.00087085,0.0010909,-0.00022269,0.0034805,0.0361848,0.0804,0.597,0.000102813,-0.00428944,0.00411597,0.197258,4.05981E-05,6.45649E-06,-3.14377E-05,3.93815E-05,-8.03911E-06,0.000125646
0.0034417,0.32572,0.67,4.975,-0.021771,0.014781,1.0398,0.0011136,0.00016996,-0.00078508,0.0015064,-0.00070012,0.0042634,0.0390864,0.0804,0.597,0.000124245,-0.00413649,0.00280839,0.197562,4.0201E-05,6.13556E-06,-2.83414E-05,5.4381E-05,-2.52743E-05,0.000153909
0.0034072,0.34887,0.67,4.975,-0.021452,0.0093072,1.0558,0.0011543,0.00010471,-0.00089566,0.0016862,-0.0010547,0.0039738,0.0418644,0.0804,0.597,0.000123,-0.00407588,0.001768368,0.200602,4.16702E-05,3.78003E-06,-3.23333E-05,6.08718E-05,-3.80747E-05,0.000143454
0.002936,0.37102,0.67,4.975,-0.022601,0.013444,1.0577,0.0012673,0.00020472,-0.000561,0.0015976,-0.00090077,0.003007,0.0445224,0.0804,0.597,0.00010599,-0.00429419,0.00255436,0.200963,4.57495E-05,7.39039E-06,-2.02521E-05,5.76734E-05,-3.25178E-05,0.000108553
0.0025538,0.39221,0.67,4.975,-0.024323,0.021587,1.053,0.0013118,0.00037074,-0.00054595,0.001538,-0.0005594,0.0022578,0.0470652,0.0804,0.597,9.21922E-05,-0.00462137,0.00410153,0.20007,4.7356E-05,1.33837E-05,-1.97088E-05,5.55218E-05,-2.01943E-05,8.15066E-05
0.0021094,0.41248,0.67,4.975,-0.026237,0.028344,1.0496,0.0013234,0.00025368,-0.00038953,0.0013562,-0.00038075,0.0015391,0.0494976,0.0804,0.597,7.61493E-05,-0.00498503,0.00538536,0.199424,4.77747E-05,9.15785E-06,-1.4062E-05,4.89588E-05,-1.37451E-05,5.55615E-05
0.0020065,0.43187,0.67,4.975,-0.027925,0.031586,1.0503,0.001293,3.38E-05,-6.67E-05,0.0012455,-0.00053807,0.0014745,0.0518244,0.0804,0.597,7.24347E-05,-0.00530575,0.00600134,0.199557,4.66773E-05,1.21964E-06,-2.40776E-06,4.49626E-05,-1.94243E-05,5.32295E-05
0.0022262,0.4504,0.67,4.975,-0.029035,0.034151,1.0486,0.0012163,1.80E-05,-0.00015684,0.001221,-0.00073134,0.0020152,0.054048,0.0804,0.597,8.03658E-05,-0.00551665,0.00648869,0.199234,4.39084E-05,6.498E-07,-5.66192E-06,4.40781E-05,-2.64014E-05,7.27487E-05
0.0026093,0.46812,0.67,4.975,-0.029817,0.03493,1.0466,0.0011893,0.00014235,-0.00027338,0.0014468,-0.0010958,0.0025826,0.0561744,0.0804,0.597,9.41957E-05,-0.00566523,0.0066367,0.198854,4.29337E-05,5.13884E-06,-9.86902E-06,5.22295E-05,-3.95584E-05,9.32319E-05
0.0026946,0.48504,0.67,4.975,-0.030383,0.033124,1.0516,0.0011793,0.00021283,-0.00025405,0.001616,-0.0012971,0.0025938,0.0582048,0.0804,0.597,9.72751E-05,-0.00577277,0.00629356,0.199804,4.25727E-05,7.68316E-06,-9.17121E-06,5.83376E-05,-4.68253E-05,9.36362E-05
0.002681,0.50122,0.67,4.975,-0.030717,0.03207,1.0564,0.0011316,0.00013383,-0.00018805,0.0017426,-0.0012734,0.0024879,0.0601464,0.0804,0.597,9.67841E-05,-0.00583623,0.0060933,0.200716,4.08508E-05,4.83126E-06,-6.78861E-06,6.29079E-05,-4.59697E-05,8.98132E-05
0.0026647,0.51667,0.67,4.975,-0.030506,0.032955,1.0566,0.0011103,5.26E-05,-0.0001329,0.0019612,-0.0012031,0.0022579,0.0620004,0.0804,0.597,9.61957E-05,-0.00579614,0.00626145,0.200754,4.00818E-05,1.89803E-06,-4.79769E-06,7.07993E-05,-4.34319E-05,8.15102E-05
0.0024089,0.53142,0.67,4.975,-0.029897,0.032278,1.0592,0.0011239,6.27E-05,-7.84E-05,0.001957,-0.00098566,0.0017369,0.0637704,0.0804,0.597,8.69613E-05,-0.00568043,0.00613282,0.201248,4.05728E-05,2.26257E-06,-2.82844E-06,7.06477E-05,-3.55823E-05,6.27021E-05
0.0021823,0.54551,0.67,4.975,-0.029587,0.030273,1.0621,0.0010831,8.82E-05,-3.55E-05,0.001794,-0.00079182,0.0014875,0.0654612,0.0804,0.597,7.8781E-05,-0.00562153,0.00575187,0.201799,3.90999E-05,3.1855E-06,-1.28058E-06,6.47634E-05,-2.85847E-05,5.36988E-05
0.0019542,0.55896,0.67,4.975,-0.02962,0.028736,1.0608,0.0009737,7.27E-05,-7.66E-05,0.00157,-0.0005716,0.0013648,0.0670752,0.0804,0.597,7.05466E-05,-0.0056278,0.00545984,0.201552,3.51506E-05,2.62277E-06,-2.76497E-06,0.000056677,-2.06348E-05,4.92693E-05
0.0018005,0.5718,0.67,4.975,-0.029877,0.025404,1.0581,0.00085807,2.50E-05,-0.00021389,0.0013679,-0.00024056,0.0013749,0.068616,0.0804,0.597,6.49981E-05,-0.00567663,0.00482676,0.201039,3.09763E-05,9.00803E-07,-7.72143E-06,4.93812E-05,-8.68422E-06,4.96339E-05
0.0017825,0.58405,0.67,4.975,-0.030416,0.021324,1.0595,0.00078396,1.40E-05,-0.00032417,0.0014607,-1.48E-05,0.0013204,0.070086,0.0804,0.597,6.43483E-05,-0.00577904,0.00405156,0.201305,2.8301E-05,5.06591E-07,-1.17025E-05,5.27313E-05,-5.32728E-07,4.76664E-05
0.0018472,0.59575,0.67,4.975,-0.031135,0.019052,1.0633,0.00076035,9.45E-05,-0.00041437,0.0017044,2.53E-07,0.0012297,0.07149,0.0804,0.597,6.66839E-05,-0.00591565,0.00361988,0.202027,2.74486E-05,3.40979E-06,-1.49588E-05,6.15288E-05,9.14052E-09,4.43922E-05
0.0019426,0.6069,0.67,4.975,-0.031865,0.017639,1.0665,0.00078363,0.00019407,-0.00051222,0.0018518,-6.34E-06,0.0012499,0.072828,0.0804,0.597,7.01279E-05,-0.00605435,0.00335141,0.202635,2.8289E-05,7.00593E-06,-1.84911E-05,6.685E-05,-2.28787E-07,4.51214E-05
0.0020444,0.61755,0.67,4.975,-0.032325,0.015879,1.0696,0.00084604,0.0002464,-0.00056795,0.0019103,6.08E-05,0.0013324,0.074106,0.0804,0.597,7.38028E-05,-0.00614175,0.00301701,0.203224,3.0542E-05,8.89504E-06,-2.0503E-05,6.89618E-05,2.19528E-06,4.80996E-05
0.0021478,0.6277,0.67,4.975,-0.032315,0.013026,1.0733,0.00092642,0.00026151,-0.00059276,0.0018417,0.0001753,0.0015275,0.075324,0.0804,0.597,7.75356E-05,-0.00613985,0.00247494,0.203927,3.34438E-05,9.44051E-06,-2.13986E-05,6.64854E-05,6.32833E-06,5.51428E-05
0.0021739,0.63738,0.67,4.975,-0.031983,0.0091734,1.0765,0.00099621,0.00026199,-0.00054126,0.0017051,0.00030263,0.0016464,0.0764856,0.0804,0.597,7.84778E-05,-0.00607677,0.001742946,0.204535,3.59632E-05,9.45784E-06,-1.95395E-05,6.15541E-05,1.09249E-05,5.9435E-05
0.0021054,0.64661,0.67,4.975,-0.031686,0.0050745,1.0798,0.0010331,0.00025424,-0.00041952,0.0015941,0.00037372,0.0015835,0.0775932,0.0804,0.597,7.60049E-05,-0.00602034,0.000964155,0.205162,3.72949E-05,9.17806E-06,-1.51447E-05,5.7547E-05,1.34913E-05,5.71644E-05
0.0019416,0.65542,0.67,4.975,-0.031675,0.0015212,1.0837,0.0010254,0.00023292,-0.00027235,0.0014929,0.00035911,0.001365,0.0786504,0.0804,0.597,7.00918E-05,-0.00601825,0.000289028,0.205903,3.70169E-05,8.40841E-06,-9.83184E-06,5.38937E-05,1.29639E-05,4.92765E-05
0.0017375,0.66381,0.67,4.975,-0.032032,-0.0012453,1.0882,0.0009661,0.00020386,-0.00015057,0.0013804,0.00027744,0.0011285,0.0796572,0.0804,0.597,6.27238E-05,-0.00608608,-0.000236607,0.206758,3.48762E-05,7.35935E-06,-5.43558E-06,4.98324E-05,1.00156E-05,4.07389E-05
0.0015496,0.67207,0.67,4.975,-0.032751,-0.0034647,1.0933,0.0008576,0.00018149,-7.32E-05,0.0012867,0.0001488,0.000955,0.0806484,0.0804,0.597,5.59406E-05,-0.00622269,-0.000658293,0.207727,3.09594E-05,6.55179E-06,-2.64288E-06,4.64499E-05,5.37168E-06,3.44755E-05
0.001404,0.68032,0.67,4.975,-0.033737,-0.0054189,1.0989,0.0007203,0.00017185,-3.97E-05,0.001223,-2.05E-05,0.00086466,0.0816384,0.0804,0.597,5.06844E-05,-0.00641003,-0.001029591,0.208791,2.60028E-05,6.20379E-06,-1.43436E-06,4.41503E-05,-7.38606E-07,3.12142E-05
0.0012952,0.68858,0.67,4.975,-0.034862,-0.0071099,1.1046,0.00058398,0.00016735,-4.18E-05,0.0011663,-0.00020874,0.00084013,0.0826296,0.0804,0.597,4.67567E-05,-0.00662378,-0.001350881,0.209874,2.10817E-05,6.04134E-06,-1.5088E-06,4.21034E-05,-7.53551E-06,3.03287E-05
0.0012039,0.69683,0.67,4.975,-0.03599,-0.0082923,1.1095,0.00047033,0.00015557,-6.53E-05,0.0010923,-0.00035678,0.00084516,0.0836196,0.0804,0.597,4.34608E-05,-0.0068381,-0.001575537,0.210805,1.69789E-05,5.61608E-06,-2.35758E-06,3.9432E-05,-1.28798E-05,3.05103E-05
0.0011234,0.70509,0.67,4.975,-0.036977,-0.0090967,1.1129,0.00038959,0.00012889,-8.09E-05,0.0009972,-0.00044451,0.00086005,0.0846108,0.0804,0.597,4.05547E-05,-0.00702563,-0.001728373,0.211451,1.40642E-05,4.65293E-06,-2.92063E-06,3.59989E-05,-1.60468E-05,3.10478E-05
0.0010814,0.71335,0.67,4.975,-0.037764,-0.010113,1.1151,0.0003435,9.20E-05,-7.18E-05,0.00089272,-0.0005042,0.00092653,0.085602,0.0804,0.597,3.90385E-05,-0.00717516,-0.00192147,0.211869,1.24004E-05,3.32055E-06,-2.59184E-06,3.22272E-05,-1.82016E-05,3.34477E-05
0.0010713,0.7216,0.67,4.975,-0.038473,-0.011522,1.117,0.00032859,5.20E-05,-5.00E-05,0.00079482,-0.00055622,0.0010191,0.086592,0.0804,0.597,3.86739E-05,-0.00730987,-0.00218918,0.21223,1.18621E-05,1.8759E-06,-1.80464E-06,2.8693E-05,-2.00795E-05,3.67895E-05
0.0010585,0.72986,0.67,4.975,-0.039262,-0.013021,1.1186,0.00033877,6.73E-06,-3.02E-05,0.00071644,-0.00058299,0.0010619,0.0875832,0.0804,0.597,3.82119E-05,-0.00745978,-0.00247399,0.212534,1.22296E-05,2.42881E-07,-1.09036E-06,2.58635E-05,-2.10459E-05,3.83346E-05
0.001041,0.73811,0.67,4.975,-0.040118,-0.014533,1.1198,0.00036608,-4.44E-05,-1.95E-05,0.00066265,-0.00057317,0.0010533,0.0885732,0.0804,0.597,3.75801E-05,-0.00762242,-0.00276127,0.212762,1.32155E-05,-1.60327E-06,-7.03517E-07,2.39217E-05,-2.06914E-05,3.80241E-05
0.001038,0.74637,0.67,4.975,-0.040903,-0.016041,1.1205,0.00040199,-9.38E-05,-1.42E-05,0.0006326,-0.00054153,0.0010413,0.0895644,0.0804,0.597,3.74718E-05,-0.00777157,-0.00304779,0.212895,1.45118E-05,-3.38791E-06,-5.14028E-07,2.28369E-05,-1.95492E-05,3.75909E-05
0.0010543,0.75463,0.67,4.975,-0.041522,-0.017297,1.1199,0.00044014,-0.00013382,-1.01E-05,0.0006258,-0.00050816,0.0010428,0.0905556,0.0804,0.597,3.80602E-05,-0.00788918,-0.00328643,0.212781,1.58891E-05,-4.8309E-06,-3.63166E-07,2.25914E-05,-1.83446E-05,3.76451E-05
0.0010901,0.76288,0.67,4.975,-0.041903,-0.018033,1.1174,0.00047582,-0.00016203,-1.39E-05,0.00065086,-0.00048517,0.0010536,0.0915456,0.0804,0.597,3.93526E-05,-0.00796157,-0.00342627,0.212306,1.71771E-05,-5.84928E-06,-5.00202E-07,2.3496E-05,-1.75146E-05,3.8035E-05
0.0011468,0.77114,0.67,4.975,-0.041961,-0.018129,1.1137,0.00050364,-0.0001776,-2.81E-05,0.00071659,-0.00047613,0.0010733,0.0925368,0.0804,0.597,4.13995E-05,-0.00797259,-0.00344451,0.211603,1.81814E-05,-6.41136E-06,-1.01416E-06,2.58689E-05,-1.71883E-05,3.87461E-05
0.0012179,0.7794,0.67,4.975,-0.041715,-0.017652,1.1098,0.00052035,-0.00017767,-4.80E-05,0.00082715,-0.00047916,0.0010883,0.093528,0.0804,0.597,4.39662E-05,-0.00792585,-0.00335388,0.210862,1.87846E-05,-6.41389E-06,-1.7332E-06,2.98601E-05,-1.72977E-05,3.92876E-05
0.0012984,0.78765,0.67,4.975,-0.0413,-0.016791,1.1065,0.00052931,-0.00015847,-6.37E-05,0.00098374,-0.00049745,0.0010838,0.094518,0.0804,0.597,4.68722E-05,-0.007847,-0.00319029,0.210235,1.91081E-05,-5.72077E-06,-2.30004E-06,3.5513E-05,-1.79579E-05,3.91252E-05
0.0013892,0.79591,0.67,4.975,-0.040787,-0.015675,1.104,0.00053659,-0.00011672,-5.28E-05,0.0011716,-0.00054911,0.0010703,0.0955092,0.0804,0.597,5.01501E-05,-0.00774953,-0.00297825,0.20976,1.93709E-05,-4.21359E-06,-1.90622E-06,4.22948E-05,-1.98229E-05,3.86378E-05
0.0014875,0.80416,0.67,4.975,-0.040205,-0.01422,1.1022,0.00054708,-5.63E-05,-9.61E-06,0.0013529,-0.00064037,0.001075,0.0964992,0.0804,0.597,5.36988E-05,-0.00763895,-0.0027018,0.209418,1.97496E-05,-2.03362E-06,-3.46892E-07,4.88397E-05,-2.31174E-05,3.88075E-05
0.0015853,0.81242,0.67,4.975,-0.039594,-0.012156,1.1009,0.00056653,8.02E-06,3.48E-05,0.0014905,-0.00075947,0.0011135,0.0974904,0.0804,0.597,5.72293E-05,-0.00752286,-0.00230964,0.209171,2.04517E-05,2.89695E-07,1.25639E-06,5.38071E-05,-2.74169E-05,4.01974E-05
0.0016815,0.82068,0.67,4.975,-0.038922,-0.0093305,1.0998,0.00059788,6.15E-05,4.86E-05,0.0015867,-0.00088704,0.0011783,0.0984816,0.0804,0.597,6.07022E-05,-0.00739518,-0.001772795,0.208962,2.15835E-05,2.21943E-06,1.75525E-06,5.72799E-05,-3.20221E-05,4.25366E-05
0.0017936,0.82893,0.67,4.975,-0.0382,-0.0060236,1.0982,0.00063823,9.32E-05,4.04E-05,0.0016721,-0.00098613,0.0012769,0.0994716,0.0804,0.597,6.4749E-05,-0.007258,-0.001144484,0.208658,2.30401E-05,3.36513E-06,1.45822E-06,6.03628E-05,-3.55993E-05,4.60961E-05
0.0019145,0.83719,0.67,4.975,-0.037551,-0.0026826,1.0958,0.0006789,8.14E-05,4.36E-05,0.0017534,-0.0010285,0.0013966,0.1004628,0.0804,0.597,6.91135E-05,-0.00713469,-0.000509694,0.208202,2.45083E-05,2.93988E-06,1.57313E-06,6.32977E-05,-3.71289E-05,5.04173E-05
0.0020329,0.84544,0.67,4.975,-0.037106,0.00055629,1.0935,0.00070636,-2.25E-06,6.38E-05,0.0018365,-0.0010134,0.0015229,0.1014528,0.0804,0.597,7.33877E-05,-0.00705014,0.000105695,0.207765,2.54996E-05,-8.13586E-08,2.3026E-06,6.62977E-05,-3.65837E-05,5.49767E-05
0.0021628,0.8537,0.67,4.975,-0.036954,0.0036322,1.0916,0.00071317,-0.00015174,9.24E-05,0.0019427,-0.00096265,0.0016698,0.102444,0.0804,0.597,7.80771E-05,-0.00702126,0.000690118,0.207404,2.57454E-05,-5.47781E-06,3.33607E-06,7.01315E-05,-3.47517E-05,6.02798E-05
0.0022979,0.86196,0.67,4.975,-0.0371,0.006232,1.0887,0.00070171,-0.00031502,0.00015862,0.0020489,-0.00094632,0.0018452,0.1034352,0.0804,0.597,8.29542E-05,-0.007049,0.00118408,0.206853,2.53317E-05,-1.13722E-05,5.72618E-06,7.39653E-05,-3.41622E-05,6.66117E-05
0.0024294,0.87021,0.67,4.975,-0.03749,0.0084596,1.0839,0.00067885,-0.00045183,0.0002702,0.0021394,-0.0010258,0.0020405,0.1044252,0.0804,0.597,8.77013E-05,-0.0071231,0.001607324,0.205941,2.45065E-05,-1.63111E-05,9.75422E-06,7.72323E-05,-3.70314E-05,7.36621E-05
0.0025541,0.87847,0.67,4.975,-0.038044,0.010968,1.0783,0.00065728,-0.00056766,0.00037637,0.002271,-0.0011794,0.0021799,0.1054164,0.0804,0.597,9.2203E-05,-0.00722836,0.00208392,0.204877,2.37278E-05,-2.04925E-05,1.3587E-05,8.19831E-05,-4.25763E-05,7.86944E-05
0.0026659,0.88672,0.67,4.975,-0.038591,0.013808,1.0727,0.00065019,-0.00067284,0.00045733,0.0024598,-0.0013684,0.0022218,0.1064064,0.0804,0.597,9.6239E-05,-0.00733229,0.00262352,0.203813,2.34719E-05,-2.42895E-05,1.65096E-05,8.87988E-05,-4.93992E-05,8.0207E-05
0.002731,0.89498,0.67,4.975,-0.038989,0.016373,1.0673,0.00066564,-0.0007615,0.00051533,0.0026295,-0.0015112,0.0021669,0.1073976,0.0804,0.597,9.85891E-05,-0.00740791,0.00311087,0.202787,2.40296E-05,-2.74902E-05,1.86034E-05,9.4925E-05,-5.45543E-05,7.82251E-05
0.0026704,0.90324,0.67,4.975,-0.039185,0.01809,1.0629,0.00070502,-0.00081736,0.00054939,0.0026722,-0.001498,0.0019637,0.1083888,0.0804,0.597,9.64014E-05,-0.00744515,0.0034371,0.201951,2.54512E-05,-2.95067E-05,1.9833E-05,9.64664E-05,-5.40778E-05,7.08896E-05
0.0025091,0.91149,0.67,4.975,-0.039157,0.018688,1.0597,0.0007605,-0.00082118,0.00058795,0.0025446,-0.0013687,0.0017131,0.1093788,0.0804,0.597,9.05785E-05,-0.00743983,0.00355072,0.201343,2.74541E-05,-2.96446E-05,2.1225E-05,9.18601E-05,-4.94101E-05,6.18429E-05
0.0023683,0.91975,0.67,4.975,-0.038931,0.01862,1.0578,0.00082461,-0.00078575,0.00063905,0.0023605,-0.0012404,0.0015515,0.11037,0.0804,0.597,8.54956E-05,-0.00739689,0.0035378,0.200982,2.97684E-05,-2.83656E-05,2.30697E-05,8.52141E-05,-4.47784E-05,5.60092E-05
0.0022987,0.92801,0.67,4.975,-0.038523,0.018534,1.0564,0.00090252,-0.0007438,0.00067716,0.0022364,-0.0011411,0.0014585,0.1113612,0.0804,0.597,8.29831E-05,-0.00731937,0.00352146,0.200716,3.2581E-05,-2.68512E-05,2.44455E-05,8.0734E-05,-4.11937E-05,5.26519E-05
0.0022749,0.93626,0.67,4.975,-0.037953,0.018265,1.0551,0.0010008,-0.00070413,0.00070573,0.0021237,-0.0010642,0.0014253,0.1123512,0.0804,0.597,8.21239E-05,-0.00721107,0.00347035,0.200469,3.61289E-05,-2.54191E-05,2.54769E-05,7.66656E-05,-3.84176E-05,5.14533E-05
0.0022371,0.94452,0.67,4.975,-0.0373,0.017084,1.0537,0.0011109,-0.00065713,0.00072192,0.0019307,-0.001008,0.0014327,0.1133424,0.0804,0.597,8.07593E-05,-0.007087,0.00324596,0.200203,4.01035E-05,-2.37224E-05,2.60613E-05,6.96983E-05,-3.63888E-05,5.17205E-05
0.002142,0.95277,0.67,4.975,-0.036675,0.014566,1.0523,0.0012122,-0.00059243,0.00070649,0.0016546,-0.00096469,0.0014173,0.1143324,0.0804,0.597,7.73262E-05,-0.00696825,0.00276754,0.199937,4.37604E-05,-2.13867E-05,2.55043E-05,5.97311E-05,-3.48253E-05,5.11645E-05
0.0020205,0.96103,0.67,4.975,-0.036181,0.011194,1.0504,0.0012881,-0.00051441,0.00066686,0.0013705,-0.00093557,0.0013823,0.1153236,0.0804,0.597,7.29401E-05,-0.00687439,0.00212686,0.199576,4.65004E-05,-1.85702E-05,2.40736E-05,4.94751E-05,-3.37741E-05,4.9901E-05
0.0019457,0.96929,0.67,4.975,-0.035795,0.0081047,1.0479,0.0013408,-0.00044508,0.00063041,0.0011676,-0.00093448,0.001383,0.1163148,0.0804,0.597,7.02398E-05,-0.00680105,0.001539893,0.199101,4.84029E-05,-1.60674E-05,2.27578E-05,4.21504E-05,-3.37347E-05,4.99263E-05
0.0019482,0.97754,0.67,4.975,-0.03535,0.0061785,1.0445,0.0013859,-0.00039621,0.00059944,0.0010746,-0.00094802,0.0014359,0.1173048,0.0804,0.597,7.033E-05,-0.0067165,0.001173915,0.198455,5.0031E-05,-1.43032E-05,2.16398E-05,3.87931E-05,-3.42235E-05,5.1836E-05
0.0019826,0.9858,0.67,4.975,-0.034757,0.0056774,1.0399,0.0014352,-0.00036367,0.00056448,0.0010545,-0.00092022,0.0014756,0.118296,0.0804,0.597,7.15719E-05,-0.00660383,0.001078706,0.197581,5.18107E-05,-1.31285E-05,2.03777E-05,3.80675E-05,-3.32199E-05,5.32692E-05
0.0020057,0.99405,0.67,4.975,-0.033984,0.0066992,1.0338,0.0014881,-0.00034607,0.00051176,0.0010654,-0.0008324,0.0014578,0.119286,0.0804,0.597,7.24058E-05,-0.00645696,0.001272848,0.196422,5.37204E-05,-1.24931E-05,1.84745E-05,3.84609E-05,-3.00496E-05,5.26266E-05
0.0020082,1.0023,0.67,4.975,-0.03306,0.0090034,1.0266,0.0015458,-0.00034341,0.0004488,0.0010959,-0.00074636,0.0013747,0.120276,0.0804,0.597,7.2496E-05,-0.0062814,0.001710646,0.195054,5.58034E-05,-1.23971E-05,1.62017E-05,3.9562E-05,-2.69436E-05,4.96267E-05
0.0020178,1.0106,0.67,4.975,-0.032187,0.011524,1.0191,0.0016125,-0.0003451,0.0003856,0.0011681,-0.00072015,0.001255,0.121272,0.0804,0.597,7.28426E-05,-0.00611553,0.00218956,0.193629,5.82113E-05,-1.24581E-05,1.39202E-05,4.21684E-05,-2.59974E-05,4.53055E-05
0.0020921,1.0188,0.67,4.975,-0.031448,0.013331,1.0119,0.0016924,-0.00033362,0.00033261,0.0012965,-0.00073567,0.0011953,0.122256,0.0804,0.597,7.55248E-05,-0.00597512,0.00253289,0.192261,6.10956E-05,-1.20437E-05,1.20072E-05,4.68037E-05,-2.65577E-05,4.31503E-05
0.0022016,1.0271,0.67,4.975,-0.030751,0.01466,1.0057,0.0017922,-0.00029584,0.00031043,0.0014356,-0.00074667,0.0011755,0.123252,0.0804,0.597,7.94778E-05,-0.00584269,0.0027854,0.191083,6.46984E-05,-1.06798E-05,1.12065E-05,5.18252E-05,-2.69548E-05,4.24356E-05
0.0022747,1.0353,0.67,4.975,-0.029968,0.016306,1.0017,0.0019144,-0.0002286,0.00030691,0.0014991,-0.00073926,0.0011359,0.124236,0.0804,0.597,8.21167E-05,-0.00569392,0.00309814,0.190323,6.91098E-05,-8.25246E-06,1.10795E-05,5.41175E-05,-2.66873E-05,4.1006E-05
0.0022968,1.0436,0.67,4.975,-0.028965,0.018343,0.99975,0.0020506,-0.00014443,0.00031703,0.0014586,-0.0007059,0.0010844,0.125232,0.0804,0.597,8.29145E-05,-0.00550335,0.00348517,0.1899525,7.40267E-05,-5.21392E-06,1.14448E-05,5.26555E-05,-2.5483E-05,3.91468E-05
0.0022976,1.0518,0.67,4.975,-0.027765,0.019995,0.99857,0.0021826,-5.71E-05,0.00032907,0.001372,-0.00062753,0.0010406,0.126216,0.0804,0.597,8.29434E-05,-0.00527535,0.00379905,0.1897283,7.87919E-05,-2.06142E-06,1.18794E-05,4.95292E-05,-2.26538E-05,3.75657E-05
0.0023144,1.0601,0.67,4.975,-0.026578,0.020653,0.99738,0.0022988,2.58E-05,0.00034228,0.0012887,-0.00053656,0.0010414,0.127212,0.0804,0.597,8.35498E-05,-0.00504982,0.00392407,0.1895022,8.29867E-05,9.30658E-07,1.23563E-05,4.65221E-05,-1.93698E-05,3.75945E-05
0.0023559,1.0684,0.67,4.975,-0.025661,0.020523,0.99603,0.0023861,9.44E-05,0.00033955,0.0012102,-0.0004965,0.0011155,0.128208,0.0804,0.597,8.5048E-05,-0.00487559,0.00389937,0.1892457,8.61382E-05,3.40849E-06,1.22578E-05,4.36882E-05,-1.79237E-05,4.02696E-05
0.0024205,1.0766,0.67,4.975,-0.025153,0.020259,0.99447,0.0024341,0.00014178,0.00030677,0.0011335,-0.00052418,0.0012733,0.129192,0.0804,0.597,8.73801E-05,-0.00477907,0.00384921,0.1889493,8.7871E-05,5.11826E-06,1.10744E-05,4.09194E-05,-1.89229E-05,4.59661E-05
0.0024953,1.0849,0.67,4.975,-0.02501,0.02025,0.99275,0.0024493,0.00016884,0.00026392,0.0010664,-0.00059595,0.0014748,0.130188,0.0804,0.597,9.00803E-05,-0.0047519,0.0038475,0.1886225,8.84197E-05,6.09512E-06,9.52751E-06,3.8497E-05,-2.15138E-05,5.32403E-05
0.0025437,1.0931,0.67,4.975,-0.025081,0.020451,0.99114,0.0024395,0.00018596,0.00022635,0.0010184,-0.00067625,0.0016296,0.131172,0.0804,0.597,9.18276E-05,-0.00476539,0.00388569,0.1883166,8.8066E-05,6.71316E-06,8.17124E-06,3.67642E-05,-2.44126E-05,5.88286E-05
0.002581,1.1014,0.67,4.975,-0.025226,0.020674,0.98989,0.0024045,0.00019824,0.00019511,0.0010008,-0.00076645,0.0017567,0.132168,0.0804,0.597,9.31741E-05,-0.00479294,0.00392806,0.1880791,8.68025E-05,7.15646E-06,7.04347E-06,3.61289E-05,-2.76688E-05,6.34169E-05
0.0026472,1.1096,0.67,4.975,-0.025298,0.020832,0.98861,0.0023459,0.00020252,0.00015914,0.0010179,-0.00088821,0.0019306,0.133152,0.0804,0.597,9.55639E-05,-0.00480662,0.00395808,0.1878359,8.4687E-05,7.31097E-06,5.74495E-06,3.67462E-05,-3.20644E-05,6.96947E-05
0.0027338,1.1179,0.67,4.975,-0.02513,0.020904,0.98672,0.0022688,0.0001928,0.00011721,0.0010556,-0.0010267,0.0021431,0.134148,0.0804,0.597,9.86902E-05,-0.0047747,0.00397176,0.1874768,8.19037E-05,6.96008E-06,4.23128E-06,3.81072E-05,-3.70639E-05,7.73659E-05
0.0028089,1.1262,0.67,4.975,-0.024608,0.020897,0.98433,0.0021765,0.0001618,8.73E-05,0.0010896,-0.0011539,0.0023516,0.135144,0.0804,0.597,0.000101401,-0.00467552,0.00397043,0.1870227,7.85717E-05,5.84098E-06,3.15269E-06,3.93346E-05,-4.16558E-05,8.48928E-05
0.0028464,1.1344,0.67,4.975,-0.023683,0.02107,0.98203,0.0020726,0.00011209,8.08E-05,0.0011023,-0.001242,0.0025179,0.136128,0.0804,0.597,0.000102755,-0.00449977,0.0040033,0.1865857,7.48209E-05,4.04645E-06,2.91861E-06,3.9793E-05,-4.48362E-05,9.08962E-05
0.00286,1.1427,0.67,4.975,-0.022445,0.021832,0.98039,0.0019669,6.18E-05,9.52E-05,0.0010889,-0.001284,0.0026642,0.137124,0.0804,0.597,0.000103246,-0.00426455,0.00414808,0.1862741,7.10051E-05,2.23084E-06,3.43499E-06,3.93093E-05,-4.63524E-05,9.61776E-05
0.0028883,1.1509,0.67,4.975,-0.02113,0.023139,0.97934,0.0018702,2.96E-05,0.00011962,0.0010773,-0.0013084,0.0028292,0.138108,0.0804,0.597,0.000104268,-0.0040147,0.00439641,0.1860746,6.75142E-05,1.06842E-06,4.31828E-06,3.88905E-05,-4.72332E-05,0.000102134
0.0029694,1.1592,0.67,4.975,-0.019992,0.024405,0.9783,0.001792,1.18E-05,0.00014087,0.0011257,-0.0013591,0.003021,0.139104,0.0804,0.597,0.000107195,-0.00379848,0.00463695,0.185877,6.46912E-05,4.24897E-07,5.08541E-06,4.06378E-05,-4.90635E-05,0.000109058
0.0031139,1.1674,0.67,4.975,-0.019051,0.02527,0.97706,0.0017352,-9.40E-06,0.00016863,0.001264,-0.0014546,0.0032286,0.140088,0.0804,0.597,0.000112412,-0.00361969,0.0048013,0.1856414,6.26407E-05,-3.39437E-07,6.08754E-06,4.56304E-05,-5.25111E-05,0.000116552
0.0032586,1.1757,0.67,4.975,-0.018087,0.025867,0.97606,0.0016869,-4.92E-05,0.00019557,0.0014654,-0.0015711,0.0033649,0.141084,0.0804,0.597,0.000117635,-0.00343653,0.00491473,0.1854514,6.08971E-05,-1.77529E-06,7.06008E-06,5.29009E-05,-5.67167E-05,0.000121473
0.0033278,1.1839,0.67,4.975,-0.016934,0.026406,0.97561,0.0016293,-0.00010921,0.00020592,0.0016665,-0.0016815,0.0033597,0.142068,0.0804,0.597,0.000120134,-0.00321746,0.00501714,0.1853659,5.88177E-05,-3.94248E-06,7.43371E-06,6.01607E-05,-6.07022E-05,0.000121285
0.0033104,1.1922,0.67,4.975,-0.015615,0.026983,0.97558,0.0015549,-0.00017003,0.00020019,0.0017952,-0.0017812,0.0032706,0.143064,0.0804,0.597,0.000119505,-0.00296685,0.00512677,0.1853602,5.61319E-05,-6.13808E-06,7.22686E-06,6.48067E-05,-6.43013E-05,0.000118069
0.0032558,1.2005,0.67,4.975,-0.014275,0.027559,0.97604,0.00147,-0.0002095,0.00018251,0.0018059,-0.0018643,0.0032356,0.14406,0.0804,0.597,0.000117534,-0.00271225,0.00523621,0.1854476,0.000053067,-7.56295E-06,6.58861E-06,6.5193E-05,-6.73012E-05,0.000116805
0.0032103,1.2087,0.67,4.975,-0.013034,0.028046,0.97728,0.0013878,-0.0002233,0.00017154,0.0016934,-0.0019101,0.0033394,0.145044,0.0804,0.597,0.000115892,-0.00247646,0.00532874,0.1856832,5.00996E-05,-8.06113E-06,6.19259E-06,6.11317E-05,-6.89546E-05,0.000120552
0.0031643,1.217,0.67,4.975,-0.011926,0.028495,0.9795,0.001317,-0.00021932,0.0001836,0.0014989,-0.0018795,0.0035127,0.14604,0.0804,0.597,0.000114231,-0.00226594,0.00541405,0.186105,4.75437E-05,-7.91745E-06,6.62796E-06,5.41103E-05,-6.785E-05,0.000126808
0.0030756,1.2252,0.67,4.975,-0.010914,0.028997,0.98252,0.0012604,-0.00020868,0.00021564,0.0012942,-0.0017661,0.0035966,0.147024,0.0804,0.597,0.000111029,-0.00207366,0.00550943,0.1866788,4.55004E-05,-7.53335E-06,7.7846E-06,4.67206E-05,-6.37562E-05,0.000129837
0.0029288,1.2335,0.67,4.975,-0.009941,0.029393,0.9861,0.0012146,-0.00019607,0.00026339,0.0011411,-0.0016146,0.0035019,0.14802,0.0804,0.597,0.00010573,-0.00188879,0.00558467,0.187359,4.38471E-05,-7.07813E-06,9.50838E-06,4.11937E-05,-5.82871E-05,0.000126419
0.0027401,1.2417,0.67,4.975,-0.008966,0.02917,0.98992,0.0011664,-0.00018288,0.00031653,0.0010708,-0.0014598,0.0032429,0.149004,0.0804,0.597,9.89176E-05,-0.00170354,0.0055423,0.1880848,4.2107E-05,-6.60197E-06,1.14267E-05,3.86559E-05,-5.26988E-05,0.000117069
0.002527,1.25,0.67,4.975,-0.0079535,0.02791,0.99307,0.0011208,-0.00017731,0.00036011,0.0010691,-0.0013169,0.0028642,0.15,0.0804,0.597,9.12247E-05,-0.001511165,0.0053029,0.1886833,4.04609E-05,-6.40089E-06,1.3E-05,3.85945E-05,-4.75401E-05,0.000103398
0.0022994,1.2583,0.67,4.975,-0.0068939,0.025813,0.99477,0.0011031,-0.00018243,0.00038118,0.0010896,-0.0011737,0.0024061,0.150996,0.0804,0.597,8.30083E-05,-0.001309841,0.00490447,0.1890063,3.98219E-05,-6.58572E-06,1.37606E-05,3.93346E-05,-4.23706E-05,8.68602E-05
0.0020968,1.2665,0.67,4.975,-0.0058369,0.023459,0.99539,0.0011133,-0.00019132,0.00036966,0.0010993,-0.0010221,0.0019811,0.15198,0.0804,0.597,7.56945E-05,-0.001109011,0.00445721,0.1891241,4.01901E-05,-6.90665E-06,1.33447E-05,3.96847E-05,-3.68978E-05,7.15177E-05
0.0019693,1.2748,0.67,4.975,-0.0048694,0.021299,0.99605,0.0011231,-0.00019768,0.00032817,0.0011069,-0.00088699,0.0017085,0.152976,0.0804,0.597,7.10917E-05,-0.000925186,0.00404681,0.1892495,4.05439E-05,-7.13625E-06,1.18469E-05,3.99591E-05,-3.20203E-05,6.16769E-05
0.0019028,1.283,0.67,4.975,-0.0040729,0.019458,0.99775,0.0011201,-0.0001986,0.0002733,0.0011354,-0.00077114,0.0015501,0.15396,0.0804,0.597,6.86911E-05,-0.000773851,0.00369702,0.1895725,4.04356E-05,-7.16946E-06,9.86613E-06,4.09879E-05,-2.78382E-05,5.59586E-05
0.0018711,1.2913,0.67,4.975,-0.0034663,0.0178,1.0004,0.001113,-0.00019467,0.0002311,0.0011869,-0.00064039,0.0014423,0.154956,0.0804,0.597,6.75467E-05,-0.000658597,0.003382,0.190076,4.01793E-05,-7.02759E-06,8.34271E-06,4.28471E-05,-2.31181E-05,5.2067E-05
0.001847,1.2995,0.67,4.975,-0.003006,0.016235,1.0022,0.0010977,-0.00018849,0.00020319,0.0012315,-0.0004849,0.0013648,0.15594,0.0804,0.597,6.66767E-05,-0.00057114,0.00308465,0.190418,3.9627E-05,-6.80449E-06,7.33516E-06,4.44572E-05,-1.75049E-05,4.92693E-05
0.0017877,1.3078,0.67,4.975,-0.0026298,0.014926,1.0024,0.001068,-0.00017397,0.00017118,0.0012151,-0.00033396,0.0012923,0.156936,0.0804,0.597,6.4536E-05,-0.000499662,0.00283594,0.190456,3.85548E-05,-6.28032E-06,6.1796E-06,4.38651E-05,-1.2056E-05,4.6652E-05
0.0016853,1.316,0.67,4.975,-0.0023473,0.013997,1.0019,0.0010371,-0.00014423,0.00011851,0.0011041,-0.00020289,0.0012293,0.15792,0.0804,0.597,6.08393E-05,-0.000445987,0.00265943,0.190361,3.74393E-05,-5.2067E-06,4.27821E-06,3.9858E-05,-7.32433E-06,4.43777E-05
0.001577,1.3243,0.67,4.975,-0.0021887,0.013465,1.0013,0.0010074,-0.00010813,4.55E-05,0.00093474,-9.11E-05,0.0012117,0.158916,0.0804,0.597,5.69297E-05,-0.000415853,0.00255835,0.190247,3.63671E-05,-3.90349E-06,1.64136E-06,3.37441E-05,-3.28878E-06,4.37424E-05
0.0014993,1.3326,0.67,4.975,-0.00209,0.013293,1.0004,0.00096118,-8.29E-05,-2.03E-05,0.00077688,-3.91E-06,0.0012606,0.159912,0.0804,0.597,5.41247E-05,-0.0003971,0.00252567,0.190076,3.46986E-05,-2.99226E-06,-7.34274E-07,2.80454E-05,-1.41162E-07,4.55077E-05
0.0014204,1.3408,0.67,4.975,-0.0019227,0.013145,0.99919,0.00090567,-7.30E-05,-7.47E-05,0.00065776,4.30E-05,0.0012774,0.160896,0.0804,0.597,5.12764E-05,-0.000365313,0.00249755,0.1898461,3.26947E-05,-2.63353E-06,-2.69804E-06,2.37451E-05,1.55273E-06,4.61141E-05
0.0013066,1.3491,0.67,4.975,-0.0015821,0.012611,0.99771,0.00086634,-7.31E-05,-0.00012572,0.00056319,3.05E-05,0.0011837,0.161892,0.0804,0.597,4.71683E-05,-0.000300599,0.00239609,0.1895649,3.12749E-05,-2.63765E-06,-4.53849E-06,2.03312E-05,1.10145E-06,4.27316E-05
0.0011926,1.3573,0.67,4.975,-0.0010427,0.011568,0.99602,0.00084608,-8.04E-05,-0.00014614,0.0004875,-2.69E-05,0.0010516,0.162876,0.0804,0.597,4.30529E-05,-0.000198113,0.00219792,0.1892438,3.05435E-05,-2.90363E-06,-5.27565E-06,1.75988E-05,-9.71956E-07,3.79628E-05
0.00111,1.3656,0.67,4.975,-0.00036119,0.010124,0.99459,0.00084139,-8.98E-05,-0.00016043,0.00044682,-0.0001006,0.00093187,0.163872,0.0804,0.597,0.000040071,-6.86261E-05,0.00192356,0.1889721,3.03742E-05,-3.24312E-06,-5.79152E-06,1.61302E-05,-3.63166E-06,3.36405E-05
0.0010625,1.3738,0.67,4.975,0.00036137,0.0085226,0.99409,0.00083544,-9.42E-05,-0.00016871,0.00044496,-0.00016492,0.00084465,0.164856,0.0804,0.597,3.83563E-05,6.86603E-05,0.001619294,0.1888771,3.01594E-05,-3.39892E-06,-6.09043E-06,1.60631E-05,-5.95361E-06,3.04919E-05
0.0010269,1.3821,0.67,4.975,0.0010186,0.0071707,0.99463,0.00081566,-8.73E-05,-0.00013887,0.00046633,-0.0002071,0.00077185,0.165852,0.0804,0.597,3.70711E-05,0.000193534,0.001362433,0.1889797,2.94453E-05,-3.15019E-06,-5.01321E-06,1.68345E-05,-7.47631E-06,2.78638E-05
0.0010017,1.3903,0.67,4.975,0.0015597,0.0063946,0.99547,0.00079867,-7.16E-05,-0.00011354,0.00050149,-0.0002249,0.00070329,0.166836,0.0804,0.597,3.61614E-05,0.000296343,0.001214974,0.1891393,2.8832E-05,-2.5835E-06,-4.09879E-06,1.81038E-05,-8.11889E-06,2.53888E-05
0.0010096,1.3986,0.67,4.975,0.0020498,0.0060667,0.99623,0.00078498,-5.93E-05,-7.34E-05,0.00054531,-0.00022357,0.00068883,0.167832,0.0804,0.597,3.64466E-05,0.000389462,0.001152673,0.1892837,2.83378E-05,-2.14073E-06,-2.65039E-06,1.96857E-05,-8.07088E-06,2.48668E-05
0.0010189,1.4069,0.67,4.975,0.0025372,0.0058922,0.99737,0.00077405,-5.62E-05,-3.31E-05,0.00059203,-0.00023547,0.0006717,0.168828,0.0804,0.597,3.67823E-05,0.000482068,0.001119518,0.1895003,2.79432E-05,-2.02914E-06,-1.19347E-06,2.13723E-05,-8.50047E-06,2.42484E-05
0.0010461,1.4151,0.67,4.975,0.003001,0.0057801,0.99933,0.0007651,-6.29E-05,2.31E-06,0.00064735,-0.00024981,0.0006798,0.169812,0.0804,0.597,3.77642E-05,0.00057019,0.001098219,0.1898727,2.76201E-05,-2.26939E-06,8.35137E-08,2.33693E-05,-9.01814E-06,2.45408E-05
0.0011105,1.4234,0.67,4.975,0.0034034,0.0056403,1.0022,0.0007516,-7.54E-05,4.14E-05,0.00072756,-0.00026912,0.00074176,0.170808,0.0804,0.597,4.00891E-05,0.000646646,0.001071657,0.190418,2.71328E-05,-2.72353E-06,1.49551E-06,2.62649E-05,-9.71523E-06,2.67775E-05
0.0012124,1.4316,0.67,4.975,0.0036834,0.0053417,1.0057,0.00073819,-8.82E-05,5.00E-05,0.00085187,-0.00030667,0.00083472,0.171792,0.0804,0.597,4.37676E-05,0.000699846,0.001014923,0.191083,2.66487E-05,-3.18471E-06,1.80431E-06,3.07525E-05,-1.10708E-05,3.01334E-05
0.001349,1.4399,0.67,4.975,0.0038113,0.0046617,1.0098,0.00072285,-0.00010656,5.45E-05,0.0010249,-0.00033788,0.00095028,0.172788,0.0804,0.597,4.86989E-05,0.000724147,0.000885723,0.191862,2.60949E-05,-3.84682E-06,1.96608E-06,3.69989E-05,-1.21975E-05,3.43051E-05
0.0014875,1.4481,0.67,4.975,0.0038052,0.0033221,1.0148,0.00070347,-0.00013514,5.92E-05,0.0012191,-0.00037586,0.0010524,0.173772,0.0804,0.597,5.36988E-05,0.000722988,0.000631199,0.192812,2.53953E-05,-4.87855E-06,2.13871E-06,4.40095E-05,-1.35685E-05,3.79916E-05
0.0016105,1.4564,0.67,4.975,0.0036965,0.0012728,1.0201,0.00067902,-0.00016939,7.36E-05,0.0013924,-0.00042235,0.0011496,0.174768,0.0804,0.597,5.81391E-05,0.000702335,0.000241832,0.193819,2.45126E-05,-6.11498E-06,2.65631E-06,5.02656E-05,-1.52468E-05,4.15006E-05
0.0016987,1.4647,0.67,4.975,0.0035366,-0.0012333,1.0252,0.00065079,-0.00019909,9.79E-05,0.0015081,-0.0004793,0.0012385,0.175764,0.0804,0.597,6.13231E-05,0.000671954,-0.000234327,0.194788,2.34935E-05,-7.18715E-06,3.53571E-06,5.44424E-05,-1.73027E-05,4.47099E-05
0.001745,1.4729,0.67,4.975,0.0034008,-0.003692,1.0297,0.00062448,-0.00021668,0.0001241,0.0015431,-0.000554,0.0013224,0.176748,0.0804,0.597,6.29945E-05,0.000646152,-0.00070148,0.195643,2.25437E-05,-7.82215E-06,4.48001E-06,5.57059E-05,-1.99994E-05,4.77386E-05
0.0017648,1.4812,0.67,4.975,0.003358,-0.0056384,1.0336,0.00060526,-0.00022493,0.00015767,0.0015004,-0.00064831,0.0014241,0.177744,0.0804,0.597,6.37093E-05,0.00063802,-0.001071296,0.196384,2.18499E-05,-8.11997E-06,5.69189E-06,5.41644E-05,-2.3404E-05,5.141E-05
0.001801,1.4894,0.67,4.975,0.0034233,-0.0066863,1.0369,0.00059264,-0.00022939,0.00020704,0.0014241,-0.00075379,0.0015852,0.178728,0.0804,0.597,6.50161E-05,0.000650427,-0.001270397,0.197011,2.13943E-05,-8.28098E-06,7.47414E-06,5.141E-05,-2.72118E-05,5.72257E-05
0.001873,1.4977,0.67,4.975,0.0036043,-0.0065169,1.0402,0.00057905,-0.00023604,0.00027699,0.001382,-0.00086886,0.0017849,0.179724,0.0804,0.597,6.76153E-05,0.000684817,-0.001238211,0.197638,2.09037E-05,-8.52104E-06,9.99934E-06,4.98902E-05,-3.13658E-05,6.44349E-05
0.001948,1.5059,0.67,4.975,0.0039185,-0.0054554,1.0438,0.00056034,-0.00024983,0.00034938,0.0014026,-0.0009839,0.0019331,0.180708,0.0804,0.597,7.03228E-05,0.000744515,-0.001036526,0.198322,2.02283E-05,-9.01886E-06,1.26126E-05,5.06339E-05,-3.55188E-05,6.97849E-05
0.0019925,1.5142,0.67,4.975,0.0044277,-0.0045728,1.047,0.00053739,-0.00026721,0.00040062,0.0014432,-0.0010654,0.0020043,0.181704,0.0804,0.597,7.19293E-05,0.000841263,-0.000868832,0.19893,1.93998E-05,-9.64628E-06,1.44624E-05,5.20995E-05,-3.84609E-05,7.23552E-05
0.0019761,1.5224,0.67,4.975,0.0052241,-0.0046559,1.0494,0.00050974,-0.00027688,0.00041759,0.0014456,-0.0010973,0.0019969,0.182688,0.0804,0.597,7.13372E-05,0.000992579,-0.000884621,0.199386,1.84016E-05,-9.99537E-06,1.5075E-05,5.21862E-05,-3.96125E-05,7.20881E-05
0.0019028,1.5307,0.67,4.975,0.0063026,-0.0054968,1.0514,0.00047966,-0.00027077,0.00040099,0.0014072,-0.0010888,0.0019187,0.183684,0.0804,0.597,6.86911E-05,0.001197494,-0.001044392,0.199766,1.73157E-05,-9.7748E-06,1.44757E-05,5.07999E-05,-3.93057E-05,6.92651E-05
0.0018266,1.539,0.67,4.975,0.0075335,-0.0064138,1.053,0.00045554,-0.00025503,0.00036869,0.0013649,-0.0010703,0.0018328,0.18468,0.0804,0.597,6.59403E-05,0.001431365,-0.001218622,0.20007,1.6445E-05,-9.20658E-06,1.33097E-05,4.92729E-05,-3.86378E-05,6.61641E-05
0.0017817,1.5472,0.67,4.975,0.0087256,-0.0067944,1.0542,0.00044312,-0.00024136,0.00033351,0.0013422,-0.0010662,0.001778,0.185664,0.0804,0.597,6.43194E-05,0.001657864,-0.001290936,0.200298,1.59966E-05,-8.7131E-06,1.20397E-05,4.84534E-05,-3.84898E-05,6.41858E-05
0.0017659,1.5555,0.67,4.975,0.0097662,-0.00651,1.0546,0.00044037,-0.00022907,0.00029739,0.0013288,-0.0010825,0.0017626,0.18666,0.0804,0.597,6.3749E-05,0.001855578,-0.0012369,0.200374,1.58974E-05,-8.26943E-06,1.07358E-05,4.79697E-05,-3.90783E-05,6.36299E-05
0.0017588,1.5637,0.67,4.975,0.010664,-0.0060419,1.0543,0.00044254,-0.0002132,0.00026328,0.0013045,-0.0010973,0.0017706,0.187644,0.0804,0.597,6.34927E-05,0.00202616,-0.001147961,0.200317,1.59757E-05,-7.69652E-06,9.50441E-06,4.70925E-05,-3.96125E-05,6.39187E-05
0.0017369,1.572,0.67,4.975,0.011419,-0.0056968,1.0535,0.00044663,-0.00019636,0.00023467,0.0012683,-0.0010862,0.0017589,0.18864,0.0804,0.597,6.27021E-05,0.00216961,-0.001082392,0.200165,1.61233E-05,-7.0886E-06,8.47159E-06,4.57856E-05,-3.92118E-05,6.34963E-05
0.0016942,1.5802,0.67,4.975,0.011976,-0.0053902,1.0524,0.00045173,-0.0001829,0.0002165,0.0012316,-0.0010443,0.0017051,0.189624,0.0804,0.597,6.11606E-05,0.00227544,-0.001024138,0.199956,1.63075E-05,-6.60269E-06,7.81565E-06,4.44608E-05,-3.76992E-05,6.15541E-05
0.0016388,1.5885,0.67,4.975,0.012322,-0.0048898,1.0508,0.00046005,-0.00017587,0.0002069,0.0012061,-0.00097121,0.0016115,0.19062,0.0804,0.597,5.91607E-05,0.00234118,-0.000929062,0.199652,1.66078E-05,-6.34891E-06,7.46909E-06,4.35402E-05,-3.50607E-05,5.81752E-05
0.0015745,1.5968,0.67,4.975,0.012496,-0.0038716,1.0481,0.00047827,-0.00017665,0.00019331,0.0011914,-0.00085967,0.0014793,0.191616,0.0804,0.597,5.68395E-05,0.00237424,-0.000735604,0.199139,1.72655E-05,-6.37707E-06,6.97849E-06,4.30095E-05,-3.10341E-05,5.34027E-05
0.0015044,1.605,0.67,4.975,0.01255,-0.002101,1.0438,0.00050953,-0.00018413,0.00016815,0.0011716,-0.00070938,0.0013277,0.1926,0.0804,0.597,5.43088E-05,0.0023845,-0.00039919,0.198322,1.8394E-05,-6.64709E-06,6.07022E-06,4.22948E-05,-2.56086E-05,4.793E-05
0.0014451,1.6133,0.67,4.975,0.01259,0.00040209,1.0389,0.00054251,-0.00019304,0.00014165,0.0011354,-0.0005486,0.0012123,0.193596,0.0804,0.597,5.21681E-05,0.0023921,7.63971E-05,0.197391,1.95846E-05,-6.96874E-06,5.11357E-06,4.09879E-05,-1.98045E-05,4.3764E-05
0.0014073,1.6215,0.67,4.975,0.012679,0.0032265,1.0357,0.00056589,-0.00019458,0.00013554,0.0010866,-0.00041766,0.0011622,0.19458,0.0804,0.597,5.08035E-05,0.00240901,0.000613035,0.196783,2.04286E-05,-7.02434E-06,4.89299E-06,3.92263E-05,-1.50775E-05,4.19554E-05
0.0013684,1.6298,0.67,4.975,0.012738,0.0058854,1.0351,0.00059205,-0.00018671,0.00014884,0.0010422,-0.0003167,0.0011026,0.195576,0.0804,0.597,4.93992E-05,0.00242022,0.001118226,0.196669,2.1373E-05,-6.74023E-06,5.37312E-06,3.76234E-05,-1.14329E-05,3.98039E-05
0.0013096,1.638,0.67,4.975,0.012621,0.0082364,1.0368,0.00064585,-0.00017867,0.00014568,0.0010181,-0.00021462,0.00095536,0.19656,0.0804,0.597,4.72766E-05,0.00239799,0.001564916,0.196992,2.33152E-05,-6.44999E-06,5.25905E-06,3.67534E-05,-7.74778E-06,3.44885E-05
0.001248,1.6463,0.67,4.975,0.012228,0.010159,1.0398,0.00073581,-0.00018049,0.0001086,0.0010068,-0.0001047,0.0007533,0.197556,0.0804,0.597,4.50528E-05,0.00232332,0.00193021,0.197562,2.65627E-05,-6.51569E-06,3.92046E-06,3.63455E-05,-3.77967E-06,2.71941E-05
0.0012353,1.6545,0.67,4.975,0.011591,0.011339,1.0417,0.00085246,-0.00019049,8.19E-05,0.00098748,-2.67E-05,0.00063074,0.19854,0.0804,0.597,4.45943E-05,0.00220229,0.00215441,0.197923,3.07738E-05,-6.87669E-06,2.95493E-06,3.5648E-05,-9.63256E-07,2.27697E-05
0.0013209,1.6628,0.67,4.975,0.010849,0.01182,1.0416,0.00099024,-0.00020117,9.98E-05,0.0009583,-6.79E-06,0.00069322,0.199536,0.0804,0.597,4.76845E-05,0.00206131,0.0022458,0.197904,3.57477E-05,-7.26224E-06,3.60451E-06,3.45946E-05,-2.45267E-07,2.50252E-05
0.0015026,1.6711,0.67,4.975,0.010129,0.012208,1.0411,0.001156,-0.0002118,0.00014547,0.00094204,-3.45E-05,0.00090722,0.200532,0.0804,0.597,5.42439E-05,0.00192451,0.00231952,0.197809,4.17316E-05,-7.64598E-06,5.25147E-06,3.40076E-05,-1.24444E-06,3.27506E-05
0.0017376,1.6793,0.67,4.975,0.0094986,0.013126,1.0416,0.0013554,-0.00022738,0.00021965,0.00099073,-0.00012226,0.001129,0.201516,0.0804,0.597,6.27274E-05,0.001804734,0.00249394,0.197904,4.89299E-05,-8.20842E-06,7.92937E-06,3.57654E-05,-4.41359E-06,4.07569E-05
0.0020038,1.6876,0.67,4.975,0.0090062,0.014534,1.0423,0.0015832,-0.00025138,0.00031754,0.001131,-0.00027691,0.0012935,0.202512,0.0804,0.597,7.23372E-05,0.001711178,0.00276146,0.198037,5.71535E-05,-9.07482E-06,1.14632E-05,4.08291E-05,-9.99645E-06,4.66954E-05
0.0022793,1.6958,0.67,4.975,0.0087637,0.01573,1.0412,0.001824,-0.00027312,0.00042244,0.0012548,-0.00048384,0.0014798,0.203496,0.0804,0.597,8.22827E-05,0.001665103,0.0029887,0.197828,6.58464E-05,-9.85963E-06,1.52501E-05,4.52983E-05,-1.74666E-05,5.34208E-05
0.0024471,1.7041,0.67,4.975,0.0088756,0.015858,1.0389,0.0020582,-0.00027508,0.00051142,0.0012363,-0.00061897,0.0015999,0.204492,0.0804,0.597,8.83403E-05,0.001686364,0.00301302,0.197391,7.4301E-05,-9.93039E-06,1.84623E-05,4.46304E-05,-2.23448E-05,5.77564E-05
0.0024021,1.7123,0.67,4.975,0.0092958,0.014741,1.0379,0.0022641,-0.00027377,0.00052779,0.0011453,-0.00055721,0.0013948,0.205476,0.0804,0.597,8.67158E-05,0.001766202,0.00280079,0.197201,8.1734E-05,-9.8831E-06,1.90532E-05,4.13453E-05,-2.01153E-05,5.03523E-05
0.0022797,1.7206,0.67,4.975,0.0098691,0.01303,1.0382,0.00242,-0.00030491,0.0004825,0.0011164,-0.00042416,0.001023,0.206472,0.0804,0.597,8.22972E-05,0.001875129,0.0024757,0.197258,0.000087362,-1.10073E-05,1.74183E-05,4.0302E-05,-1.53122E-05,3.69303E-05
0.002239,1.7289,0.67,4.975,0.010405,0.011532,1.0384,0.0025083,-0.00037389,0.00044302,0.0011768,-0.0003549,0.00079284,0.207468,0.0804,0.597,8.08279E-05,0.00197695,0.00219108,0.197296,9.05496E-05,-1.34974E-05,1.5993E-05,4.24825E-05,-1.28119E-05,2.86215E-05
0.0022538,1.7371,0.67,4.975,0.01075,0.010931,1.0386,0.0025236,-0.00046421,0.00042114,0.0012903,-0.00032605,0.00069365,0.208452,0.0804,0.597,8.13622E-05,0.0020425,0.00207689,0.197334,9.1102E-05,-1.6758E-05,1.52032E-05,4.65798E-05,-1.17704E-05,2.50408E-05
0.0022674,1.7454,0.67,4.975,0.010894,0.011552,1.0392,0.0024819,-0.00055972,0.00040549,0.0014169,-0.00030086,0.00063602,0.209448,0.0804,0.597,8.18531E-05,0.00206986,0.00219488,0.197448,8.95966E-05,-2.02059E-05,1.46382E-05,5.11501E-05,-1.0861E-05,2.29603E-05
0.0022812,1.7536,0.67,4.975,0.01092,0.013125,1.0404,0.0024103,-0.00065103,0.00039116,0.0015623,-0.00025928,0.00058983,0.210432,0.0804,0.597,8.23513E-05,0.0020748,0.00249375,0.197676,8.70118E-05,-2.35022E-05,1.41209E-05,5.6399E-05,-9.36001E-06,2.12929E-05
0.0023065,1.7619,0.67,4.975,0.010887,0.014661,1.0419,0.0023278,-0.00072573,0.00038398,0.0017105,-0.00019408,0.00057477,0.211428,0.0804,0.597,8.32647E-05,0.00206853,0.00278559,0.197961,8.40336E-05,-2.61989E-05,1.38617E-05,6.17491E-05,-7.00629E-06,2.07492E-05
0.0023108,1.7701,0.67,4.975,0.010857,0.015089,1.0432,0.0022384,-0.00075964,0.00041352,0.0017631,-0.0001612,0.00062005,0.212412,0.0804,0.597,8.34199E-05,0.00206283,0.00286691,0.198208,8.08062E-05,-2.7423E-05,1.49281E-05,6.36479E-05,-5.81932E-06,2.23838E-05
0.0022914,1.7784,0.67,4.975,0.01095,0.014267,1.0443,0.00214,-0.00074391,0.00049076,0.0016922,-0.00022403,0.00075058,0.213408,0.0804,0.597,8.27195E-05,0.0020805,0.00271073,0.198417,0.000077254,-2.68552E-05,1.77164E-05,6.10884E-05,-8.08748E-06,2.70959E-05
0.0022895,1.7866,0.67,4.975,0.011261,0.012725,1.0455,0.0020409,-0.00070993,0.00058742,0.0015931,-0.00036193,0.00094494,0.214392,0.0804,0.597,8.2651E-05,0.00213959,0.00241775,0.198645,7.36765E-05,-2.56285E-05,2.12059E-05,5.75109E-05,-1.30657E-05,3.41123E-05
0.0023028,1.7949,0.67,4.975,0.011798,0.010977,1.0462,0.0019528,-0.00070361,0.00065967,0.0015369,-0.00050546,0.0011159,0.215388,0.0804,0.597,8.31311E-05,0.00224162,0.00208563,0.198778,7.04961E-05,-2.54003E-05,2.38141E-05,5.54821E-05,-1.82471E-05,4.0284E-05
0.0023023,1.8032,0.67,4.975,0.012478,0.0095105,1.0461,0.0018772,-0.00074615,0.00068301,0.0015307,-0.00061788,0.0011968,0.216384,0.0804,0.597,8.3113E-05,0.00237082,0.001806995,0.198759,6.77669E-05,-2.6936E-05,2.46567E-05,5.52583E-05,-2.23055E-05,4.32045E-05
0.0023107,1.8114,0.67,4.975,0.013166,0.0088312,1.0451,0.0018112,-0.0008167,0.0006741,0.0015768,-0.0007113,0.0012334,0.217368,0.0804,0.597,8.34163E-05,0.00250154,0.001677928,0.198569,6.53843E-05,-2.94829E-05,2.4335E-05,5.69225E-05,-2.56779E-05,4.45257E-05
0.0023787,1.8197,0.67,4.975,0.013773,0.0091164,1.0439,0.0017525,-0.00087287,0.00067986,0.0016881,-0.00080932,0.0013168,0.218364,0.0804,0.597,8.58711E-05,0.00261687,0.001732116,0.198341,6.32653E-05,-3.15106E-05,2.45429E-05,6.09404E-05,-2.92165E-05,4.75365E-05
0.0024932,1.8279,0.67,4.975,0.014336,0.010132,1.0431,0.0016957,-0.00088982,0.0007235,0.0018301,-0.00091676,0.0014606,0.219348,0.0804,0.597,9.00045E-05,0.00272384,0.00192508,0.198189,6.12148E-05,-3.21225E-05,2.61184E-05,6.60666E-05,-3.3095E-05,5.27277E-05
0.0026062,1.8362,0.67,4.975,0.015055,0.011461,1.0422,0.0016315,-0.0008721,0.00079422,0.001935,-0.001036,0.0016459,0.220344,0.0804,0.597,9.40838E-05,0.00286045,0.00217759,0.198018,5.88972E-05,-3.14828E-05,2.86713E-05,6.98535E-05,-3.73996E-05,5.9417E-05
0.0026786,1.8446,0.67,4.975,0.016162,0.012503,1.041,0.0015521,-0.00083744,0.00084986,0.0019771,-0.0011521,0.0018279,0.221352,0.0804,0.597,9.66975E-05,0.00307078,0.00237557,0.19779,5.60308E-05,-3.02316E-05,3.06799E-05,7.13733E-05,-4.15908E-05,6.59872E-05
0.0026848,1.8534,0.67,4.975,0.017668,0.012912,1.04,0.0014558,-0.00078412,0.00084831,0.0019536,-0.0012161,0.0019602,0.222408,0.0804,0.597,9.69213E-05,0.00335692,0.00245328,0.1976,5.25544E-05,-2.83067E-05,3.0624E-05,7.0525E-05,-4.39012E-05,7.07632E-05
0.0026208,1.8626,0.67,4.975,0.019297,0.0126,1.0401,0.00135,-0.00070763,0.000783,0.001886,-0.0011906,0.0020055,0.223512,0.0804,0.597,9.46109E-05,0.00366643,0.002394,0.197619,0.000048735,-2.55454E-05,2.82663E-05,6.80846E-05,-4.29807E-05,7.23986E-05
0.0024931,1.8723,0.67,4.975,0.020651,0.012109,1.0415,0.0012423,-0.0006018,0.00068022,0.0017948,-0.001106,0.0019492,0.224676,0.0804,0.597,9.00009E-05,0.00392369,0.00230071,0.197885,4.4847E-05,-2.1725E-05,2.45559E-05,6.47923E-05,-3.99266E-05,7.03661E-05
0.0023378,1.8824,0.67,4.975,0.021482,0.011704,1.0437,0.00113,-0.00045984,0.00057888,0.0016707,-0.00098983,0.001875,0.225888,0.0804,0.597,8.43946E-05,0.00408158,0.00222376,0.198303,0.000040793,-1.66002E-05,2.08976E-05,6.03123E-05,-3.57329E-05,6.76875E-05
0.002188,1.8931,0.67,4.975,0.021934,0.010553,1.0443,0.0010211,-0.00030414,0.00047331,0.0015025,-0.00081702,0.0018524,0.227172,0.0804,0.597,7.89868E-05,0.00416746,0.00200507,0.198417,3.68617E-05,-1.09795E-05,1.70865E-05,5.42403E-05,-2.94944E-05,6.68716E-05
0.0020214,1.9042,0.67,4.975,0.022413,0.0089451,1.0434,0.00094156,-0.00016585,0.00035136,0.0012815,-0.00062855,0.0018196,0.228504,0.0804,0.597,7.29725E-05,0.00425847,0.001699569,0.198246,3.39903E-05,-5.98719E-06,1.26841E-05,4.62622E-05,-2.26907E-05,6.56876E-05
0.0018649,1.9159,0.67,4.975,0.023092,0.0083875,1.0421,0.0009058,-5.55E-05,0.00023775,0.0010311,-0.00050346,0.0017929,0.229908,0.0804,0.597,6.73229E-05,0.00438748,0.001593625,0.197999,3.26994E-05,-2.00452E-06,8.58278E-06,3.72227E-05,-1.81749E-05,6.47237E-05
0.0016635,1.9282,0.67,4.975,0.023622,0.009286,1.0401,0.00091684,4.86E-05,0.000134,0.00082855,-0.00036875,0.0015817,0.231384,0.0804,0.597,6.00524E-05,0.00448818,0.00176434,0.197619,3.30979E-05,1.75594E-06,4.8374E-06,2.99107E-05,-1.33119E-05,5.70994E-05
0.0015483,1.941,0.67,4.975,0.023456,0.0095786,1.0386,0.00097157,0.0001365,8.15E-05,0.00073964,-0.00020633,0.0013854,0.23292,0.0804,0.597,5.58936E-05,0.00445664,0.001819934,0.197334,3.50737E-05,4.92765E-06,2.94157E-06,2.6701E-05,-7.44851E-06,5.00129E-05
0.0015437,1.9545,0.67,4.975,0.022347,0.0084685,1.0353,0.0010416,0.00016515,1.21E-05,0.00073894,-0.00013958,0.0013069,0.23454,0.0804,0.597,5.57276E-05,0.00424593,0.001609015,0.196707,3.76018E-05,5.96192E-06,4.35041E-07,2.66757E-05,-5.03884E-06,4.71791E-05
0.0015208,1.9686,0.67,4.975,0.020869,0.0063775,1.0315,0.001106,0.00010375,-7.74E-05,0.0007639,-0.00016111,0.0011716,0.236232,0.0804,0.597,5.49009E-05,0.00396511,0.001211725,0.195985,3.99266E-05,3.74538E-06,-2.79486E-06,2.75768E-05,-5.81607E-06,4.22948E-05
0.0015256,1.9833,0.67,4.975,0.019804,0.0018054,1.0291,0.0011793,-1.04E-05,-0.00012242,0.00068312,-0.00018233,0.0011888,0.237996,0.0804,0.597,5.50742E-05,0.00376276,0.000343026,0.195529,4.25727E-05,-3.76054E-07,-4.41936E-06,2.46606E-05,-6.58211E-06,4.29157E-05
0.0017117,1.9988,0.67,4.975,0.018533,-0.0030126,1.0268,0.0012419,-3.85E-05,4.25E-05,0.00058076,-1.89E-05,0.0016007,0.239856,0.0804,0.597,6.17924E-05,0.00352127,-0.000572394,0.195092,4.48326E-05,-1.39119E-06,1.53439E-06,2.09654E-05,-6.82001E-07,5.77853E-05
0.0021716,2.0149,0.67,4.975,0.016051,-0.0056285,1.0218,0.0012531,3.05E-05,0.0002833,0.00059309,0.00012102,0.0024969,0.241788,0.0804,0.597,7.83948E-05,0.00304969,-0.001069415,0.194142,4.52369E-05,1.09932E-06,1.02271E-05,2.14105E-05,4.36882E-06,9.01381E-05
0.0025678,2.0319,0.67,4.975,0.013074,-0.0085974,1.0135,0.0011962,8.06E-05,0.00041056,0.00064335,4.71E-05,0.0032962,0.243828,0.0804,0.597,9.26976E-05,0.00248406,-0.001633506,0.192565,4.31828E-05,2.9084E-06,1.48212E-05,2.32249E-05,1.69999E-06,0.000118993
0.0027901,2.0496,0.67,4.975,0.010409,-0.011609,1.0058,0.0011504,1.11E-05,0.00068609,0.00063681,-5.59E-05,0.003793,0.245952,0.0804,0.597,0.000100723,0.00197771,-0.00220571,0.191102,4.15294E-05,4.00241E-07,2.47678E-05,2.29888E-05,-2.01651E-06,0.000136927
0.0037269,2.0681,0.67,4.975,0.0084359,-0.0066886,0.99337,0.0012375,-0.00016617,0.0013352,0.00072741,-0.00023524,0.005489,0.248172,0.0804,0.597,0.000134541,0.001602821,-0.001270834,0.1887403,4.46738E-05,-5.99874E-06,4.82007E-05,2.62595E-05,-8.49216E-06,0.000198153
0.0048884,2.0875,0.67,4.975,0.0077835,0.0030083,0.98458,0.0014465,-0.0003656,0.0019915,0.001056,-0.00084238,0.0072742,0.2505,0.0804,0.597,0.000176471,0.001478865,0.000571577,0.1870702,5.22187E-05,-1.31982E-05,7.18932E-05,3.81216E-05,-3.04099E-05,0.000262599
0.0052537,2.1078,0.67,4.975,0.0095884,0.012191,0.97287,0.0016758,-0.00032537,0.0022614,0.0012331,-0.0010948,0.0075985,0.252936,0.0804,0.597,0.000189659,0.001821796,0.00231629,0.1848453,6.04964E-05,-1.17459E-05,8.16365E-05,4.45149E-05,-3.95223E-05,0.000274306
0.0052066,2.129,0.67,4.975,0.013652,0.014646,0.96413,0.0018318,-0.00030131,0.0025905,0.0011167,-0.00096283,0.0074646,0.25548,0.0804,0.597,0.000187958,0.00259388,0.00278274,0.1831847,6.6128E-05,-1.08773E-05,9.35171E-05,4.03129E-05,-3.47582E-05,0.000269472
0.0042356,2.1511,0.67,4.975,0.015851,0.014835,0.96778,0.0019054,-9.13E-05,0.0023798,0.0010059,-0.000417,0.00556,0.258132,0.0804,0.597,0.000152905,0.00301169,0.00281865,0.1838782,6.87849E-05,-3.29535E-06,8.59108E-05,3.6313E-05,-1.50537E-05,0.000200716
0.0034174,2.1743,0.67,4.975,0.014726,0.019014,0.96414,0.0018228,0.00034572,0.0016285,0.00099091,0.00023021,0.0040211,0.260916,0.0804,0.597,0.000123368,0.00279794,0.00361266,0.1831866,6.58031E-05,1.24805E-05,5.87889E-05,3.57719E-05,8.31058E-06,0.000145162
0.0033677,2.1984,0.67,4.975,0.012794,0.022163,0.95915,0.0015725,0.00063875,0.0012639,0.0013181,0.00048628,0.0038447,0.263808,0.0804,0.597,0.000121574,0.00243086,0.00421097,0.1822385,5.67673E-05,2.30589E-05,4.56268E-05,4.75834E-05,1.75547E-05,0.000138794
0.0036376,2.2237,0.67,4.975,0.011739,0.020419,0.93987,0.0013074,0.00072952,0.001151,0.0018287,0.00092202,0.0041391,0.266844,0.0804,0.597,0.000131317,0.00223041,0.00387961,0.1785753,4.71971E-05,2.63357E-05,4.15511E-05,6.60161E-05,3.32849E-05,0.000149422
0.0051132,2.2501,0.67,4.975,0.010793,0.018375,0.91784,0.0010432,0.00033667,0.0013686,0.0021591,0.0007904,0.0070241,0.270012,0.0804,0.597,0.000184587,0.00205067,0.00349125,0.1743896,3.76595E-05,1.21538E-05,4.94065E-05,7.79435E-05,2.85334E-05,0.00025357
0.0049405,2.2776,0.67,4.975,0.0079369,0.026062,0.89608,0.00092202,2.57E-06,0.0013423,0.002155,3.74E-05,0.0068039,0.273312,0.0804,0.597,0.000178352,0.001508011,0.00495178,0.1702552,3.32849E-05,9.27409E-08,4.8457E-05,7.77955E-05,1.34938E-06,0.000245621
0.0050701,2.3063,0.67,4.975,0.0027905,0.036813,0.88497,0.00096938,0.00017529,0.0011898,0.001853,-0.0006091,0.0073178,0.276756,0.0804,0.597,0.000183031,0.000530195,0.00699447,0.1681443,3.49946E-05,6.32797E-06,4.29518E-05,6.68933E-05,-2.19885E-05,0.000264173
0.0052707,2.3362,0.67,4.975,-0.0033243,0.045141,0.88005,0.0010925,0.00029503,0.0012374,0.0018798,-0.00081318,0.0075692,0.280344,0.0804,0.597,0.000190272,-0.000631617,0.00857679,0.1672095,3.94393E-05,1.06506E-05,4.46701E-05,6.78608E-05,-2.93558E-05,0.000273248
0.0049619,2.3674,0.67,4.975,-0.0069247,0.049575,0.85835,0.0013543,8.04E-05,0.0013449,0.0024261,-0.0011182,0.0061434,0.284088,0.0804,0.597,0.000179125,-0.001315693,0.00941925,0.1630865,4.88902E-05,2.90327E-06,4.85509E-05,8.75822E-05,-4.0367E-05,0.000221777
0.0058354,2.3999,0.67,4.975,-0.0058843,0.057914,0.83446,0.0014941,0.00029888,0.0012702,0.0034706,0.00027947,0.0067062,0.287988,0.0804,0.597,0.000210658,-0.001118017,0.01100366,0.1585474,5.3937E-05,1.07896E-05,4.58542E-05,0.000125289,1.00889E-05,0.000242094
0.0051999,2.4338,0.67,4.975,-0.0026617,0.056364,0.78074,0.0011478,0.00032064,0.0010229,0.0033008,0.0015322,0.0059512,0.292056,0.0804,0.597,0.000187716,-0.000505723,0.01070916,0.1483406,4.14356E-05,1.15751E-05,3.69267E-05,0.000119159,5.53124E-05,0.000214838
0.0036671,2.4691,0.67,4.975,-0.00066611,0.042326,0.66111,0.00044024,-1.72E-06,0.00062203,0.0019776,0.00089047,0.0049164,0.296292,0.0804,0.597,0.000132382,-0.000126561,0.00804194,0.1256109,1.58927E-05,-6.21028E-08,2.24553E-05,7.13914E-05,3.2146E-05,0.000177482
0.0013792,2.5058,0.67,4.975,0.00028227,0.0186,0.29038,2.79E-05,1.45E-08,0.00010893,0.00075222,0.00035208,0.0019783,0.300696,0.0804,0.597,4.97891E-05,5.36313E-05,0.003534,0.0551722,1.00589E-06,5.22187E-10,3.93237E-06,2.71551E-05,1.27101E-05,7.14166E-05
1.38E-07,2.544,0.67,4.975,0.00041901,8.81E-14,7.75E-18,2.77E-07,5.83E-17,3.51E-21,1.23E-26,7.37E-31,6.90E-35,0.30528,0.0804,0.597,4.99949E-09,7.96119E-05,1.67337E-14,1.47282E-18,9.99898E-09,2.10438E-18,1.26621E-22,4.42911E-28,2.66151E-32,2.49079E-36
0,2.5837,0.67,4.975,0,0,0,0,0,0,0,0,0,0.310044,0.0804,0.597,0,0,0,0,0,0,0,0,0,0
0,2.625,0.67,4.975,0,0,0,0,0,0,0,0,0,0.315,0.0804,0.597,0,0,0,0,0,0,0,0,0,0
0,-0.125,0.67,5.0102,0,0,0,0,0,0,0,0,0,-0.015,0.0804,0.601224,0,0,0,0,0,0,0,0,0,0
0,-0.083719,0.67,5.0102,0,0,0,0,0,0,0,0,0,-0.01004628,0.0804,0.601224,0,0,0,0,0,0,0,0,0,0
2.45E-07,-0.044001,0.67,5.0102,-0.0011812,-3.25E-13,2.56E-17,4.89E-07,1.35E-16,-8.41E-21,3.70E-26,-2.31E-30,2.52E-34,-0.00528012,0.0804,0.601224,8.83367E-09,-0.000224428,-6.16892E-14,4.87141E-18,1.76673E-08,4.85906E-18,-3.03579E-22,1.33635E-27,-8.34524E-32,9.08854E-36
0.0011198,-0.0058053,0.67,5.0102,-0.0028227,0.022688,0.36384,1.31E-05,-3.06E-05,-3.02E-05,0.00078399,-0.00014519,0.0014424,-0.000696636,0.0804,0.601224,4.04248E-05,-0.000536313,0.00431072,0.0691296,4.73957E-07,-1.10459E-06,-1.09022E-06,2.8302E-05,-5.24136E-06,5.20706E-05
0.0029237,0.030909,0.67,5.0102,-0.0079899,0.051429,0.82451,0.00020173,-0.00017997,-0.00017278,0.0020418,-0.00037761,0.0036039,0.00370908,0.0804,0.601224,0.000105546,-0.001518081,0.00977151,0.1566569,7.28245E-06,-6.49692E-06,-6.23736E-06,7.3709E-05,-1.36317E-05,0.000130101
0.0031984,0.066184,0.67,5.0102,-0.016547,0.046949,0.93474,0.00056243,-0.00023833,-0.00029824,0.0017749,-0.00028105,0.0040595,0.00794208,0.0804,0.601224,0.000115462,-0.00314393,0.00892031,0.1776006,2.03037E-05,-8.60371E-06,-1.07665E-05,6.40739E-05,-1.01459E-05,0.000146548
0.0036804,0.10006,0.67,5.0102,-0.022251,0.034766,0.9634,0.00070031,-0.00020715,-0.00025264,0.0012955,-0.00034406,0.005365,0.0120072,0.0804,0.601224,0.000132862,-0.00422769,0.00660554,0.183046,2.52812E-05,-7.47812E-06,-9.1203E-06,4.67676E-05,-1.24206E-05,0.000193677
0.0037958,0.13258,0.67,5.0102,-0.023862,0.026135,0.99006,0.00054889,-9.85E-05,-8.21E-05,0.0013299,-0.0009057,0.0057128,0.0159096,0.0804,0.601224,0.000137028,-0.00453378,0.00496565,0.1881114,1.98149E-05,-3.55719E-06,-2.96327E-06,4.80094E-05,-3.26958E-05,0.000206232
0.0027311,0.16379,0.67,5.0102,-0.0232,0.011871,1.0147,0.00046931,4.71E-05,-8.24E-05,0.0010083,-0.00068293,0.0039845,0.0196548,0.0804,0.601224,9.85927E-05,-0.004408,0.00225549,0.192793,1.69421E-05,1.70067E-06,-2.97348E-06,3.63996E-05,-2.46538E-05,0.00014384
0.0023126,0.19372,0.67,5.0102,-0.022164,0.0062332,1.0179,0.00057718,0.00013928,-0.00023131,0.00092111,-0.00026015,0.0031269,0.0232464,0.0804,0.601224,8.34849E-05,-0.00421116,0.001184308,0.193401,2.08362E-05,5.02801E-06,-8.35029E-06,3.32521E-05,-9.39142E-06,0.000112881
0.0030754,0.22242,0.67,5.0102,-0.020574,0.01012,1.0234,0.0007774,0.00012385,-0.00084414,0.0010269,-0.00047846,0.0043464,0.0266904,0.0804,0.601224,0.000111022,-0.00390906,0.0019228,0.194446,2.80641E-05,4.47099E-06,-3.04735E-05,3.70711E-05,-1.72724E-05,0.000156905
0.0030607,0.24993,0.67,5.0102,-0.020496,0.016647,1.0346,0.0010044,-8.03E-05,-0.0010997,0.0010942,-0.00030463,0.0040228,0.0299916,0.0804,0.601224,0.000110491,-0.00389424,0.00316293,0.196574,3.62588E-05,-2.89778E-06,-3.96992E-05,3.95006E-05,-1.09971E-05,0.000145223
0.0023786,0.27629,0.67,5.0102,-0.022826,0.021746,1.0407,0.0011201,-1.38E-05,-0.0010108,0.0010482,-0.00010621,0.0025889,0.0331548,0.0804,0.601224,8.58675E-05,-0.00433694,0.00413174,0.197733,4.04356E-05,-4.99444E-07,-3.64899E-05,3.784E-05,-3.83418E-06,9.34593E-05
0.0028671,0.30154,0.67,5.0102,-0.024147,0.022014,1.0394,0.001137,0.00018142,-0.00086832,0.0011115,-0.00025634,0.0034857,0.0361848,0.0804,0.601224,0.000103502,-0.00458793,0.00418266,0.197486,4.10457E-05,6.54926E-06,-3.13464E-05,4.01252E-05,-9.25387E-06,0.000125834
0.0034931,0.32572,0.67,5.0102,-0.023453,0.015141,1.0412,0.0011212,0.00015954,-0.00077903,0.001546,-0.00074964,0.0043189,0.0390864,0.0804,0.601224,0.000126101,-0.00445607,0.00287679,0.197828,4.04753E-05,5.75939E-06,-2.8123E-05,5.58106E-05,-2.7062E-05,0.000155912
0.0034352,0.34887,0.67,5.0102,-0.023257,0.0097486,1.0568,0.0011691,9.40E-05,-0.00088325,0.001705,-0.0010821,0.0039964,0.0418644,0.0804,0.601224,0.000124011,-0.00441883,0.001852234,0.200792,4.22045E-05,3.39344E-06,-3.18853E-05,6.15505E-05,-3.90638E-05,0.00014427
0.0029164,0.37102,0.67,5.0102,-0.02449,0.013791,1.0585,0.0012893,0.00020947,-0.00056916,0.0015718,-0.00088223,0.0029717,0.0445224,0.0804,0.601224,0.000105282,-0.0046531,0.00262029,0.201115,4.65437E-05,7.56187E-06,-2.05467E-05,5.6742E-05,-3.18485E-05,0.000107278
0.0025155,0.39221,0.67,5.0102,-0.026302,0.021879,1.0539,0.0013284,0.00037708,-0.00054461,0.0015006,-0.00052687,0.0022019,0.0470652,0.0804,0.601224,9.08096E-05,-0.00499738,0.00415701,0.200241,4.79552E-05,1.36126E-05,-1.96604E-05,5.41717E-05,-1.902E-05,7.94886E-05
0.0020894,0.41248,0.67,5.0102,-0.028353,0.028746,1.0503,0.0013248,0.00024197,-0.00035496,0.0013256,-0.00037349,0.0015285,0.0494976,0.0804,0.601224,7.54273E-05,-0.00538707,0.00546174,0.199557,4.78253E-05,8.73512E-06,-1.28141E-05,4.78542E-05,-1.3483E-05,5.51789E-05
0.0020257,0.43187,0.67,5.0102,-0.030121,0.031947,1.0506,0.0012823,2.83E-05,-5.90E-05,0.001219,-0.00055251,0.0015501,0.0518244,0.0804,0.601224,7.31278E-05,-0.00572299,0.00606993,0.199614,4.6291E-05,1.02094E-06,-2.12813E-06,4.40059E-05,-1.99456E-05,5.59586E-05
0.0022982,0.4504,0.67,5.0102,-0.031265,0.034477,1.0483,0.0012144,3.35E-05,-0.0001942,0.0012141,-0.00076584,0.0021679,0.054048,0.0804,0.601224,8.2965E-05,-0.00594035,0.00655063,0.199177,4.38398E-05,1.21076E-06,-7.01062E-06,4.3829E-05,-2.76468E-05,7.82612E-05
0.0026775,0.46812,0.67,5.0102,-0.032112,0.035201,1.0464,0.0012076,0.00016663,-0.0003204,0.0014501,-0.0011263,0.0026972,0.0561744,0.0804,0.601224,9.66578E-05,-0.00610128,0.00668819,0.198816,4.35944E-05,6.01534E-06,-1.15664E-05,5.23486E-05,-4.06594E-05,9.73689E-05
0.002758,0.48504,0.67,5.0102,-0.032724,0.033488,1.0515,0.0012039,0.00023373,-0.00027936,0.001619,-0.0013323,0.002693,0.0582048,0.0804,0.601224,9.95638E-05,-0.00621756,0.00636272,0.199785,4.34608E-05,8.43765E-06,-1.00849E-05,5.84459E-05,-4.8096E-05,9.72173E-05
0.00277,0.50122,0.67,5.0102,-0.033021,0.032755,1.0559,0.0011469,0.00015042,-0.00019827,0.0017635,-0.0013237,0.0026297,0.0601464,0.0804,0.601224,0.000099997,-0.00627399,0.00622345,0.200621,4.14031E-05,5.43016E-06,-7.15755E-06,6.36624E-05,-4.77856E-05,9.49322E-05
0.0027048,0.51667,0.67,5.0102,-0.032833,0.033612,1.0561,0.0011107,6.56E-05,-0.00013681,0.0019747,-0.0012228,0.0023242,0.0620004,0.0804,0.601224,9.76433E-05,-0.00623827,0.00638628,0.200659,4.00963E-05,2.36827E-06,-4.93884E-06,7.12867E-05,-4.41431E-05,8.39036E-05
0.0024027,0.53142,0.67,5.0102,-0.032348,0.032548,1.0587,0.0011121,6.01E-05,-7.64E-05,0.0019318,-0.00098636,0.0017615,0.0637704,0.0804,0.601224,8.67375E-05,-0.00614612,0.00618412,0.201153,4.01468E-05,2.16842E-06,-2.75909E-06,6.9738E-05,-3.56076E-05,6.35902E-05
0.0021728,0.54551,0.67,5.0102,-0.032104,0.030393,1.0615,0.0010666,7.11E-05,-3.42E-05,0.0017472,-0.00079767,0.0015318,0.0654612,0.0804,0.601224,7.84381E-05,-0.00609976,0.00577467,0.201685,3.85043E-05,2.56808E-06,-1.2352E-06,6.30739E-05,-2.87959E-05,5.5298E-05
0.0019438,0.55896,0.67,5.0102,-0.032199,0.02884,1.0604,0.00095963,5.90E-05,-8.52E-05,0.0015349,-0.00056629,0.0013931,0.0670752,0.0804,0.601224,7.01712E-05,-0.00611781,0.0054796,0.201476,3.46426E-05,2.1286E-06,-3.07623E-06,5.54099E-05,-2.04431E-05,5.02909E-05
0.0018015,0.5718,0.67,5.0102,-0.032595,0.025433,1.058,0.00085369,2.19E-05,-0.00022804,0.0013604,-0.0002278,0.0013888,0.068616,0.0804,0.601224,6.50342E-05,-0.00619305,0.00483227,0.20102,3.08182E-05,7.90662E-07,-8.23224E-06,4.91104E-05,-8.22358E-06,5.01357E-05
0.0018058,0.58405,0.67,5.0102,-0.033251,0.021402,1.0595,0.00079583,2.21E-05,-0.00034638,0.001471,-2.16E-05,0.0013449,0.070086,0.0804,0.601224,6.51894E-05,-0.00631769,0.00406638,0.201305,2.87295E-05,7.98099E-07,-1.25043E-05,5.31031E-05,-7.78858E-07,4.85509E-05
0.0018879,0.59575,0.67,5.0102,-0.034008,0.019185,1.0634,0.00079056,0.00011218,-0.00044916,0.0017047,-2.11E-05,0.0012806,0.07149,0.0804,0.601224,6.81532E-05,-0.00646152,0.00364515,0.202046,2.85392E-05,4.0497E-06,-1.62147E-05,6.15397E-05,-7.6171E-07,4.62297E-05
0.001987,0.6069,0.67,5.0102,-0.034733,0.017782,1.0665,0.00082865,0.00021593,-0.00055117,0.001842,-2.77E-05,0.0013033,0.072828,0.0804,0.601224,7.17307E-05,-0.00659927,0.00337858,0.202635,2.99143E-05,7.79507E-06,-1.98972E-05,6.64962E-05,-1.0008E-06,4.70491E-05
0.0020958,0.61755,0.67,5.0102,-0.035198,0.016043,1.0695,0.00089989,0.00026913,-0.00060601,0.0019023,3.83E-05,0.0013893,0.074106,0.0804,0.601224,7.56584E-05,-0.00668762,0.00304817,0.203205,3.2486E-05,9.71559E-06,-2.1877E-05,6.8673E-05,1.3844E-06,5.01537E-05
0.0022044,0.6277,0.67,5.0102,-0.035234,0.013187,1.073,0.00098431,0.00028483,-0.00063051,0.0018417,0.0001489,0.0015829,0.075324,0.0804,0.601224,7.95788E-05,-0.00669446,0.00250553,0.20387,3.55336E-05,1.02824E-05,-2.27614E-05,6.64854E-05,5.37529E-06,5.71427E-05
0.0022228,0.63738,0.67,5.0102,-0.034983,0.0093118,1.076,0.0010532,0.00028496,-0.0005769,0.001716,0.00027288,0.0016765,0.0764856,0.0804,0.601224,8.02431E-05,-0.00664677,0.001769242,0.20444,3.80205E-05,1.02871E-05,-2.08261E-05,6.19476E-05,9.85097E-06,6.05217E-05
0.0021412,0.64661,0.67,5.0102,-0.034785,0.0051885,1.0791,0.0010841,0.00027608,-0.00045227,0.0016081,0.00033701,0.0015902,0.0775932,0.0804,0.601224,7.72973E-05,-0.00660915,0.000985815,0.205029,3.9136E-05,9.96649E-06,-1.63269E-05,5.80524E-05,1.21661E-05,5.74062E-05
0.0019646,0.65542,0.67,5.0102,-0.034869,0.0016048,1.083,0.0010668,0.00025319,-0.00030254,0.0015002,0.00031038,0.0013622,0.0786504,0.0804,0.601224,7.09221E-05,-0.00662511,0.000304912,0.20577,3.85115E-05,9.14016E-06,-1.09217E-05,5.41572E-05,1.12047E-05,4.91754E-05
0.0017548,0.66381,0.67,5.0102,-0.035296,-0.0012263,1.0878,0.00099654,0.00022024,-0.00017419,0.0013805,0.00022482,0.0011326,0.0796572,0.0804,0.601224,6.33483E-05,-0.00670624,-0.000232997,0.206682,3.59751E-05,7.95066E-06,-6.28826E-06,4.98361E-05,8.116E-06,4.08869E-05
0.0015632,0.67207,0.67,5.0102,-0.036061,-0.0035337,1.093,0.00087931,0.00019194,-8.47E-05,0.0012839,9.74E-05,0.0009632,0.0806484,0.0804,0.601224,5.64315E-05,-0.00685159,-0.000671403,0.20767,3.17431E-05,6.92903E-06,-3.05937E-06,4.63488E-05,3.51686E-06,3.47715E-05
0.0014183,0.68032,0.67,5.0102,-0.037096,-0.0055306,1.0987,0.00073618,0.00017777,-4.67E-05,0.0012196,-7.18E-05,0.00088091,0.0816384,0.0804,0.601224,5.12006E-05,-0.00704824,-0.001050814,0.208753,2.65761E-05,6.4175E-06,-1.6876E-06,4.40276E-05,-2.59158E-06,3.18009E-05
0.001308,0.68858,0.67,5.0102,-0.038264,-0.0071654,1.1044,0.00059533,0.00016928,-4.92E-05,0.001161,-0.00025536,0.00085972,0.0826296,0.0804,0.601224,4.72188E-05,-0.00727016,-0.001361426,0.209836,2.14914E-05,6.11101E-06,-1.77536E-06,4.19121E-05,-9.2185E-06,3.10359E-05
0.0012097,0.69683,0.67,5.0102,-0.039402,-0.0082429,1.109,0.00047964,0.00015151,-6.93E-05,0.0010849,-0.00038984,0.00085491,0.0836196,0.0804,0.601224,4.36702E-05,-0.00748638,-0.001566151,0.21071,1.7315E-05,5.46951E-06,-2.5035E-06,3.91649E-05,-1.40732E-05,3.08623E-05
0.0011284,0.70509,0.67,5.0102,-0.040381,-0.0090057,1.1121,0.00040028,0.00011901,-7.91E-05,0.00098848,-0.00046603,0.00086803,0.0846108,0.0804,0.601224,4.07352E-05,-0.00767239,-0.001711083,0.211299,1.44501E-05,4.29626E-06,-2.85457E-06,3.56841E-05,-1.68237E-05,3.13359E-05
0.0010912,0.71335,0.67,5.0102,-0.041219,-0.010048,1.1143,0.00035688,7.91E-05,-6.52E-05,0.00088347,-0.00052161,0.00094206,0.085602,0.0804,0.601224,3.93923E-05,-0.00783161,-0.00190912,0.211717,1.28834E-05,2.85537E-06,-2.35444E-06,3.18933E-05,-1.88301E-05,3.40084E-05
0.0010865,0.7216,0.67,5.0102,-0.042033,-0.011458,1.1161,0.00034523,3.65E-05,-4.23E-05,0.00078716,-0.00057085,0.0010405,0.086592,0.0804,0.601224,3.92227E-05,-0.00798627,-0.00217702,0.212059,1.24628E-05,1.31657E-06,-1.52566E-06,2.84165E-05,-2.06077E-05,3.75621E-05
0.0010787,0.72986,0.67,5.0102,-0.042873,-0.012931,1.1177,0.0003594,-1.23E-05,-2.42E-05,0.00071213,-0.00059354,0.0010858,0.0875832,0.0804,0.601224,3.89411E-05,-0.00814587,-0.00245689,0.212363,1.29743E-05,-4.45041E-07,-8.72645E-07,2.57079E-05,-2.14268E-05,3.91974E-05
0.0010659,0.73811,0.67,5.0102,-0.043719,-0.014432,1.1189,0.00039002,-6.59E-05,-1.46E-05,0.0006609,-0.00058138,0.0010808,0.0885732,0.0804,0.601224,3.8479E-05,-0.00830661,-0.00274208,0.212591,1.40797E-05,-2.37892E-06,-5.27529E-07,2.38585E-05,-2.09878E-05,3.90169E-05
0.0010657,0.74637,0.67,5.0102,-0.044519,-0.015927,1.1194,0.00042779,-0.00011569,-8.50E-06,0.00063261,-0.00055117,0.0010711,0.0895644,0.0804,0.601224,3.84718E-05,-0.00845861,-0.00302613,0.212686,1.54432E-05,-4.17641E-06,-3.06698E-07,2.28372E-05,-1.98972E-05,3.86667E-05
0.001083,0.75463,0.67,5.0102,-0.045129,-0.017137,1.1184,0.00046704,-0.00015395,-4.76E-06,0.00063039,-0.00051998,0.0010685,0.0905556,0.0804,0.601224,3.90963E-05,-0.00857451,-0.00325603,0.212496,1.68601E-05,-5.5576E-06,-1.71775E-07,2.27571E-05,-1.87713E-05,3.85729E-05
0.0011199,0.76288,0.67,5.0102,-0.045414,-0.017776,1.1157,0.00050255,-0.00017746,-1.06E-05,0.00066394,-0.0005,0.0010732,0.0915456,0.0804,0.601224,4.04284E-05,-0.00862866,-0.00337744,0.211983,1.81421E-05,-6.40631E-06,-3.83526E-07,2.39682E-05,-0.00001805,3.87425E-05
0.0011788,0.77114,0.67,5.0102,-0.045381,-0.017737,1.1119,0.00052917,-0.00018559,-2.71E-05,0.00074106,-0.00049443,0.0010873,0.0925368,0.0804,0.601224,4.25547E-05,-0.00862239,-0.00337003,0.211261,1.9103E-05,-6.6998E-06,-9.77335E-07,2.67523E-05,-1.78489E-05,3.92515E-05
0.0012528,0.7794,0.67,5.0102,-0.045091,-0.017133,1.108,0.00054547,-0.00017761,-5.32E-05,0.00086445,-0.00049842,0.0010956,0.093528,0.0804,0.601224,4.52261E-05,-0.00856729,-0.00325527,0.21052,1.96915E-05,-6.41172E-06,-1.92077E-06,3.12066E-05,-1.7993E-05,3.95512E-05
0.0013356,0.78765,0.67,5.0102,-0.044603,-0.016179,1.1047,0.00055231,-0.00015078,-6.94E-05,0.0010307,-0.00051977,0.0010881,0.094518,0.0804,0.601224,4.82152E-05,-0.00847457,-0.00307401,0.209893,1.99384E-05,-5.44316E-06,-2.50541E-06,3.72083E-05,-1.87637E-05,3.92804E-05
0.0014297,0.79591,0.67,5.0102,-0.044046,-0.014983,1.102,0.00055563,-0.00010259,-5.33E-05,0.0012206,-0.0005779,0.0010831,0.0955092,0.0804,0.601224,5.16122E-05,-0.00836874,-0.00284677,0.20938,2.00582E-05,-3.7035E-06,-1.92287E-06,4.40637E-05,-2.08622E-05,3.90999E-05
0.00153,0.80416,0.67,5.0102,-0.043486,-0.013416,1.1,0.00056359,-4.00E-05,-1.30E-05,0.0013959,-0.00067422,0.0011005,0.0964992,0.0804,0.601224,0.000055233,-0.00826234,-0.00254904,0.209,2.03456E-05,-1.44274E-06,-4.70022E-07,5.0392E-05,-2.43393E-05,3.97281E-05
0.0016249,0.81242,0.67,5.0102,-0.042859,-0.011192,1.0986,0.00058119,2.23E-05,2.14E-05,0.0015261,-0.00079799,0.0011425,0.0974904,0.0804,0.601224,5.86589E-05,-0.00814321,-0.00212648,0.208734,2.0981E-05,8.03658E-07,7.70988E-07,5.50922E-05,-2.88074E-05,4.12443E-05
0.0017257,0.82068,0.67,5.0102,-0.042158,-0.0082251,1.0972,0.0006131,7.26E-05,2.31E-05,0.0016219,-0.00092468,0.0012163,0.0984816,0.0804,0.601224,6.22978E-05,-0.00801002,-0.001562769,0.208468,2.21329E-05,2.62061E-06,8.33693E-07,5.85506E-05,-3.33809E-05,4.39084E-05
0.0018467,0.82893,0.67,5.0102,-0.041449,-0.0048567,1.0954,0.00065711,9.78E-05,1.13E-05,0.0017094,-0.0010145,0.0013268,0.0994716,0.0804,0.601224,6.66659E-05,-0.00787531,-0.000922773,0.208126,2.37217E-05,3.5313E-06,4.06847E-07,6.17093E-05,-3.66235E-05,4.78975E-05
0.0019693,0.83719,0.67,5.0102,-0.040809,-0.0014979,1.0929,0.00070038,7.19E-05,2.10E-05,0.0017927,-0.0010435,0.0014455,0.1004628,0.0804,0.601224,7.10917E-05,-0.00775371,-0.000284601,0.207651,2.52837E-05,2.59646E-06,7.58642E-07,6.47165E-05,-3.76704E-05,5.21826E-05
0.0020913,0.84544,0.67,5.0102,-0.040389,0.0017291,1.0906,0.00073035,-2.75E-05,4.62E-05,0.0018797,-0.0010128,0.0015725,0.1014528,0.0804,0.601224,7.54959E-05,-0.00767391,0.000328529,0.207214,2.63656E-05,-9.92967E-07,1.66652E-06,6.78572E-05,-3.65621E-05,5.67673E-05
0.0022236,0.8537,0.67,5.0102,-0.040296,0.0046667,1.0885,0.00074046,-0.00018299,8.79E-05,0.0019803,-0.00095961,0.0017264,0.102444,0.0804,0.601224,8.0272E-05,-0.00765624,0.000886673,0.206815,2.67306E-05,-6.60594E-06,3.17341E-06,7.14888E-05,-3.46419E-05,6.2323E-05
0.002359,0.86196,0.67,5.0102,-0.040496,0.0070785,1.0851,0.00072757,-0.00034315,0.00018275,0.002075,-0.0009645,0.0019154,0.1034352,0.0804,0.601224,8.51599E-05,-0.00769424,0.001344915,0.206169,2.62653E-05,-1.23877E-05,6.59728E-06,7.49075E-05,-3.48185E-05,6.91459E-05
0.0025011,0.87021,0.67,5.0102,-0.040906,0.0093036,1.0801,0.00069766,-0.00047884,0.00031147,0.0021784,-0.0010712,0.0021261,0.1044252,0.0804,0.601224,9.02897E-05,-0.00777214,0.001767684,0.205219,2.51855E-05,-1.72861E-05,1.12441E-05,7.86402E-05,-3.86703E-05,7.67522E-05
0.0026414,0.87847,0.67,5.0102,-0.041457,0.011943,1.0746,0.0006703,-0.00059819,0.00041226,0.0023444,-0.0012422,0.0022681,0.1054164,0.0804,0.601224,9.53545E-05,-0.00787683,0.00226917,0.204174,2.41978E-05,-2.15947E-05,1.48826E-05,8.46328E-05,-4.48434E-05,8.18784E-05
0.0027492,0.88672,0.67,5.0102,-0.042025,0.01482,1.0691,0.00066527,-0.00070597,0.0004796,0.0025471,-0.0014229,0.0022859,0.1064064,0.0804,0.601224,9.92461E-05,-0.00798475,0.0028158,0.203129,2.40162E-05,-2.54855E-05,1.73136E-05,9.19503E-05,-5.13667E-05,8.2521E-05
0.0027651,0.89498,0.67,5.0102,-0.04242,0.017228,1.064,0.00068718,-0.00078941,0.00052502,0.0026828,-0.0015155,0.0021601,0.1073976,0.0804,0.601224,9.98201E-05,-0.0080598,0.00327332,0.20216,2.48072E-05,-2.84977E-05,1.89532E-05,9.68491E-05,-5.47096E-05,7.79796E-05
0.0026502,0.90324,0.67,5.0102,-0.042586,0.018591,1.0597,0.00072762,-0.00082767,0.00056266,0.0026569,-0.0014578,0.0019159,0.1083888,0.0804,0.601224,9.56722E-05,-0.00809134,0.00353229,0.201343,2.62671E-05,-2.98789E-05,2.0312E-05,9.59141E-05,-5.26266E-05,6.9164E-05
0.0024803,0.91149,0.67,5.0102,-0.042566,0.01886,1.0565,0.00077989,-0.00081334,0.00061732,0.0024849,-0.0013327,0.0016959,0.1093788,0.0804,0.601224,8.95388E-05,-0.00808754,0.0035834,0.200735,2.8154E-05,-2.93616E-05,2.22853E-05,8.97049E-05,-4.81105E-05,6.1222E-05
0.0023606,0.91975,0.67,5.0102,-0.042349,0.018683,1.0545,0.0008495,-0.0007738,0.00067463,0.0023044,-0.0012239,0.0015674,0.11037,0.0804,0.601224,8.52177E-05,-0.00804631,0.00354977,0.200355,3.0667E-05,-2.79342E-05,2.43541E-05,8.31888E-05,-4.41828E-05,5.65831E-05
0.0023045,0.92801,0.67,5.0102,-0.041947,0.018534,1.0531,0.00094328,-0.00073489,0.00070997,0.0021816,-0.0011334,0.0014841,0.1113612,0.0804,0.601224,8.31925E-05,-0.00796993,0.00352146,0.200089,3.40524E-05,-2.65295E-05,2.56299E-05,7.87558E-05,-4.09157E-05,5.3576E-05
0.0022744,0.93626,0.67,5.0102,-0.04139,0.018092,1.0517,0.0010549,-0.0006927,0.00072968,0.0020431,-0.0010492,0.0014508,0.1123512,0.0804,0.601224,8.21058E-05,-0.0078641,0.00343748,0.199823,3.80819E-05,-2.50065E-05,2.63414E-05,7.37559E-05,-3.78761E-05,5.23739E-05
0.0022107,0.94452,0.67,5.0102,-0.040733,0.01665,1.0502,0.0011692,-0.00063628,0.00072474,0.0018209,-0.00097746,0.0014313,0.1133424,0.0804,0.601224,7.98063E-05,-0.00773927,0.0031635,0.199538,4.22081E-05,-2.29697E-05,2.61631E-05,6.57345E-05,-3.52863E-05,5.16699E-05
0.0021025,0.95277,0.67,5.0102,-0.040085,0.013941,1.0488,0.0012703,-0.00056476,0.0006947,0.0015378,-0.00092464,0.0013968,0.1143324,0.0804,0.601224,7.59003E-05,-0.00761615,0.00264879,0.199272,4.58578E-05,-2.03878E-05,2.50787E-05,5.55146E-05,-3.33795E-05,5.04245E-05
0.002001,0.96103,0.67,5.0102,-0.039504,0.010655,1.0467,0.0013463,-0.0004918,0.00065621,0.0012811,-0.00090786,0.0013745,0.1153236,0.0804,0.601224,7.22361E-05,-0.00750576,0.00202445,0.198873,4.86014E-05,-1.7754E-05,2.36892E-05,4.62477E-05,-3.27737E-05,4.96195E-05
0.0019581,0.96929,0.67,5.0102,-0.038994,0.0078909,1.0441,0.0013989,-0.00043554,0.00062318,0.0011228,-0.0009316,0.0013944,0.1163148,0.0804,0.601224,7.06874E-05,-0.00740886,0.001499271,0.198379,5.05003E-05,-1.5723E-05,2.24968E-05,4.05331E-05,-3.36308E-05,5.03378E-05
0.0019849,0.97754,0.67,5.0102,-0.038482,0.0062906,1.0406,0.0014437,-0.00040032,0.00059271,0.0010655,-0.00095676,0.0014607,0.1173048,0.0804,0.601224,7.16549E-05,-0.00731158,0.001195214,0.197714,5.21176E-05,-1.44516E-05,2.13968E-05,3.84646E-05,-3.4539E-05,5.27313E-05
0.0020277,0.9858,0.67,5.0102,-0.037737,0.0060544,1.0358,0.0014901,-0.00037927,0.00055571,0.0010692,-0.00092855,0.0014963,0.118296,0.0804,0.601224,7.32E-05,-0.00717003,0.001150336,0.196802,5.37926E-05,-1.36916E-05,2.00611E-05,3.85981E-05,-3.35207E-05,5.40164E-05
0.0020512,0.99405,0.67,5.0102,-0.036734,0.0072947,1.0294,0.0015389,-0.00036894,0.00050764,0.0010958,-0.00084432,0.0014677,0.119286,0.0804,0.601224,7.40483E-05,-0.00697946,0.001385993,0.195586,5.55543E-05,-1.33187E-05,1.83258E-05,3.95584E-05,-3.048E-05,5.2984E-05
0.0020519,1.0023,0.67,5.0102,-0.03577,0.0096491,1.022,0.0015945,-0.00036447,0.00045353,0.0011326,-0.0007714,0.0013768,0.120276,0.0804,0.601224,7.40736E-05,-0.0067963,0.001833329,0.19418,5.75615E-05,-1.31574E-05,1.63724E-05,4.08869E-05,-2.78475E-05,4.97025E-05
0.0020645,1.0106,0.67,5.0102,-0.034989,0.01201,1.0143,0.001663,-0.00035508,0.00040777,0.0012008,-0.00075998,0.0012652,0.121272,0.0804,0.601224,7.45285E-05,-0.00664791,0.0022819,0.192717,6.00343E-05,-1.28184E-05,1.47205E-05,4.33489E-05,-2.74353E-05,4.56737E-05
0.002136,1.0188,0.67,5.0102,-0.034316,0.013591,1.0069,0.001749,-0.00032704,0.00037226,0.0013133,-0.00077273,0.0012098,0.122256,0.0804,0.601224,7.71096E-05,-0.00652004,0.00258229,0.191311,6.31389E-05,-1.18061E-05,1.34386E-05,4.74101E-05,-2.78956E-05,4.36738E-05
0.0022306,1.0271,0.67,5.0102,-0.0336,0.014793,1.0008,0.0018589,-0.00027086,0.00035205,0.0014281,-0.00076323,0.0011742,0.123252,0.0804,0.601224,8.05247E-05,-0.006384,0.00281067,0.190152,6.71063E-05,-9.77805E-06,1.2709E-05,5.15544E-05,-2.75526E-05,4.23886E-05
0.0022866,1.0353,0.67,5.0102,-0.032685,0.016419,0.99705,0.0019926,-0.00019035,0.00033949,0.0014723,-0.00073785,0.0011084,0.124236,0.0804,0.601224,8.25463E-05,-0.00621015,0.00311961,0.1894395,7.19329E-05,-6.87164E-06,1.22556E-05,5.315E-05,-2.66364E-05,4.00132E-05
0.0023124,1.0436,0.67,5.0102,-0.031538,0.018409,0.99512,0.0021369,-9.90E-05,0.00033606,0.0014311,-0.00069161,0.0010567,0.125232,0.0804,0.601224,8.34776E-05,-0.00599222,0.00349771,0.1890728,7.71421E-05,-3.57246E-06,1.21318E-05,5.16627E-05,-2.49671E-05,3.81469E-05
0.002331,1.0518,0.67,5.0102,-0.030255,0.01992,0.99384,0.0022733,-5.80E-06,0.0003427,0.0013577,-0.00061414,0.0010311,0.126216,0.0804,0.601224,8.41491E-05,-0.00574845,0.0037848,0.1888296,8.20661E-05,-2.09434E-07,1.23715E-05,4.9013E-05,-2.21705E-05,3.72227E-05
0.002357,1.0601,0.67,5.0102,-0.029051,0.020418,0.9925,0.0023875,8.34E-05,0.00034572,0.001283,-0.00053375,0.0010434,0.127212,0.0804,0.601224,8.50877E-05,-0.00551969,0.00387942,0.188575,8.61888E-05,3.01103E-06,1.24805E-05,4.63163E-05,-1.92684E-05,3.76667E-05
0.0024109,1.0684,0.67,5.0102,-0.028151,0.020203,0.99103,0.0024744,0.00015351,0.00033737,0.0012042,-0.00050251,0.0011433,0.128208,0.0804,0.601224,8.70335E-05,-0.00534869,0.00383857,0.1882957,8.93258E-05,5.54171E-06,1.21791E-05,4.34716E-05,-1.81406E-05,4.12731E-05
0.0024874,1.0766,0.67,5.0102,-0.027663,0.019935,0.9894,0.0025269,0.00019096,0.00030825,0.001126,-0.00053431,0.001322,0.129192,0.0804,0.601224,8.97951E-05,-0.00525597,0.00378765,0.187986,9.12211E-05,6.89366E-06,1.11278E-05,4.06486E-05,-1.92886E-05,4.77242E-05
0.0025664,1.0849,0.67,5.0102,-0.027536,0.019947,0.98758,0.0025416,0.00020048,0.00026594,0.0010602,-0.00060759,0.001531,0.130188,0.0804,0.601224,9.2647E-05,-0.00523184,0.00378993,0.1876402,9.17518E-05,7.23733E-06,9.60043E-06,3.82732E-05,-2.1934E-05,5.52691E-05
0.0026158,1.0931,0.67,5.0102,-0.02761,0.020153,0.98591,0.0025244,0.00020159,0.00022675,0.001016,-0.00069146,0.0016912,0.131172,0.0804,0.601224,9.44304E-05,-0.0052459,0.00382907,0.1873229,9.11308E-05,7.2774E-06,8.18568E-06,3.66776E-05,-2.49617E-05,6.10523E-05
0.0026454,1.1014,0.67,5.0102,-0.027716,0.020377,0.98467,0.0024815,0.00020467,0.00018577,0.0010037,-0.00078203,0.0018057,0.132168,0.0804,0.601224,9.54989E-05,-0.00526604,0.00387163,0.1870873,8.95822E-05,7.38859E-06,6.7063E-06,3.62336E-05,-2.82313E-05,6.51858E-05
0.0027117,1.1096,0.67,5.0102,-0.027721,0.020575,0.98334,0.002415,0.00020306,0.00014999,0.001023,-0.00090699,0.0019853,0.133152,0.0804,0.601224,9.78924E-05,-0.00526699,0.00390925,0.1868346,8.71815E-05,7.33047E-06,5.41464E-06,3.69303E-05,-3.27423E-05,7.16693E-05
0.0028019,1.1179,0.67,5.0102,-0.027487,0.020757,0.98125,0.0023216,0.00018612,0.00011189,0.001057,-0.0010526,0.0022252,0.134148,0.0804,0.601224,0.000101149,-0.00522253,0.00394383,0.1864375,8.38098E-05,6.71893E-06,4.03923E-06,3.81577E-05,-3.79989E-05,8.03297E-05
0.0028759,1.1262,0.67,5.0102,-0.026869,0.020915,0.97856,0.0022055,0.00014928,7.91E-05,0.0010848,-0.0011846,0.0024614,0.135144,0.0804,0.601224,0.00010382,-0.00510511,0.00397385,0.1859264,7.96186E-05,5.38901E-06,2.855E-06,3.91613E-05,-4.27641E-05,8.88565E-05
0.0029155,1.1344,0.67,5.0102,-0.025852,0.021235,0.976,0.0020828,9.91E-05,6.45E-05,0.0010934,-0.0012773,0.0026547,0.136128,0.0804,0.601224,0.00010525,-0.00491188,0.00403465,0.18544,7.51891E-05,3.57711E-06,2.32921E-06,3.94717E-05,-4.61105E-05,9.58347E-05
0.0029303,1.1427,0.67,5.0102,-0.024571,0.022065,0.97414,0.0019669,5.20E-05,6.48E-05,0.0010804,-0.0013246,0.0028133,0.137124,0.0804,0.601224,0.000105784,-0.00466849,0.00419235,0.1850866,7.10051E-05,1.87724E-06,2.34029E-06,3.90024E-05,-4.78181E-05,0.00010156
0.002962,1.1509,0.67,5.0102,-0.023266,0.023358,0.97293,0.0018673,2.10E-05,8.48E-05,0.0010731,-0.0013545,0.0029835,0.138108,0.0804,0.601224,0.000106928,-0.00442054,0.00443802,0.1848567,6.74095E-05,7.56692E-07,3.06099E-06,3.87389E-05,-4.88975E-05,0.000107704
0.0030474,1.1592,0.67,5.0102,-0.02213,0.024602,0.97177,0.0017872,2.73E-06,0.00011247,0.0011291,-0.001407,0.0031785,0.139104,0.0804,0.601224,0.000110011,-0.0042047,0.00467438,0.1846363,6.45179E-05,9.8701E-08,4.06017E-06,4.07605E-05,-5.07927E-05,0.000114744
0.0031872,1.1674,0.67,5.0102,-0.02113,0.025509,0.97048,0.0017292,-1.80E-05,0.00014984,0.0012776,-0.0015006,0.0033676,0.140088,0.0804,0.601224,0.000115058,-0.0040147,0.00484671,0.1843912,6.24241E-05,-6.48176E-07,5.40922E-06,4.61214E-05,-5.41717E-05,0.00012157
0.003322,1.1757,0.67,5.0102,-0.020066,0.026207,0.96958,0.0016891,-5.66E-05,0.0001909,0.0014879,-0.0016136,0.003467,0.141084,0.0804,0.601224,0.000119924,-0.00381254,0.00497933,0.1842202,6.09765E-05,-2.04304E-06,6.89149E-06,5.37132E-05,-5.8251E-05,0.000125159
0.0033811,1.1839,0.67,5.0102,-0.018794,0.026819,0.96922,0.0016422,-0.00011326,0.00021304,0.0016946,-0.0017218,0.0034254,0.142068,0.0804,0.601224,0.000122058,-0.00357086,0.00509561,0.1841518,5.92834E-05,-4.08869E-06,7.69074E-06,6.11751E-05,-6.2157E-05,0.000123657
0.0033538,1.1922,0.67,5.0102,-0.01739,0.027364,0.96917,0.0015685,-0.00016638,0.00020309,0.0018249,-0.0018171,0.0033142,0.143064,0.0804,0.601224,0.000121072,-0.0033041,0.00519916,0.1841423,5.66229E-05,-6.00632E-06,7.33155E-06,6.58789E-05,-6.55973E-05,0.000119643
0.0032983,1.2005,0.67,5.0102,-0.016022,0.027826,0.96948,0.0014743,-0.00019427,0.00017197,0.0018297,-0.0018958,0.0032925,0.14406,0.0804,0.601224,0.000119069,-0.00304418,0.00528694,0.1842012,5.32222E-05,-7.01315E-06,6.20812E-06,6.60522E-05,-6.84384E-05,0.000118859
0.0032521,1.2087,0.67,5.0102,-0.014789,0.028199,0.97055,0.0013819,-0.00019871,0.00014145,0.0017045,-0.0019371,0.0034178,0.145044,0.0804,0.601224,0.000117401,-0.00280991,0.00535781,0.1844045,4.98866E-05,-7.17343E-06,5.10635E-06,6.15325E-05,-6.99293E-05,0.000123383
0.0032029,1.217,0.67,5.0102,-0.013678,0.028556,0.97265,0.0013041,-0.00019534,0.00013668,0.0014983,-0.0019045,0.0036033,0.14604,0.0804,0.601224,0.000115625,-0.00259882,0.00542564,0.1848035,4.7078E-05,-7.05177E-06,4.93415E-06,5.40886E-05,-6.87525E-05,0.000130079
0.003105,1.2252,0.67,5.0102,-0.012632,0.02898,0.97569,0.0012362,-0.00019082,0.00016718,0.0012862,-0.0017849,0.0036877,0.147024,0.0804,0.601224,0.000112091,-0.00240008,0.0055062,0.1853811,4.46268E-05,-6.8886E-06,6.0352E-06,4.64318E-05,-6.44349E-05,0.000133126
0.0029352,1.2335,0.67,5.0102,-0.011613,0.029315,0.9794,0.0011749,-0.00018132,0.00022013,0.00113,-0.0016224,0.0035655,0.14802,0.0804,0.601224,0.000105961,-0.00220647,0.00556985,0.186086,4.24139E-05,-6.54565E-06,7.94669E-06,0.000040793,-5.85686E-05,0.000128715
0.0027258,1.2417,0.67,5.0102,-0.010588,0.029098,0.98339,0.0011217,-0.00016742,0.000287,0.0010621,-0.0014706,0.0032678,0.149004,0.0804,0.601224,9.84014E-05,-0.00201172,0.00552862,0.1868441,4.04934E-05,-6.04386E-06,1.03607E-05,3.83418E-05,-5.30887E-05,0.000117968
0.0024995,1.25,0.67,5.0102,-0.0095211,0.02793,0.98682,0.0010875,-0.00015919,0.00034716,0.0010661,-0.0013263,0.0028455,0.15,0.0804,0.601224,9.0232E-05,-0.001809009,0.0053067,0.1874958,3.92588E-05,-5.74676E-06,1.25325E-05,3.84862E-05,-4.78794E-05,0.000102723
0.0022765,1.2583,0.67,5.0102,-0.0083881,0.025927,0.98888,0.0010897,-0.00016514,0.00037194,0.0010919,-0.0011678,0.0023714,0.150996,0.0804,0.601224,8.21817E-05,-0.001593739,0.00492613,0.1878872,3.93382E-05,-5.96155E-06,1.3427E-05,3.94176E-05,-4.21576E-05,8.56075E-05
0.002093,1.2665,0.67,5.0102,-0.0072113,0.023594,0.9898,0.0011197,-0.0001799,0.00036132,0.001105,-0.0010063,0.0019612,0.15198,0.0804,0.601224,7.55573E-05,-0.001370147,0.00448286,0.188062,4.04212E-05,-6.49439E-06,1.30437E-05,3.98905E-05,-3.63274E-05,7.07993E-05
0.0019865,1.2748,0.67,5.0102,-0.0060919,0.021368,0.99066,0.0011449,-0.0001921,0.00033393,0.0011152,-0.00087079,0.0017129,0.152976,0.0804,0.601224,7.17127E-05,-0.001157461,0.00405992,0.1882254,4.13309E-05,-6.93481E-06,1.20549E-05,4.02587E-05,-3.14355E-05,6.18357E-05
0.0019281,1.283,0.67,5.0102,-0.005158,0.019408,0.99244,0.0011486,-0.00019585,0.00028185,0.0011443,-0.00075604,0.0015633,0.15396,0.0804,0.601224,6.96044E-05,-0.00098002,0.00368752,0.1885636,4.14645E-05,-7.07019E-06,1.01748E-05,4.13092E-05,-2.7293E-05,5.64351E-05
0.0018877,1.2913,0.67,5.0102,-0.0044574,0.017665,0.99488,0.0011351,-0.00019175,0.00022563,0.0011943,-0.00062712,0.001446,0.154956,0.0804,0.601224,6.8146E-05,-0.000846906,0.00335635,0.1890272,4.09771E-05,-6.92218E-06,8.14524E-06,4.31142E-05,-2.2639E-05,5.22006E-05
0.0018621,1.2995,0.67,5.0102,-0.0039189,0.016101,0.99659,0.0011036,-0.00018476,0.00019909,0.0012395,-0.0004735,0.001381,0.15594,0.0804,0.601224,6.72218E-05,-0.000744591,0.00305919,0.1893521,3.984E-05,-6.66984E-06,7.18715E-06,4.4746E-05,-1.70934E-05,4.98541E-05
0.001803,1.3078,0.67,5.0102,-0.0034815,0.014834,0.99688,0.0010633,-0.00017065,0.00017017,0.0012272,-0.00031884,0.0013154,0.156936,0.0804,0.601224,6.50883E-05,-0.000661485,0.00281846,0.1894072,3.83851E-05,-6.16047E-06,6.14314E-06,4.43019E-05,-1.15101E-05,4.74859E-05
0.0016961,1.316,0.67,5.0102,-0.0031338,0.013926,0.99641,0.0010309,-0.00014031,0.00011458,0.0011199,-0.00018646,0.0012415,0.15792,0.0804,0.601224,6.12292E-05,-0.000595422,0.00264594,0.1893179,3.72155E-05,-5.06519E-06,4.13634E-06,4.04284E-05,-6.73121E-06,4.48182E-05
0.0015981,1.3243,0.67,5.0102,-0.0028809,0.013402,0.9958,0.0010057,-0.0001037,4.45E-05,0.00095016,-7.58E-05,0.0012404,0.158916,0.0804,0.601224,5.76914E-05,-0.000547371,0.00254638,0.189202,3.63058E-05,-3.74357E-06,1.6049E-06,3.43008E-05,-2.73465E-06,4.47784E-05
0.0015278,1.3326,0.67,5.0102,-0.0026865,0.013257,0.99486,0.00097531,-7.92E-05,-3.07E-05,0.0007893,1.34E-05,0.0012909,0.159912,0.0804,0.601224,5.51536E-05,-0.000510435,0.00251883,0.1890234,3.52087E-05,-2.85955E-06,-1.10798E-06,2.84937E-05,4.82513E-07,4.66015E-05
0.0014369,1.3408,0.67,5.0102,-0.0024292,0.013146,0.99351,0.00092751,-6.93E-05,-8.67E-05,0.00066754,5.64E-05,0.0012788,0.160896,0.0804,0.601224,5.18721E-05,-0.000461548,0.00249774,0.1887669,3.34831E-05,-2.5035E-06,-3.12929E-06,2.40982E-05,2.03535E-06,4.61647E-05
0.0013178,1.3491,0.67,5.0102,-0.0019965,0.012647,0.99187,0.00087642,-7.02E-05,-0.00011511,0.00057168,3.99E-05,0.0011875,0.161892,0.0804,0.601224,4.75726E-05,-0.000379335,0.00240293,0.1884553,3.16388E-05,-2.53519E-06,-4.15547E-06,2.06376E-05,1.4392E-06,4.28688E-05
0.0011947,1.3573,0.67,5.0102,-0.0013712,0.011639,0.99011,0.00084519,-7.96E-05,-0.00013788,0.00049585,-1.87E-05,0.0010483,0.162876,0.0804,0.601224,4.31287E-05,-0.000260528,0.00221141,0.1881209,3.05114E-05,-2.87324E-06,-4.97747E-06,1.79002E-05,-6.74673E-07,3.78436E-05
0.0011045,1.3656,0.67,5.0102,-0.00060355,0.010228,0.98872,0.00083007,-9.14E-05,-0.00015338,0.00045594,-9.20E-05,0.00092308,0.163872,0.0804,0.601224,3.98725E-05,-0.000114675,0.00194332,0.1878568,2.99655E-05,-3.29986E-06,-5.53702E-06,1.64594E-05,-3.32142E-06,3.33232E-05
0.0010607,1.3738,0.67,5.0102,0.00020311,0.0086632,0.98822,0.00081992,-9.74E-05,-0.00015688,0.00045419,-0.00015794,0.00084725,0.164856,0.0804,0.601224,3.82913E-05,3.85909E-05,0.001646008,0.1877618,2.95991E-05,-3.51762E-06,-5.66337E-06,1.63963E-05,-5.70163E-06,3.05857E-05
0.0010272,1.3821,0.67,5.0102,0.00093834,0.0073285,0.98879,0.00080894,-9.14E-05,-0.00014852,0.00047493,-0.00020134,0.00077044,0.165852,0.0804,0.601224,3.70819E-05,0.000178285,0.001392415,0.1878701,2.92027E-05,-3.3003E-06,-5.36157E-06,1.7145E-05,-7.26837E-06,2.78129E-05
0.0010063,1.3903,0.67,5.0102,0.0015912,0.0065654,0.98967,0.00079279,-7.67E-05,-0.00011692,0.00051115,-0.0002188,0.00070867,0.166836,0.0804,0.601224,3.63274E-05,0.000302328,0.001247426,0.1880373,2.86197E-05,-2.77017E-06,-4.22081E-06,1.84525E-05,-7.89868E-06,2.5583E-05
0.0010164,1.3986,0.67,5.0102,0.0021802,0.0062717,0.99047,0.00077757,-6.34E-05,-7.84E-05,0.00055591,-0.00022356,0.00069941,0.167832,0.0804,0.601224,3.6692E-05,0.000414238,0.001191623,0.1881893,2.80703E-05,-2.29026E-06,-2.83035E-06,2.00684E-05,-8.07052E-06,2.52487E-05
0.0010279,1.4069,0.67,5.0102,0.0027307,0.0061272,0.99166,0.0007674,-6.03E-05,-4.33E-05,0.00060312,-0.00023502,0.0006852,0.168828,0.0804,0.601224,3.71072E-05,0.000518833,0.001164168,0.1884154,2.77031E-05,-2.17791E-06,-1.56151E-06,2.17726E-05,-8.48422E-06,2.47357E-05
0.0010504,1.4151,0.67,5.0102,0.0032835,0.006026,0.99359,0.00075448,-6.76E-05,4.51E-06,0.00065939,-0.00024652,0.00068693,0.169812,0.0804,0.601224,3.79194E-05,0.000623865,0.00114494,0.1887821,2.72367E-05,-2.43942E-06,1.62714E-07,2.3804E-05,-8.89937E-06,2.47982E-05
0.0011118,1.4234,0.67,5.0102,0.0037977,0.0058731,0.99648,0.00074138,-7.73E-05,3.78E-05,0.00073869,-0.00027051,0.0007435,0.170808,0.0804,0.601224,4.0136E-05,0.000721563,0.001115889,0.1893312,2.67638E-05,-2.79136E-06,1.36389E-06,2.66667E-05,-9.76541E-06,2.68404E-05
0.001214,1.4316,0.67,5.0102,0.0042016,0.005567,1,0.00073035,-8.92E-05,4.78E-05,0.00086024,-0.00030223,0.00083731,0.171792,0.0804,0.601224,4.38254E-05,0.000798304,0.00105773,0.19,2.63656E-05,-3.21835E-06,1.72453E-06,3.10547E-05,-1.09105E-05,3.02269E-05
0.001347,1.4399,0.67,5.0102,0.0044627,0.0048934,1.0042,0.00071719,-0.00010656,5.13E-05,0.0010291,-0.00033069,0.00094778,0.172788,0.0804,0.601224,4.86267E-05,0.000847913,0.000929746,0.190798,2.58906E-05,-3.84682E-06,1.85207E-06,3.71505E-05,-1.19379E-05,3.42149E-05
0.0014839,1.4481,0.67,5.0102,0.004558,0.0035691,1.0092,0.00070317,-0.00013215,5.24E-05,0.0012178,-0.00036326,0.0010469,0.173772,0.0804,0.601224,5.35688E-05,0.00086602,0.000678129,0.191748,2.53844E-05,-4.77062E-06,1.89308E-06,4.39626E-05,-1.31137E-05,3.77931E-05
0.0016034,1.4564,0.67,5.0102,0.004503,0.0015345,1.0146,0.00068562,-0.00016509,6.70E-05,0.0013845,-0.00040203,0.0011368,0.174768,0.0804,0.601224,5.78827E-05,0.00085557,0.000291555,0.192774,2.47509E-05,-5.95975E-06,2.41902E-06,4.99805E-05,-1.45133E-05,4.10385E-05
0.0016868,1.4647,0.67,5.0102,0.0043588,-0.00099295,1.0199,0.00066241,-0.00019568,8.91E-05,0.0014951,-0.00045802,0.0012162,0.175764,0.0804,0.601224,6.08935E-05,0.000828172,-0.000188661,0.193781,2.3913E-05,-7.06405E-06,3.21485E-06,5.39731E-05,-1.65345E-05,4.39048E-05
0.0017313,1.4729,0.67,5.0102,0.0042193,-0.003513,1.0245,0.00063561,-0.00021521,0.00011259,0.0015294,-0.00052849,0.0012977,0.176748,0.0804,0.601224,6.24999E-05,0.000801667,-0.00066747,0.194655,2.29455E-05,-7.76908E-06,4.0645E-06,5.52113E-05,-1.90785E-05,4.6847E-05
0.0017515,1.4812,0.67,5.0102,0.0041766,-0.0055416,1.0283,0.00061199,-0.00022432,0.00014038,0.0014897,-0.0006227,0.0014013,0.177744,0.0804,0.601224,6.32292E-05,0.000793554,-0.001052904,0.195377,2.20928E-05,-8.09795E-06,5.06772E-06,5.37782E-05,-2.24795E-05,5.05869E-05
0.0017918,1.4894,0.67,5.0102,0.0043015,-0.0066677,1.0315,0.00059587,-0.00022788,0.00018303,0.0014165,-0.00073067,0.0015712,0.178728,0.0804,0.601224,6.4684E-05,0.000817285,-0.001266863,0.195985,2.15109E-05,-8.22647E-06,6.60738E-06,5.11357E-05,-2.63772E-05,5.67203E-05
0.001865,1.4977,0.67,5.0102,0.0045883,-0.0065509,1.0348,0.00058223,-0.00023081,0.00024992,0.0013749,-0.00085183,0.0017728,0.179724,0.0804,0.601224,6.73265E-05,0.000871777,-0.001244671,0.196612,2.10185E-05,-8.33224E-06,9.02211E-06,4.96339E-05,-3.07511E-05,6.39981E-05
0.0019424,1.5059,0.67,5.0102,0.0050074,-0.005488,1.0385,0.00056496,-0.00023981,0.0003272,0.0013968,-0.00097489,0.0019231,0.180708,0.0804,0.601224,7.01206E-05,0.000951406,-0.00104272,0.197315,2.03951E-05,-8.65714E-06,1.18119E-05,5.04245E-05,-3.51935E-05,6.94239E-05
0.001991,1.5142,0.67,5.0102,0.005612,-0.0045348,1.0418,0.00054138,-0.00025563,0.00038653,0.0014421,-0.0010628,0.0019985,0.181704,0.0804,0.601224,7.18751E-05,0.00106628,-0.000861612,0.197942,1.95438E-05,-9.22824E-06,1.39537E-05,5.20598E-05,-3.83671E-05,7.21459E-05
0.0019798,1.5224,0.67,5.0102,0.0064721,-0.0045175,1.0445,0.00051211,-0.00026798,0.00041252,0.0014499,-0.0010936,0.0019976,0.182688,0.0804,0.601224,7.14708E-05,0.001229699,-0.000858325,0.198455,1.84872E-05,-9.67408E-06,1.4892E-05,5.23414E-05,-3.9479E-05,7.21134E-05
0.0019145,1.5307,0.67,5.0102,0.0075617,-0.0052798,1.0466,0.00048212,-0.00026714,0.00040381,0.0014123,-0.0010836,0.0019346,0.183684,0.0804,0.601224,6.91135E-05,0.001436723,-0.001003162,0.198854,1.74045E-05,-9.64375E-06,1.45775E-05,5.0984E-05,-3.9118E-05,6.98391E-05
0.0018406,1.539,0.67,5.0102,0.0087644,-0.0061746,1.0483,0.00045978,-0.00025651,0.0003743,0.0013654,-0.0010671,0.0018561,0.18468,0.0804,0.601224,6.64457E-05,0.001665236,-0.001173174,0.199177,1.65981E-05,-9.26001E-06,1.35122E-05,4.92909E-05,-3.85223E-05,6.70052E-05
0.0017971,1.5472,0.67,5.0102,0.0099882,-0.0065908,1.0496,0.00045055,-0.00024411,0.00033744,0.0013405,-0.0010656,0.0018031,0.185664,0.0804,0.601224,6.48753E-05,0.001897758,-0.001252252,0.199424,1.62649E-05,-8.81237E-06,1.21816E-05,4.83921E-05,-3.84682E-05,6.50919E-05
0.0017809,1.5555,0.67,5.0102,0.011146,-0.006342,1.0501,0.00045073,-0.00022922,0.00029829,0.001332,-0.0010843,0.0017791,0.18666,0.0804,0.601224,6.42905E-05,0.00211774,-0.00120498,0.199519,1.62714E-05,-8.27484E-06,1.07683E-05,4.80852E-05,-3.91432E-05,6.42255E-05
0.0017677,1.5637,0.67,5.0102,0.012115,-0.0058667,1.0499,0.00045249,-0.00021027,0.00025995,0.0013116,-0.0010987,0.0017714,0.187644,0.0804,0.601224,6.3814E-05,0.00230185,-0.001114673,0.199481,1.63349E-05,-7.59075E-06,9.3842E-06,4.73488E-05,-3.96631E-05,6.39475E-05
0.0017397,1.572,0.67,5.0102,0.012857,-0.0054971,1.0491,0.00045418,-0.00019379,0.00022911,0.0012719,-0.0010871,0.0017534,0.18864,0.0804,0.601224,6.28032E-05,0.00244283,-0.001044449,0.199329,1.63959E-05,-6.99582E-06,8.27087E-06,4.59156E-05,-3.92443E-05,6.32977E-05
0.0016953,1.5802,0.67,5.0102,0.01343,-0.0051845,1.0481,0.0004583,-0.0001845,0.00021405,0.0012307,-0.0010446,0.0017017,0.189624,0.0804,0.601224,6.12003E-05,0.0025517,-0.000985055,0.199139,1.65446E-05,-6.66045E-06,7.72721E-06,4.44283E-05,-3.77101E-05,6.14314E-05
0.0016398,1.5885,0.67,5.0102,0.013826,-0.0046881,1.0466,0.0004666,-0.00018249,0.00021089,0.001203,-0.00097425,0.00161,0.19062,0.0804,0.601224,5.91968E-05,0.00262694,-0.000890739,0.198854,1.68443E-05,-6.58789E-06,7.61313E-06,4.34283E-05,-3.51704E-05,0.000058121
0.001577,1.5968,0.67,5.0102,0.014005,-0.0036678,1.0439,0.00048341,-0.00018924,0.00020815,0.0011889,-0.00086931,0.0014817,0.191616,0.0804,0.601224,5.69297E-05,0.00266095,-0.000696882,0.198341,1.74511E-05,-6.83156E-06,7.51422E-06,4.29193E-05,-3.13821E-05,5.34894E-05
0.0015107,1.605,0.67,5.0102,0.014054,-0.0019103,1.0397,0.00051177,-0.00020327,0.00019305,0.001177,-0.00072412,0.0013326,0.1926,0.0804,0.601224,5.45363E-05,0.00267026,-0.000362957,0.197543,1.84749E-05,-7.33805E-06,6.96911E-06,4.24897E-05,-2.61407E-05,4.81069E-05
0.0014532,1.6133,0.67,5.0102,0.014119,0.00055363,1.0348,0.00054163,-0.00021449,0.00016765,0.001149,-0.00055982,0.0012158,0.193596,0.0804,0.601224,5.24605E-05,0.00268261,0.00010519,0.196612,1.95528E-05,-7.74309E-06,6.05217E-06,4.14789E-05,-2.02095E-05,4.38904E-05
0.0014112,1.6215,0.67,5.0102,0.014254,0.0033482,1.0314,0.00056376,-0.0002129,0.00015217,0.001101,-0.00042052,0.0011577,0.19458,0.0804,0.601224,5.09443E-05,0.00270826,0.000636158,0.195966,2.03517E-05,-7.68569E-06,5.49334E-06,3.97461E-05,-1.51808E-05,4.1793E-05
0.001367,1.6298,0.67,5.0102,0.014353,0.0060002,1.0307,0.00059199,-0.0002008,0.00015319,0.0010536,-0.00031628,0.0010883,0.195576,0.0804,0.601224,4.93487E-05,0.00272707,0.001140038,0.195833,2.13708E-05,-7.24888E-06,5.53016E-06,3.8035E-05,-1.14177E-05,3.92876E-05
0.0013069,1.638,0.67,5.0102,0.014246,0.0083625,1.0325,0.00064851,-0.00018848,0.00014064,0.0010262,-0.00021552,0.00093911,0.19656,0.0804,0.601224,4.71791E-05,0.00270674,0.001588875,0.196175,2.34112E-05,-6.80413E-06,5.0771E-06,3.70458E-05,-7.78027E-06,3.39019E-05
0.001251,1.6463,0.67,5.0102,0.013866,0.010337,1.0356,0.0007386,-0.0001843,0.00010157,0.0010141,-0.00010823,0.00074927,0.197556,0.0804,0.601224,4.51611E-05,0.00263454,0.00196403,0.196764,2.66635E-05,-6.65323E-06,3.66668E-06,3.6609E-05,-3.9071E-06,2.70486E-05
0.0012444,1.6545,0.67,5.0102,0.013276,0.011604,1.0377,0.00085253,-0.00018883,7.78E-05,0.00099759,-3.48E-05,0.00063865,0.19854,0.0804,0.601224,4.49228E-05,0.00252244,0.00220476,0.197163,3.07763E-05,-6.81676E-06,2.80779E-06,3.6013E-05,-1.25494E-06,2.30553E-05
0.0013289,1.6628,0.67,5.0102,0.012583,0.012151,1.0378,0.00098737,-0.00019624,9.19E-05,0.00097176,-1.54E-05,0.00069875,0.199536,0.0804,0.601224,4.79733E-05,0.00239077,0.00230869,0.197182,3.56441E-05,-7.08426E-06,3.31831E-06,3.50805E-05,-5.55326E-07,2.52249E-05
0.0015094,1.6711,0.67,5.0102,0.011896,0.012534,1.0373,0.0011533,-0.00020308,0.00012737,0.00095825,-3.23E-05,0.00090717,0.200532,0.0804,0.601224,5.44893E-05,0.00226024,0.00238146,0.197087,4.16341E-05,-7.33119E-06,4.59806E-06,3.45928E-05,-1.16664E-06,3.27488E-05
0.0017506,1.6793,0.67,5.0102,0.01129,0.013405,1.0379,0.0013569,-0.0002138,0.0001978,0.0010085,-0.00010596,0.0011359,0.201516,0.0804,0.601224,6.31967E-05,0.0021451,0.00254695,0.197201,4.89841E-05,-7.71818E-06,7.14058E-06,3.64069E-05,-3.82516E-06,4.1006E-05
0.0020188,1.6876,0.67,5.0102,0.010831,0.014757,1.0386,0.0015889,-0.00023558,0.00030374,0.0011466,-0.00025695,0.001302,0.202512,0.0804,0.601224,7.28787E-05,0.00205789,0.00280383,0.197334,5.73593E-05,-8.50444E-06,1.0965E-05,4.13923E-05,-9.2759E-06,4.70022E-05
0.0022931,1.6958,0.67,5.0102,0.010628,0.015868,1.0375,0.0018279,-0.00025746,0.00042305,0.0012604,-0.00047312,0.0014978,0.203496,0.0804,0.601224,8.27809E-05,0.00201932,0.00301492,0.197125,6.59872E-05,-9.29431E-06,1.52721E-05,4.55004E-05,-1.70796E-05,5.40706E-05
0.0024583,1.7041,0.67,5.0102,0.010788,0.015947,1.0352,0.0020551,-0.00025819,0.00052465,0.0012235,-0.00061072,0.001638,0.204492,0.0804,0.601224,8.87446E-05,0.00204972,0.00302993,0.196688,7.41891E-05,-9.32066E-06,1.89399E-05,4.41684E-05,-2.2047E-05,5.91318E-05
0.0024036,1.7123,0.67,5.0102,0.01128,0.014914,1.0343,0.0022582,-0.0002544,0.00054925,0.0011165,-0.0005396,0.0014325,0.205476,0.0804,0.601224,8.677E-05,0.0021432,0.00283366,0.196517,8.1521E-05,-9.18384E-06,1.98279E-05,4.03057E-05,-1.94796E-05,5.17133E-05
0.0022714,1.7206,0.67,5.0102,0.011935,0.013347,1.0346,0.0024164,-0.00028173,0.00050578,0.0010846,-0.00039828,0.0010418,0.206472,0.0804,0.601224,8.19975E-05,0.00226765,0.00253593,0.196574,8.7232E-05,-1.01705E-05,1.82587E-05,3.91541E-05,-1.43779E-05,3.7609E-05
0.0022263,1.7289,0.67,5.0102,0.012569,0.011933,1.035,0.0025072,-0.00034653,0.00046029,0.0011519,-0.00032808,0.00079349,0.207468,0.0804,0.601224,8.03694E-05,0.00238811,0.00226727,0.19665,9.05099E-05,-1.25097E-05,1.66165E-05,4.15836E-05,-1.18437E-05,2.8645E-05
0.0022419,1.7371,0.67,5.0102,0.013045,0.011333,1.0353,0.0025274,-0.000436,0.00043407,0.001268,-0.0003015,0.00068837,0.208452,0.0804,0.601224,8.09326E-05,0.00247855,0.00215327,0.196707,9.12391E-05,-1.57396E-05,1.56699E-05,4.57748E-05,-1.08842E-05,2.48502E-05
0.0022588,1.7454,0.67,5.0102,0.013305,0.0119,1.036,0.0024907,-0.00053341,0.00041791,0.0013906,-0.00028013,0.00063628,0.209448,0.0804,0.601224,8.15427E-05,0.00252795,0.002261,0.19684,8.99143E-05,-1.92561E-05,1.50866E-05,5.02007E-05,-1.01127E-05,2.29697E-05
0.002279,1.7536,0.67,5.0102,0.013387,0.013418,1.0372,0.0024202,-0.00062908,0.00040286,0.0015385,-0.00024562,0.00059929,0.210432,0.0804,0.601224,8.22719E-05,0.00254353,0.00254942,0.197068,8.73692E-05,-2.27098E-05,1.45432E-05,5.55399E-05,-8.86688E-06,2.16344E-05
0.0023099,1.7619,0.67,5.0102,0.013364,0.014922,1.0385,0.0023368,-0.00071111,0.000393,0.0016976,-0.00019134,0.00058539,0.211428,0.0804,0.601224,8.33874E-05,0.00253916,0.00283518,0.197315,8.43585E-05,-2.56711E-05,1.41873E-05,6.12834E-05,-6.90737E-06,2.11326E-05
0.0023156,1.7701,0.67,5.0102,0.013329,0.015336,1.0395,0.0022464,-0.00074979,0.00041735,0.0017621,-0.00016627,0.00062271,0.212412,0.0804,0.601224,8.35932E-05,0.00253251,0.00291384,0.197505,8.1095E-05,-2.70674E-05,1.50663E-05,6.36118E-05,-6.00235E-06,2.24798E-05
0.0022986,1.7784,0.67,5.0102,0.013389,0.014546,1.0405,0.0021464,-0.00073503,0.00048691,0.001703,-0.00022293,0.00074781,0.213408,0.0804,0.601224,8.29795E-05,0.00254391,0.00276374,0.197695,7.7485E-05,-2.65346E-05,1.75775E-05,6.14783E-05,-8.04777E-06,2.69959E-05
0.0022995,1.7866,0.67,5.0102,0.013636,0.013104,1.0418,0.0020454,-0.00070219,0.00057561,0.0016111,-0.00035185,0.00094253,0.214392,0.0804,0.601224,8.3012E-05,0.00259084,0.00248976,0.197942,7.38389E-05,-2.53491E-05,2.07795E-05,5.81607E-05,-1.27018E-05,3.40253E-05
0.0023141,1.7949,0.67,5.0102,0.014107,0.011502,1.0429,0.0019593,-0.00069469,0.00064968,0.001554,-0.00049674,0.0011148,0.215388,0.0804,0.601224,8.3539E-05,0.00268033,0.00218538,0.198151,7.07307E-05,-2.50783E-05,2.34534E-05,5.60994E-05,-1.79323E-05,4.02443E-05
0.0023163,1.8032,0.67,5.0102,0.014737,0.010126,1.0433,0.0018895,-0.00073221,0.00068736,0.0015441,-0.00061585,0.0011991,0.216384,0.0804,0.601224,8.36184E-05,0.00280003,0.00192394,0.198227,6.8211E-05,-2.64328E-05,2.48137E-05,5.5742E-05,-2.22322E-05,4.32875E-05
0.0023318,1.8114,0.67,5.0102,0.015388,0.009382,1.0426,0.0018278,-0.00080274,0.00069232,0.0015865,-0.00071995,0.0012492,0.217368,0.0804,0.601224,8.4178E-05,0.00292372,0.00178258,0.198094,6.59836E-05,-2.89789E-05,2.49928E-05,5.72727E-05,-2.59902E-05,4.50961E-05
0.0024072,1.8197,0.67,5.0102,0.015964,0.009506,1.0414,0.0017734,-0.00087052,0.00070323,0.0016961,-0.00082725,0.0013449,0.218364,0.0804,0.601224,8.68999E-05,0.00303316,0.00180614,0.197866,6.40197E-05,-3.14258E-05,2.53866E-05,6.12292E-05,-2.98637E-05,4.85509E-05
0.0025289,1.8279,0.67,5.0102,0.016501,0.010411,1.0403,0.0017221,-0.00090559,0.00074334,0.0018445,-0.00093584,0.0014912,0.219348,0.0804,0.601224,9.12933E-05,0.00313519,0.00197809,0.197657,6.21678E-05,-3.26918E-05,2.68346E-05,6.65865E-05,-3.37838E-05,5.38323E-05
0.0026476,1.8362,0.67,5.0102,0.017175,0.011779,1.0393,0.0016601,-0.00090317,0.00080401,0.0019599,-0.0010518,0.0016752,0.220344,0.0804,0.601224,9.55784E-05,0.00326325,0.00223801,0.197467,5.99296E-05,-3.26044E-05,2.90248E-05,7.07524E-05,-3.797E-05,6.04747E-05
0.0027202,1.8446,0.67,5.0102,0.018209,0.01295,1.0382,0.0015802,-0.00088002,0.00085128,0.0020031,-0.0011654,0.0018571,0.221352,0.0804,0.601224,9.81992E-05,0.00345971,0.0024605,0.197258,5.70452E-05,-3.17687E-05,3.07312E-05,7.23119E-05,-4.20709E-05,6.70413E-05
0.0027232,1.8534,0.67,5.0102,0.019626,0.01343,1.0373,0.0014885,-0.00083913,0.00085189,0.0019704,-0.0012294,0.0019876,0.222408,0.0804,0.601224,9.83075E-05,0.00372894,0.0025517,0.197087,5.37349E-05,-3.02926E-05,3.07532E-05,7.11314E-05,-4.43813E-05,7.17524E-05
0.0026598,1.8626,0.67,5.0102,0.021169,0.013093,1.0376,0.001393,-0.00077353,0.00079952,0.0018978,-0.0012059,0.0020289,0.223512,0.0804,0.601224,9.60188E-05,0.00402211,0.00248767,0.197144,5.02873E-05,-2.79244E-05,2.88627E-05,6.85106E-05,-4.3533E-05,7.32433E-05
0.0025371,1.8723,0.67,5.0102,0.022461,0.012492,1.0391,0.0012962,-0.00067413,0.00070655,0.0018092,-0.0011181,0.0019689,0.224676,0.0804,0.601224,9.15893E-05,0.00426759,0.00237348,0.197429,4.67928E-05,-2.43361E-05,2.55065E-05,6.53121E-05,-4.03634E-05,7.10773E-05
0.0023861,1.8824,0.67,5.0102,0.023262,0.012053,1.0414,0.0011906,-0.00053293,0.00060697,0.0016863,-0.0010039,0.0018952,0.225888,0.0804,0.601224,8.61382E-05,0.00441978,0.00229007,0.197866,4.29807E-05,-1.92388E-05,2.19116E-05,6.08754E-05,-3.62408E-05,6.84167E-05
0.0022405,1.8931,0.67,5.0102,0.023703,0.011034,1.0423,0.0010802,-0.00037023,0.00049742,0.0015213,-0.00084286,0.0018796,0.227172,0.0804,0.601224,8.08821E-05,0.00450357,0.00209646,0.198037,3.89952E-05,-1.33653E-05,1.79569E-05,5.49189E-05,-3.04272E-05,6.78536E-05
0.0020799,1.9042,0.67,5.0102,0.024202,0.0095342,1.0415,0.00099132,-0.00022202,0.00036657,0.0013097,-0.00065869,0.0018587,0.228504,0.0804,0.601224,7.50844E-05,0.00459838,0.001811498,0.197885,3.57867E-05,-8.01492E-06,1.32332E-05,4.72802E-05,-2.37787E-05,6.70991E-05
0.0019264,1.9159,0.67,5.0102,0.024967,0.008907,1.0403,0.00094594,-0.00010167,0.00024699,0.0010679,-0.00053069,0.001839,0.229908,0.0804,0.601224,6.9543E-05,0.00474373,0.00169233,0.197657,3.41484E-05,-3.67029E-06,8.91634E-06,3.85512E-05,-1.91579E-05,6.63879E-05
0.0017166,1.9282,0.67,5.0102,0.025647,0.0096658,1.0384,0.00095172,1.77E-05,0.00013622,0.00085987,-0.00038989,0.0016217,0.231384,0.0804,0.601224,6.19693E-05,0.00487293,0.001836502,0.197296,3.43571E-05,6.37309E-07,4.91754E-06,3.10413E-05,-1.4075E-05,5.85434E-05
0.0015859,1.941,0.67,5.0102,0.025633,0.0099732,1.0372,0.0010027,0.00012173,7.19E-05,0.00075804,-0.00022047,0.0014111,0.23292,0.0804,0.601224,5.7251E-05,0.00487027,0.001894908,0.197068,3.61975E-05,4.39445E-06,2.59678E-06,2.73652E-05,-7.95897E-06,5.09407E-05
0.0015619,1.9545,0.67,5.0102,0.024601,0.0090296,1.0344,0.0010619,0.00016184,-8.11E-06,0.0007493,-0.0001515,0.0013126,0.23454,0.0804,0.601224,5.63846E-05,0.00467419,0.001715624,0.196536,3.83346E-05,5.84242E-06,-2.92814E-07,2.70497E-05,-5.46915E-06,4.73849E-05
0.0015336,1.9686,0.67,5.0102,0.023115,0.0072057,1.0309,0.0011098,0.00011389,-0.00010312,0.00077613,-0.0001668,0.0011813,0.236232,0.0804,0.601224,5.5363E-05,0.00439185,0.001369083,0.195871,4.00638E-05,4.11143E-06,-3.72263E-06,2.80183E-05,-6.02148E-06,4.26449E-05
0.0015338,1.9833,0.67,5.0102,0.022051,0.002751,1.028,0.0011757,8.93E-06,-0.00014334,0.00070167,-0.0001905,0.0011902,0.237996,0.0804,0.601224,5.53702E-05,0.00418969,0.00052269,0.19532,4.24428E-05,3.2246E-07,-5.17457E-06,2.53303E-05,-6.87705E-06,4.29662E-05
0.0017068,1.9988,0.67,5.0102,0.020876,-0.0022238,1.0255,0.0012475,-3.10E-05,1.71E-05,0.00059098,-3.98E-05,0.0015752,0.239856,0.0804,0.601224,6.16155E-05,0.00396644,-0.000422522,0.194845,4.50348E-05,-1.11878E-06,6.18754E-07,2.13344E-05,-1.43732E-06,5.68647E-05
0.0021907,2.0149,0.67,5.0102,0.018529,-0.0049076,1.0208,0.0012707,2.61E-05,0.00026873,0.00058816,0.00011995,0.0025225,0.241788,0.0804,0.601224,7.90843E-05,0.00352051,-0.000932444,0.193952,4.58723E-05,9.43004E-07,9.70115E-06,2.12326E-05,4.3302E-06,9.10623E-05
0.002586,2.0319,0.67,5.0102,0.015624,-0.0077634,1.0127,0.0012093,8.07E-05,0.00041936,0.00063391,8.11E-05,0.0033288,0.243828,0.0804,0.601224,9.33546E-05,0.00296856,-0.001475046,0.192413,4.36557E-05,2.91219E-06,1.51389E-05,2.28842E-05,2.92941E-06,0.00012017
0.0028099,2.0496,0.67,5.0102,0.012951,-0.0108,1.0048,0.0011514,9.79E-06,0.0006933,0.00063471,-3.50E-05,0.0038336,0.245952,0.0804,0.601224,0.000101437,0.00246069,-0.002052,0.190912,4.15655E-05,3.53311E-07,2.50281E-05,2.2913E-05,-1.26494E-06,0.000138393
0.0037739,2.0681,0.67,5.0102,0.01089,-0.0060512,0.99242,0.0012403,-0.00017751,0.0013439,0.00073164,-0.00024463,0.0055758,0.248172,0.0804,0.601224,0.000136238,0.0020691,-0.001149728,0.1885598,4.47748E-05,-6.40811E-06,4.85148E-05,2.64122E-05,-8.83114E-06,0.000201286
0.0049477,2.0875,0.67,5.0102,0.010025,0.0031717,0.98445,0.0014537,-0.00037066,0.0020264,0.0010519,-0.00086241,0.0073899,0.2505,0.0804,0.601224,0.000178612,0.00190475,0.000602623,0.1870455,5.24786E-05,-1.33808E-05,7.3153E-05,3.79736E-05,-3.1133E-05,0.000266775
0.0052914,2.1078,0.67,5.0102,0.011495,0.012228,0.97253,0.0016775,-0.00030569,0.0023174,0.0012159,-0.0010705,0.0076896,0.252936,0.0804,0.601224,0.00019102,0.00218405,0.00232332,0.1847807,6.05578E-05,-1.10354E-05,8.36581E-05,4.3894E-05,-3.86451E-05,0.000277595
0.0052021,2.129,0.67,5.0102,0.015335,0.01493,0.96358,0.0018353,-0.00027605,0.0026192,0.0010924,-0.00088605,0.0074765,0.25548,0.0804,0.601224,0.000187796,0.00291365,0.0028367,0.1830802,6.62543E-05,-9.96541E-06,9.45531E-05,3.94356E-05,-3.19864E-05,0.000269902
0.0042464,2.1511,0.67,5.0102,0.017538,0.014917,0.96855,0.0019114,-8.16E-05,0.0023925,0.0010034,-0.00037453,0.005578,0.258132,0.0804,0.601224,0.000153295,0.00333222,0.00283423,0.1840245,6.90015E-05,-2.94569E-06,8.63693E-05,3.62227E-05,-1.35205E-05,0.000201366
0.0034098,2.1743,0.67,5.0102,0.016413,0.019094,0.9651,0.0018257,0.00032894,0.0016336,0.00099861,0.00021095,0.0039953,0.260916,0.0804,0.601224,0.000123094,0.00311847,0.00362786,0.183369,6.59078E-05,1.18747E-05,5.8973E-05,3.60498E-05,7.6153E-06,0.00014423
0.0033405,2.1984,0.67,5.0102,0.014493,0.022372,0.9595,0.0015848,0.00061503,0.0012637,0.0012857,0.00046715,0.0038106,0.263808,0.0804,0.601224,0.000120592,0.00275367,0.00425068,0.182305,5.72113E-05,2.22026E-05,4.56196E-05,4.64138E-05,1.68641E-05,0.000137563
0.0036623,2.2237,0.67,5.0102,0.013604,0.020824,0.93939,0.0013282,0.00073083,0.0011907,0.0017907,0.0009399,0.0042057,0.266844,0.0804,0.601224,0.000132209,0.00258476,0.00395656,0.1784841,4.7948E-05,2.6383E-05,4.29843E-05,6.46443E-05,3.39304E-05,0.000151826
0.0051408,2.2501,0.67,5.0102,0.012646,0.018978,0.917,0.0010665,0.00034716,0.0013958,0.0021478,0.00079592,0.0070673,0.270012,0.0804,0.601224,0.000185583,0.00240274,0.00360582,0.17423,3.85007E-05,1.25325E-05,5.03884E-05,7.75356E-05,2.87327E-05,0.00025513
0.0049541,2.2776,0.67,5.0102,0.0094482,0.026251,0.89663,0.00094938,-1.53E-05,0.0013326,0.002141,1.22E-05,0.0068179,0.273312,0.0804,0.601224,0.000178843,0.001795158,0.00498769,0.1703597,3.42726E-05,-5.51716E-07,4.81069E-05,7.72901E-05,4.42117E-07,0.000246126
0.0051098,2.3063,0.67,5.0102,0.0039374,0.036916,0.88591,0.00099487,0.00012781,0.0011853,0.0018507,-0.00063798,0.0073739,0.276756,0.0804,0.601224,0.000184464,0.000748106,0.00701404,0.1683229,3.59148E-05,4.61394E-06,4.27893E-05,6.68103E-05,-2.30311E-05,0.000266198
0.0053252,2.3362,0.67,5.0102,-0.0023813,0.045716,0.88012,0.0011061,0.00027226,0.0012341,0.001887,-0.00079905,0.0076574,0.280344,0.0804,0.601224,0.00019224,-0.000452447,0.00868604,0.1672228,3.99302E-05,9.82859E-06,4.4551E-05,6.81207E-05,-2.88457E-05,0.000276432
0.0049745,2.3674,0.67,5.0102,-0.0059355,0.050292,0.85822,0.0013532,8.87E-05,0.0012933,0.0024384,-0.0010713,0.0061574,0.284088,0.0804,0.601224,0.000179579,-0.001127745,0.00955548,0.1630618,4.88505E-05,3.2025E-06,4.66881E-05,8.80262E-05,-3.86739E-05,0.000222282
0.0057964,2.3999,0.67,5.0102,-0.0050762,0.058978,0.83491,0.0014967,0.00035429,0.00123,0.0035679,0.00032344,0.0065282,0.287988,0.0804,0.601224,0.00020925,-0.000964478,0.01120582,0.1586329,5.40309E-05,1.27899E-05,0.000044403,0.000128801,1.16762E-05,0.000235668
0.0052244,2.4338,0.67,5.0102,-0.0024662,0.057735,0.78214,0.0011584,0.00038045,0.0010591,0.0034132,0.0015787,0.0058771,0.292056,0.0804,0.601224,0.000188601,-0.000468578,0.01096965,0.1486066,4.18182E-05,1.37342E-05,3.82335E-05,0.000123217,5.69911E-05,0.000212163
0.0037464,2.4691,0.67,5.0102,-0.00075099,0.043477,0.66283,0.00044519,9.39E-06,0.00065608,0.0020252,0.00092818,0.0050224,0.296292,0.0804,0.601224,0.000135245,-0.000142688,0.00826063,0.1259377,1.60714E-05,3.38878E-07,2.36845E-05,7.31097E-05,3.35073E-05,0.000181309
0.0014115,2.5058,0.67,5.0102,1.95E-05,0.019106,0.29114,2.81E-05,1.89E-06,0.00011507,0.00077046,0.00036734,0.0020244,0.300696,0.0804,0.601224,5.09552E-05,3.70253E-06,0.00363014,0.0553166,1.01603E-06,6.83626E-08,4.15403E-06,2.78136E-05,1.3261E-05,7.30808E-05
1.24E-07,2.544,0.67,5.0102,0.00017367,3.65E-14,1.42E-18,2.48E-07,5.23E-17,8.94E-22,1.11E-26,1.88E-31,1.83E-35,0.30528,0.0804,0.601224,4.4681E-09,3.29973E-05,6.93158E-15,2.6942E-19,8.93583E-09,1.88817E-18,3.22846E-23,3.98977E-28,6.8016E-33,6.61208E-37
0,2.5837,0.67,5.0102,0,0,0,0,0,0,0,0,0,0.310044,0.0804,0.601224,0,0,0,0,0,0,0,0,0,0
0,2.625,0.67,5.0102,0,0,0,0,0,0,0,0,0,0.315,0.0804,0.601224,0,0,0,0,0,0,0,0,0,0
0,-0.125,0.67,5.0445,0,0,0,0,0,0,0,0,0,-0.015,0.0804,0.60534,0,0,0,0,0,0,0,0,0,0
0,-0.083719,0.67,5.0445,0,0,0,0,0,0,0,0,0,-0.01004628,0.0804,0.60534,0,0,0,0,0,0,0,0,0,0
4.11E-07,-0.044001,0.67,5.0445,-0.001153,-3.17E-13,1.19E-17,8.22E-07,2.26E-16,-9.81E-21,6.22E-26,-2.70E-30,3.40E-34,-0.00528012,0.0804,0.60534,1.48292E-08,-0.00021907,-6.02699E-14,2.25739E-18,2.9658E-08,8.16293E-18,-3.54282E-22,2.24679E-27,-9.75964E-32,1.22567E-35
0.0010889,-0.0058053,0.67,5.0445,-0.0028039,0.022866,0.3652,1.36E-05,-3.10E-05,-3.03E-05,0.00078403,-0.00014366,0.0013801,-0.000696636,0.0804,0.60534,3.93093E-05,-0.000532741,0.00434454,0.069388,4.8948E-07,-1.11964E-06,-1.09286E-06,2.83035E-05,-5.18613E-06,4.98216E-05
0.0028464,0.030909,0.67,5.0445,-0.0080355,0.051828,0.82756,0.00020328,-0.00018241,-0.0001732,0.0020417,-0.0003733,0.0034478,0.00370908,0.0804,0.60534,0.000102755,-0.001526745,0.00984732,0.1572364,7.33841E-06,-6.585E-06,-6.25252E-06,7.37054E-05,-1.34761E-05,0.000124466
0.0031376,0.066184,0.67,5.0445,-0.016669,0.047344,0.93774,0.00056458,-0.00023744,-0.00028633,0.0017713,-0.00029844,0.0039394,0.00794208,0.0804,0.60534,0.000113267,-0.00316711,0.00899536,0.1781706,2.03813E-05,-8.57158E-06,-1.03365E-05,6.39439E-05,-1.07737E-05,0.000142212
0.0035949,0.10006,0.67,5.0445,-0.022696,0.035362,0.96634,0.00068972,-0.00021743,-0.00023904,0.0013184,-0.00036706,0.0051817,0.0120072,0.0804,0.60534,0.000129776,-0.00431224,0.00671878,0.1836046,2.48989E-05,-7.84922E-06,-8.62934E-06,4.75942E-05,-1.32509E-05,0.000187059
0.0037127,0.13258,0.67,5.0445,-0.024817,0.026733,0.99326,0.00053123,-0.00011911,-7.66E-05,0.0013452,-0.00088819,0.0055489,0.0159096,0.0804,0.60534,0.000134028,-0.00471523,0.00507927,0.1887194,1.91774E-05,-4.29987E-06,-2.76346E-06,4.85617E-05,-3.20637E-05,0.000200315
0.0027047,0.16379,0.67,5.0445,-0.024378,0.01228,1.017,0.00046259,3.15E-05,-7.74E-05,0.00098495,-0.00066138,0.0039618,0.0196548,0.0804,0.60534,9.76397E-05,-0.00463182,0.0023332,0.19323,1.66995E-05,1.13636E-06,-2.79587E-06,3.55567E-05,-2.38758E-05,0.000143021
0.0022966,0.19372,0.67,5.0445,-0.023358,0.0067438,1.0199,0.00057867,0.00012616,-0.00021141,0.00090628,-0.0002586,0.0031083,0.0232464,0.0804,0.60534,8.29073E-05,-0.00443802,0.001281322,0.193781,2.089E-05,4.55438E-06,-7.6319E-06,3.27167E-05,-9.33546E-06,0.00011221
0.0031023,0.22242,0.67,5.0445,-0.021855,0.010909,1.0252,0.00078221,0.00011757,-0.00083155,0.0010392,-0.00049635,0.0043831,0.0266904,0.0804,0.60534,0.000111993,-0.00415245,0.00207271,0.194788,2.82378E-05,4.24428E-06,-3.0019E-05,3.75151E-05,-1.79182E-05,0.00015823
0.003099,0.24993,0.67,5.0445,-0.02186,0.017452,1.0362,0.0010156,-7.06E-05,-0.0011322,0.0011078,-0.00029852,0.0040747,0.0299916,0.0804,0.60534,0.000111874,-0.0041534,0.00331588,0.196878,3.66632E-05,-2.5487E-06,-4.08724E-05,3.99916E-05,-1.07766E-05,0.000147097
0.00238,0.27629,0.67,5.0445,-0.024297,0.0222,1.0424,0.0011365,3.22E-06,-0.0010365,0.0010517,-8.91E-05,0.0025718,0.0331548,0.0804,0.60534,0.000085918,-0.00461643,0.004218,0.198056,4.10277E-05,1.16163E-07,-3.74177E-05,3.79664E-05,-3.21691E-06,9.2842E-05
0.0028813,0.30154,0.67,5.0445,-0.025764,0.022331,1.0405,0.0011484,0.00018131,-0.00086676,0.0011331,-0.00028959,0.0034812,0.0361848,0.0804,0.60534,0.000104015,-0.00489516,0.00424289,0.197695,4.14572E-05,6.54529E-06,-3.129E-05,4.09049E-05,-1.04542E-05,0.000125671
0.0035458,0.32572,0.67,5.0445,-0.025219,0.015478,1.0426,0.001131,0.00014573,-0.00077704,0.0015867,-0.00080041,0.0043739,0.0390864,0.0804,0.60534,0.000128003,-0.00479161,0.00294082,0.198094,4.08291E-05,5.26085E-06,-2.80511E-05,5.72799E-05,-2.88948E-05,0.000157898
0.0034656,0.34887,0.67,5.0445,-0.025193,0.010163,1.0578,0.0011871,8.25E-05,-0.00087414,0.0017214,-0.0011097,0.0040228,0.0418644,0.0804,0.60534,0.000125108,-0.00478667,0.00193097,0.200982,4.28543E-05,2.9776E-06,-3.15565E-05,6.21425E-05,-4.00602E-05,0.000145223
0.0028951,0.37102,0.67,5.0445,-0.026527,0.014123,1.0592,0.0013109,0.00021377,-0.00057667,0.0015447,-0.00086164,0.0029346,0.0445224,0.0804,0.60534,0.000104513,-0.00504013,0.00268337,0.201248,4.73235E-05,7.7171E-06,-2.08178E-05,5.57637E-05,-3.11052E-05,0.000105939
0.0024756,0.39221,0.67,5.0445,-0.028404,0.022184,1.0547,0.0013436,0.00038041,-0.00054072,0.0014624,-0.00049196,0.0021452,0.0470652,0.0804,0.60534,8.93692E-05,-0.00539676,0.00421496,0.200393,4.8504E-05,1.37328E-05,-1.952E-05,5.27926E-05,-1.77598E-05,7.74417E-05
0.0020726,0.41248,0.67,5.0445,-0.030564,0.029159,1.051,0.0013275,0.00022959,-0.0003237,0.0012958,-0.00036757,0.001522,0.0494976,0.0804,0.60534,7.48209E-05,-0.00580716,0.00554021,0.19969,4.79228E-05,8.2882E-06,-1.16856E-05,4.67784E-05,-1.32693E-05,5.49442E-05
0.0020503,0.43187,0.67,5.0445,-0.032413,0.03232,1.051,0.0012779,2.65E-05,-5.86E-05,0.0011967,-0.00056953,0.001626,0.0518244,0.0804,0.60534,7.40158E-05,-0.00615847,0.0061408,0.19969,4.61322E-05,9.56686E-07,-2.11615E-06,4.32009E-05,-2.056E-05,5.86986E-05
0.0023707,0.4504,0.67,5.0445,-0.033612,0.034805,1.0481,0.0012242,5.33E-05,-0.00024005,0.0012107,-0.0008009,0.0023064,0.054048,0.0804,0.60534,8.55823E-05,-0.00638628,0.00661295,0.199139,4.41936E-05,1.92547E-06,-8.66581E-06,4.37063E-05,-2.89125E-05,8.3261E-05
0.00275,0.46812,0.67,5.0445,-0.034516,0.035445,1.0463,0.0012368,0.0001946,-0.00037597,0.0014547,-0.0011569,0.0028085,0.0561744,0.0804,0.60534,0.000099275,-0.00655804,0.00673455,0.198797,4.46485E-05,7.02506E-06,-1.35725E-05,5.25147E-05,-4.17641E-05,0.000101387
0.002835,0.48504,0.67,5.0445,-0.035147,0.033862,1.0513,0.0012311,0.00025542,-0.00031133,0.0016265,-0.0013714,0.0028126,0.0582048,0.0804,0.60534,0.000102344,-0.00667793,0.00643378,0.199747,4.44427E-05,9.22066E-06,-1.1239E-05,5.87167E-05,-4.95075E-05,0.000101535
0.0028587,0.50122,0.67,5.0445,-0.035418,0.033462,1.0554,0.0011589,0.00016508,-0.00020704,0.00179,-0.0013754,0.0027686,0.0601464,0.0804,0.60534,0.000103199,-0.00672942,0.00635778,0.200526,4.18363E-05,5.95939E-06,-7.47414E-06,0.000064619,-4.96519E-05,9.99465E-05
0.0027343,0.51667,0.67,5.0445,-0.035308,0.034221,1.0558,0.0011101,7.91E-05,-0.00013537,0.0019851,-0.0012381,0.0023733,0.0620004,0.0804,0.60534,9.87082E-05,-0.00670852,0.00650199,0.200602,4.00746E-05,2.85652E-06,-4.88686E-06,7.16621E-05,-4.46954E-05,8.56761E-05
0.0023969,0.53142,0.67,5.0445,-0.034986,0.032772,1.0583,0.0011061,6.43E-05,-7.68E-05,0.001904,-0.00098917,0.0017836,0.0637704,0.0804,0.60534,8.65281E-05,-0.00664734,0.00622668,0.201077,3.99302E-05,2.32166E-06,-2.77252E-06,6.87344E-05,-3.5709E-05,6.4388E-05
0.0021738,0.54551,0.67,5.0445,-0.034816,0.030502,1.0608,0.0010631,6.43E-05,-4.40E-05,0.001705,-0.00080959,0.0015795,0.0654612,0.0804,0.60534,7.84742E-05,-0.00661504,0.00579538,0.201552,3.83779E-05,2.31943E-06,-1.58959E-06,6.15505E-05,-2.92262E-05,5.702E-05
0.0019437,0.55896,0.67,5.0445,-0.034974,0.028902,1.06,0.00096254,5.07E-05,-0.00011076,0.001503,-0.00056377,0.0014219,0.0670752,0.0804,0.60534,7.01676E-05,-0.00664506,0.00549138,0.2014,3.47477E-05,1.82865E-06,-3.99844E-06,5.42583E-05,-2.03521E-05,5.13306E-05
0.0018161,0.5718,0.67,5.0445,-0.035507,0.025402,1.0579,0.00086648,1.68E-05,-0.00026134,0.0013543,-0.00021603,0.0014115,0.068616,0.0804,0.60534,6.55612E-05,-0.00674633,0.00482638,0.201001,3.12799E-05,6.06083E-07,-9.43437E-06,4.88902E-05,-7.79868E-06,5.09552E-05
0.0018449,0.58405,0.67,5.0445,-0.036271,0.021427,1.0597,0.00082201,2.71E-05,-0.0003875,0.001481,-2.79E-05,0.0013868,0.070086,0.0804,0.60534,6.66009E-05,-0.00689149,0.00407113,0.201343,2.96746E-05,9.77985E-07,-1.39888E-05,5.34641E-05,-1.00611E-06,5.00635E-05
0.0019325,0.59575,0.67,5.0445,-0.037052,0.019268,1.0635,0.00082896,0.00013039,-0.00049286,0.0017041,-4.31E-05,0.001332,0.07149,0.0804,0.60534,6.97633E-05,-0.00703988,0.00366092,0.202065,2.99255E-05,4.70708E-06,-1.77922E-05,6.1518E-05,-1.55555E-06,4.80852E-05
0.0020295,0.6069,0.67,5.0445,-0.037758,0.017882,1.0665,0.00087448,0.00024014,-0.00058816,0.0018322,-4.97E-05,0.0013524,0.072828,0.0804,0.60534,7.3265E-05,-0.00717402,0.00339758,0.202635,3.15687E-05,8.66905E-06,-2.12326E-05,6.61424E-05,-1.79316E-06,4.88216E-05
0.0021444,0.61755,0.67,5.0445,-0.038224,0.016151,1.0694,0.00094863,0.00029334,-0.00064125,0.0018938,1.70E-05,0.0014463,0.074106,0.0804,0.60534,7.74128E-05,-0.00726256,0.00306869,0.203186,3.42455E-05,1.05896E-05,-2.31491E-05,6.83662E-05,6.13411E-07,5.22114E-05
0.0022544,0.6277,0.67,5.0445,-0.03831,0.013269,1.0727,0.0010293,0.00030671,-0.0006648,0.0018387,0.00012463,0.0016408,0.075324,0.0804,0.60534,8.13838E-05,-0.0072789,0.00252111,0.203813,3.71577E-05,1.10722E-05,-2.39993E-05,6.63771E-05,4.49914E-06,5.92329E-05
0.002258,0.63738,0.67,5.0445,-0.038149,0.009353,1.0754,0.0010885,0.00030372,-0.00060542,0.0017214,0.0002442,0.0017062,0.0764856,0.0804,0.60534,8.15138E-05,-0.00724831,0.00177707,0.204326,3.92949E-05,1.09643E-05,-2.18557E-05,6.21425E-05,8.81562E-06,6.15938E-05
0.0021587,0.64661,0.67,5.0445,-0.038041,0.0051986,1.0785,0.0011079,0.00029223,-0.00047719,0.0016166,0.00029988,0.0015928,0.0775932,0.0804,0.60534,7.79291E-05,-0.00722779,0.000987734,0.204915,3.99952E-05,1.05495E-05,-1.72266E-05,5.83593E-05,1.08257E-05,5.75001E-05
0.0019738,0.65542,0.67,5.0445,-0.038183,0.001599,1.0825,0.001079,0.0002667,-0.00032645,0.0015061,0.00026365,0.0013625,0.0786504,0.0804,0.60534,7.12542E-05,-0.00725477,0.00030381,0.205675,3.89519E-05,9.62787E-06,-1.17848E-05,5.43702E-05,9.51777E-06,4.91863E-05
0.0017651,0.66381,0.67,5.0445,-0.038643,-0.0012654,1.0873,0.0010004,0.00023199,-0.00019299,0.0013834,0.00017424,0.0011465,0.0796572,0.0804,0.60534,6.37201E-05,-0.00734217,-0.000240426,0.206587,3.61144E-05,8.37484E-06,-6.96694E-06,4.99407E-05,6.29006E-06,4.13887E-05
0.0015732,0.67207,0.67,5.0445,-0.039452,-0.0036222,1.0927,0.00087989,0.00020295,-9.17E-05,0.001284,4.56E-05,0.00098253,0.0806484,0.0804,0.60534,5.67925E-05,-0.00749588,-0.000688218,0.207613,3.1764E-05,7.3265E-06,-3.30947E-06,4.63524E-05,1.64764E-06,3.54693E-05
0.0014269,0.68032,0.67,5.0445,-0.040563,-0.0056253,1.0985,0.00073521,0.00018678,-4.46E-05,0.0012143,-0.00012305,0.00090428,0.0816384,0.0804,0.60534,5.15111E-05,-0.00770697,-0.001068807,0.208715,2.65411E-05,6.74276E-06,-1.6114E-06,4.38362E-05,-4.44211E-06,3.26445E-05
0.001312,0.68858,0.67,5.0445,-0.041845,-0.0071837,1.1041,0.00059461,0.00017374,-4.67E-05,0.0011487,-0.00029896,0.00088059,0.0826296,0.0804,0.60534,4.73632E-05,-0.00795055,-0.001364903,0.209779,2.14654E-05,6.27201E-06,-1.68753E-06,4.14681E-05,-1.07925E-05,3.17893E-05
0.0012088,0.69683,0.67,5.0445,-0.043118,-0.0081736,1.1085,0.00048192,0.00015054,-6.89E-05,0.0010693,-0.00042008,0.00086644,0.0836196,0.0804,0.60534,4.36377E-05,-0.00819242,-0.001552984,0.210615,1.73973E-05,5.43449E-06,-2.48556E-06,3.86017E-05,-1.51649E-05,3.12785E-05
0.0011295,0.70509,0.67,5.0445,-0.044217,-0.0089379,1.1113,0.00040524,0.00011405,-7.49E-05,0.00097537,-0.00048861,0.00087849,0.0846108,0.0804,0.60534,4.0775E-05,-0.00840123,-0.001698201,0.211147,1.46292E-05,4.11721E-06,-2.70378E-06,3.52109E-05,-1.76388E-05,3.17135E-05
0.0010985,0.71335,0.67,5.0445,-0.045109,-0.010024,1.1134,0.00036454,7.18E-05,-5.77E-05,0.00087516,-0.00054224,0.00095725,0.085602,0.0804,0.60534,3.96559E-05,-0.00857071,-0.00190456,0.211546,1.31599E-05,2.59101E-06,-2.082E-06,3.15933E-05,-1.95749E-05,3.45567E-05
0.0010998,0.7216,0.67,5.0445,-0.045922,-0.011414,1.1153,0.00035714,2.68E-05,-3.56E-05,0.00078154,-0.00058748,0.0010608,0.086592,0.0804,0.60534,3.97028E-05,-0.00872518,-0.00216866,0.211907,1.28928E-05,9.68202E-07,-1.28462E-06,2.82136E-05,-2.1208E-05,3.82949E-05
0.0010959,0.72986,0.67,5.0445,-0.046786,-0.012856,1.1169,0.00037552,-2.42E-05,-1.86E-05,0.00070702,-0.00060347,0.0011093,0.0875832,0.0804,0.60534,3.9562E-05,-0.00888934,-0.00244264,0.212211,1.35563E-05,-8.74125E-07,-6.70774E-07,2.55234E-05,-2.17853E-05,4.00457E-05
0.0010869,0.73811,0.67,5.0445,-0.047662,-0.014374,1.1179,0.00040932,-7.83E-05,-8.22E-06,0.00065789,-0.00058842,0.0011066,0.0885732,0.0804,0.60534,3.92371E-05,-0.00905578,-0.00273106,0.212401,1.47765E-05,-2.82602E-06,-2.96904E-07,2.37498E-05,-2.1242E-05,3.99483E-05
0.00109,0.74637,0.67,5.0445,-0.048398,-0.015867,1.1181,0.00044914,-0.0001265,-1.15E-06,0.00063469,-0.00055915,0.0010961,0.0895644,0.0804,0.60534,0.000039349,-0.00919562,-0.00301473,0.212439,1.6214E-05,-4.56665E-06,-4.16414E-08,2.29123E-05,-2.01853E-05,3.95692E-05
0.0011089,0.75463,0.67,5.0445,-0.048905,-0.017001,1.1167,0.00048783,-0.00016158,9.99E-07,0.00063992,-0.0005302,0.00109,0.0905556,0.0804,0.60534,4.00313E-05,-0.00929195,-0.00323019,0.212173,1.76107E-05,-5.83304E-06,3.60715E-08,2.31011E-05,-1.91402E-05,0.000039349
0.0011484,0.76288,0.67,5.0445,-0.04914,-0.017516,1.1138,0.00052056,-0.00018173,-9.80E-06,0.0006835,-0.00051406,0.0010928,0.0915456,0.0804,0.60534,4.14572E-05,-0.0093366,-0.00332804,0.211622,1.87922E-05,-6.56045E-06,-3.53607E-07,2.46744E-05,-1.85576E-05,3.94501E-05
0.0012107,0.77114,0.67,5.0445,-0.049036,-0.017344,1.1099,0.00054504,-0.00018817,-3.33E-05,0.00077235,-0.00051123,0.001104,0.0925368,0.0804,0.60534,4.37063E-05,-0.00931684,-0.00329536,0.210881,1.96759E-05,-6.79294E-06,-1.20307E-06,2.78818E-05,-1.84554E-05,3.98544E-05
0.0012873,0.7794,0.67,5.0445,-0.048644,-0.016616,1.106,0.0005615,-0.00017822,-6.21E-05,0.00090683,-0.00051818,0.0011063,0.093528,0.0804,0.60534,4.64715E-05,-0.00924236,-0.00315704,0.21014,2.02702E-05,-6.43374E-06,-2.2417E-06,3.27366E-05,-1.87063E-05,3.99374E-05
0.0013786,0.78765,0.67,5.0445,-0.048134,-0.015567,1.1026,0.00057246,-0.00014655,-7.44E-05,0.0010807,-0.00054784,0.0011041,0.094518,0.0804,0.60534,4.97675E-05,-0.00914546,-0.00295773,0.209494,2.06658E-05,-5.29046E-06,-2.68653E-06,3.90133E-05,-1.9777E-05,3.9858E-05
0.001483,0.79591,0.67,5.0445,-0.047584,-0.014291,1.0998,0.00058268,-9.35E-05,-5.50E-05,0.0012702,-0.00061319,0.0011132,0.0955092,0.0804,0.60534,5.35363E-05,-0.00904096,-0.00271529,0.208962,2.10347E-05,-3.37474E-06,-1.98543E-06,4.58542E-05,-2.21362E-05,4.01865E-05
0.0015835,0.80416,0.67,5.0445,-0.046991,-0.012594,1.0976,0.0005947,-2.87E-05,-1.60E-05,0.0014362,-0.00071449,0.0011361,0.0964992,0.0804,0.60534,5.71644E-05,-0.00892829,-0.00239286,0.208544,2.14687E-05,-1.03665E-06,-5.79261E-07,5.18468E-05,-2.57931E-05,4.10132E-05
0.0016783,0.81242,0.67,5.0445,-0.046375,-0.010192,1.0961,0.0006123,3.43E-05,7.58E-06,0.0015586,-0.00084287,0.0011858,0.0974904,0.0804,0.60534,6.05866E-05,-0.00881125,-0.00193648,0.208259,2.2104E-05,1.2392E-06,2.73782E-07,5.62655E-05,-3.04276E-05,4.28074E-05
0.0017862,0.82068,0.67,5.0445,-0.045706,-0.0070879,1.0945,0.0006421,8.38E-05,-3.23E-06,0.0016556,-0.0009644,0.0012746,0.0984816,0.0804,0.60534,6.44818E-05,-0.00868414,-0.001346701,0.207955,2.31798E-05,3.02688E-06,-1.16502E-07,5.97672E-05,-3.48148E-05,4.60131E-05
0.001906,0.82893,0.67,5.0445,-0.044984,-0.003675,1.0924,0.00068019,0.00010226,-1.33E-05,0.0017462,-0.0010383,0.0013855,0.0994716,0.0804,0.60534,6.88066E-05,-0.00854696,-0.00069825,0.207556,2.45549E-05,3.69159E-06,-4.80672E-07,6.30378E-05,-3.74826E-05,5.00166E-05
0.0020244,0.83719,0.67,5.0445,-0.04436,-0.0003076,1.0898,0.0007166,6.08E-05,3.95E-06,0.0018308,-0.0010489,0.0015013,0.1004628,0.0804,0.60534,7.30808E-05,-0.0084284,-0.000058444,0.207062,2.58693E-05,2.19661E-06,1.42667E-07,6.60919E-05,-3.78653E-05,5.41969E-05
0.0021475,0.84544,0.67,5.0445,-0.043997,0.0028669,1.0876,0.00074543,-5.43E-05,3.40E-05,0.0019178,-0.0010071,0.0016317,0.1014528,0.0804,0.60534,7.75248E-05,-0.00835943,0.000544711,0.206644,2.691E-05,-1.95922E-06,1.22863E-06,6.92326E-05,-3.63563E-05,5.89044E-05
0.0022782,0.8537,0.67,5.0445,-0.043948,0.0056265,1.0852,0.00075629,-0.00021305,9.74E-05,0.0020113,-0.00096401,0.0017889,0.102444,0.0804,0.60534,8.2243E-05,-0.00835012,0.001069035,0.206188,2.73021E-05,-7.69111E-06,3.51488E-06,7.26079E-05,-3.48008E-05,6.45793E-05
0.0024194,0.86196,0.67,5.0445,-0.044165,0.0078919,1.0813,0.0007395,-0.00036847,0.00022344,0.0021043,-0.00099893,0.001995,0.1034352,0.0804,0.60534,8.73403E-05,-0.00839135,0.001499461,0.205447,2.6696E-05,-1.33018E-05,8.06618E-06,7.59652E-05,-3.60614E-05,7.20195E-05
0.0025839,0.87021,0.67,5.0445,-0.044593,0.010186,1.0761,0.00070546,-0.00050649,0.00035837,0.0022327,-0.0011272,0.0022297,0.1044252,0.0804,0.60534,9.32788E-05,-0.00847267,0.00193534,0.204459,2.54671E-05,-1.82843E-05,1.29372E-05,8.06005E-05,-4.06919E-05,8.04922E-05
0.0027381,0.87847,0.67,5.0445,-0.045155,0.012973,1.0707,0.00067981,-0.00063447,0.00044671,0.002432,-0.0013008,0.0023644,0.1054164,0.0804,0.60534,9.88454E-05,-0.00857945,0.00246487,0.203433,2.45411E-05,-2.29044E-05,1.61262E-05,8.77952E-05,-4.69589E-05,8.53548E-05
0.0028135,0.88672,0.67,5.0445,-0.045681,0.015808,1.0654,0.00067853,-0.0007408,0.00050175,0.0026315,-0.001458,0.0023169,0.1064064,0.0804,0.60534,0.000101567,-0.00867939,0.00300352,0.202426,2.44949E-05,-2.67429E-05,1.81132E-05,9.49972E-05,-5.26338E-05,8.36401E-05
0.0027646,0.89498,0.67,5.0445,-0.046067,0.017911,1.0605,0.00070115,-0.00080476,0.00053981,0.0027101,-0.0015014,0.0021179,0.1073976,0.0804,0.60534,9.98021E-05,-0.00875273,0.00340309,0.201495,2.53115E-05,-2.90518E-05,1.94871E-05,9.78346E-05,-5.42005E-05,7.64562E-05
0.0026155,0.90324,0.67,5.0445,-0.046268,0.018882,1.0562,0.00074493,-0.00081897,0.00057904,0.0026134,-0.0014144,0.0018727,0.1083888,0.0804,0.60534,9.44196E-05,-0.00879092,0.00358758,0.200678,2.6892E-05,-2.95648E-05,2.09033E-05,9.43437E-05,-5.10598E-05,6.76045E-05
0.0024585,0.91149,0.67,5.0445,-0.046243,0.018924,1.0531,0.00080973,-0.00079689,0.00064094,0.0024151,-0.0012982,0.0016922,0.1093788,0.0804,0.60534,8.87519E-05,-0.00878617,0.00359556,0.200089,2.92313E-05,-2.87677E-05,2.31379E-05,8.71851E-05,-4.6865E-05,6.10884E-05
0.002357,0.91975,0.67,5.0445,-0.04604,0.01868,1.0511,0.00089533,-0.00076423,0.00069868,0.0022446,-0.0012025,0.0015741,0.11037,0.0804,0.60534,8.50877E-05,-0.0087476,0.0035492,0.199709,3.23214E-05,-2.75887E-05,2.52223E-05,8.10301E-05,-4.34103E-05,5.6825E-05
0.0023067,0.92801,0.67,5.0445,-0.045669,0.01843,1.0496,0.0010001,-0.00072694,0.00073432,0.0021166,-0.0011138,0.0014967,0.1113612,0.0804,0.60534,8.32719E-05,-0.00867711,0.0035017,0.199424,3.61036E-05,-2.62425E-05,2.6509E-05,7.64093E-05,-4.02082E-05,5.40309E-05
0.0022629,0.93626,0.67,5.0445,-0.045112,0.017759,1.0481,0.0011186,-0.0006749,0.00074481,0.0019498,-0.0010199,0.0014574,0.1123512,0.0804,0.60534,8.16907E-05,-0.00857128,0.00337421,0.199139,4.03815E-05,-2.43639E-05,2.68876E-05,7.03878E-05,-3.68184E-05,5.26121E-05
0.0021812,0.94452,0.67,5.0445,-0.044434,0.016078,1.0466,0.0012364,-0.00060661,0.00072148,0.0017076,-0.00093814,0.0014183,0.1133424,0.0804,0.60534,7.87413E-05,-0.00844246,0.00305482,0.198854,4.4634E-05,-2.18986E-05,2.60454E-05,6.16444E-05,-3.38669E-05,5.12006E-05
0.0020735,0.95277,0.67,5.0445,-0.04372,0.013322,1.045,0.0013335,-0.00053205,0.00067792,0.0014353,-0.00089334,0.0013782,0.1143324,0.0804,0.60534,7.48534E-05,-0.0083068,0.00253118,0.19855,4.81394E-05,-1.9207E-05,2.44729E-05,5.18143E-05,-3.22496E-05,4.9753E-05
0.0019927,0.96103,0.67,5.0445,-0.043064,0.010219,1.0428,0.0014008,-0.00047007,0.00064113,0.0012128,-0.00089558,0.0013718,0.1153236,0.0804,0.60534,7.19365E-05,-0.00818216,0.00194161,0.198132,5.05689E-05,-1.69695E-05,2.31448E-05,4.37821E-05,-3.23304E-05,4.9522E-05
0.0019753,0.96929,0.67,5.0445,-0.042462,0.0077418,1.04,0.0014478,-0.00043353,0.0006154,0.0010925,-0.00093497,0.0014104,0.1163148,0.0804,0.60534,7.13083E-05,-0.00806778,0.001470942,0.1976,5.22656E-05,-1.56504E-05,2.22159E-05,3.94393E-05,-3.37524E-05,5.09154E-05
0.0020178,0.97754,0.67,5.0445,-0.041736,0.0064432,1.0363,0.0014916,-0.00041566,0.00059219,0.0010676,-0.00096422,0.0014764,0.1173048,0.0804,0.60534,7.28426E-05,-0.00792984,0.001224208,0.196897,5.38468E-05,-1.50053E-05,2.13781E-05,3.85404E-05,-3.48083E-05,5.3298E-05
0.0020715,0.9858,0.67,5.0445,-0.04085,0.0064764,1.0312,0.0015405,-0.00040364,0.00056092,0.0010935,-0.00093461,0.001509,0.118296,0.0804,0.60534,7.47812E-05,-0.0077615,0.001230516,0.195928,5.56121E-05,-1.45714E-05,2.02492E-05,3.94754E-05,-3.37394E-05,5.44749E-05
0.0021007,0.99405,0.67,5.0445,-0.03988,0.0078753,1.0246,0.001595,-0.00039308,0.00052035,0.0011288,-0.00085982,0.0014777,0.119286,0.0804,0.60534,7.58353E-05,-0.0075772,0.001496307,0.194674,5.75795E-05,-1.41902E-05,1.87846E-05,4.07497E-05,-3.10395E-05,5.3345E-05
0.0021027,1.0023,0.67,5.0445,-0.038883,0.010197,1.0169,0.0016551,-0.00037913,0.00047994,0.0011643,-0.00080518,0.001386,0.120276,0.0804,0.60534,7.59075E-05,-0.00738777,0.00193743,0.193211,5.97491E-05,-1.36866E-05,1.73258E-05,4.20312E-05,-2.9067E-05,5.00346E-05
0.0021144,1.0106,0.67,5.0445,-0.038011,0.012337,1.009,0.0017254,-0.00035361,0.00044207,0.0012223,-0.00079723,0.0012811,0.121272,0.0804,0.60534,7.63298E-05,-0.00722209,0.00234403,0.19171,6.22869E-05,-1.27653E-05,1.59587E-05,4.4125E-05,-2.878E-05,4.62477E-05
0.0021761,1.0188,0.67,5.0445,-0.037281,0.013687,1.0015,0.0018181,-0.00031178,0.00040889,0.0013175,-0.00079128,0.0012166,0.122256,0.0804,0.60534,7.85572E-05,-0.00708339,0.00260053,0.190285,6.56334E-05,-1.12553E-05,1.47609E-05,4.75618E-05,-2.85652E-05,4.39193E-05
0.0022576,1.0271,0.67,5.0445,-0.036549,0.014821,0.99565,0.0019414,-0.0002479,0.00038069,0.0014163,-0.00075767,0.0011576,0.123252,0.0804,0.60534,8.14994E-05,-0.00694431,0.00281599,0.1891735,7.00845E-05,-8.94919E-06,1.37429E-05,5.11284E-05,-2.73519E-05,4.17894E-05
0.0023092,1.0353,0.67,5.0445,-0.035665,0.016465,0.99216,0.0020883,-0.00016089,0.00036137,0.0014555,-0.00072116,0.0010746,0.124236,0.0804,0.60534,8.33621E-05,-0.00677635,0.00312835,0.1885104,7.53876E-05,-5.80813E-06,1.30455E-05,5.25436E-05,-2.60339E-05,3.87931E-05
0.002339,1.0436,0.67,5.0445,-0.034505,0.018392,0.99024,0.0022392,-5.82E-05,0.00035255,0.0014206,-0.00067134,0.0010182,0.125232,0.0804,0.60534,8.44379E-05,-0.00655595,0.00349448,0.1881456,8.08351E-05,-2.10116E-06,1.27271E-05,5.12837E-05,-2.42354E-05,3.6757E-05
0.0023742,1.0518,0.67,5.0445,-0.033146,0.019725,0.98879,0.0023789,5.14E-05,0.00035679,0.0013521,-0.00059692,0.0010173,0.126216,0.0804,0.60534,8.57086E-05,-0.00629774,0.00374775,0.1878701,8.58783E-05,1.8559E-06,1.28801E-05,4.88108E-05,-2.15488E-05,3.67245E-05
0.0024154,1.0601,0.67,5.0445,-0.031851,0.020058,0.98729,0.0024934,0.00015033,0.0003567,0.0012772,-0.00052875,0.0010603,0.127212,0.0804,0.60534,8.71959E-05,-0.00605169,0.00381102,0.1875851,9.00117E-05,5.42691E-06,1.28769E-05,4.61069E-05,-1.90879E-05,3.82768E-05
0.0024741,1.0684,0.67,5.0445,-0.030878,0.019814,0.98571,0.0025682,0.00021292,0.00033667,0.0012019,-0.00050681,0.0011781,0.128208,0.0804,0.60534,8.9315E-05,-0.00586682,0.00376466,0.1872849,9.2712E-05,7.68641E-06,1.21538E-05,4.33886E-05,-1.82958E-05,4.25294E-05
0.0025538,1.0766,0.67,5.0445,-0.030332,0.019608,0.98399,0.0026029,0.00023412,0.00029886,0.0011332,-0.00054348,0.0013714,0.129192,0.0804,0.60534,9.21922E-05,-0.00576308,0.00372552,0.1869581,9.39647E-05,8.45173E-06,1.07888E-05,4.09085E-05,-1.96196E-05,4.95075E-05
0.0026257,1.0849,0.67,5.0445,-0.030149,0.019649,0.98209,0.0026036,0.00023157,0.00025407,0.001075,-0.00061332,0.0015727,0.130188,0.0804,0.60534,9.47878E-05,-0.00572831,0.00373331,0.1865971,9.399E-05,8.35968E-06,9.17193E-06,3.88075E-05,-2.21409E-05,5.67745E-05
0.0026681,1.0931,0.67,5.0445,-0.030173,0.01981,0.98038,0.00257,0.00022302,0.00021007,0.0010331,-0.00069658,0.0017331,0.131172,0.0804,0.60534,9.63184E-05,-0.00573287,0.0037639,0.1862722,0.000092777,8.05102E-06,7.58353E-06,3.72949E-05,-2.51465E-05,6.25649E-05
0.0026915,1.1014,0.67,5.0445,-0.030261,0.020012,0.97909,0.0025017,0.00021438,0.00016593,0.0010181,-0.00079393,0.0018631,0.132168,0.0804,0.60534,9.71632E-05,-0.00574959,0.00380228,0.1860271,9.03114E-05,7.73912E-06,5.99007E-06,3.67534E-05,-2.86609E-05,6.72579E-05
0.0027454,1.1096,0.67,5.0445,-0.030257,0.020284,0.97759,0.0024084,0.00020117,0.00012416,0.0010311,-0.00092502,0.0020512,0.133152,0.0804,0.60534,9.91089E-05,-0.00574883,0.00385396,0.1857421,8.69432E-05,7.26224E-06,4.48218E-06,3.72227E-05,-3.33932E-05,7.40483E-05
0.0028364,1.1179,0.67,5.0445,-0.029987,0.020587,0.97528,0.0022995,0.00017631,8.41E-05,0.0010583,-0.0010795,0.0023151,0.134148,0.0804,0.60534,0.000102394,-0.00569753,0.00391153,0.1853032,8.3012E-05,6.36479E-06,3.03478E-06,3.82046E-05,-3.897E-05,8.35751E-05
0.0029163,1.1262,0.67,5.0445,-0.02935,0.020864,0.97234,0.0021802,0.00013435,4.72E-05,0.0010807,-0.0012165,0.0025717,0.135144,0.0804,0.60534,0.000105278,-0.0055765,0.00396416,0.1847446,7.87052E-05,4.85004E-06,1.70298E-06,3.90133E-05,-4.39157E-05,9.28384E-05
0.0029708,1.1344,0.67,5.0445,-0.028319,0.021294,0.96953,0.0020575,7.91E-05,2.81E-05,0.0010857,-0.0013149,0.0027984,0.136128,0.0804,0.60534,0.000107246,-0.00538061,0.00404586,0.1842107,7.42758E-05,2.85529E-06,1.01322E-06,3.91938E-05,-4.74679E-05,0.000101022
0.0029985,1.1427,0.67,5.0445,-0.027012,0.022196,0.96746,0.00194,2.88E-05,3.15E-05,0.0010724,-0.0013672,0.0029847,0.137124,0.0804,0.60534,0.000108246,-0.00513228,0.00421724,0.1838174,0.000070034,1.04127E-06,1.13881E-06,3.87136E-05,-4.93559E-05,0.000107748
0.0030312,1.1509,0.67,5.0445,-0.025668,0.023482,0.96604,0.0018378,-2.73E-07,5.31E-05,0.0010715,-0.0013962,0.003153,0.138108,0.0804,0.60534,0.000109426,-0.00487692,0.00446158,0.1835476,6.63446E-05,-9.85205E-09,1.91684E-06,3.86812E-05,-5.04028E-05,0.000113823
0.0031194,1.1592,0.67,5.0445,-0.024474,0.024718,0.96473,0.0017558,-1.42E-05,9.80E-05,0.001138,-0.0014462,0.0033452,0.139104,0.0804,0.60534,0.00011261,-0.00465006,0.00469642,0.1832987,6.33844E-05,-5.13884E-07,3.53675E-06,4.10818E-05,-5.22078E-05,0.000120762
0.0032449,1.1674,0.67,5.0445,-0.02339,0.025701,0.96343,0.0016878,-3.46E-05,0.00014709,0.001293,-0.0015338,0.0035089,0.140088,0.0804,0.60534,0.000117141,-0.0044441,0.00488319,0.1830517,6.09296E-05,-1.24967E-06,5.30995E-06,4.66773E-05,-5.53702E-05,0.000126671
0.0033469,1.1757,0.67,5.0445,-0.022195,0.026496,0.9626,0.0016279,-7.65E-05,0.00017518,0.0015067,-0.0016406,0.0035591,0.141084,0.0804,0.60534,0.000120823,-0.00421705,0.00503424,0.182894,5.87672E-05,-2.76234E-06,6.324E-06,5.43919E-05,-5.92257E-05,0.000128484
0.0033791,1.1839,0.67,5.0445,-0.020794,0.027124,0.9623,0.001573,-0.00013186,0.00018323,0.0017154,-0.0017458,0.0034698,0.142068,0.0804,0.60534,0.000121986,-0.00395086,0.00515356,0.182837,5.67853E-05,-4.76015E-06,6.6146E-06,6.19259E-05,-6.30234E-05,0.00012526
0.0033563,1.1922,0.67,5.0445,-0.019294,0.027594,0.96221,0.0015149,-0.00017569,0.00017351,0.0018423,-0.0018445,0.0033554,0.143064,0.0804,0.60534,0.000121162,-0.00366586,0.00524286,0.1828199,5.46879E-05,-6.34241E-06,6.26371E-06,6.6507E-05,-6.65865E-05,0.00012113
0.003326,1.2005,0.67,5.0445,-0.017865,0.027944,0.96244,0.0014489,-0.00018883,0.00015082,0.0018382,-0.0019291,0.0033648,0.14406,0.0804,0.60534,0.000120069,-0.00339435,0.00530936,0.1828636,5.23053E-05,-6.81676E-06,5.4446E-06,6.6359E-05,-6.96405E-05,0.000121469
0.0032971,1.2087,0.67,5.0445,-0.016594,0.028217,0.96342,0.0013782,-0.00017583,0.00012343,0.0017008,-0.0019676,0.0035152,0.145044,0.0804,0.60534,0.000119025,-0.00315286,0.00536123,0.1830498,4.9753E-05,-6.34746E-06,4.45582E-06,6.13989E-05,-7.10304E-05,0.000126899
0.0032452,1.217,0.67,5.0445,-0.015464,0.028507,0.96542,0.0013054,-0.0001598,0.00011013,0.0014806,-0.0019243,0.0037043,0.14604,0.0804,0.60534,0.000117152,-0.00293816,0.00541633,0.1834298,4.71249E-05,-5.76878E-06,3.97569E-06,5.34497E-05,-6.94672E-05,0.000133725
0.003142,1.2252,0.67,5.0445,-0.014403,0.028874,0.96844,0.0012399,-0.00015523,0.00014296,0.0012602,-0.0017951,0.003784,0.147024,0.0804,0.60534,0.000113426,-0.00273657,0.00548606,0.1840036,4.47604E-05,-5.6038E-06,5.16086E-06,4.54932E-05,-6.48031E-05,0.000136602
0.0029646,1.2335,0.67,5.0445,-0.013361,0.029158,0.97229,0.0011879,-0.00015366,0.00021117,0.0011068,-0.0016279,0.0036345,0.14802,0.0804,0.60534,0.000107022,-0.00253859,0.00554002,0.1847351,4.28832E-05,-5.54713E-06,7.62324E-06,3.99555E-05,-5.87672E-05,0.000131205
0.0027308,1.2417,0.67,5.0445,-0.012317,0.028935,0.97649,0.0011438,-0.00014679,0.00027736,0.0010481,-0.0014755,0.0032697,0.149004,0.0804,0.60534,9.85819E-05,-0.00234023,0.00549765,0.1855331,4.12912E-05,-5.29912E-06,1.00127E-05,3.78364E-05,-5.32656E-05,0.000118036
0.0024907,1.25,0.67,5.0445,-0.011205,0.027845,0.98013,0.0011091,-0.00014156,0.00033126,0.0010616,-0.0013262,0.0028108,0.15,0.0804,0.60534,8.99143E-05,-0.00212895,0.00529055,0.1862247,4.00385E-05,-5.11032E-06,1.19585E-05,3.83238E-05,-4.78758E-05,0.00010147
0.0022744,1.2583,0.67,5.0445,-0.0099629,0.025943,0.98246,0.0010911,-0.00014886,0.00036476,0.0010916,-0.0011484,0.0023661,0.150996,0.0804,0.60534,8.21058E-05,-0.001892951,0.00492917,0.1866674,3.93887E-05,-5.37385E-06,1.31678E-05,3.94068E-05,-4.14572E-05,8.54162E-05
0.0020926,1.2665,0.67,5.0445,-0.0086379,0.023635,0.98367,0.0010876,-0.00016836,0.00035752,0.0011067,-0.0009759,0.0019909,0.15198,0.0804,0.60534,7.55429E-05,-0.001641201,0.00449065,0.1868973,3.92624E-05,-6.0778E-06,1.29065E-05,3.99519E-05,-3.523E-05,7.18715E-05
0.0019738,1.2748,0.67,5.0445,-0.0073663,0.021339,0.98478,0.0010917,-0.00018696,0.00031347,0.0011212,-0.00084458,0.0017348,0.152976,0.0804,0.60534,7.12542E-05,-0.001399597,0.00405441,0.1871082,3.94104E-05,-6.74926E-06,1.13163E-05,4.04753E-05,-3.04893E-05,6.26263E-05
0.0019128,1.283,0.67,5.0445,-0.0062866,0.019248,0.98664,0.001095,-0.00019344,0.00025968,0.0011521,-0.00073264,0.0015785,0.15396,0.0804,0.60534,6.90521E-05,-0.001194454,0.00365712,0.1874616,3.95295E-05,-6.98318E-06,9.37445E-06,4.15908E-05,-2.64483E-05,5.69839E-05
0.0018841,1.2913,0.67,5.0445,-0.005452,0.017403,0.98889,0.0010887,-0.00018818,0.0002176,0.0012002,-0.00060967,0.0014793,0.154956,0.0804,0.60534,6.8016E-05,-0.00103588,0.00330657,0.1878891,3.93021E-05,-6.7933E-06,7.85536E-06,4.33272E-05,-2.20091E-05,5.34027E-05
0.0018664,1.2995,0.67,5.0445,-0.0048318,0.015845,0.99046,0.0010726,-0.00018114,0.00019431,0.0012457,-0.00045985,0.0014143,0.15594,0.0804,0.60534,6.7377E-05,-0.000918042,0.00301055,0.1881874,3.87209E-05,-6.53915E-06,7.01459E-06,4.49698E-05,-1.66006E-05,5.10562E-05
0.0018131,1.3078,0.67,5.0445,-0.0043383,0.014637,0.99082,0.0010568,-0.00017011,0.00016597,0.0012382,-0.00030383,0.0013311,0.156936,0.0804,0.60534,6.54529E-05,-0.000824277,0.00278103,0.1882558,3.81505E-05,-6.14097E-06,5.99152E-06,4.4699E-05,-1.09683E-05,4.80527E-05
0.0017228,1.316,0.67,5.0445,-0.0039161,0.013773,0.99041,0.0010437,-0.0001428,0.00012531,0.0011345,-0.00017326,0.0012675,0.15792,0.0804,0.60534,6.21931E-05,-0.000744059,0.00261687,0.1881779,3.76776E-05,-5.15508E-06,4.52369E-06,4.09555E-05,-6.25469E-06,4.57568E-05
0.0016323,1.3243,0.67,5.0445,-0.0035824,0.013281,0.98983,0.0010301,-0.00010806,6.71E-05,0.00096172,-6.30E-05,0.0012728,0.158916,0.0804,0.60534,5.8926E-05,-0.000680656,0.00252339,0.1880677,3.71866E-05,-3.90097E-06,2.42173E-06,3.47181E-05,-2.27271E-06,4.59481E-05
0.0015447,1.3326,0.67,5.0445,-0.0033067,0.013163,0.98883,0.0010061,-8.21E-05,-8.04E-06,0.00079379,2.50E-05,0.0012894,0.159912,0.0804,0.60534,5.57637E-05,-0.000628273,0.00250097,0.1878777,3.63202E-05,-2.96388E-06,-2.90406E-07,2.86558E-05,9.00912E-07,4.65473E-05
0.0014475,1.3408,0.67,5.0445,-0.0029517,0.013083,0.98724,0.00095052,-6.84E-05,-5.83E-05,0.0006657,6.29E-05,0.0012788,0.160896,0.0804,0.60534,5.22548E-05,-0.000560823,0.00248577,0.1875756,3.43138E-05,-2.46751E-06,-2.1064E-06,2.40318E-05,2.27065E-06,4.61647E-05
0.0013324,1.3491,0.67,5.0445,-0.0024225,0.01262,0.98548,0.00088466,-6.71E-05,-8.68E-05,0.0005665,4.54E-05,0.0012137,0.161892,0.0804,0.60534,4.80996E-05,-0.000460275,0.0023978,0.1872412,3.19362E-05,-2.4226E-06,-3.13514E-06,2.04507E-05,1.63775E-06,4.38146E-05
0.0011991,1.3573,0.67,5.0445,-0.0017184,0.011649,0.9837,0.00084475,-7.49E-05,-0.00012356,0.00049248,-1.34E-05,0.0010609,0.162876,0.0804,0.60534,4.32875E-05,-0.000326496,0.00221331,0.186903,3.04955E-05,-2.70371E-06,-4.46052E-06,1.77785E-05,-4.82404E-07,3.82985E-05
0.0011122,1.3656,0.67,5.0445,-0.00085921,0.010271,0.98228,0.00082465,-8.46E-05,-0.00013445,0.0004579,-8.39E-05,0.00094177,0.163872,0.0804,0.60534,4.01504E-05,-0.00016325,0.00195149,0.1866332,2.97699E-05,-3.05359E-06,-4.85365E-06,1.65302E-05,-3.03052E-06,3.39979E-05
0.0010726,1.3738,0.67,5.0445,5.18E-05,0.0087357,0.9819,0.00082236,-8.73E-05,-0.00013998,0.00045986,-0.00015036,0.00086293,0.164856,0.0804,0.60534,3.87209E-05,9.84504E-06,0.001659783,0.186561,2.96872E-05,-3.15099E-06,-5.05328E-06,1.66009E-05,-5.428E-06,3.11518E-05
0.0010371,1.3821,0.67,5.0445,0.00091365,0.0074182,0.98245,0.00082259,-7.93E-05,-0.00014036,0.00048184,-0.00019185,0.00076969,0.165852,0.0804,0.60534,3.74393E-05,0.000173594,0.001409458,0.1866655,2.96955E-05,-2.86428E-06,-5.067E-06,1.73944E-05,-6.92579E-06,2.77858E-05
0.0010324,1.3903,0.67,5.0445,0.0016994,0.0066583,0.98332,0.0008055,-6.76E-05,-8.99E-05,0.00051796,-0.00020668,0.00074125,0.166836,0.0804,0.60534,3.72696E-05,0.000322886,0.001265077,0.1868308,2.90786E-05,-2.44094E-06,-3.24517E-06,1.86984E-05,-7.46115E-06,2.67591E-05
0.0010375,1.3986,0.67,5.0445,0.0024176,0.0063875,0.98425,0.00079137,-5.76E-05,-6.64E-05,0.0005634,-0.00022191,0.0007203,0.167832,0.0804,0.60534,3.74538E-05,0.000459344,0.001213625,0.1870075,2.85685E-05,-2.07936E-06,-2.39632E-06,2.03387E-05,-8.01095E-06,2.60028E-05
0.0010485,1.4069,0.67,5.0445,0.0031132,0.0062887,0.9854,0.00077891,-5.74E-05,-3.06E-05,0.00061252,-0.00022745,0.00070557,0.168828,0.0804,0.60534,3.78509E-05,0.000591508,0.001194853,0.187226,2.81187E-05,-2.07268E-06,-1.10563E-06,2.2112E-05,-8.21095E-06,2.54711E-05
0.0010792,1.4151,0.67,5.0445,0.0037746,0.0062001,0.98735,0.00076543,-6.67E-05,1.42E-05,0.00067086,-0.00024,0.00072205,0.169812,0.0804,0.60534,3.89591E-05,0.000717174,0.001178019,0.1875965,2.7632E-05,-2.40928E-06,5.11429E-07,2.4218E-05,-0.000008664,2.6066E-05
0.0011352,1.4234,0.67,5.0445,0.0043552,0.0060453,0.9903,0.00075587,-7.82E-05,3.12E-05,0.00075263,-0.00026728,0.00076199,0.170808,0.0804,0.60534,4.09807E-05,0.000827488,0.001148607,0.188157,2.72869E-05,-2.82302E-06,1.12473E-06,2.71699E-05,-9.64881E-06,2.75078E-05
0.0012402,1.4316,0.67,5.0445,0.004818,0.0057436,0.99386,0.00074279,-9.26E-05,5.01E-05,0.00087452,-0.00029556,0.00086301,0.171792,0.0804,0.60534,4.47712E-05,0.00091542,0.001091284,0.1888334,2.68147E-05,-3.34235E-06,1.80691E-06,3.15702E-05,-1.06697E-05,3.11547E-05
0.0013662,1.4399,0.67,5.0445,0.0051172,0.0050596,0.99809,0.00073083,-0.00010976,4.32E-05,0.0010394,-0.00032652,0.00096219,0.172788,0.0804,0.60534,4.93198E-05,0.000972268,0.000961324,0.1896371,2.6383E-05,-3.96234E-06,1.55847E-06,3.75223E-05,-1.17874E-05,3.47351E-05
0.0014946,1.4481,0.67,5.0445,0.0052628,0.003745,1.0031,0.00071857,-0.00013464,4.61E-05,0.0012202,-0.00034831,0.0010503,0.173772,0.0804,0.60534,5.39551E-05,0.000999932,0.00071155,0.190589,2.59404E-05,-4.8605E-06,1.66594E-06,4.40492E-05,-1.2574E-05,3.79158E-05
0.0016063,1.4564,0.67,5.0445,0.0052997,0.0017326,1.0087,0.00070192,-0.00016687,6.32E-05,0.001379,-0.00038405,0.0011317,0.174768,0.0804,0.60534,5.79874E-05,0.001006943,0.000329194,0.191653,2.53393E-05,-6.02401E-06,2.28105E-06,4.97819E-05,-1.38642E-05,4.08544E-05
0.0016839,1.4647,0.67,5.0445,0.0052754,-0.00081193,1.014,0.00067779,-0.00019576,8.57E-05,0.0014859,-0.00043672,0.0012041,0.175764,0.0804,0.60534,6.07888E-05,0.001002326,-0.000154267,0.19266,2.44682E-05,-7.06694E-06,3.09294E-06,5.3641E-05,-1.57656E-05,4.3468E-05
0.001729,1.4729,0.67,5.0445,0.0052577,-0.0034005,1.0187,0.0006488,-0.00021293,0.00010476,0.001521,-0.00050717,0.0012881,0.176748,0.0804,0.60534,6.24169E-05,0.000998963,-0.000646095,0.193553,2.34217E-05,-7.68677E-06,3.78184E-06,5.49081E-05,-1.83088E-05,4.65004E-05
0.0017489,1.4812,0.67,5.0445,0.0053135,-0.0055142,1.0225,0.00062447,-0.00021814,0.00012258,0.0014815,-0.00060244,0.0013918,0.177744,0.0804,0.60534,6.31353E-05,0.001009565,-0.001047698,0.194275,2.25434E-05,-7.87485E-06,4.42514E-06,5.34822E-05,-2.17481E-05,5.0244E-05
0.001785,1.4894,0.67,5.0445,0.0054742,-0.0067151,1.0257,0.00060783,-0.00021778,0.00015677,0.0014045,-0.00071545,0.0015577,0.178728,0.0804,0.60534,6.44385E-05,0.001040098,-0.001275869,0.194883,2.19427E-05,-7.86186E-06,5.6594E-06,5.07025E-05,-2.58277E-05,5.6233E-05
0.0018505,1.4977,0.67,5.0445,0.0057752,-0.0066534,1.029,0.00059335,-0.00021922,0.00022076,0.0013572,-0.00083812,0.0017504,0.179724,0.0804,0.60534,6.68031E-05,0.001097288,-0.001264146,0.19551,2.14199E-05,-7.91384E-06,7.96944E-06,4.89949E-05,-3.02561E-05,6.31894E-05
0.0019249,1.5059,0.67,5.0445,0.0062343,-0.0056004,1.0327,0.00057483,-0.00022898,0.00030475,0.0013742,-0.00095639,0.0019008,0.180708,0.0804,0.60534,6.94889E-05,0.001184517,-0.001064076,0.196213,2.07514E-05,-8.26618E-06,1.10015E-05,4.96086E-05,-3.45257E-05,6.86189E-05
0.0019762,1.5142,0.67,5.0445,0.0068826,-0.0045758,1.0362,0.00055028,-0.00024733,0.00037377,0.0014199,-0.0010442,0.0019822,0.181704,0.0804,0.60534,7.13408E-05,0.001307694,-0.000869402,0.196878,1.98651E-05,-8.92861E-06,1.34931E-05,5.12584E-05,-3.76956E-05,7.15574E-05
0.0019779,1.5224,0.67,5.0445,0.0077968,-0.0044491,1.0391,0.0005208,-0.00026287,0.00040329,0.001438,-0.0010813,0.0019971,0.182688,0.0804,0.60534,7.14022E-05,0.001481392,-0.000845329,0.197429,1.88009E-05,-9.48961E-06,1.45588E-05,5.19118E-05,-3.90349E-05,7.20953E-05
0.0019278,1.5307,0.67,5.0445,0.0089791,-0.0051269,1.0414,0.00049068,-0.00026455,0.00039411,0.0014163,-0.0010812,0.0019485,0.183684,0.0804,0.60534,6.95936E-05,0.001706029,-0.000974111,0.197866,1.77135E-05,-9.55026E-06,1.42274E-05,5.11284E-05,-3.90313E-05,7.03409E-05
0.0018594,1.539,0.67,5.0445,0.010304,-0.0059853,1.0433,0.00046458,-0.00025607,0.00036814,0.0013814,-0.0010686,0.0018728,0.18468,0.0804,0.60534,6.71243E-05,0.00195776,-0.001137207,0.198227,1.67713E-05,-9.24413E-06,1.32899E-05,4.98685E-05,-3.85765E-05,6.76081E-05
0.0018103,1.5472,0.67,5.0445,0.011579,-0.0064145,1.0446,0.00044778,-0.00024644,0.00033842,0.0013591,-0.001068,0.0018138,0.185664,0.0804,0.60534,6.53518E-05,0.00220001,-0.001218755,0.198474,1.61649E-05,-8.89648E-06,1.2217E-05,4.90635E-05,-3.85548E-05,6.54782E-05
0.0017874,1.5555,0.67,5.0445,0.012697,-0.0062091,1.0452,0.00044372,-0.00023539,0.00031087,0.0013422,-0.0010829,0.0017889,0.18666,0.0804,0.60534,6.45251E-05,0.00241243,-0.001179729,0.198588,1.60183E-05,-8.49758E-06,1.12224E-05,4.84534E-05,-3.90927E-05,6.45793E-05
0.0017715,1.5637,0.67,5.0445,0.013679,-0.0057681,1.045,0.00044903,-0.00021863,0.00027867,0.0013105,-0.0010958,0.0017834,0.187644,0.0804,0.60534,6.39512E-05,0.00259901,-0.001095939,0.19855,1.621E-05,-7.89254E-06,1.006E-05,4.73091E-05,-3.95584E-05,6.43807E-05
0.0017425,1.572,0.67,5.0445,0.014517,-0.0053904,1.0443,0.00045818,-0.00020071,0.00024525,0.0012653,-0.0010834,0.0017615,0.18864,0.0804,0.60534,6.29043E-05,0.00275823,-0.001024176,0.198417,1.65403E-05,-7.24563E-06,8.85353E-06,4.56773E-05,-3.91107E-05,6.35902E-05
0.0016974,1.5802,0.67,5.0445,0.015141,-0.0050496,1.0434,0.00046851,-0.00018857,0.00022556,0.0012225,-0.0010393,0.0017038,0.189624,0.0804,0.60534,6.12761E-05,0.00287679,-0.000959424,0.198246,1.69132E-05,-6.80738E-06,8.14272E-06,4.41323E-05,-3.75187E-05,6.15072E-05
0.0016376,1.5885,0.67,5.0445,0.015541,-0.0045377,1.042,0.0004788,-0.000186,0.00022155,0.0011971,-0.00096745,0.0015994,0.19062,0.0804,0.60534,5.91174E-05,0.00295279,-0.000862163,0.19798,1.72847E-05,-6.7146E-06,7.99796E-06,4.32153E-05,-3.49249E-05,5.77383E-05
0.0015722,1.5968,0.67,5.0445,0.015764,-0.0035212,1.0395,0.0004924,-0.00019404,0.00022081,0.0011884,-0.00086642,0.0014635,0.191616,0.0804,0.60534,5.67564E-05,0.00299516,-0.000669028,0.197505,1.77756E-05,-7.00484E-06,7.97124E-06,4.29012E-05,-3.12778E-05,5.28324E-05
0.0015084,1.605,0.67,5.0445,0.015867,-0.0017791,1.0353,0.00051507,-0.0002088,0.00020649,0.0011816,-0.00072944,0.0013201,0.1926,0.0804,0.60534,5.44532E-05,0.00301473,-0.000338029,0.196707,1.8594E-05,-7.53768E-06,7.45429E-06,4.26558E-05,-2.63328E-05,4.76556E-05
0.0014598,1.6133,0.67,5.0445,0.015958,0.00066003,1.0304,0.00054257,-0.00022171,0.00017805,0.0011597,-0.0005717,0.0012173,0.193596,0.0804,0.60534,5.26988E-05,0.00303202,0.000125406,0.195776,1.95868E-05,-8.00373E-06,6.42761E-06,4.18652E-05,-2.06384E-05,4.39445E-05
0.0014243,1.6215,0.67,5.0445,0.0161,0.0034324,1.0268,0.00056853,-0.0002219,0.00015733,0.0011158,-0.00043023,0.0011642,0.19458,0.0804,0.60534,5.14172E-05,0.003059,0.000652156,0.195092,2.05239E-05,-8.01059E-06,5.67961E-06,4.02804E-05,-1.55313E-05,4.20276E-05
0.0013792,1.6298,0.67,5.0445,0.016207,0.0060824,1.026,0.00060237,-0.00020778,0.0001529,0.0010676,-0.00032062,0.0010884,0.195576,0.0804,0.60534,4.97891E-05,0.00307933,0.001155656,0.19494,2.17456E-05,-7.50086E-06,5.51969E-06,3.85404E-05,-1.15744E-05,3.92912E-05
0.0013167,1.638,0.67,5.0445,0.016135,0.0084583,1.0279,0.00065915,-0.00019204,0.00013572,0.0010396,-0.00021907,0.00093456,0.19656,0.0804,0.60534,4.75329E-05,0.00306565,0.001607077,0.195301,2.37953E-05,-6.93264E-06,4.89949E-06,3.75296E-05,-7.90843E-06,3.37376E-05
0.0012613,1.6463,0.67,5.0445,0.015795,0.010463,1.0311,0.00074332,-0.00018685,9.51E-05,0.0010277,-0.00011504,0.00075156,0.197556,0.0804,0.60534,4.55329E-05,0.00300105,0.00198797,0.195909,2.68339E-05,-6.74529E-06,3.43419E-06,3.71E-05,-4.15294E-06,2.71313E-05
0.0012528,1.6545,0.67,5.0445,0.015228,0.011791,1.0333,0.00085445,-0.00019275,7.47E-05,0.0010094,-4.21E-05,0.00064165,0.19854,0.0804,0.60534,4.52261E-05,0.00289332,0.00224029,0.196327,3.08456E-05,-6.95828E-06,2.69663E-06,3.64393E-05,-1.51833E-06,2.31636E-05
0.0013311,1.6628,0.67,5.0445,0.01456,0.012405,1.0336,0.00099423,-0.00020236,9.13E-05,0.00098225,-1.81E-05,0.00068579,0.199536,0.0804,0.60534,4.80527E-05,0.0027664,0.00235695,0.196384,3.58917E-05,-7.3052E-06,3.29597E-06,3.54592E-05,-6.51605E-07,2.4757E-05
0.0015049,1.6711,0.67,5.0445,0.013905,0.012809,1.0334,0.001162,-0.00020949,0.00012403,0.00096934,-3.04E-05,0.0008784,0.200532,0.0804,0.60534,5.43269E-05,0.00264195,0.00243371,0.196346,4.19482E-05,-7.56259E-06,4.47748E-06,3.49932E-05,-1.09762E-06,3.17102E-05
0.0017444,1.6793,0.67,5.0445,0.013339,0.013633,1.0339,0.0013543,-0.00021605,0.0001869,0.0010201,-9.52E-05,0.0011143,0.201516,0.0804,0.60534,6.29728E-05,0.00253441,0.00259027,0.196441,4.88902E-05,-7.79941E-06,6.74709E-06,3.68256E-05,-3.43643E-06,4.02262E-05
0.0020115,1.6876,0.67,5.0445,0.012917,0.014908,1.0347,0.0015699,-0.00023273,0.00028581,0.0011558,-0.00023453,0.0012973,0.202512,0.0804,0.60534,7.26152E-05,0.00245423,0.00283252,0.196593,5.66734E-05,-8.40155E-06,1.03177E-05,4.17244E-05,-8.46653E-06,4.68325E-05
0.0022868,1.6958,0.67,5.0445,0.012741,0.015953,1.0336,0.0018025,-0.00025605,0.00040572,0.0012617,-0.00045148,0.0015095,0.203496,0.0804,0.60534,8.25535E-05,0.00242079,0.00303107,0.196384,6.50703E-05,-9.24341E-06,1.46465E-05,4.55474E-05,-1.62984E-05,5.4493E-05
0.0024569,1.7041,0.67,5.0445,0.012916,0.016022,1.0313,0.0020338,-0.00026001,0.00051718,0.0012117,-0.00059688,0.0016682,0.204492,0.0804,0.60534,8.86941E-05,0.00245404,0.00304418,0.195947,7.34202E-05,-9.38636E-06,1.86702E-05,4.37424E-05,-2.15474E-05,6.0222E-05
0.0024002,1.7123,0.67,5.0445,0.013443,0.015082,1.0304,0.0022422,-0.00025027,0.00055108,0.001093,-0.00052421,0.0014651,0.205476,0.0804,0.60534,8.66472E-05,0.00255417,0.00286558,0.195776,8.09434E-05,-9.03475E-06,1.9894E-05,3.94573E-05,-1.8924E-05,5.28901E-05
0.0022631,1.7206,0.67,5.0445,0.014204,0.013651,1.0309,0.0024068,-0.00026693,0.00051337,0.0010555,-0.00037535,0.001064,0.206472,0.0804,0.60534,8.16979E-05,0.00269876,0.00259369,0.195871,8.68855E-05,-9.63617E-06,1.85327E-05,3.81036E-05,-1.35501E-05,3.84104E-05
0.0022177,1.7289,0.67,5.0445,0.014986,0.012316,1.0314,0.0025062,-0.00032667,0.00047003,0.001123,-0.00030255,0.00080624,0.207468,0.0804,0.60534,8.0059E-05,0.00284734,0.00234004,0.195966,9.04738E-05,-1.17928E-05,1.69681E-05,4.05403E-05,-1.09221E-05,2.91053E-05
0.0022357,1.7371,0.67,5.0445,0.015588,0.011701,1.0318,0.002533,-0.00041639,0.00044007,0.0012433,-0.0002802,0.00069511,0.208452,0.0804,0.60534,8.07088E-05,0.00296172,0.00222319,0.196042,9.14413E-05,-1.50317E-05,1.58865E-05,4.48831E-05,-1.01152E-05,2.50935E-05
0.0022544,1.7454,0.67,5.0445,0.015963,0.012195,1.0325,0.0025005,-0.00051572,0.00042079,0.001368,-0.00026327,0.0006402,0.209448,0.0804,0.60534,8.13838E-05,0.00303297,0.00231705,0.196175,9.02681E-05,-1.86175E-05,1.51905E-05,4.93848E-05,-9.50405E-06,2.31112E-05
0.0022716,1.7536,0.67,5.0445,0.016156,0.013654,1.0337,0.0024306,-0.00061163,0.00040694,0.0015109,-0.00023254,0.0006017,0.210432,0.0804,0.60534,8.20048E-05,0.00306964,0.00259426,0.196403,8.77447E-05,-2.20798E-05,1.46905E-05,5.45435E-05,-8.39469E-06,2.17214E-05
0.0023021,1.7619,0.67,5.0445,0.016199,0.015114,1.0349,0.002343,-0.00069337,0.00039934,0.0016675,-0.0001812,0.00059378,0.211428,0.0804,0.60534,8.31058E-05,0.00307781,0.00287166,0.196631,8.45823E-05,-2.50307E-05,1.44162E-05,6.01968E-05,-6.54132E-06,2.14355E-05
0.0023139,1.7701,0.67,5.0445,0.016159,0.015493,1.0357,0.0022489,-0.00073853,0.00041923,0.0017444,-0.00016291,0.00063453,0.212412,0.0804,0.60534,8.35318E-05,0.00307021,0.00294367,0.196783,8.11853E-05,-2.66609E-05,1.51342E-05,6.29728E-05,-5.88105E-06,2.29065E-05
0.0022994,1.7784,0.67,5.0445,0.01616,0.014733,1.0365,0.002149,-0.00073253,0.00047943,0.0017041,-0.00022317,0.00074577,0.213408,0.0804,0.60534,8.30083E-05,0.0030704,0.00279927,0.196935,7.75789E-05,-2.64443E-05,1.73074E-05,6.1518E-05,-8.05644E-06,2.69223E-05
0.0022986,1.7866,0.67,5.0445,0.016307,0.013417,1.0379,0.0020476,-0.00070208,0.00056071,0.0016212,-0.0003441,0.00092845,0.214392,0.0804,0.60534,8.29795E-05,0.00309833,0.00254923,0.197201,7.39184E-05,-2.53451E-05,2.02416E-05,5.85253E-05,-1.2422E-05,3.3517E-05
0.0023125,1.7949,0.67,5.0445,0.016664,0.011971,1.0395,0.0019579,-0.00069329,0.00063367,0.0015623,-0.00048243,0.0011048,0.215388,0.0804,0.60534,8.34813E-05,0.00316616,0.00227449,0.197505,7.06802E-05,-2.50278E-05,2.28755E-05,5.6399E-05,-1.74157E-05,3.98833E-05
0.0023209,1.8032,0.67,5.0445,0.017217,0.010681,1.0403,0.0018868,-0.00072767,0.00068506,0.0015504,-0.00060501,0.0012046,0.216384,0.0804,0.60534,8.37845E-05,0.00327123,0.00202939,0.197657,6.81135E-05,-2.62689E-05,2.47307E-05,5.59694E-05,-2.18409E-05,4.34861E-05
0.0023457,1.8114,0.67,5.0445,0.017845,0.0099054,1.0399,0.0018285,-0.00079457,0.00070846,0.0015958,-0.00071814,0.001267,0.217368,0.0804,0.60534,8.46798E-05,0.00339055,0.001882026,0.197581,6.60089E-05,-2.8684E-05,2.55754E-05,5.76084E-05,-2.59249E-05,4.57387E-05
0.002428,1.8197,0.67,5.0445,0.018423,0.0099062,1.0388,0.0017779,-0.0008653,0.00072635,0.0017128,-0.00083526,0.0013653,0.218364,0.0804,0.60534,8.76508E-05,0.00350037,0.001882178,0.197372,6.41822E-05,-3.12373E-05,2.62212E-05,6.18321E-05,-3.01529E-05,4.92873E-05
0.002556,1.8279,0.67,5.0445,0.01895,0.010685,1.0376,0.0017314,-0.00091161,0.0007623,0.0018687,-0.0009466,0.0015119,0.219348,0.0804,0.60534,9.22716E-05,0.0036005,0.00203015,0.197144,6.25035E-05,-3.29091E-05,2.7519E-05,6.74601E-05,-3.41723E-05,5.45796E-05
0.0026799,1.8362,0.67,5.0445,0.019579,0.01204,1.0365,0.0016771,-0.00092162,0.00081862,0.0019847,-0.0010572,0.001698,0.220344,0.0804,0.60534,9.67444E-05,0.00372001,0.0022876,0.196935,6.05433E-05,-3.32705E-05,2.95522E-05,7.16477E-05,-3.81649E-05,6.12978E-05
0.0027534,1.8446,0.67,5.0445,0.020516,0.013313,1.0354,0.0016045,-0.00090906,0.00086209,0.0020245,-0.0011662,0.0018778,0.221352,0.0804,0.60534,9.93977E-05,0.00389804,0.00252947,0.196726,5.79225E-05,-3.28171E-05,3.11214E-05,7.30845E-05,-4.20998E-05,6.77886E-05
0.0027538,1.8534,0.67,5.0445,0.021812,0.013874,1.0347,0.001518,-0.00088056,0.00086108,0.0019875,-0.0012305,0.002002,0.222408,0.0804,0.60534,9.94122E-05,0.00414428,0.00263606,0.196593,5.47998E-05,-3.17882E-05,3.1085E-05,7.17488E-05,-4.44211E-05,7.22722E-05
0.0026872,1.8626,0.67,5.0445,0.023256,0.013518,1.035,0.0014306,-0.00082865,0.000812,0.001908,-0.0012089,0.0020358,0.223512,0.0804,0.60534,9.70079E-05,0.00441864,0.00256842,0.19665,5.16447E-05,-2.99143E-05,2.93132E-05,6.88788E-05,-4.36413E-05,7.34924E-05
0.0025663,1.8723,0.67,5.0445,0.024492,0.012821,1.0365,0.0013452,-0.00074079,0.00072213,0.0018161,-0.0011211,0.0019712,0.224676,0.0804,0.60534,9.26434E-05,0.00465348,0.00243599,0.196935,4.85617E-05,-2.67425E-05,2.60689E-05,6.55612E-05,-4.04717E-05,7.11603E-05
0.0024256,1.8824,0.67,5.0445,0.025275,0.012364,1.039,0.0012486,-0.00060594,0.00062415,0.0016981,-0.0010159,0.0019045,0.225888,0.0804,0.60534,8.75642E-05,0.00480225,0.00234916,0.19741,4.50745E-05,-2.18744E-05,2.25318E-05,6.13014E-05,-3.6674E-05,6.87525E-05
0.0022946,1.8931,0.67,5.0445,0.025711,0.011491,1.0401,0.0011386,-0.00044287,0.00051451,0.0015442,-0.00087372,0.0019064,0.227172,0.0804,0.60534,8.28351E-05,0.00488509,0.00218329,0.197619,4.11035E-05,-1.59876E-05,1.85738E-05,5.57456E-05,-3.15413E-05,6.8821E-05
0.0021443,1.9042,0.67,5.0445,0.026218,0.010116,1.0395,0.0010409,-0.00028769,0.00037917,0.0013448,-0.00069811,0.001903,0.228504,0.0804,0.60534,7.74092E-05,0.00498142,0.00192204,0.197505,3.75765E-05,-1.03856E-05,1.3688E-05,4.85473E-05,-2.52018E-05,6.86983E-05
0.0019913,1.9159,0.67,5.0445,0.027038,0.0094199,1.0383,0.0009839,-0.00015422,0.00025542,0.0011103,-0.00056389,0.0018883,0.229908,0.0804,0.60534,7.18859E-05,0.00513722,0.001789781,0.197277,3.55188E-05,-5.56734E-06,9.22066E-06,4.00818E-05,-2.03564E-05,6.81676E-05
0.0017708,1.9282,0.67,5.0445,0.027831,0.010024,1.0366,0.00098145,-1.68E-05,0.00013953,0.00089602,-0.00041351,0.0016641,0.231384,0.0804,0.60534,6.39259E-05,0.00528789,0.00190456,0.196954,3.54303E-05,-6.06985E-07,5.03703E-06,3.23463E-05,-1.49277E-05,6.0074E-05
0.0016255,1.941,0.67,5.0445,0.02795,0.010343,1.0356,0.0010284,0.00010565,6.48E-05,0.00078221,-0.00023438,0.0014403,0.23292,0.0804,0.60534,5.86806E-05,0.0053105,0.00196517,0.196764,3.71252E-05,3.81397E-06,2.33849E-06,2.82378E-05,-8.46112E-06,5.19948E-05
0.0015879,1.9545,0.67,5.0445,0.027004,0.0095606,1.0334,0.0010846,0.00015842,-2.04E-05,0.00076571,-0.00016279,0.0013254,0.23454,0.0804,0.60534,5.73232E-05,0.00513076,0.001816514,0.196346,3.91541E-05,5.71896E-06,-7.3579E-07,2.76421E-05,-5.87672E-06,4.78469E-05
0.0015538,1.9686,0.67,5.0445,0.025527,0.0079966,1.0301,0.0011246,0.00012252,-0.00012098,0.00079113,-0.00017387,0.0011918,0.236232,0.0804,0.60534,5.60922E-05,0.00485013,0.001519354,0.195719,4.05981E-05,4.42297E-06,-4.36738E-06,2.85598E-05,-6.27671E-06,4.3024E-05
0.001545,1.9833,0.67,5.0445,0.02446,0.0036959,1.027,0.0011777,2.82E-05,-0.00016111,0.00072077,-0.00019892,0.0011915,0.237996,0.0804,0.60534,5.57745E-05,0.0046474,0.000702221,0.19513,4.2515E-05,1.01636E-06,-5.81607E-06,2.60198E-05,-7.18101E-06,4.30132E-05
0.0016984,1.9988,0.67,5.0445,0.023371,-0.0014038,1.0241,0.0012443,-2.07E-05,-1.28E-05,0.0006034,-6.01E-05,0.001549,0.239856,0.0804,0.60534,6.13122E-05,0.00444049,-0.000266722,0.194579,4.49192E-05,-7.46584E-07,-4.63632E-07,2.17827E-05,-2.17062E-06,5.59189E-05
0.0021991,2.0149,0.67,5.0445,0.021169,-0.0041858,1.0198,0.0012763,2.20E-05,0.00024253,0.00058549,0.00011693,0.0025364,0.241788,0.0804,0.60534,7.93875E-05,0.00402211,-0.000795302,0.193762,4.60744E-05,7.95464E-07,8.75533E-06,2.11362E-05,4.22117E-06,9.1564E-05
0.002602,2.0319,0.67,5.0445,0.01835,-0.006942,1.012,0.0012196,7.87E-05,0.00042378,0.00062561,0.00011317,0.0033587,0.243828,0.0804,0.60534,9.39322E-05,0.0034865,-0.00131898,0.19228,4.40276E-05,2.84071E-06,1.52985E-05,2.25845E-05,4.08544E-06,0.000121249
0.0028273,2.0496,0.67,5.0445,0.015664,-0.0099953,1.0038,0.001153,8.13E-06,0.00069661,0.00063389,-1.46E-05,0.0038677,0.245952,0.0804,0.60534,0.000102066,0.00297616,-0.001899107,0.190722,4.16233E-05,2.93414E-07,2.51476E-05,2.28834E-05,-5.28251E-07,0.000139624
0.0038035,2.0681,0.67,5.0445,0.013505,-0.0054384,0.99153,0.0012377,-0.00018529,0.0013396,0.00073467,-0.00024883,0.0056346,0.248172,0.0804,0.60534,0.000137306,0.00256595,-0.001033296,0.1883907,4.4681E-05,-6.68897E-06,4.83596E-05,2.65216E-05,-8.98276E-06,0.000203409
0.0049949,2.0875,0.67,5.0445,0.012436,0.0032655,0.98431,0.0014555,-0.00037198,0.0020535,0.0010427,-0.00087151,0.0074915,0.2505,0.0804,0.60534,0.000180316,0.00236284,0.000620445,0.1870189,5.25436E-05,-1.34285E-05,7.41314E-05,3.76415E-05,-3.14615E-05,0.000270443
0.0053286,2.1078,0.67,5.0445,0.013555,0.012205,0.97236,0.0016788,-0.00028802,0.0023698,0.0011969,-0.001043,0.0077815,0.252936,0.0804,0.60534,0.000192362,0.00257545,0.00231895,0.1847484,6.06047E-05,-1.03975E-05,8.55498E-05,4.32081E-05,-3.76523E-05,0.000280912
0.0051931,2.129,0.67,5.0445,0.01714,0.015227,0.96315,0.00184,-0.00025466,0.0026368,0.0010709,-0.00081628,0.0074753,0.25548,0.0804,0.60534,0.000187471,0.0032566,0.00289313,0.1829985,0.000066424,-9.19323E-06,9.51885E-05,3.86595E-05,-2.94677E-05,0.000269858
0.0042561,2.1511,0.67,5.0445,0.019357,0.015044,0.96926,0.0019165,-7.59E-05,0.002399,0.0010016,-0.00033902,0.0055941,0.258132,0.0804,0.60534,0.000153645,0.00367783,0.00285836,0.1841594,6.91857E-05,-2.74053E-06,8.66039E-05,3.61578E-05,-1.22386E-05,0.000201947
0.0034116,2.1743,0.67,5.0445,0.018227,0.019191,0.9661,0.0018252,0.00031143,0.0016417,0.0010093,0.00019154,0.0039888,0.260916,0.0804,0.60534,0.000123159,0.00346313,0.00364629,0.183559,6.58897E-05,1.12426E-05,5.92654E-05,3.64357E-05,6.91459E-06,0.000143996
0.0033226,2.1984,0.67,5.0445,0.01627,0.022591,0.95985,0.0015929,0.00059303,0.0012647,0.0012614,0.00044904,0.0037909,0.263808,0.0804,0.60534,0.000119946,0.0030913,0.00429229,0.1823715,5.75037E-05,2.14084E-05,4.56557E-05,4.55365E-05,1.62103E-05,0.000136851
0.0036892,2.2237,0.67,5.0445,0.015524,0.02124,0.93891,0.0013485,0.00072903,0.0012305,0.0017578,0.00095232,0.0042721,0.266844,0.0804,0.60534,0.00013318,0.00294956,0.0040356,0.1783929,4.86809E-05,2.6318E-05,4.44211E-05,6.34566E-05,3.43788E-05,0.000154223
0.0051618,2.2501,0.67,5.0445,0.014573,0.019554,0.91639,0.0010951,0.00035424,0.0014247,0.0021299,0.00080158,0.0070986,0.270012,0.0804,0.60534,0.000186341,0.00276887,0.00371526,0.1741141,3.95331E-05,1.27881E-05,5.14317E-05,7.68894E-05,2.8937E-05,0.000256259
0.0049595,2.2776,0.67,5.0445,0.011069,0.026416,0.89732,0.00098244,-3.19E-05,0.0013215,0.0021151,-8.71E-06,0.0068216,0.273312,0.0804,0.60534,0.000179038,0.00210311,0.00501904,0.1704908,3.54661E-05,-1.15242E-06,4.77062E-05,7.63551E-05,-3.14521E-07,0.00024626
0.0051407,2.3063,0.67,5.0445,0.0052264,0.036981,0.88695,0.0010268,8.42E-05,0.0011778,0.0018384,-0.00066669,0.0074163,0.276756,0.0804,0.60534,0.000185579,0.000993016,0.00702639,0.1685205,3.70675E-05,3.04103E-06,4.25186E-05,6.63662E-05,-2.40675E-05,0.000267728
0.0053856,2.3362,0.67,5.0445,-0.0012572,0.046264,0.88036,0.0011283,0.00025299,0.0012331,0.0018906,-0.00078774,0.0077523,0.280344,0.0804,0.60534,0.00019442,-0.000238868,0.00879016,0.1672684,4.07316E-05,9.13294E-06,4.45149E-05,6.82507E-05,-2.84374E-05,0.000279858
0.0049915,2.3674,0.67,5.0445,-0.0047082,0.051009,0.85816,0.0013559,0.00010256,0.0012448,0.0024523,-0.0010246,0.0061748,0.284088,0.0804,0.60534,0.000180193,-0.000894558,0.00969171,0.1630504,4.8948E-05,3.70242E-06,4.49373E-05,8.8528E-05,-3.69881E-05,0.00022291
0.0057519,2.3999,0.67,5.0445,-0.0040496,0.059897,0.83522,0.0015023,0.00042046,0.001198,0.0036683,0.00034837,0.0063332,0.287988,0.0804,0.60534,0.000207644,-0.000769424,0.01138043,0.1586918,5.4233E-05,1.51786E-05,4.32478E-05,0.000132426,1.25762E-05,0.000228629
0.0052551,2.4338,0.67,5.0445,-0.0021643,0.058998,0.78337,0.0011757,0.00045162,0.0011116,0.0035286,0.0016004,0.0058059,0.292056,0.0804,0.60534,0.000189709,-0.000411217,0.01120962,0.1488403,4.24428E-05,1.63035E-05,4.01288E-05,0.000127382,5.77744E-05,0.000209593
0.0038334,2.4691,0.67,5.0445,-0.00080789,0.044674,0.66447,0.00045342,2.63E-05,0.00070016,0.0020726,0.00096124,0.0051407,0.296292,0.0804,0.60534,0.000138386,-0.000153499,0.00848806,0.1262493,1.63685E-05,9.48889E-07,2.52758E-05,7.48209E-05,3.47008E-05,0.000185579
0.0014472,2.5058,0.67,5.0445,-0.00010796,0.019633,0.29187,2.88E-05,4.76E-06,0.00012304,0.00078861,0.00038094,0.002077,0.300696,0.0804,0.60534,5.22439E-05,-2.05124E-05,0.00373027,0.0554553,1.03961E-06,1.71785E-07,4.44174E-06,2.84688E-05,1.37519E-05,7.49797E-05
1.93E-07,2.544,0.67,5.0445,5.79E-05,1.22E-14,-6.32E-19,3.85E-07,8.15E-17,-6.96E-21,1.72E-26,-1.47E-30,2.88E-34,0.30528,0.0804,0.60534,6.95503E-09,1.10025E-05,2.3104E-15,-1.20031E-19,1.39104E-08,2.94208E-18,-2.51108E-22,6.22256E-28,-5.31861E-32,1.03899E-35
0,2.5837,0.67,5.0445,0,0,0,0,0,0,0,0,0,0.310044,0.0804,0.60534,0,0,0,0,0,0,0,0,0,0
0,2.625,0.67,5.0445,0,0,0,0,0,0,0,0,0,0.315,0.0804,0.60534,0,0,0,0,0,0,0,0,0,0
0,-0.125,0.67,5.0778,0,0,0,0,0,0,0,0,0,-0.015,0.0804,0.609336,0,0,0,0,0,0,0,0,0,0
0,-0.083719,0.67,5.0778,0,0,0,0,0,0,0,0,0,-0.01004628,0.0804,0.609336,0,0,0,0,0,0,0,0,0,0
5.80E-07,-0.044001,0.67,5.0778,-0.00097108,-2.67E-13,1.75E-17,1.16E-06,3.20E-16,-2.48E-20,8.80E-26,-6.84E-30,9.56E-34,-0.00528012,0.0804,0.609336,2.09402E-08,-0.000184505,-5.08098E-14,3.31911E-18,4.18796E-08,1.15354E-17,-8.96038E-22,3.17723E-27,-2.46931E-31,3.4526E-35
0.0010619,-0.0058053,0.67,5.0778,-0.0026281,0.023034,0.36655,1.39E-05,-3.09E-05,-3.01E-05,0.00078393,-0.00014084,0.001326,-0.000696636,0.0804,0.609336,3.83346E-05,-0.000499339,0.00437646,0.0696445,5.01682E-07,-1.11585E-06,-1.08607E-06,2.82999E-05,-5.08432E-06,4.78686E-05
0.0027783,0.030909,0.67,5.0778,-0.0080655,0.052204,0.83056,0.00020327,-0.00018178,-0.00017212,0.0020413,-0.00036572,0.0033121,0.00370908,0.0804,0.609336,0.000100297,-0.001532445,0.00991876,0.1578064,7.33805E-06,-6.56226E-06,-6.21353E-06,7.36909E-05,-1.32025E-05,0.000119567
0.0030912,0.066184,0.67,5.0778,-0.016771,0.047716,0.94064,0.0005645,-0.0002346,-0.00027451,0.0017686,-0.00031288,0.0038493,0.00794208,0.0804,0.609336,0.000111592,-0.00318649,0.00906604,0.1787216,2.03785E-05,-8.46906E-06,-9.90981E-06,6.38465E-05,-1.1295E-05,0.00013896
0.0035071,0.10006,0.67,5.0778,-0.023159,0.035907,0.96931,0.00067937,-0.00022828,-0.00022271,0.0013418,-0.0003853,0.004993,0.0120072,0.0804,0.609336,0.000126606,-0.00440021,0.00682233,0.1841689,2.45253E-05,-8.24091E-06,-8.03983E-06,4.8439E-05,-1.39093E-05,0.000180247
0.0036235,0.13258,0.67,5.0778,-0.025827,0.02729,0.99652,0.00051456,-0.00013933,-6.53E-05,0.0013611,-0.00086743,0.0053714,0.0159096,0.0804,0.609336,0.000130808,-0.00490713,0.0051851,0.1893388,1.85756E-05,-5.02981E-06,-2.35816E-06,4.91357E-05,-3.13142E-05,0.000193908
0.002684,0.16379,0.67,5.0778,-0.025597,0.012694,1.0194,0.00045597,1.63E-05,-7.09E-05,0.00096595,-0.00063813,0.003946,0.0196548,0.0804,0.609336,9.68924E-05,-0.00486343,0.00241186,0.193686,1.64605E-05,5.89116E-07,-2.56122E-06,3.48708E-05,-2.30365E-05,0.000142451
0.0022856,0.19372,0.67,5.0778,-0.024571,0.0072587,1.022,0.00058096,0.00011277,-0.0001933,0.00089592,-0.00025644,0.0030943,0.0232464,0.0804,0.609336,8.25102E-05,-0.00466849,0.001379153,0.19418,2.09727E-05,4.071E-06,-6.97813E-06,3.23427E-05,-9.25748E-06,0.000111704
0.0031316,0.22242,0.67,5.0778,-0.02315,0.011697,1.0271,0.00078788,0.00011063,-0.00081893,0.0010531,-0.00051229,0.0044222,0.0266904,0.0804,0.609336,0.000113051,-0.0043985,0.00222243,0.195149,2.84425E-05,3.99374E-06,-2.95634E-05,3.80169E-05,-1.84937E-05,0.000159641
0.0031342,0.24993,0.67,5.0778,-0.023253,0.018224,1.0378,0.0010269,-5.96E-05,-0.0011595,0.001122,-0.00029277,0.0041195,0.0299916,0.0804,0.609336,0.000113145,-0.00441807,0.00346256,0.197182,3.70711E-05,-2.1517E-06,-4.1858E-05,4.05042E-05,-1.0569E-05,0.000148714
0.0023761,0.27629,0.67,5.0778,-0.025806,0.022605,1.0441,0.0011522,2.08E-05,-0.0010574,0.0010549,-7.52E-05,0.0025451,0.0331548,0.0804,0.609336,8.57772E-05,-0.00490314,0.00429495,0.198379,4.15944E-05,7.52505E-07,-3.81721E-05,3.80819E-05,-2.71562E-06,9.18781E-05
0.002889,0.30154,0.67,5.0778,-0.027429,0.022613,1.0418,0.0011599,0.00017872,-0.0008654,0.001156,-0.00032163,0.0034622,0.0361848,0.0804,0.609336,0.000104293,-0.00521151,0.00429647,0.197942,4.18724E-05,6.45179E-06,-3.12409E-05,4.17316E-05,-1.16108E-05,0.000124985
0.0036006,0.32572,0.67,5.0778,-0.027065,0.015778,1.044,0.0011449,0.00013059,-0.0007783,0.0016278,-0.00085355,0.0044284,0.0390864,0.0804,0.609336,0.000129982,-0.00514235,0.00299782,0.19836,4.13309E-05,4.7143E-06,-2.80966E-05,5.87636E-05,-3.08132E-05,0.000159865
0.0034948,0.34887,0.67,5.0778,-0.027249,0.010539,1.0588,0.0012101,7.20E-05,-0.00086446,0.0017357,-0.0011398,0.0040437,0.0418644,0.0804,0.609336,0.000126162,-0.00517731,0.00200241,0.201172,4.36846E-05,2.59898E-06,-3.1207E-05,6.26588E-05,-4.11468E-05,0.000145978
0.0028709,0.37102,0.67,5.0778,-0.028697,0.014445,1.06,0.0013334,0.00021777,-0.00057926,0.0015189,-0.00084049,0.0028895,0.0445224,0.0804,0.609336,0.000103639,-0.00545243,0.00274455,0.2014,4.81357E-05,7.8615E-06,-2.09113E-05,5.48323E-05,-3.03417E-05,0.000104311
0.0024388,0.39221,0.67,5.0778,-0.030619,0.022521,1.0556,0.0013579,0.00038093,-0.00053215,0.0014258,-0.00045809,0.0020939,0.0470652,0.0804,0.609336,8.80407E-05,-0.00581761,0.00427899,0.200564,4.90202E-05,1.37516E-05,-1.92106E-05,5.14714E-05,-1.6537E-05,7.55898E-05
0.0020566,0.41248,0.67,5.0778,-0.032865,0.029595,1.0517,0.0013284,0.0002172,-0.00029265,0.001267,-0.00036424,0.0015178,0.0494976,0.0804,0.609336,7.42433E-05,-0.00624435,0.00562305,0.199823,4.79552E-05,7.84092E-06,-1.05647E-05,4.57387E-05,-1.31491E-05,5.47926E-05
0.0020753,0.43187,0.67,5.0778,-0.034803,0.032709,1.0515,0.001274,2.81E-05,-6.16E-05,0.0011787,-0.00058911,0.0016978,0.0518244,0.0804,0.609336,7.49183E-05,-0.00661257,0.00621471,0.199785,4.59914E-05,1.01279E-06,-2.22484E-06,4.25511E-05,-2.12669E-05,6.12906E-05
0.0024418,0.4504,0.67,5.0778,-0.036072,0.035136,1.0481,0.0012381,7.51E-05,-0.00028766,0.0012109,-0.00083402,0.0024347,0.054048,0.0804,0.609336,8.8149E-05,-0.00685368,0.00667584,0.199139,4.46954E-05,2.71187E-06,-1.03845E-05,4.37135E-05,-3.01081E-05,8.78927E-05
0.0028218,0.46812,0.67,5.0778,-0.037022,0.035681,1.0464,0.0012678,0.00022198,-0.0004261,0.0014607,-0.0011862,0.0029151,0.0561744,0.0804,0.609336,0.000101867,-0.00703418,0.00677939,0.198816,4.57676E-05,8.01348E-06,-1.53822E-05,5.27313E-05,-4.28218E-05,0.000105235
0.0029156,0.48504,0.67,5.0778,-0.037655,0.034262,1.0512,0.0012571,0.00027442,-0.00033029,0.0016354,-0.001413,0.0029387,0.0582048,0.0804,0.609336,0.000105253,-0.00715445,0.00650978,0.199728,4.53813E-05,9.90656E-06,-1.19235E-05,5.90379E-05,-5.10093E-05,0.000106087
0.0029448,0.50122,0.67,5.0778,-0.037925,0.034172,1.0549,0.0011749,0.00018027,-0.00020924,0.0018165,-0.0014253,0.0028982,0.0601464,0.0804,0.609336,0.000106307,-0.00720575,0.00649268,0.200431,4.24139E-05,6.50775E-06,-7.55356E-06,6.55757E-05,-5.14533E-05,0.000104625
0.0027617,0.51667,0.67,5.0778,-0.037942,0.034752,1.0555,0.0011226,9.62E-05,-0.00013896,0.0019914,-0.0012485,0.0024095,0.0620004,0.0804,0.609336,9.96974E-05,-0.00720898,0.00660288,0.200545,4.05259E-05,3.47394E-06,-5.01646E-06,7.18895E-05,-4.50709E-05,8.6983E-05
0.0024011,0.53142,0.67,5.0778,-0.037801,0.032941,1.0578,0.0011152,6.85E-05,-8.85E-05,0.0018752,-0.00099231,0.0018119,0.0637704,0.0804,0.609336,8.66797E-05,-0.00718219,0.00625879,0.200982,4.02587E-05,2.4718E-06,-3.19366E-06,6.76947E-05,-3.58224E-05,6.54096E-05
0.0021815,0.54551,0.67,5.0778,-0.037706,0.0306,1.0602,0.0010696,5.28E-05,-6.27E-05,0.001668,-0.00082177,0.0016255,0.0654612,0.0804,0.609336,7.87522E-05,-0.00716414,0.005814,0.201438,3.86126E-05,1.90446E-06,-2.26213E-06,6.02148E-05,-2.96659E-05,5.86806E-05
0.0019464,0.55896,0.67,5.0778,-0.037941,0.028922,1.0597,0.00096807,3.67E-05,-0.00013984,0.001475,-0.00055717,0.0014498,0.0670752,0.0804,0.609336,7.0265E-05,-0.00720879,0.00549518,0.201343,3.49473E-05,1.32375E-06,-5.04822E-06,5.32475E-05,-2.01138E-05,5.23378E-05
0.0018308,0.5718,0.67,5.0778,-0.038618,0.025312,1.058,0.00087461,1.08E-05,-0.00029058,0.0013495,-0.00020419,0.0014375,0.068616,0.0804,0.609336,6.60919E-05,-0.00733742,0.00480928,0.20102,3.15734E-05,3.91324E-07,-1.04899E-05,4.8717E-05,-7.37126E-06,5.18938E-05
0.0018729,0.58405,0.67,5.0778,-0.039485,0.021394,1.0599,0.00083706,3.63E-05,-0.00041387,0.0014896,-3.59E-05,0.0014193,0.070086,0.0804,0.609336,6.76117E-05,-0.00750215,0.00406486,0.201381,3.02179E-05,1.30927E-06,-1.49407E-05,5.37746E-05,-1.29729E-06,5.12367E-05
0.0019597,0.59575,0.67,5.0778,-0.040286,0.019294,1.0637,0.00085407,0.00015093,-0.00051843,0.0017003,-6.53E-05,0.0013651,0.07149,0.0804,0.609336,7.07452E-05,-0.00765434,0.00366586,0.202103,3.08319E-05,5.44857E-06,-1.87153E-05,6.13808E-05,-2.35899E-06,4.92801E-05
0.0020633,0.6069,0.67,5.0778,-0.040972,0.017927,1.0665,0.0009118,0.00026144,-0.00061752,0.0018202,-7.03E-05,0.0013947,0.072828,0.0804,0.609336,7.44851E-05,-0.00778468,0.00340613,0.202635,3.2916E-05,9.43798E-06,-2.22925E-05,6.57092E-05,-2.53797E-06,5.03487E-05
0.0021918,0.61755,0.67,5.0778,-0.04143,0.016191,1.0693,0.00099462,0.00031193,-0.00067774,0.0018831,-1.56E-06,0.0015059,0.074106,0.0804,0.609336,7.9124E-05,-0.0078717,0.00307629,0.203167,3.59058E-05,1.12607E-05,-2.44664E-05,6.79799E-05,-5.61897E-08,5.4363E-05
0.0023031,0.6277,0.67,5.0778,-0.041555,0.01326,1.0724,0.0010772,0.00032415,-0.00069869,0.0018331,0.0001037,0.001696,0.075324,0.0804,0.609336,8.31419E-05,-0.00789545,0.0025194,0.203756,3.88869E-05,1.17018E-05,-2.52227E-05,6.61749E-05,3.74357E-06,6.12256E-05
0.0022984,0.63738,0.67,5.0778,-0.041477,0.0092909,1.0747,0.0011359,0.00032152,-0.00063449,0.0017252,0.00021719,0.0017357,0.0764856,0.0804,0.609336,8.29722E-05,-0.00788063,0.001765271,0.204193,4.1006E-05,1.16069E-05,-2.29051E-05,6.22797E-05,7.84056E-06,6.26588E-05
0.002188,0.64661,0.67,5.0778,-0.041481,0.0051053,1.0778,0.001153,0.00030986,-0.0005033,0.0016234,0.0002639,0.0015996,0.0775932,0.0804,0.609336,7.89868E-05,-0.00788139,0.000970007,0.204782,4.16233E-05,1.11859E-05,-1.81691E-05,5.86047E-05,9.52679E-06,5.77456E-05
0.0019955,0.65542,0.67,5.0778,-0.041745,0.0014952,1.0819,0.0011171,0.00028351,-0.00034864,0.0015071,0.00021626,0.0013668,0.0786504,0.0804,0.609336,7.20376E-05,-0.00793155,0.000284088,0.205561,4.03273E-05,1.02347E-05,-1.25859E-05,5.44063E-05,7.80699E-06,4.93415E-05
0.0017877,0.66381,0.67,5.0778,-0.042317,-0.0013946,1.0869,0.0010293,0.00024787,-0.00021108,0.0013794,0.00011863,0.0011666,0.0796572,0.0804,0.609336,6.4536E-05,-0.00804023,-0.000264974,0.206511,3.71577E-05,8.94811E-06,-7.61999E-06,4.97963E-05,4.28254E-06,4.21143E-05
0.001598,0.67207,0.67,5.0778,-0.043212,-0.0037885,1.0925,0.00090157,0.00021527,-0.00010284,0.0012784,-1.08E-05,0.001016,0.0806484,0.0804,0.609336,5.76878E-05,-0.00821028,-0.000719815,0.207575,3.25467E-05,7.77125E-06,-3.71252E-06,4.61502E-05,-3.9136E-07,3.66776E-05
0.0014483,0.68032,0.67,5.0778,-0.044393,-0.0057837,1.0984,0.00075296,0.00019357,-4.84E-05,0.0012057,-0.00017769,0.00093784,0.0816384,0.0804,0.609336,5.22836E-05,-0.00843467,-0.001098903,0.208696,2.71819E-05,6.98788E-06,-1.74612E-06,4.35258E-05,-6.41461E-06,3.3856E-05
0.0013252,0.68858,0.67,5.0778,-0.045726,-0.0072552,1.1039,0.000611,0.00017458,-4.93E-05,0.0011351,-0.00034514,0.00090423,0.0826296,0.0804,0.609336,4.78397E-05,-0.00868794,-0.001378488,0.209741,2.20571E-05,6.30234E-06,-1.77839E-06,4.09771E-05,-1.24596E-05,3.26427E-05
0.0012159,0.69683,0.67,5.0778,-0.046998,-0.0081571,1.1079,0.00049764,0.00014453,-6.94E-05,0.0010534,-0.00045281,0.00088075,0.0836196,0.0804,0.609336,4.3894E-05,-0.00892962,-0.001549849,0.210501,1.79648E-05,5.21753E-06,-2.50512E-06,3.80277E-05,-1.63464E-05,3.17951E-05
0.0011366,0.70509,0.67,5.0778,-0.048071,-0.008917,1.1105,0.00042135,0.000103,-6.99E-05,0.00096096,-0.00051335,0.00089091,0.0846108,0.0804,0.609336,4.10313E-05,-0.00913349,-0.00169423,0.210995,1.52107E-05,3.7183E-06,-2.52501E-06,3.46907E-05,-1.85319E-05,3.21619E-05
0.0011112,0.71335,0.67,5.0778,-0.049012,-0.010028,1.1125,0.00038353,5.86E-05,-5.34E-05,0.00086297,-0.00056358,0.00097583,0.085602,0.0804,0.609336,4.01143E-05,-0.00931228,-0.00190532,0.211375,1.38454E-05,2.11701E-06,-1.92601E-06,3.11532E-05,-2.03452E-05,3.52275E-05
0.0011172,0.7216,0.67,5.0778,-0.049946,-0.011408,1.1145,0.00037995,1.13E-05,-3.45E-05,0.00077159,-0.00060402,0.0010828,0.086592,0.0804,0.609336,4.03309E-05,-0.00948974,-0.00216752,0.211755,1.37162E-05,4.07966E-07,-1.24596E-06,2.78544E-05,-2.18051E-05,3.90891E-05
0.0011168,0.72986,0.67,5.0778,-0.050867,-0.012843,1.1159,0.00040201,-4.25E-05,-1.73E-05,0.00070084,-0.00061486,0.0011308,0.0875832,0.0804,0.609336,4.03165E-05,-0.00966473,-0.00244017,0.212021,1.45126E-05,-1.53367E-06,-6.25144E-07,2.53003E-05,-2.21964E-05,4.08219E-05
0.0011129,0.73811,0.67,5.0778,-0.051718,-0.014367,1.1168,0.00043955,-9.65E-05,-3.61E-06,0.0006564,-0.0005986,0.0011299,0.0885732,0.0804,0.609336,4.01757E-05,-0.00982642,-0.00272973,0.212192,1.58678E-05,-3.48286E-06,-1.30184E-07,2.3696E-05,-2.16095E-05,4.07894E-05
0.0011201,0.74637,0.67,5.0778,-0.052457,-0.015827,1.1167,0.00048218,-0.00014105,5.70E-06,0.0006378,-0.0005692,0.0011202,0.0895644,0.0804,0.609336,4.04356E-05,-0.00996683,-0.00300713,0.212173,1.74067E-05,-5.09191E-06,2.05911E-07,2.30246E-05,-2.05481E-05,4.04392E-05
0.0011423,0.75463,0.67,5.0778,-0.052957,-0.016881,1.115,0.00052177,-0.00017084,6.33E-06,0.00065062,-0.00054158,0.0011122,0.0905556,0.0804,0.609336,4.1237E-05,-0.01006183,-0.00320739,0.21185,1.88359E-05,-6.16732E-06,2.28582E-07,2.34874E-05,-1.9551E-05,4.01504E-05
0.0011861,0.76288,0.67,5.0778,-0.053086,-0.017265,1.1118,0.00055363,-0.00018523,-1.14E-05,0.00070629,-0.00052724,0.0011122,0.0915456,0.0804,0.609336,4.28182E-05,-0.01008634,-0.00328035,0.211242,1.9986E-05,-6.6868E-06,-4.13201E-07,2.54971E-05,-1.90334E-05,4.01504E-05
0.00125,0.77114,0.67,5.0778,-0.05289,-0.016933,1.1078,0.00057385,-0.00018458,-4.51E-05,0.00080907,-0.00052611,0.0011171,0.0925368,0.0804,0.609336,0.000045125,-0.0100491,-0.00321727,0.210482,2.0716E-05,-6.66334E-06,-1.62959E-06,2.92074E-05,-1.89926E-05,4.03273E-05
0.0013295,0.7794,0.67,5.0778,-0.052479,-0.016083,1.1039,0.00058346,-0.00016703,-7.77E-05,0.00095552,-0.00053949,0.00112,0.093528,0.0804,0.609336,4.7995E-05,-0.00997101,-0.00305577,0.209741,2.10629E-05,-6.02978E-06,-2.80649E-06,3.44943E-05,-1.94756E-05,0.000040432
0.0014272,0.78765,0.67,5.0778,-0.051925,-0.014961,1.1004,0.00059056,-0.00013093,-8.89E-05,0.0011344,-0.000577,0.0011295,0.094518,0.0804,0.609336,5.15219E-05,-0.00986575,-0.00284259,0.209076,2.13192E-05,-4.72657E-06,-3.20803E-06,4.09518E-05,-2.08297E-05,4.0775E-05
0.001533,0.79591,0.67,5.0778,-0.051342,-0.013591,1.0974,0.00060011,-7.79E-05,-6.47E-05,0.0013188,-0.00064955,0.0011471,0.0955092,0.0804,0.609336,5.53413E-05,-0.00975498,-0.00258229,0.208506,2.1664E-05,-2.81241E-06,-2.33556E-06,4.76087E-05,-2.34488E-05,4.14103E-05
0.0016334,0.80416,0.67,5.0778,-0.050786,-0.011739,1.0951,0.00061513,-1.60E-05,-2.64E-05,0.0014748,-0.00076034,0.001177,0.0964992,0.0804,0.609336,5.89657E-05,-0.00964934,-0.00223041,0.208069,2.22062E-05,-5.78178E-07,-9.54015E-07,5.32403E-05,-2.74483E-05,4.24897E-05
0.0017374,0.81242,0.67,5.0778,-0.050169,-0.0091583,1.0934,0.00064088,4.23E-05,-1.46E-05,0.0015917,-0.00089222,0.0012423,0.0974904,0.0804,0.609336,6.27201E-05,-0.00953211,-0.001740077,0.207746,2.31358E-05,1.52613E-06,-5.25833E-07,5.74604E-05,-3.22091E-05,4.4847E-05
0.0018542,0.82068,0.67,5.0778,-0.049468,-0.0059416,1.0916,0.00067765,8.54E-05,-2.68E-05,0.0016889,-0.0010037,0.001342,0.0984816,0.0804,0.609336,6.69366E-05,-0.00939892,-0.001128904,0.207404,2.44632E-05,3.08211E-06,-9.67372E-07,6.09693E-05,-3.62336E-05,4.84462E-05
0.0019749,0.82893,0.67,5.0778,-0.048768,-0.0024977,1.0891,0.00071714,9.40E-05,-2.65E-05,0.0017803,-0.0010586,0.0014524,0.0994716,0.0804,0.609336,7.12939E-05,-0.00926592,-0.000474563,0.206929,2.58888E-05,3.39217E-06,-9.56867E-07,6.42688E-05,-3.82155E-05,5.24316E-05
0.0020926,0.83719,0.67,5.0778,-0.048185,0.00085439,1.0865,0.00074962,4.02E-05,-4.21E-06,0.0018665,-0.001049,0.0015691,0.1004628,0.0804,0.609336,7.55429E-05,-0.00915515,0.000162334,0.206435,2.70613E-05,1.45021E-06,-1.52013E-07,6.73807E-05,-3.78689E-05,5.66445E-05
0.0022119,0.84544,0.67,5.0778,-0.047872,0.0039212,1.0843,0.00076819,-8.25E-05,3.51E-05,0.0019532,-0.00099997,0.0017024,0.1014528,0.0804,0.609336,7.98496E-05,-0.00909568,0.000745028,0.206017,2.77317E-05,-2.97684E-06,1.26538E-06,7.05105E-05,-3.60989E-05,6.14566E-05
0.002339,0.8537,0.67,5.0778,-0.047881,0.0064928,1.0814,0.0007654,-0.00024145,0.00012572,0.0020413,-0.00097616,0.0018712,0.102444,0.0804,0.609336,8.44379E-05,-0.00909739,0.001233632,0.205466,2.76309E-05,-8.71635E-06,4.53849E-06,7.36909E-05,-3.52394E-05,6.75503E-05
0.0024951,0.86196,0.67,5.0778,-0.048136,0.0086966,1.0771,0.00074231,-0.00039954,0.00027077,0.0021413,-0.001039,0.0021066,0.1034352,0.0804,0.609336,9.00731E-05,-0.00914584,0.001652354,0.204649,2.67974E-05,-1.44234E-05,9.7748E-06,7.73009E-05,-3.75079E-05,7.60483E-05
0.0026805,0.87021,0.67,5.0778,-0.04857,0.011132,1.0719,0.00071176,-0.00054723,0.00040081,0.0023039,-0.0011812,0.0023453,0.1044252,0.0804,0.609336,9.67661E-05,-0.0092283,0.00211508,0.203661,2.56945E-05,-1.9755E-05,1.44692E-05,8.31708E-05,-4.26413E-05,8.46653E-05
0.0028259,0.87847,0.67,5.0778,-0.049131,0.013993,1.0667,0.00068868,-0.0006765,0.00048012,0.0025289,-0.001357,0.0024342,0.1054164,0.0804,0.609336,0.000102015,-0.00933489,0.00265867,0.202673,2.48613E-05,-2.44217E-05,1.73323E-05,9.12933E-05,-4.89877E-05,8.78746E-05
0.0028499,0.88672,0.67,5.0778,-0.049709,0.016638,1.0616,0.00068811,-0.00076707,0.00052259,0.0026974,-0.0014825,0.0023143,0.1064064,0.0804,0.609336,0.000102881,-0.00944471,0.00316122,0.201704,2.48408E-05,-2.76912E-05,1.88655E-05,9.73761E-05,-5.35183E-05,8.35462E-05
0.0027472,0.89498,0.67,5.0778,-0.05012,0.018382,1.0568,0.00072048,-0.00081138,0.00054728,0.0027008,-0.0014693,0.002073,0.1073976,0.0804,0.609336,9.91739E-05,-0.0095228,0.00349258,0.200792,2.60093E-05,-2.92908E-05,1.97568E-05,9.74989E-05,-5.30417E-05,7.48353E-05
0.0025843,0.90324,0.67,5.0778,-0.050285,0.019014,1.0526,0.00078178,-0.00081411,0.00059463,0.0025448,-0.0013606,0.001842,0.1083888,0.0804,0.609336,9.32932E-05,-0.00955415,0.00361266,0.199994,2.82223E-05,-2.93894E-05,2.14661E-05,9.18673E-05,-4.91177E-05,6.64962E-05
0.0024417,0.91149,0.67,5.0778,-0.05027,0.018885,1.0494,0.00086064,-0.00079021,0.00067375,0.0023388,-0.0012588,0.0016839,0.1093788,0.0804,0.609336,8.81454E-05,-0.0095513,0.00358815,0.199386,3.10691E-05,-2.85266E-05,2.43224E-05,8.44307E-05,-4.54427E-05,6.07888E-05
0.0023518,0.91975,0.67,5.0778,-0.050081,0.018573,1.0475,0.00095347,-0.00075655,0.00073404,0.0021786,-0.0011792,0.0015715,0.11037,0.0804,0.609336,8.49E-05,-0.00951539,0.00352887,0.199025,3.44203E-05,-2.73115E-05,2.64988E-05,7.86475E-05,-4.25691E-05,5.67312E-05
0.0023004,0.92801,0.67,5.0778,-0.049694,0.01818,1.0459,0.0010628,-0.00070982,0.00075512,0.0020364,-0.0010889,0.0015017,0.1113612,0.0804,0.609336,8.30444E-05,-0.00944186,0.0034542,0.198721,3.83671E-05,-2.56245E-05,2.72598E-05,7.3514E-05,-3.93093E-05,5.42114E-05
0.0022382,0.93626,0.67,5.0778,-0.049115,0.017303,1.0443,0.0011849,-0.00064551,0.00073875,0.0018458,-0.00098262,0.0014456,0.1123512,0.0804,0.609336,8.0799E-05,-0.00933185,0.00328757,0.198417,4.27749E-05,-2.33029E-05,2.66689E-05,6.66334E-05,-3.54726E-05,5.21862E-05
0.0021465,0.94452,0.67,5.0778,-0.048379,0.015468,1.0428,0.0013012,-0.00057404,0.0006983,0.001599,-0.00089571,0.0013928,0.1133424,0.0804,0.609336,7.74887E-05,-0.00919201,0.00293892,0.198132,4.69733E-05,-2.07228E-05,2.52086E-05,5.77239E-05,-3.23351E-05,5.02801E-05
0.0020498,0.95277,0.67,5.0778,-0.047583,0.012714,1.0409,0.0013891,-0.00051045,0.00066054,0.001346,-0.00086783,0.0013645,0.1143324,0.0804,0.609336,7.39978E-05,-0.00904077,0.00241566,0.197771,5.01465E-05,-1.84272E-05,2.38455E-05,4.85906E-05,-3.13287E-05,4.92585E-05
0.0019883,0.96103,0.67,5.0778,-0.046808,0.0098355,1.0385,0.0014477,-0.00046759,0.00063176,0.0011607,-0.0008922,0.0013682,0.1153236,0.0804,0.609336,7.17776E-05,-0.00889352,0.001868745,0.197315,5.2262E-05,-1.688E-05,2.28065E-05,4.19013E-05,-3.22084E-05,4.9392E-05
0.0019988,0.96929,0.67,5.0778,-0.046067,0.0076985,1.0356,0.0014948,-0.00044583,0.00061085,0.0010832,-0.00094379,0.0014196,0.1163148,0.0804,0.609336,7.21567E-05,-0.00875273,0.001462715,0.196764,5.39623E-05,-1.60945E-05,2.20517E-05,3.91035E-05,-3.40708E-05,5.12476E-05
0.0020624,0.97754,0.67,5.0778,-0.045297,0.0066617,1.0317,0.0015422,-0.00043197,0.00059246,0.0010912,-0.00097604,0.0014914,0.1173048,0.0804,0.609336,7.44526E-05,-0.00860643,0.001265723,0.196023,5.56734E-05,-1.55941E-05,2.13878E-05,3.93923E-05,-3.5235E-05,5.38395E-05
0.0021291,0.9858,0.67,5.0778,-0.044302,0.0068661,1.0264,0.0015901,-0.00041801,0.00056397,0.0011323,-0.00094501,0.0015357,0.118296,0.0804,0.609336,7.68605E-05,-0.00841738,0.001304559,0.195016,5.74026E-05,-1.50902E-05,2.03593E-05,4.0876E-05,-3.41149E-05,5.54388E-05
0.0021561,0.99405,0.67,5.0778,-0.043121,0.0083739,1.0193,0.0016409,-0.00040464,0.00053037,0.0011685,-0.00087921,0.0015029,0.119286,0.0804,0.609336,7.78352E-05,-0.00819299,0.001591041,0.193667,5.92365E-05,-1.46075E-05,1.91464E-05,4.21829E-05,-3.17395E-05,5.42547E-05
0.0021541,1.0023,0.67,5.0778,-0.042108,0.010611,1.0114,0.0017043,-0.00038691,0.00050843,0.0011947,-0.00083699,0.0014093,0.120276,0.0804,0.609336,7.7763E-05,-0.00800052,0.00201609,0.192166,6.15252E-05,-1.39675E-05,1.83543E-05,4.31287E-05,-3.02153E-05,5.08757E-05
0.0021665,1.0106,0.67,5.0778,-0.041378,0.012501,1.0033,0.0017909,-0.00035516,0.00048916,0.0012363,-0.00082064,0.0013058,0.121272,0.0804,0.609336,7.82107E-05,-0.00786182,0.00237519,0.190627,6.46515E-05,-1.28213E-05,1.76587E-05,4.46304E-05,-2.96251E-05,4.71394E-05
0.0022203,1.0188,0.67,5.0778,-0.04075,0.013662,0.99586,0.0019055,-0.00030298,0.00045558,0.0013174,-0.00078875,0.0012177,0.122256,0.0804,0.609336,8.01528E-05,-0.0077425,0.00259578,0.1892134,6.87886E-05,-1.09376E-05,1.64464E-05,4.75581E-05,-2.84739E-05,4.3959E-05
0.00229,1.0271,0.67,5.0778,-0.039991,0.014774,0.99031,0.0020438,-0.00022548,0.00041629,0.0014108,-0.00073936,0.0011255,0.123252,0.0804,0.609336,0.000082669,-0.00759829,0.00280706,0.1881589,7.37812E-05,-8.13983E-06,1.50281E-05,5.09299E-05,-2.66909E-05,4.06306E-05
0.0023393,1.0353,0.67,5.0778,-0.038918,0.016441,0.98697,0.0021928,-0.00012262,0.00038862,0.0014472,-0.0007019,0.0010386,0.124236,0.0804,0.609336,8.44487E-05,-0.00739442,0.00312379,0.1875243,7.91601E-05,-4.42658E-06,1.40292E-05,5.22439E-05,-2.53386E-05,3.74935E-05
0.0023726,1.0436,0.67,5.0778,-0.037556,0.018259,0.98501,0.0023378,-1.93E-06,0.00037635,0.0014107,-0.00065373,0.00099661,0.125232,0.0804,0.609336,8.56509E-05,-0.00713564,0.00346921,0.1871519,8.43946E-05,-6.95214E-08,1.35862E-05,5.09263E-05,-2.35997E-05,3.59776E-05
0.0024111,1.0518,0.67,5.0778,-0.036092,0.019405,0.98341,0.0024663,0.00011881,0.0003691,0.0013472,-0.00057891,0.0010087,0.126216,0.0804,0.609336,8.70407E-05,-0.00685748,0.00368695,0.1868479,8.90334E-05,4.28904E-06,1.33245E-05,4.86339E-05,-2.08987E-05,3.64141E-05
0.0024664,1.0601,0.67,5.0778,-0.034768,0.019651,0.98175,0.0025695,0.00021368,0.00035378,0.0012826,-0.00052225,0.0010807,0.127212,0.0804,0.609336,8.9037E-05,-0.00660592,0.00373369,0.1865325,9.2759E-05,7.71385E-06,1.27715E-05,4.63019E-05,-1.88532E-05,3.90133E-05
0.0025352,1.0684,0.67,5.0778,-0.033796,0.019428,0.98005,0.0026386,0.00026649,0.00032679,0.0012134,-0.0005097,0.0012183,0.128208,0.0804,0.609336,9.15207E-05,-0.00642124,0.00369132,0.1862095,9.52535E-05,9.62029E-06,1.17971E-05,4.38037E-05,-1.84002E-05,4.39806E-05
0.002612,1.0766,0.67,5.0778,-0.033265,0.019226,0.97822,0.0026677,0.00027886,0.00028522,0.0011384,-0.00054322,0.0014179,0.129192,0.0804,0.609336,9.42932E-05,-0.00632035,0.00365294,0.1858618,9.6304E-05,1.00668E-05,1.02964E-05,4.10962E-05,-1.96102E-05,5.11862E-05
0.0026728,1.0849,0.67,5.0778,-0.033091,0.019236,0.97626,0.002659,0.00026387,0.00023833,0.0010686,-0.00060851,0.0016181,0.130188,0.0804,0.609336,9.64881E-05,-0.00628729,0.00365484,0.1854894,9.59899E-05,9.52571E-06,8.60371E-06,3.85765E-05,-2.19672E-05,5.84134E-05
0.0027019,1.0931,0.67,5.0778,-0.033094,0.019397,0.9745,0.0026137,0.00023838,0.00018646,0.0010224,-0.00069366,0.0017677,0.131172,0.0804,0.609336,9.75386E-05,-0.00628786,0.00368543,0.185155,9.43546E-05,8.60552E-06,6.73121E-06,3.69086E-05,-2.50411E-05,6.3814E-05
0.0027346,1.1014,0.67,5.0778,-0.033114,0.019638,0.97309,0.0025365,0.00021363,0.00014221,0.0010111,-0.000804,0.0019216,0.132168,0.0804,0.609336,9.87191E-05,-0.00629166,0.00373122,0.1848871,9.15677E-05,7.71204E-06,5.13378E-06,3.65007E-05,-2.90244E-05,6.93698E-05
0.0028029,1.1096,0.67,5.0778,-0.03303,0.01996,0.9714,0.0024353,0.00019106,0.00010545,0.0010324,-0.00094831,0.0021381,0.133152,0.0804,0.609336,0.000101185,-0.0062757,0.0037924,0.184566,8.79143E-05,6.89727E-06,3.80675E-06,3.72696E-05,-3.4234E-05,7.71854E-05
0.0029024,1.1179,0.67,5.0778,-0.032703,0.020338,0.96885,0.002317,0.00016147,6.31E-05,0.0010674,-0.0011114,0.0024204,0.134148,0.0804,0.609336,0.000104777,-0.00621357,0.00386422,0.1840815,8.36437E-05,5.82907E-06,2.27618E-06,3.85331E-05,-4.01215E-05,8.73764E-05
0.0029887,1.1262,0.67,5.0778,-0.031971,0.02074,0.96565,0.0021894,0.0001149,2.30E-05,0.0010928,-0.0012516,0.0026952,0.135144,0.0804,0.609336,0.000107892,-0.00607449,0.0039406,0.1834735,7.90373E-05,4.14789E-06,8.30589E-07,3.94501E-05,-4.51828E-05,9.72967E-05
0.0030377,1.1344,0.67,5.0778,-0.030843,0.02129,0.96262,0.0020592,5.66E-05,-4.32E-06,0.0010953,-0.0013492,0.0029208,0.136128,0.0804,0.609336,0.000109661,-0.00586017,0.0040451,0.1828978,7.43371E-05,2.04431E-06,-1.55905E-07,3.95403E-05,-4.87061E-05,0.000105441
0.0030708,1.1427,0.67,5.0778,-0.029502,0.022225,0.96033,0.0019389,6.52E-06,-7.10E-07,0.0010792,-0.0014038,0.0031235,0.137124,0.0804,0.609336,0.000110856,-0.00560538,0.00422275,0.1824627,6.99943E-05,2.35271E-07,-2.56202E-08,3.89591E-05,-5.06772E-05,0.000112758
0.0031178,1.1509,0.67,5.0778,-0.028177,0.023493,0.95867,0.001839,-2.07E-05,3.07E-05,0.0010814,-0.0014366,0.0033152,0.138108,0.0804,0.609336,0.000112553,-0.00535363,0.00446367,0.1821473,6.63879E-05,-7.4644E-07,1.10997E-06,3.90385E-05,-5.18613E-05,0.000119679
0.0032174,1.1592,0.67,5.0778,-0.026964,0.024754,0.95716,0.0017662,-3.32E-05,8.95E-05,0.0011541,-0.0014846,0.0035144,0.139104,0.0804,0.609336,0.000116148,-0.00512316,0.00470326,0.1818604,6.37598E-05,-1.19794E-06,3.22951E-06,4.1663E-05,-5.35941E-05,0.00012687
0.0033453,1.1674,0.67,5.0778,-0.025769,0.025834,0.95589,0.0017117,-5.25E-05,0.00015481,0.0013138,-0.001565,0.0036652,0.140088,0.0804,0.609336,0.000120765,-0.00489611,0.00490846,0.1816191,6.17924E-05,-1.89568E-06,5.58864E-06,4.74282E-05,-5.64965E-05,0.000132314
0.00343,1.1757,0.67,5.0778,-0.024452,0.026719,0.9552,0.0016487,-9.31E-05,0.00018693,0.0015308,-0.0016685,0.0036804,0.141084,0.0804,0.609336,0.000123823,-0.00464588,0.00507661,0.181488,5.95181E-05,-3.36087E-06,6.74817E-06,5.52619E-05,-6.02329E-05,0.000132862
0.0034309,1.1839,0.67,5.0778,-0.022956,0.027341,0.95489,0.0015706,-0.00014225,0.0001807,0.0017397,-0.0017735,0.0035515,0.142068,0.0804,0.609336,0.000123855,-0.00436164,0.00519479,0.1814291,5.66987E-05,-5.13523E-06,6.52327E-06,6.28032E-05,-6.40234E-05,0.000128209
0.0033834,1.1922,0.67,5.0778,-0.021398,0.027713,0.95472,0.0014914,-0.00017158,0.00015327,0.0018596,-0.0018743,0.0034159,0.143064,0.0804,0.609336,0.000122141,-0.00406562,0.00526547,0.1813968,5.38395E-05,-6.19404E-06,5.53305E-06,6.71316E-05,-6.76622E-05,0.000123314
0.0033443,1.2005,0.67,5.0778,-0.019946,0.027923,0.95489,0.0014207,-0.00017202,0.00011576,0.001843,-0.0019641,0.0034249,0.14406,0.0804,0.609336,0.000120729,-0.00378974,0.00530537,0.1814291,5.12873E-05,-6.20992E-06,4.17894E-06,6.65323E-05,-7.0904E-05,0.000123639
0.0033236,1.2087,0.67,5.0778,-0.018656,0.028092,0.95584,0.00136,-0.00015758,8.02E-05,0.0016929,-0.0019989,0.0035942,0.145044,0.0804,0.609336,0.000119982,-0.00354464,0.00533748,0.1816096,0.000049096,-5.68864E-06,2.8963E-06,6.11137E-05,-7.21603E-05,0.000129751
0.0032791,1.217,0.67,5.0778,-0.017492,0.028338,0.95779,0.001302,-0.00014653,6.64E-05,0.0014623,-0.001942,0.0037939,0.14604,0.0804,0.609336,0.000118376,-0.00332348,0.00538422,0.1819801,4.70022E-05,-5.28973E-06,2.39874E-06,5.2789E-05,-7.01062E-05,0.00013696
0.0031637,1.2252,0.67,5.0778,-0.016382,0.028671,0.96079,0.0012433,-0.00014522,0.00010031,0.001237,-0.001801,0.0038472,0.147024,0.0804,0.609336,0.00011421,-0.00311258,0.00544749,0.1825501,4.48831E-05,-5.24244E-06,3.62119E-06,4.46557E-05,-6.50161E-05,0.000138884
0.0029691,1.2335,0.67,5.0778,-0.015275,0.028899,0.96477,0.0011899,-0.00014325,0.00018055,0.0010888,-0.0016294,0.0036596,0.14802,0.0804,0.609336,0.000107185,-0.00290225,0.00549081,0.1833063,4.29554E-05,-5.17133E-06,6.51786E-06,3.93057E-05,-5.88213E-05,0.000132112
0.0027279,1.2417,0.67,5.0778,-0.014142,0.028653,0.96914,0.0011412,-0.00013343,0.00025897,0.0010427,-0.0014754,0.003272,0.149004,0.0804,0.609336,9.84772E-05,-0.00268698,0.00544407,0.1841366,4.11973E-05,-4.81682E-06,9.34882E-06,3.76415E-05,-5.32619E-05,0.000118119
0.0024914,1.25,0.67,5.0778,-0.01293,0.027628,0.97287,0.0010986,-0.00012554,0.00031112,0.0010659,-0.0013214,0.0028183,0.15,0.0804,0.609336,8.99395E-05,-0.0024567,0.00524932,0.1848453,3.96595E-05,-4.53199E-06,1.12314E-05,3.8479E-05,-4.77025E-05,0.000101741
0.0022853,1.2583,0.67,5.0778,-0.011571,0.025832,0.97541,0.0010736,-0.00013192,0.0003525,0.0010999,-0.0011329,0.0023972,0.150996,0.0804,0.609336,8.24993E-05,-0.00219849,0.00490808,0.1853279,3.8757E-05,-4.76231E-06,1.27253E-05,3.97064E-05,-4.08977E-05,8.65389E-05
0.0021117,1.2665,0.67,5.0778,-0.010121,0.023576,0.97702,0.0010734,-0.00015293,0.00036628,0.0011181,-0.000951,0.0020319,0.15198,0.0804,0.609336,7.62324E-05,-0.00192299,0.00447944,0.1856338,3.87497E-05,-5.52077E-06,1.32227E-05,4.03634E-05,-3.43311E-05,7.33516E-05
0.0019867,1.2748,0.67,5.0778,-0.0087335,0.021221,0.97845,0.0010894,-0.00017599,0.00032716,0.001136,-0.00081765,0.0017479,0.152976,0.0804,0.609336,7.17199E-05,-0.001659365,0.00403199,0.1859055,3.93273E-05,-6.35324E-06,1.18105E-05,4.10096E-05,-2.95172E-05,6.30992E-05
0.0019345,1.283,0.67,5.0778,-0.0075285,0.019003,0.9803,0.001104,-0.00018541,0.00027707,0.0011667,-0.00070701,0.0015983,0.15396,0.0804,0.609336,6.98355E-05,-0.001430415,0.00361057,0.186257,3.98544E-05,-6.6933E-06,1.00022E-05,4.21179E-05,-2.55231E-05,5.76986E-05
0.0019219,1.2913,0.67,5.0778,-0.0065816,0.017072,0.98239,0.0011094,-0.00018113,0.00024411,0.0012115,-0.00058673,0.0015228,0.154956,0.0804,0.609336,6.93806E-05,-0.001250504,0.00324368,0.1866541,4.00493E-05,-6.53879E-06,8.81237E-06,4.37352E-05,-2.1181E-05,5.49731E-05
0.0018936,1.2995,0.67,5.0778,-0.0058807,0.015523,0.98387,0.0011005,-0.00017481,0.0002096,0.0012561,-0.00043807,0.0014306,0.15594,0.0804,0.609336,6.8359E-05,-0.001117333,0.00294937,0.1869353,3.97281E-05,-6.31064E-06,7.56656E-06,4.53452E-05,-1.58143E-05,5.16447E-05
0.0018313,1.3078,0.67,5.0778,-0.0053123,0.014365,0.9842,0.0010735,-0.00016231,0.0001683,0.0012506,-0.00028396,0.0013385,0.156936,0.0804,0.609336,6.61099E-05,-0.001009337,0.00272935,0.186998,3.87534E-05,-5.85939E-06,6.07563E-06,4.51467E-05,-1.0251E-05,4.83199E-05
0.0017409,1.316,0.67,5.0778,-0.0047886,0.013538,0.98381,0.0010388,-0.0001339,0.00012133,0.0011474,-0.00015297,0.0012956,0.15792,0.0804,0.609336,6.28465E-05,-0.000909834,0.00257222,0.1869239,3.75007E-05,-4.83379E-06,4.38001E-06,4.14211E-05,-5.52222E-06,4.67712E-05
0.0016302,1.3243,0.67,5.0778,-0.0043148,0.013069,0.98325,0.001004,-0.00010011,6.41E-05,0.00097126,-4.05E-05,0.0012851,0.158916,0.0804,0.609336,5.88502E-05,-0.000819812,0.00248311,0.1868175,3.62444E-05,-3.61397E-06,2.31322E-06,3.50625E-05,-1.46223E-06,4.63921E-05
0.0015346,1.3326,0.67,5.0778,-0.0038751,0.012966,0.98216,0.00096417,-7.48E-05,-3.18E-06,0.00079909,4.16E-05,0.0013059,0.159912,0.0804,0.609336,5.53991E-05,-0.000736269,0.00246354,0.1866104,3.48065E-05,-2.70115E-06,-1.14928E-07,2.88471E-05,1.50335E-06,4.7143E-05
0.0014605,1.3408,0.67,5.0778,-0.0033881,0.012916,0.9804,0.00091823,-6.30E-05,-6.81E-05,0.00066937,7.60E-05,0.0013334,0.160896,0.0804,0.609336,5.27241E-05,-0.000643739,0.00245404,0.186276,3.31481E-05,-2.27405E-06,-2.45895E-06,2.41643E-05,2.74349E-06,4.81357E-05
0.0013424,1.3491,0.67,5.0778,-0.0027693,0.012494,0.97858,0.00087353,-6.44E-05,-0.00011055,0.00057195,5.82E-05,0.0012394,0.161892,0.0804,0.609336,4.84606E-05,-0.000526167,0.00237386,0.1859302,3.15344E-05,-2.32495E-06,-3.99086E-06,2.06474E-05,2.09922E-06,4.47423E-05
0.0012019,1.3573,0.67,5.0778,-0.001967,0.011566,0.97674,0.00083668,-7.29E-05,-0.0001255,0.00050186,-2.55E-06,0.0010653,0.162876,0.0804,0.609336,4.33886E-05,-0.00037373,0.00219754,0.1855806,3.02041E-05,-2.63115E-06,-4.53055E-06,1.81171E-05,-9.22319E-08,3.84573E-05
0.0011179,1.3656,0.67,5.0778,-0.001018,0.010229,0.97532,0.00081379,-8.15E-05,-0.00012812,0.00046924,-7.59E-05,0.00095269,0.163872,0.0804,0.609336,4.03562E-05,-0.00019342,0.00194351,0.1853108,2.93778E-05,-2.9437E-06,-4.62513E-06,1.69396E-05,-2.74129E-06,3.43921E-05
0.0010624,1.3738,0.67,5.0778,-2.10E-05,0.0087223,0.97506,0.00080503,-8.28E-05,-0.00013319,0.00047018,-0.00014323,0.0008495,0.164856,0.0804,0.609336,3.83526E-05,-3.9938E-06,0.001657237,0.1852614,2.90616E-05,-2.98904E-06,-4.80816E-06,1.69735E-05,-5.1706E-06,3.0667E-05
0.0010347,1.3821,0.67,5.0778,0.00094509,0.0074357,0.97552,0.00079446,-7.43E-05,-0.00011981,0.00049037,-0.00018113,0.00078455,0.165852,0.0804,0.609336,3.73527E-05,0.000179567,0.001412783,0.1853488,2.868E-05,-2.68375E-06,-4.32514E-06,1.77024E-05,-6.53879E-06,2.83223E-05
0.0010545,1.3903,0.67,5.0778,0.0018429,0.0066937,0.97643,0.00078129,-6.11E-05,-8.87E-05,0.00052402,-0.00019559,0.00080361,0.166836,0.0804,0.609336,3.80675E-05,0.000350151,0.001271803,0.1855217,2.82046E-05,-2.206E-06,-3.20102E-06,1.89171E-05,-7.0608E-06,2.90103E-05
0.0010529,1.3986,0.67,5.0778,0.0026648,0.0064459,0.97746,0.00077609,-5.09E-05,-6.44E-05,0.00056871,-0.00021309,0.00076099,0.167832,0.0804,0.609336,3.80097E-05,0.000506312,0.001224721,0.1857174,2.80168E-05,-1.83821E-06,-2.32426E-06,2.05304E-05,-7.69255E-06,2.74717E-05
0.0010765,1.4069,0.67,5.0778,0.0034391,0.0063826,0.97859,0.00077189,-5.24E-05,-1.89E-05,0.00061992,-0.00021816,0.00076121,0.168828,0.0804,0.609336,3.88617E-05,0.000653429,0.001212694,0.1859321,2.78652E-05,-1.89168E-06,-6.84059E-07,2.23791E-05,-7.87558E-06,2.74797E-05
0.0011146,1.4151,0.67,5.0778,0.004191,0.0062981,0.98062,0.00077208,-6.28E-05,1.45E-05,0.0006811,-0.00023663,0.00077593,0.169812,0.0804,0.609336,4.02371E-05,0.00079629,0.001196639,0.1863178,2.78721E-05,-2.26795E-06,5.2262E-07,2.45877E-05,-8.54234E-06,2.80111E-05
0.0011659,1.4234,0.67,5.0778,0.004902,0.0061293,0.98356,0.0007674,-7.61E-05,4.79E-05,0.0007647,-0.00026461,0.00079963,0.170808,0.0804,0.609336,4.2089E-05,0.00093138,0.001164567,0.1868764,2.77031E-05,-2.74569E-06,1.73024E-06,2.76057E-05,-9.55242E-06,2.88666E-05
0.0012778,1.4316,0.67,5.0778,0.0055121,0.0058118,0.98716,0.00075814,-8.98E-05,6.61E-05,0.00088528,-0.00029203,0.00091216,0.171792,0.0804,0.609336,4.61286E-05,0.001047299,0.001104242,0.1875604,2.73689E-05,-3.2416E-06,2.38791E-06,3.19586E-05,-1.05423E-05,3.2929E-05
0.001394,1.4399,0.67,5.0778,0.0059598,0.0051133,0.99147,0.00075168,-0.00010655,5.42E-05,0.0010465,-0.00031723,0.00098996,0.172788,0.0804,0.609336,5.03234E-05,0.001132362,0.000971527,0.1883793,2.71356E-05,-3.84646E-06,1.95514E-06,3.77787E-05,-1.1452E-05,3.57376E-05
0.001515,1.4481,0.67,5.0778,0.0062286,0.0038024,0.99652,0.00073716,-0.00013131,5.42E-05,0.001222,-0.00033301,0.0010709,0.173772,0.0804,0.609336,5.46915E-05,0.001183434,0.000722456,0.1893388,2.66115E-05,-4.74029E-06,1.95691E-06,4.41142E-05,-1.20217E-05,3.86595E-05
0.0016179,1.4564,0.67,5.0778,0.0063467,0.0018134,1.0021,0.00071677,-0.00016195,6.06E-05,0.0013733,-0.00036415,0.0011457,0.174768,0.0804,0.609336,5.84062E-05,0.001205873,0.000344546,0.190399,2.58754E-05,-5.8464E-06,2.18636E-06,4.95761E-05,-1.31458E-05,4.13598E-05
0.0016906,1.4647,0.67,5.0778,0.0063716,-0.00072061,1.0076,0.00069123,-0.0001921,8.00E-05,0.0014755,-0.00041142,0.0012144,0.175764,0.0804,0.609336,6.10307E-05,0.001210604,-0.000136916,0.191444,2.49534E-05,-6.93481E-06,2.88659E-06,5.32656E-05,-1.48523E-05,4.38398E-05
0.0017317,1.4729,0.67,5.0778,0.0063802,-0.0033418,1.0124,0.00066423,-0.00021332,9.42E-05,0.0015129,-0.00048019,0.0012864,0.176748,0.0804,0.609336,6.25144E-05,0.001212238,-0.000634942,0.192356,2.39787E-05,-7.70085E-06,3.40001E-06,5.46157E-05,-1.73349E-05,4.6439E-05
0.0017503,1.4812,0.67,5.0778,0.0064615,-0.0055283,1.0163,0.00064058,-0.00022231,0.00011131,0.0014794,-0.00057563,0.0013806,0.177744,0.0804,0.609336,6.31858E-05,0.001227685,-0.001050377,0.193097,2.31249E-05,-8.02539E-06,4.01829E-06,5.34063E-05,-2.07802E-05,4.98397E-05
0.0017781,1.4894,0.67,5.0778,0.0067142,-0.0068103,1.0195,0.0006204,-0.00022266,0.00014562,0.0014054,-0.00069369,0.0015305,0.178728,0.0804,0.609336,6.41894E-05,0.001275698,-0.001293957,0.193705,2.23964E-05,-8.03803E-06,5.25688E-06,5.07349E-05,-2.50422E-05,5.52511E-05
0.0018397,1.4977,0.67,5.0778,0.0071531,-0.0068173,1.0227,0.00060094,-0.00022266,0.00020873,0.0013558,-0.00081699,0.0017227,0.179724,0.0804,0.609336,6.64132E-05,0.001359089,-0.001295287,0.194313,2.16939E-05,-8.03803E-06,7.53515E-06,4.89444E-05,-2.94933E-05,6.21895E-05
0.0019187,1.5059,0.67,5.0778,0.0077387,-0.0057865,1.0264,0.00058018,-0.00023016,0.00028902,0.0013708,-0.0009374,0.0018865,0.180708,0.0804,0.609336,6.92651E-05,0.001470353,-0.001099435,0.195016,2.09445E-05,-8.30878E-06,1.04336E-05,4.94859E-05,-3.38401E-05,6.81027E-05
0.0019792,1.5142,0.67,5.0778,0.0084932,-0.0046909,1.0301,0.00055854,-0.00024467,0.00035789,0.0014181,-0.0010286,0.0019817,0.181704,0.0804,0.609336,7.14491E-05,0.001613708,-0.000891271,0.195719,2.01633E-05,-8.83259E-06,1.29198E-05,5.11934E-05,-3.71325E-05,7.15394E-05
0.0019887,1.5224,0.67,5.0778,0.0094682,-0.0044437,1.0332,0.00053476,-0.00025608,0.00038944,0.0014382,-0.0010716,0.0020044,0.182688,0.0804,0.609336,7.17921E-05,0.001798958,-0.000844303,0.196308,1.93048E-05,-9.24449E-06,1.40588E-05,5.1919E-05,-3.86848E-05,7.23588E-05
0.0019382,1.5307,0.67,5.0778,0.010652,-0.0050187,1.0357,0.00050667,-0.00025666,0.0003869,0.0014153,-0.0010737,0.0019545,0.183684,0.0804,0.609336,6.9969E-05,0.00202388,-0.000953553,0.196783,1.82908E-05,-9.26543E-06,1.39671E-05,5.10923E-05,-3.87606E-05,7.05575E-05
0.0018674,1.539,0.67,5.0778,0.011953,-0.0058516,1.0377,0.00047656,-0.00024984,0.00036635,0.0013765,-0.0010601,0.0018818,0.18468,0.0804,0.609336,6.74131E-05,0.00227107,-0.001111804,0.197163,1.72038E-05,-9.01922E-06,1.32252E-05,4.96917E-05,-3.82696E-05,6.7933E-05
0.00181,1.5472,0.67,5.0778,0.013279,-0.0063282,1.0392,0.00045137,-0.00024111,0.00033684,0.0013518,-0.0010577,0.0018169,0.185664,0.0804,0.609336,0.000065341,0.00252301,-0.001202358,0.197448,1.62945E-05,-8.70407E-06,1.21599E-05,4.88E-05,-3.8183E-05,6.55901E-05
0.001781,1.5555,0.67,5.0778,0.014527,-0.0061672,1.0399,0.00043826,-0.00022986,0.00030465,0.0013376,-0.0010712,0.0017862,0.18666,0.0804,0.609336,6.42941E-05,0.00276013,-0.001171768,0.197581,1.58212E-05,-8.29795E-06,1.09979E-05,4.82874E-05,-3.86703E-05,6.44818E-05
0.0017641,1.5637,0.67,5.0778,0.015571,-0.0057256,1.0398,0.00043914,-0.00021722,0.00027306,0.0013095,-0.0010864,0.0017794,0.187644,0.0804,0.609336,6.3684E-05,0.00295849,-0.001087864,0.197562,1.5853E-05,-7.84164E-06,9.85747E-06,4.7273E-05,-3.9219E-05,6.42363E-05
0.0017354,1.572,0.67,5.0778,0.016389,-0.0053268,1.0392,0.00044894,-0.00020834,0.0002505,0.0012649,-0.0010751,0.001757,0.18864,0.0804,0.609336,6.26479E-05,0.00311391,-0.001012092,0.197448,1.62067E-05,-7.52107E-06,9.04305E-06,4.56629E-05,-3.88111E-05,6.34277E-05
0.0016914,1.5802,0.67,5.0778,0.017044,-0.0049717,1.0383,0.00046284,-0.00020378,0.00024037,0.0012201,-0.001031,0.0016998,0.189624,0.0804,0.609336,6.10595E-05,0.00323836,-0.000944623,0.197277,1.67085E-05,-7.35646E-06,8.67736E-06,4.40456E-05,-3.72191E-05,6.13628E-05
0.0016382,1.5885,0.67,5.0778,0.017515,-0.0044492,1.037,0.00047986,-0.0002038,0.00024079,0.0011916,-0.00096187,0.0016049,0.19062,0.0804,0.609336,5.9139E-05,0.00332785,-0.000845348,0.19703,1.73229E-05,-7.35718E-06,8.69252E-06,4.30168E-05,-3.47235E-05,5.79369E-05
0.0015834,1.5968,0.67,5.0778,0.01776,-0.0034347,1.0347,0.00050322,-0.00020942,0.00024016,0.0011847,-0.00086765,0.001479,0.191616,0.0804,0.609336,5.71607E-05,0.0033744,-0.000652593,0.196593,1.81662E-05,-7.56006E-06,8.66978E-06,4.27677E-05,-3.13222E-05,5.33919E-05
0.0015289,1.605,0.67,5.0778,0.017868,-0.0017195,1.0307,0.00053364,-0.0002192,0.00022486,0.0011859,-0.00073779,0.0013382,0.1926,0.0804,0.609336,5.51933E-05,0.00339492,-0.000326705,0.195833,1.92644E-05,-7.91312E-06,8.11745E-06,4.2811E-05,-2.66342E-05,4.8309E-05
0.0014796,1.6133,0.67,5.0778,0.017994,0.00068014,1.0257,0.0005612,-0.0002287,0.00019398,0.0011717,-0.00058075,0.0012263,0.193596,0.0804,0.609336,5.34136E-05,0.00341886,0.000129227,0.194883,2.02593E-05,-8.25607E-06,7.00268E-06,4.22984E-05,-2.09651E-05,4.42694E-05
0.0014368,1.6215,0.67,5.0778,0.018187,0.0034199,1.022,0.00057989,-0.00022907,0.00016795,0.0011319,-0.00043565,0.0011619,0.19458,0.0804,0.609336,5.18685E-05,0.00345553,0.000649781,0.19418,2.0934E-05,-8.26943E-06,6.063E-06,4.08616E-05,-1.5727E-05,4.19446E-05
0.0013852,1.6298,0.67,5.0778,0.018341,0.0060588,1.021,0.00060502,-0.00021805,0.00015395,0.0010841,-0.00032434,0.0010812,0.195576,0.0804,0.609336,5.00057E-05,0.00348479,0.001151172,0.19399,2.18412E-05,-7.87161E-06,5.5576E-06,3.9136E-05,-1.17087E-05,3.90313E-05
0.001325,1.638,0.67,5.0778,0.018288,0.0084523,1.023,0.00065876,-0.00020554,0.00012839,0.0010533,-0.00022368,0.00093801,0.19656,0.0804,0.609336,4.78325E-05,0.00347472,0.001605937,0.19437,2.37812E-05,-7.41999E-06,4.63488E-06,3.80241E-05,-8.07485E-06,3.38622E-05
0.0012764,1.6463,0.67,5.0778,0.017973,0.010511,1.0263,0.0007453,-0.00020153,8.83E-05,0.0010393,-0.00012085,0.00076828,0.197556,0.0804,0.609336,4.6078E-05,0.00341487,0.00199709,0.194997,2.69053E-05,-7.27523E-06,3.18723E-06,3.75187E-05,-4.36269E-06,2.77349E-05
0.0012684,1.6545,0.67,5.0778,0.017452,0.011918,1.0286,0.00085714,-0.00020707,7.20E-05,0.0010227,-4.88E-05,0.00065696,0.19854,0.0804,0.609336,4.57892E-05,0.00331588,0.00226442,0.195434,3.09428E-05,-7.47523E-06,2.59815E-06,3.69195E-05,-1.76038E-06,2.37163E-05
0.0013362,1.6628,0.67,5.0778,0.016827,0.012587,1.0292,0.00099542,-0.00021547,8.57E-05,0.00099709,-2.34E-05,0.00067992,0.199536,0.0804,0.609336,4.82368E-05,0.00319713,0.00239153,0.195548,3.59347E-05,-7.77847E-06,3.09301E-06,3.59949E-05,-8.44523E-07,2.45451E-05
0.0014993,1.6711,0.67,5.0778,0.01621,0.012981,1.0291,0.0011634,-0.00021931,0.0001093,0.00098039,-3.23E-05,0.00085483,0.200532,0.0804,0.609336,5.41247E-05,0.0030799,0.00246639,0.195529,4.19987E-05,-7.91709E-06,3.94573E-06,3.53921E-05,-1.16545E-06,3.08594E-05
0.0017382,1.6793,0.67,5.0778,0.015676,0.013757,1.0297,0.0013569,-0.00022155,0.00016229,0.0010267,-9.09E-05,0.0010928,0.201516,0.0804,0.609336,6.2749E-05,0.00297844,0.00261383,0.195643,4.89841E-05,-7.99796E-06,5.85867E-06,3.70639E-05,-3.282E-06,3.94501E-05
0.0020118,1.6876,0.67,5.0778,0.015279,0.014988,1.0305,0.0015716,-0.0002363,0.00025442,0.0011632,-0.00021908,0.0012887,0.202512,0.0804,0.609336,7.2626E-05,0.00290301,0.00284772,0.195795,5.67348E-05,-8.53043E-06,9.18456E-06,4.19915E-05,-7.90879E-06,4.65221E-05
0.0022885,1.6958,0.67,5.0778,0.015126,0.015972,1.0296,0.0018006,-0.00025859,0.00037729,0.001266,-0.00043001,0.0015103,0.203496,0.0804,0.609336,8.26149E-05,0.00287394,0.00303468,0.195624,6.50017E-05,-9.3351E-06,1.36202E-05,4.57026E-05,-1.55234E-05,5.45218E-05
0.0024587,1.7041,0.67,5.0778,0.015345,0.01601,1.0272,0.0020275,-0.00026097,0.00050482,0.0012061,-0.00058099,0.0016838,0.204492,0.0804,0.609336,8.87591E-05,0.00291555,0.0030419,0.195168,7.31928E-05,-9.42102E-06,1.8224E-05,4.35402E-05,-2.09737E-05,6.07852E-05
0.0023996,1.7123,0.67,5.0778,0.015945,0.015165,1.0263,0.0022291,-0.00024937,0.00055578,0.0010769,-0.00051363,0.0014932,0.205476,0.0804,0.609336,8.66256E-05,0.00302955,0.00288135,0.194997,8.04705E-05,-9.00226E-06,2.00637E-05,3.88761E-05,-1.8542E-05,5.39045E-05
0.002249,1.7206,0.67,5.0778,0.016776,0.0139,1.0269,0.0023839,-0.00025794,0.00052105,0.0010315,-0.00036133,0.0010825,0.206472,0.0804,0.609336,8.11889E-05,0.00318744,0.002641,0.195111,8.60588E-05,-9.31163E-06,1.88099E-05,3.72372E-05,-1.3044E-05,3.90783E-05
0.002195,1.7289,0.67,5.0778,0.017643,0.012682,1.0276,0.0024792,-0.00030491,0.00047319,0.0010981,-0.00028231,0.00081259,0.207468,0.0804,0.609336,7.92395E-05,0.00335217,0.00240958,0.195244,8.94991E-05,-1.10073E-05,1.70822E-05,3.96414E-05,-1.01914E-05,2.93345E-05
0.0022168,1.7371,0.67,5.0778,0.018374,0.012088,1.0281,0.0025098,-0.00038779,0.00044236,0.0012211,-0.00026258,0.0007027,0.208452,0.0804,0.609336,8.00265E-05,0.00349106,0.00229672,0.195339,9.06038E-05,-1.39992E-05,1.59692E-05,4.40817E-05,-9.47914E-06,2.53675E-05
0.0022429,1.7454,0.67,5.0778,0.018873,0.012507,1.0288,0.0024853,-0.0004884,0.00042427,0.0013471,-0.00024986,0.00065339,0.209448,0.0804,0.609336,8.09687E-05,0.00358587,0.00237633,0.195472,8.97193E-05,-1.76312E-05,1.53161E-05,4.86303E-05,-9.01995E-06,2.35874E-05
0.0022636,1.7536,0.67,5.0778,0.019141,0.013859,1.03,0.0024272,-0.00058954,0.00041344,0.0014924,-0.00022324,0.00060755,0.210432,0.0804,0.609336,8.1716E-05,0.00363679,0.00263321,0.1957,8.76219E-05,-2.12824E-05,1.49252E-05,5.38756E-05,-8.05896E-06,2.19326E-05
0.0022994,1.7619,0.67,5.0778,0.01922,0.015269,1.0312,0.0023498,-0.00067609,0.00040805,0.0016576,-0.00017565,0.00059138,0.211428,0.0804,0.609336,8.30083E-05,0.0036518,0.00290111,0.195928,8.48278E-05,-2.44068E-05,1.47306E-05,5.98394E-05,-6.34097E-06,2.13488E-05
0.0023229,1.7701,0.67,5.0778,0.019195,0.01565,1.0318,0.002259,-0.00072768,0.00041943,0.0017452,-0.00015863,0.00064161,0.212412,0.0804,0.609336,8.38567E-05,0.00364705,0.0029735,0.196042,8.15499E-05,-2.62692E-05,1.51414E-05,6.30017E-05,-5.72654E-06,2.31621E-05
0.0023115,1.7784,0.67,5.0778,0.019188,0.014899,1.0325,0.0021605,-0.00073152,0.00046644,0.0017096,-0.00022222,0.0007529,0.213408,0.0804,0.609336,8.34452E-05,0.00364572,0.00283081,0.196175,7.79941E-05,-2.64079E-05,1.68385E-05,6.17166E-05,-8.02214E-06,2.71797E-05
0.002304,1.7866,0.67,5.0778,0.019303,0.013634,1.034,0.002063,-0.00070466,0.0005401,0.001629,-0.00033901,0.00091591,0.214392,0.0804,0.609336,8.31744E-05,0.00366757,0.00259046,0.19646,7.44743E-05,-2.54382E-05,1.94976E-05,5.88069E-05,-1.22383E-05,3.30644E-05
0.0023156,1.7949,0.67,5.0778,0.019602,0.012313,1.0358,0.0019756,-0.00068839,0.00061089,0.0015726,-0.00046752,0.001083,0.215388,0.0804,0.609336,8.35932E-05,0.00372438,0.00233947,0.196802,7.13192E-05,-2.48509E-05,2.20531E-05,5.67709E-05,-1.68775E-05,3.90963E-05
0.0023317,1.8032,0.67,5.0778,0.020083,0.011142,1.0371,0.0019039,-0.00071214,0.00066961,0.0015591,-0.00059011,0.0012005,0.216384,0.0804,0.609336,8.41744E-05,0.00381577,0.00211698,0.197049,6.87308E-05,-2.57083E-05,2.41729E-05,5.62835E-05,-2.1303E-05,4.33381E-05
0.0023654,1.8114,0.67,5.0778,0.020652,0.01038,1.0371,0.0018477,-0.00077293,0.00071052,0.0015986,-0.00071077,0.0012844,0.217368,0.0804,0.609336,8.53909E-05,0.00392388,0.0019722,0.197049,6.6702E-05,-2.79028E-05,2.56498E-05,5.77095E-05,-2.56588E-05,4.63668E-05
0.0024491,1.8197,0.67,5.0778,0.021198,0.010293,1.0361,0.0018023,-0.00084648,0.00074028,0.0017108,-0.00083538,0.0013851,0.218364,0.0804,0.609336,8.84125E-05,0.00402762,0.00195567,0.196859,6.5063E-05,-3.05579E-05,2.67241E-05,6.17599E-05,-3.01572E-05,5.00021E-05
0.0025778,1.8279,0.67,5.0778,0.021698,0.01095,1.0348,0.0017597,-0.00090713,0.00077284,0.0018709,-0.00095195,0.001525,0.219348,0.0804,0.609336,9.30586E-05,0.00412262,0.0020805,0.196612,6.35252E-05,-3.27474E-05,2.78995E-05,6.75395E-05,-3.43654E-05,5.50525E-05
0.002705,1.8362,0.67,5.0778,0.022279,0.012248,1.0336,0.0017069,-0.00093465,0.00082278,0.0019951,-0.0010612,0.0017081,0.220344,0.0804,0.609336,9.76505E-05,0.00423301,0.00232712,0.196384,6.16191E-05,-3.37409E-05,2.97024E-05,7.20231E-05,-3.83093E-05,6.16624E-05
0.0027774,1.8446,0.67,5.0778,0.023134,0.013582,1.0326,0.0016371,-0.00093237,0.00086352,0.002037,-0.0011597,0.0018806,0.221352,0.0804,0.609336,0.000100264,0.00439546,0.00258058,0.196194,5.90993E-05,-3.36586E-05,3.11731E-05,7.35357E-05,-4.18652E-05,6.78897E-05
0.0027769,1.8534,0.67,5.0778,0.024316,0.014229,1.032,0.0015575,-0.00091125,0.00086751,0.001997,-0.0012208,0.0019992,0.222408,0.0804,0.609336,0.000100246,0.00462004,0.00270351,0.19608,5.62258E-05,-3.28961E-05,3.13171E-05,7.20917E-05,-4.40709E-05,7.21711E-05
0.0027153,1.8626,0.67,5.0778,0.025643,0.013885,1.0323,0.0014805,-0.00087123,0.00082777,0.0019149,-0.0012049,0.0020352,0.223512,0.0804,0.609336,9.80223E-05,0.00487217,0.00263815,0.196137,5.34461E-05,-3.14514E-05,2.98825E-05,6.91279E-05,-4.34969E-05,7.34707E-05
0.0026011,1.8723,0.67,5.0778,0.026802,0.013101,1.0339,0.0014062,-0.00079795,0.00074451,0.0018234,-0.0011209,0.0019727,0.224676,0.0804,0.609336,9.38997E-05,0.00509238,0.00248919,0.196441,5.07638E-05,-2.8806E-05,2.68768E-05,6.58247E-05,-4.04645E-05,7.12145E-05
0.0024687,1.8824,0.67,5.0778,0.027558,0.012615,1.0364,0.001315,-0.00067149,0.00064705,0.0017081,-0.0010264,0.0019143,0.225888,0.0804,0.609336,8.91201E-05,0.00523602,0.00239685,0.196916,4.74715E-05,-2.42408E-05,2.33585E-05,6.16624E-05,-3.7053E-05,6.91062E-05
0.0023497,1.8931,0.67,5.0778,0.027985,0.011895,1.0378,0.0011997,-0.00050901,0.0005358,0.0015656,-0.00090228,0.0019341,0.227172,0.0804,0.609336,8.48242E-05,0.00531715,0.00226005,0.197182,4.33092E-05,-1.83753E-05,1.93424E-05,5.65182E-05,-3.25723E-05,6.9821E-05
0.0022118,1.9042,0.67,5.0778,0.028484,0.01067,1.0373,0.0010891,-0.00035098,0.00039626,0.0013828,-0.00073908,0.0019518,0.228504,0.0804,0.609336,7.9846E-05,0.00541196,0.0020273,0.197087,3.93165E-05,-1.26704E-05,1.4305E-05,4.99191E-05,-2.66808E-05,7.046E-05
0.0020603,1.9159,0.67,5.0778,0.029327,0.0099173,1.0363,0.00102,-0.0002091,0.0002657,0.0011568,-0.00060319,0.0019437,0.229908,0.0804,0.609336,7.43768E-05,0.00557213,0.001884287,0.196897,0.000036822,-7.54851E-06,9.59177E-06,4.17605E-05,-2.17752E-05,7.01676E-05
0.0018261,1.9282,0.67,5.0778,0.0302,0.010358,1.0348,0.0010089,-5.53E-05,0.00014185,0.0009347,-0.00044388,0.0017087,0.231384,0.0804,0.609336,6.59222E-05,0.005738,0.00196802,0.196612,3.64213E-05,-1.99471E-06,5.12079E-06,3.37427E-05,-1.60241E-05,6.16841E-05
0.0016581,1.941,0.67,5.0778,0.030431,0.010677,1.034,0.0010463,8.61E-05,5.23E-05,0.00080761,-0.00025428,0.0014623,0.23292,0.0804,0.609336,5.98574E-05,0.00578189,0.00202863,0.19646,3.77714E-05,3.10778E-06,1.88817E-06,2.91547E-05,-9.17951E-06,5.2789E-05
0.0016061,1.9545,0.67,5.0778,0.029569,0.010051,1.0323,0.0010929,0.00015539,-3.82E-05,0.00078402,-0.00017566,0.0013353,0.23454,0.0804,0.609336,5.79802E-05,0.00561811,0.00190969,0.196137,3.94537E-05,5.60958E-06,-1.37859E-06,2.83031E-05,-6.34133E-06,4.82043E-05
0.0015736,1.9686,0.67,5.0778,0.028107,0.0087435,1.0294,0.0011298,0.00013355,-0.00013893,0.00080923,-0.00018024,0.0012082,0.236232,0.0804,0.609336,5.6807E-05,0.00534033,0.001661265,0.195586,4.07858E-05,4.82116E-06,-5.01537E-06,2.92132E-05,-6.50666E-06,4.3616E-05
0.0015611,1.9833,0.67,5.0778,0.027034,0.004634,1.026,0.0011821,4.74E-05,-0.00017558,0.00074379,-0.00020718,0.0011963,0.237996,0.0804,0.609336,5.63557E-05,0.00513646,0.00088046,0.19494,4.26738E-05,1.71132E-06,-6.33844E-06,2.68508E-05,-7.4792E-06,4.31864E-05
0.0016954,1.9988,0.67,5.0778,0.026019,-0.00054931,1.0228,0.0012455,-9.88E-06,-4.22E-05,0.00062032,-8.01E-05,0.001525,0.239856,0.0804,0.609336,6.12039E-05,0.00494361,-0.000104369,0.194332,4.49626E-05,-3.56672E-07,-1.52385E-06,2.23936E-05,-2.89067E-06,5.50525E-05
0.0022017,2.0149,0.67,5.0778,0.023961,-0.0034568,1.0189,0.001278,1.85E-05,0.00020745,0.00058498,0.00011341,0.0025404,0.241788,0.0804,0.609336,7.94814E-05,0.00455259,-0.000656792,0.193591,4.61358E-05,6.69583E-07,7.48895E-06,2.11178E-05,4.0941E-06,9.17084E-05
0.0026122,2.0319,0.67,5.0778,0.021239,-0.0061362,1.0114,0.0012279,7.57E-05,0.00041979,0.00061724,0.00014419,0.0033791,0.243828,0.0804,0.609336,9.43004E-05,0.00403541,-0.001165878,0.192166,4.43272E-05,2.73291E-06,1.51544E-05,2.22824E-05,5.20526E-06,0.000121986
0.0028479,2.0496,0.67,5.0778,0.018545,-0.0092032,1.003,0.001163,6.57E-06,0.00070081,0.00063202,6.53E-06,0.0039008,0.245952,0.0804,0.609336,0.000102809,0.00352355,-0.001748608,0.19057,4.19843E-05,2.37209E-07,2.52992E-05,2.28159E-05,2.35841E-07,0.000140819
0.0038231,2.0681,0.67,5.0778,0.016286,-0.004858,0.9907,0.0012442,-0.0001908,0.0013295,0.00073448,-0.00024778,0.0056675,0.248172,0.0804,0.609336,0.000138014,0.00309434,-0.00092302,0.188233,4.49156E-05,-6.88788E-06,4.7995E-05,2.65147E-05,-8.94486E-06,0.000204597
0.0050311,2.0875,0.67,5.0778,0.015018,0.0032954,0.98415,0.0014632,-0.00037152,0.0020717,0.0010277,-0.00087328,0.0075713,0.2505,0.0804,0.609336,0.000181623,0.00285342,0.000626126,0.1869885,5.28215E-05,-1.34119E-05,7.47884E-05,3.71E-05,-3.15254E-05,0.000273324
0.0053669,2.1078,0.67,5.0778,0.015783,0.012122,0.97238,0.0016857,-0.00027022,0.0024173,0.0011754,-0.0010128,0.0078727,0.252936,0.0804,0.609336,0.000193745,0.00299877,0.00230318,0.1847522,6.08538E-05,-9.75494E-06,8.72645E-05,4.24319E-05,-3.65621E-05,0.000284204
0.0051813,2.129,0.67,5.0778,0.01909,0.015517,0.96283,0.0018471,-0.00023222,0.0026444,0.0010515,-0.00074899,0.0074639,0.25548,0.0804,0.609336,0.000187045,0.0036271,0.00294823,0.1829377,6.66803E-05,-8.38314E-06,9.54628E-05,3.79592E-05,-2.70385E-05,0.000269447
0.0042653,2.1511,0.67,5.0778,0.021322,0.015187,0.96988,0.0019212,-6.96E-05,0.0023984,0.00099932,-0.00030479,0.00561,0.258132,0.0804,0.609336,0.000153977,0.00405118,0.00288553,0.1842772,6.93553E-05,-2.51285E-06,8.65822E-05,3.60755E-05,-1.10029E-05,0.000202521
0.003422,2.1743,0.67,5.0778,0.020173,0.019281,0.96713,0.0018256,0.0002966,0.0016497,0.0010201,0.00017595,0.0039983,0.260916,0.0804,0.609336,0.000123534,0.00383287,0.00366339,0.1837547,6.59042E-05,1.07073E-05,5.95542E-05,3.68256E-05,6.3518E-06,0.000144339
0.0033113,2.1984,0.67,5.0778,0.018123,0.022803,0.96021,0.0016003,0.00057403,0.0012637,0.0012409,0.00043348,0.0037814,0.263808,0.0804,0.609336,0.000119538,0.00344337,0.00433257,0.1824399,5.77708E-05,2.07225E-05,4.56196E-05,4.47965E-05,1.56486E-05,0.000136509
0.0037163,2.2237,0.67,5.0778,0.017484,0.021654,0.93848,0.0013683,0.00072519,0.0012675,0.0017284,0.00096141,0.0043359,0.266844,0.0804,0.609336,0.000134158,0.00332196,0.00411426,0.1783112,4.93956E-05,2.61794E-05,4.57568E-05,6.23952E-05,3.47069E-05,0.000156526
0.0051799,2.2501,0.67,5.0778,0.016557,0.020096,0.916,0.0011278,0.00036131,0.001456,0.00211,0.00080977,0.007122,0.270012,0.0804,0.609336,0.000186994,0.00314583,0.00381824,0.17404,4.07136E-05,1.30433E-05,5.25616E-05,0.000076171,2.92327E-05,0.000257104
0.0049601,2.2776,0.67,5.0778,0.012787,0.026563,0.89815,0.0010204,-4.31E-05,0.0013111,0.0020848,-2.45E-05,0.006815,0.273312,0.0804,0.609336,0.00017906,0.00242953,0.00504697,0.1706485,3.68364E-05,-1.55717E-06,4.73307E-05,7.52613E-05,-8.83475E-07,0.000246022
0.005163,2.3063,0.67,5.0778,0.0066454,0.037031,0.88809,0.0010643,4.95E-05,0.0011697,0.001822,-0.0006932,0.0074398,0.276756,0.0804,0.609336,0.000186384,0.001262626,0.00703589,0.1687371,3.84212E-05,1.78857E-06,4.22262E-05,6.57742E-05,-2.50245E-05,0.000268577
0.0054514,2.3362,0.67,5.0778,3.83E-05,0.046808,0.88077,0.0011576,0.00023998,0.0012377,0.0018941,-0.00077811,0.0078512,0.280344,0.0804,0.609336,0.000196796,7.28593E-06,0.00889352,0.1673463,4.17894E-05,8.66328E-06,4.4681E-05,6.8377E-05,-2.80898E-05,0.000283428
0.0050126,2.3674,0.67,5.0778,-0.0032765,0.051732,0.85822,0.0013658,0.0001206,0.0012038,0.0024688,-0.0009772,0.0061905,0.284088,0.0804,0.609336,0.000180955,-0.000622535,0.00982908,0.1630618,4.93054E-05,4.35366E-06,4.34572E-05,8.91237E-05,-3.52769E-05,0.000223477
0.0057065,2.3999,0.67,5.0778,-0.0028615,0.060682,0.83546,0.0015162,0.00049366,0.0011767,0.0037682,0.00035927,0.0061285,0.287988,0.0804,0.609336,0.000206005,-0.000543685,0.01152958,0.1587374,5.47348E-05,1.78211E-05,4.24789E-05,0.000136032,1.29696E-05,0.000221239
0.0052936,2.4338,0.67,5.0778,-0.0017957,0.060157,0.78447,0.0011992,0.00052818,0.0011784,0.0036425,0.0015996,0.0057456,0.292056,0.0804,0.609336,0.000191099,-0.000341183,0.01142983,0.1490493,4.32911E-05,1.90673E-05,4.25402E-05,0.000131494,5.77456E-05,0.000207416
0.0039242,2.4691,0.67,5.0778,-0.00085215,0.045903,0.66605,0.00046338,4.50E-05,0.00075214,0.0021177,0.00098815,0.0052674,0.296292,0.0804,0.609336,0.000141664,-0.000161909,0.00872157,0.1265495,1.6728E-05,1.62602E-06,2.71523E-05,7.6449E-05,3.56722E-05,0.000190153
0.001485,2.5058,0.67,5.0778,3.75E-06,0.020173,0.29256,2.96E-05,7.95E-06,0.00013249,0.00080584,0.00039229,0.0021346,0.300696,0.0804,0.609336,5.36085E-05,7.12272E-07,0.00383287,0.0555864,1.06697E-06,2.86898E-07,4.78289E-06,2.90908E-05,1.41617E-05,7.70591E-05
2.60E-07,2.544,0.67,5.0778,0.00017871,3.78E-14,-9.43E-18,5.19E-07,1.10E-16,-2.47E-20,2.32E-26,-5.22E-30,1.38E-33,0.30528,0.0804,0.609336,9.37625E-09,3.39549E-05,7.17269E-15,-1.7917E-18,1.87521E-08,3.96703E-18,-8.90876E-22,8.39253E-28,-1.88525E-31,4.9735E-35
0,2.5837,0.67,5.0778,0,0,0,0,0,0,0,0,0,0.310044,0.0804,0.609336,0,0,0,0,0,0,0,0,0,0
0,2.625,0.67,5.0778,0,0,0,0,0,0,0,0,0,0.315,0.0804,0.609336,0,0,0,0,0,0,0,0,0,0
0,-0.125,0.67,5.1101,0,0,0,0,0,0,0,0,0,-0.015,0.0804,0.613212,0,0,0,0,0,0,0,0,0,0
0,-0.083719,0.67,5.1101,0,0,0,0,0,0,0,0,0,-0.01004628,0.0804,0.613212,0,0,0,0,0,0,0,0,0,0
7.08E-07,-0.044001,0.67,5.1101,-0.00071347,-1.97E-13,1.48E-17,1.42E-06,3.91E-16,-2.58E-20,1.08E-25,-7.10E-30,1.00E-33,-0.00528012,0.0804,0.613212,2.55743E-08,-0.000135559,-3.73692E-14,2.82112E-18,5.11501E-08,1.40974E-17,-9.30117E-22,3.88544E-27,-2.56415E-31,3.62372E-35
0.0010392,-0.0058053,0.67,5.1101,-0.0023736,0.023199,0.36788,1.41E-05,-3.03E-05,-3.00E-05,0.0007833,-0.00013798,0.0012809,-0.000696636,0.0804,0.613212,3.75151E-05,-0.000450984,0.00440781,0.0698972,5.10382E-07,-1.09437E-06,-1.08462E-06,2.82771E-05,-4.98108E-06,4.62405E-05
0.0027209,0.030909,0.67,5.1101,-0.0080806,0.052573,0.8335,0.00020301,-0.00017826,-0.0001719,0.0020394,-0.00035808,0.0031993,0.00370908,0.0804,0.613212,9.82245E-05,-0.001535314,0.00998887,0.158365,7.32866E-06,-6.43519E-06,-6.20559E-06,7.36223E-05,-1.29267E-05,0.000115495
0.0030565,0.066184,0.67,5.1101,-0.016856,0.048084,0.94347,0.000563,-0.00022994,-0.00026527,0.0017651,-0.00032587,0.0037849,0.00794208,0.0804,0.613212,0.00011034,-0.00320264,0.00913596,0.1792593,2.03243E-05,-8.30083E-06,-9.57625E-06,6.37201E-05,-1.17639E-05,0.000136635
0.0034179,0.10006,0.67,5.1101,-0.02364,0.03641,0.97232,0.00066778,-0.00023843,-0.00020696,0.0013636,-0.00039882,0.0048044,0.0120072,0.0804,0.613212,0.000123386,-0.0044916,0.0069179,0.1847408,2.41069E-05,-8.60732E-06,-7.47126E-06,4.9226E-05,-1.43974E-05,0.000173439
0.0035327,0.13258,0.67,5.1101,-0.026878,0.0278,0.99981,0.00049881,-0.00015683,-5.27E-05,0.0013764,-0.00084494,0.0051901,0.0159096,0.0804,0.613212,0.00012753,-0.00510682,0.005282,0.1899639,1.8007E-05,-5.66156E-06,-1.9011E-06,4.9688E-05,-3.05023E-05,0.000187363
0.0026659,0.16379,0.67,5.1101,-0.026844,0.013109,1.0217,0.0004511,2.18E-06,-6.46E-05,0.0009503,-0.00061574,0.0039305,0.0196548,0.0804,0.613212,9.6239E-05,-0.00510036,0.00249071,0.194123,1.62847E-05,7.85933E-08,-2.33072E-06,3.43058E-05,-2.22282E-05,0.000141891
0.0022753,0.19372,0.67,5.1101,-0.025797,0.0077817,1.0242,0.00058366,9.96E-05,-0.00017832,0.00088865,-0.00025488,0.0030784,0.0232464,0.0804,0.613212,8.21383E-05,-0.00490143,0.001478523,0.194598,2.10701E-05,3.59455E-06,-6.43735E-06,3.20803E-05,-9.20117E-06,0.00011113
0.0031635,0.22242,0.67,5.1101,-0.024456,0.012487,1.0291,0.00079425,0.00010348,-0.00080847,0.0010667,-0.00052678,0.0044661,0.0266904,0.0804,0.613212,0.000114202,-0.00464664,0.00237253,0.195529,2.86724E-05,3.73563E-06,-2.91858E-05,3.85079E-05,-1.90168E-05,0.000161226
0.0031679,0.24993,0.67,5.1101,-0.024675,0.018963,1.0396,0.0010401,-4.92E-05,-0.0011822,0.0011338,-0.00028721,0.004162,0.0299916,0.0804,0.613212,0.000114361,-0.00468825,0.00360297,0.197524,3.75476E-05,-1.77666E-06,-4.26774E-05,4.09302E-05,-1.03683E-05,0.000150248
0.0023698,0.27629,0.67,5.1101,-0.027358,0.022967,1.0458,0.0011679,3.71E-05,-0.0010737,0.0010552,-6.38E-05,0.0025164,0.0331548,0.0804,0.613212,8.55498E-05,-0.00519802,0.00436373,0.198702,4.21612E-05,1.33859E-06,-3.87606E-05,3.80927E-05,-2.30296E-06,9.0842E-05
0.0028911,0.30154,0.67,5.1101,-0.02914,0.022861,1.0431,0.0011714,0.00017373,-0.00086391,0.0011779,-0.00035231,0.0034329,0.0361848,0.0804,0.613212,0.000104369,-0.0055366,0.00434359,0.198189,4.22875E-05,6.27165E-06,-3.11872E-05,4.25222E-05,-1.27184E-05,0.000123928
0.0036532,0.32572,0.67,5.1101,-0.028984,0.016036,1.0455,0.0011614,0.00011561,-0.00078302,0.0016656,-0.0009069,0.0044793,0.0390864,0.0804,0.613212,0.000131881,-0.00550696,0.00304684,0.198645,4.19265E-05,4.17352E-06,-2.8267E-05,6.01282E-05,-3.27391E-05,0.000161703
0.0035171,0.34887,0.67,5.1101,-0.029406,0.010872,1.0599,0.0012354,6.26E-05,-0.00085252,0.0017452,-0.0011689,0.0040535,0.0418644,0.0804,0.613212,0.000126967,-0.00558714,0.00206568,0.201381,4.45979E-05,2.26127E-06,-3.0776E-05,6.30017E-05,-4.21973E-05,0.000146331
0.0028407,0.37102,0.67,5.1101,-0.030973,0.014761,1.0608,0.0013551,0.0002196,-0.00057572,0.0014934,-0.00081782,0.0028329,0.0445224,0.0804,0.613212,0.000102549,-0.00588487,0.00280459,0.201552,4.89191E-05,7.92756E-06,-2.07835E-05,5.39117E-05,-2.95233E-05,0.000102268
0.0024057,0.39221,0.67,5.1101,-0.032926,0.022891,1.0565,0.0013707,0.00037648,-0.00051968,0.0013914,-0.00042605,0.0020493,0.0470652,0.0804,0.613212,8.68458E-05,-0.00625594,0.00434929,0.200735,4.94823E-05,1.35909E-05,-1.87604E-05,5.02295E-05,-1.53804E-05,7.39797E-05
0.0020443,0.41248,0.67,5.1101,-0.035251,0.030049,1.0524,0.0013308,0.00020341,-0.00026314,0.0012409,-0.00036424,0.0015169,0.0494976,0.0804,0.613212,7.37992E-05,-0.00669769,0.00570931,0.199956,4.80419E-05,7.3431E-06,-9.49935E-06,4.47965E-05,-1.31491E-05,5.47601E-05
0.0021063,0.43187,0.67,5.1101,-0.037287,0.033107,1.0521,0.0012785,3.24E-05,-7.37E-05,0.001165,-0.00060912,0.0017691,0.0518244,0.0804,0.613212,7.60374E-05,-0.00708453,0.00629033,0.199899,4.61539E-05,1.1704E-06,-2.66025E-06,4.20565E-05,-2.19892E-05,6.38645E-05
0.0025108,0.4504,0.67,5.1101,-0.038632,0.035469,1.0482,0.0012641,9.99E-05,-0.00033555,0.0012122,-0.00086122,0.0025453,0.054048,0.0804,0.613212,9.06399E-05,-0.00734008,0.00673911,0.199158,4.5634E-05,3.6074E-06,-1.21134E-05,4.37604E-05,-3.109E-05,9.18853E-05
0.0028919,0.46812,0.67,5.1101,-0.03961,0.035915,1.0465,0.0013068,0.00025398,-0.00046942,0.0014659,-0.001215,0.0030111,0.0561744,0.0804,0.613212,0.000104398,-0.0075259,0.00682385,0.198835,4.71755E-05,9.16868E-06,-1.69461E-05,5.2919E-05,-4.38615E-05,0.000108701
0.0030047,0.48504,0.67,5.1101,-0.040232,0.034685,1.0511,0.0012923,0.00030096,-0.00034902,0.0016451,-0.0014567,0.003072,0.0582048,0.0804,0.613212,0.00010847,-0.00764408,0.00659015,0.199709,4.6652E-05,1.08647E-05,-1.25996E-05,5.93881E-05,-5.25869E-05,0.000110899
0.003033,0.50122,0.67,5.1101,-0.040539,0.03486,1.0546,0.0012039,0.00020089,-0.00022057,0.0018424,-0.0014686,0.0030198,0.0601464,0.0804,0.613212,0.000109491,-0.00770241,0.0066234,0.200374,4.34608E-05,7.25213E-06,-7.96258E-06,6.65106E-05,-5.30165E-05,0.000109015
0.0027829,0.51667,0.67,5.1101,-0.040728,0.035194,1.0554,0.0011432,0.00010917,-0.00014482,0.0019913,-0.00125,0.0024313,0.0620004,0.0804,0.613212,0.000100463,-0.00773832,0.00668686,0.200526,4.12695E-05,3.94104E-06,-5.228E-06,7.18859E-05,-0.000045125,8.77699E-05
0.0023969,0.53142,0.67,5.1101,-0.040783,0.033054,1.0574,0.0011219,6.42E-05,-9.04E-05,0.0018412,-0.00099011,0.0018307,0.0637704,0.0804,0.613212,8.65281E-05,-0.00774877,0.00628026,0.200906,4.05006E-05,2.31603E-06,-3.26203E-06,6.64673E-05,-3.5743E-05,6.60883E-05
0.002176,0.54551,0.67,5.1101,-0.040779,0.030672,1.0598,0.0010676,3.94E-05,-6.83E-05,0.0016318,-0.0008309,0.0016527,0.0654612,0.0804,0.613212,7.85536E-05,-0.00774801,0.00582768,0.201362,3.85404E-05,1.4223E-06,-2.46549E-06,5.8908E-05,-2.99955E-05,5.96625E-05
0.0019414,0.55896,0.67,5.1101,-0.041106,0.028888,1.0596,0.00096726,2.87E-05,-0.00015517,0.0014479,-0.00054792,0.0014675,0.0670752,0.0804,0.613212,7.00845E-05,-0.00781014,0.00548872,0.201324,3.49181E-05,1.03427E-06,-5.60164E-06,5.22692E-05,-1.97799E-05,5.29768E-05
0.0018413,0.5718,0.67,5.1101,-0.041924,0.025165,1.0581,0.00088212,1.22E-05,-0.00030671,0.0013467,-0.00019314,0.0014539,0.068616,0.0804,0.613212,6.64709E-05,-0.00796556,0.00478135,0.201039,3.18445E-05,4.41359E-07,-1.10722E-05,4.86159E-05,-6.97235E-06,5.24858E-05
0.0018986,0.58405,0.67,5.1101,-0.042884,0.021318,1.0602,0.0008594,4.68E-05,-0.00043215,0.0015006,-4.46E-05,0.0014372,0.070086,0.0804,0.613212,6.85395E-05,-0.00814796,0.00405042,0.201438,3.10243E-05,1.68894E-06,-1.56006E-05,5.41717E-05,-1.60854E-06,5.18829E-05
0.0019974,0.59575,0.67,5.1101,-0.043695,0.019277,1.0639,0.000896,0.00016754,-0.00054992,0.0016997,-8.54E-05,0.0013991,0.07149,0.0804,0.613212,7.21061E-05,-0.00830205,0.00366263,0.202141,3.23456E-05,6.04819E-06,-1.98521E-05,6.13592E-05,-3.08258E-06,5.05075E-05
0.0021113,0.6069,0.67,5.1101,-0.044348,0.017931,1.0665,0.00096904,0.00027861,-0.00065688,0.0018128,-8.88E-05,0.0014408,0.072828,0.0804,0.613212,7.62179E-05,-0.00842612,0.00340689,0.202635,3.49823E-05,1.00578E-05,-2.37134E-05,6.54421E-05,-3.20734E-06,5.20129E-05
0.0022489,0.61755,0.67,5.1101,-0.044795,0.016173,1.0693,0.0010557,0.00032889,-0.00071736,0.0018759,-1.94E-05,0.0015662,0.074106,0.0804,0.613212,8.11853E-05,-0.00851105,0.00307287,0.203167,3.81108E-05,1.18729E-05,-2.58967E-05,6.772E-05,-7.01928E-07,5.65398E-05
0.0023575,0.6277,0.67,5.1101,-0.044973,0.013165,1.072,0.001135,0.00034133,-0.00073333,0.0018289,8.23E-05,0.0017511,0.075324,0.0804,0.613212,8.51058E-05,-0.00854487,0.00250135,0.20368,4.09735E-05,1.2322E-05,-2.64732E-05,6.60233E-05,2.97009E-06,6.32147E-05
0.0023409,0.63738,0.67,5.1101,-0.044998,0.009123,1.0741,0.0011853,0.0003373,-0.00066478,0.0017279,0.00019004,0.0017687,0.0764856,0.0804,0.613212,8.45065E-05,-0.00854962,0.00173337,0.204079,4.27893E-05,1.21765E-05,-2.39986E-05,6.23772E-05,6.86044E-06,6.38501E-05
0.0022123,0.64661,0.67,5.1101,-0.045105,0.0049069,1.0772,0.0011881,0.00032257,-0.00052803,0.0016261,0.0002267,0.0016103,0.0775932,0.0804,0.613212,7.9864E-05,-0.00856995,0.000932311,0.204668,4.28904E-05,1.16448E-05,-1.90619E-05,5.87022E-05,8.18387E-06,5.81318E-05
0.0020072,0.65542,0.67,5.1101,-0.045443,0.0013061,1.0814,0.0011359,0.00029271,-0.00037181,0.0015044,0.00016774,0.0013742,0.0786504,0.0804,0.613212,7.24599E-05,-0.00863417,0.000248159,0.205466,4.1006E-05,1.05668E-05,-1.34223E-05,5.43088E-05,6.05541E-06,4.96086E-05
0.0018045,0.66381,0.67,5.1101,-0.046071,-0.0015826,1.0866,0.001036,0.00025401,-0.00023899,0.0013747,6.52E-05,0.0011983,0.0796572,0.0804,0.613212,6.51425E-05,-0.00875349,-0.000300694,0.206454,3.73996E-05,9.16976E-06,-8.62754E-06,4.96267E-05,2.3521E-06,4.32586E-05
0.0016201,0.67207,0.67,5.1101,-0.047036,-0.0039841,1.0922,0.00090176,0.00021892,-0.00012793,0.0012731,-6.48E-05,0.0010653,0.0806484,0.0804,0.613212,5.84856E-05,-0.00893684,-0.000756979,0.207518,3.25535E-05,7.90301E-06,-4.61827E-06,4.59589E-05,-2.33979E-06,3.84573E-05
0.0014648,0.68032,0.67,5.1101,-0.048312,-0.0059402,1.0983,0.00075041,0.00019533,-6.63E-05,0.0011973,-0.00023071,0.00098188,0.0816384,0.0804,0.613212,5.28793E-05,-0.00917928,-0.001128638,0.208677,2.70898E-05,7.05141E-06,-2.39282E-06,4.32225E-05,-8.32863E-06,3.54459E-05
0.0013323,0.68858,0.67,5.1101,-0.049759,-0.0073063,1.1036,0.00060855,0.00017323,-6.10E-05,0.0011229,-0.00038708,0.00093307,0.0826296,0.0804,0.613212,4.8096E-05,-0.00945421,-0.001388197,0.209684,2.19687E-05,6.2536E-06,-2.2025E-06,4.05367E-05,-1.39736E-05,3.36838E-05
0.001218,0.69683,0.67,5.1101,-0.051166,-0.0081389,1.1073,0.00049893,0.0001398,-7.33E-05,0.0010398,-0.00048073,0.00089727,0.0836196,0.0804,0.613212,4.39698E-05,-0.00972154,-0.001546391,0.210387,1.80114E-05,5.04678E-06,-2.64555E-06,3.75368E-05,-1.73544E-05,3.23914E-05
0.0011422,0.70509,0.67,5.1101,-0.052383,-0.0089345,1.1097,0.00042873,9.68E-05,-6.62E-05,0.00094849,-0.00053577,0.00090723,0.0846108,0.0804,0.613212,4.12334E-05,-0.00995277,-0.001697555,0.210843,1.54772E-05,3.49574E-06,-2.38834E-06,3.42405E-05,-1.93413E-05,3.2751E-05
0.0011245,0.71335,0.67,5.1101,-0.053404,-0.010085,1.1117,0.00039585,5.07E-05,-4.49E-05,0.00085287,-0.00058404,0.0010003,0.085602,0.0804,0.613212,4.05945E-05,-0.01014676,-0.00191615,0.211223,1.42902E-05,1.8307E-06,-1.61952E-06,3.07886E-05,-2.10838E-05,3.61108E-05
0.0011348,0.7216,0.67,5.1101,-0.054333,-0.011437,1.1136,0.00039636,-3.10E-07,-2.41E-05,0.00076426,-0.00062057,0.001109,0.086592,0.0804,0.613212,4.09663E-05,-0.01032327,-0.00217303,0.211584,1.43086E-05,-1.12069E-08,-8.71237E-07,2.75898E-05,-2.24026E-05,4.00349E-05
0.0011371,0.72986,0.67,5.1101,-0.055265,-0.012859,1.115,0.00042256,-5.62E-05,-7.29E-06,0.00069601,-0.00062623,0.0011557,0.0875832,0.0804,0.613212,4.10493E-05,-0.01050035,-0.00244321,0.21185,1.52544E-05,-2.02914E-06,-2.63115E-07,2.5126E-05,-2.26069E-05,4.17208E-05
0.001137,0.73811,0.67,5.1101,-0.056147,-0.014409,1.1156,0.00046254,-0.00010938,5.06E-06,0.00065469,-0.00060767,0.0011568,0.0885732,0.0804,0.613212,4.10457E-05,-0.01066793,-0.00273771,0.211964,1.66977E-05,-3.94862E-06,1.82493E-07,2.36343E-05,-2.19369E-05,4.17605E-05
0.0011471,0.74637,0.67,5.1101,-0.056816,-0.015844,1.1151,0.00050493,-0.00015209,1.31E-05,0.00064257,-0.00057853,0.0011468,0.0895644,0.0804,0.613212,4.14103E-05,-0.01079504,-0.00301036,0.211869,1.8228E-05,-5.49045E-06,4.7208E-07,2.31968E-05,-2.08849E-05,4.13995E-05
0.0011728,0.75463,0.67,5.1101,-0.057185,-0.016778,1.1131,0.00054286,-0.00017917,1.07E-05,0.00066641,-0.00055382,0.0011363,0.0905556,0.0804,0.613212,4.23381E-05,-0.01086515,-0.00318782,0.211489,1.95972E-05,-6.46804E-06,3.86703E-07,2.40574E-05,-1.99929E-05,4.10204E-05
0.0012222,0.76288,0.67,5.1101,-0.057253,-0.016997,1.1097,0.00057357,-0.00018971,-1.16E-05,0.0007353,-0.00054345,0.0011356,0.0915456,0.0804,0.613212,4.41214E-05,-0.01087807,-0.00322943,0.210843,2.07059E-05,-6.84853E-06,-4.17063E-07,2.65443E-05,-1.96185E-05,4.09952E-05
0.0012926,0.77114,0.67,5.1101,-0.056995,-0.016521,1.1057,0.00059551,-0.00018445,-4.75E-05,0.00085075,-0.00054626,0.0011389,0.0925368,0.0804,0.613212,4.66629E-05,-0.01082905,-0.00313899,0.210083,2.14979E-05,-6.65865E-06,-1.71298E-06,3.07121E-05,-1.972E-05,4.11143E-05
0.0013823,0.7794,0.67,5.1101,-0.056491,-0.015562,1.1016,0.0006109,-0.00016131,-7.93E-05,0.0010069,-0.00056397,0.0011468,0.093528,0.0804,0.613212,4.9901E-05,-0.01073329,-0.00295678,0.209304,2.20535E-05,-5.82329E-06,-2.86327E-06,3.63491E-05,-2.03593E-05,4.13995E-05
0.0014874,0.78765,0.67,5.1101,-0.055939,-0.014352,1.098,0.00062374,-0.00011839,-8.67E-05,0.0011887,-0.00060728,0.0011623,0.094518,0.0804,0.613212,5.36951E-05,-0.01062841,-0.00272688,0.20862,2.2517E-05,-4.27388E-06,-3.13099E-06,4.29121E-05,-2.19228E-05,4.1959E-05
0.0015933,0.79591,0.67,5.1101,-0.055403,-0.012877,1.0949,0.00063459,-6.04E-05,-6.18E-05,0.0013673,-0.00068853,0.0011848,0.0955092,0.0804,0.613212,5.75181E-05,-0.01052657,-0.00244663,0.208031,2.29087E-05,-2.18206E-06,-2.22936E-06,4.93595E-05,-2.48559E-05,4.27713E-05
0.0016938,0.80416,0.67,5.1101,-0.054838,-0.010854,1.0925,0.00064946,2.44E-07,-3.94E-05,0.0015124,-0.00080631,0.0012258,0.0964992,0.0804,0.613212,6.11462E-05,-0.01041922,-0.00206226,0.207575,2.34455E-05,8.81201E-09,-1.4223E-06,5.45976E-05,-2.91078E-05,4.42514E-05
0.0017992,0.81242,0.67,5.1101,-0.054243,-0.0080865,1.0906,0.00067426,5.29E-05,-4.65E-05,0.0016239,-0.00093584,0.0013002,0.0974904,0.0804,0.613212,6.49511E-05,-0.01030617,-0.001536435,0.207214,2.43408E-05,1.91005E-06,-1.67695E-06,5.86228E-05,-3.37838E-05,4.69372E-05
0.0019191,0.82068,0.67,5.1101,-0.05358,-0.0047684,1.0885,0.00070697,8.70E-05,-5.86E-05,0.0017236,-0.001036,0.0014076,0.0984816,0.0804,0.613212,6.92795E-05,-0.0101802,-0.000905996,0.206815,2.55216E-05,3.14225E-06,-2.11578E-06,6.2222E-05,-3.73996E-05,5.08144E-05
0.0020426,0.82893,0.67,5.1101,-0.052869,-0.0013119,1.0857,0.00074259,8.01E-05,-4.61E-05,0.0018177,-0.0010735,0.0015249,0.0994716,0.0804,0.613212,7.37379E-05,-0.01004511,-0.000249261,0.206283,2.68075E-05,2.8923E-06,-1.66472E-06,6.5619E-05,-3.87534E-05,5.50489E-05
0.0021622,0.83719,0.67,5.1101,-0.05231,0.001988,1.0831,0.00077189,1.00E-05,-1.07E-05,0.0019046,-0.0010504,0.0016479,0.1004628,0.0804,0.613212,7.80554E-05,-0.0099389,0.00037772,0.205789,2.78652E-05,3.60859E-07,-3.86703E-07,6.87561E-05,-3.79194E-05,5.94892E-05
0.0022824,0.84544,0.67,5.1101,-0.052068,0.0049059,1.0807,0.00078532,-0.00011854,5.01E-05,0.0019882,-0.0010026,0.0017914,0.1014528,0.0804,0.613212,8.23946E-05,-0.00989292,0.000932121,0.205333,2.83501E-05,-4.27929E-06,1.80818E-06,7.1774E-05,-3.61939E-05,6.46695E-05
0.0024183,0.8537,0.67,5.1101,-0.052124,0.0073172,1.0774,0.00077807,-0.00027552,0.00016661,0.0020732,-0.00099667,0.0019852,0.102444,0.0804,0.613212,8.73006E-05,-0.00990356,0.001390268,0.204706,2.80883E-05,-9.94627E-06,6.01462E-06,7.48425E-05,-3.59798E-05,7.16657E-05
0.002594,0.86196,0.67,5.1101,-0.052396,0.0095453,1.0727,0.00075151,-0.00043553,0.00032158,0.0021938,-0.0010833,0.0022427,0.1034352,0.0804,0.613212,9.36434E-05,-0.00995524,0.001813607,0.203813,2.71295E-05,-1.57226E-05,1.1609E-05,7.91962E-05,-3.91071E-05,8.09615E-05
0.0027859,0.87021,0.67,5.1101,-0.052855,0.012129,1.0676,0.00071681,-0.000586,0.00044527,0.0023956,-0.0012476,0.0024594,0.1044252,0.0804,0.613212,0.000100571,-0.01004245,0.00230451,0.202844,2.58768E-05,-2.11546E-05,1.60742E-05,8.64812E-05,-4.50384E-05,8.87843E-05
0.0028996,0.87847,0.67,5.1101,-0.053449,0.014969,1.0626,0.00069698,-0.00070885,0.00050689,0.0026219,-0.0014153,0.0024804,0.1054164,0.0804,0.613212,0.000104676,-0.01015531,0.00284411,0.201894,2.5161E-05,-2.55895E-05,1.82987E-05,9.46506E-05,-5.10923E-05,8.95424E-05
0.002862,0.88672,0.67,5.1101,-0.054009,0.017323,1.0578,0.00071226,-0.00078659,0.00052809,0.0027293,-0.0014791,0.0022825,0.1064064,0.0804,0.613212,0.000103318,-0.01026171,0.00329137,0.200982,2.57126E-05,-2.83959E-05,1.9064E-05,9.85277E-05,-5.33955E-05,8.23983E-05
0.0027101,0.89498,0.67,5.1101,-0.054417,0.018657,1.053,0.00076025,-0.00081576,0.00055185,0.0026542,-0.0014101,0.0020056,0.1073976,0.0804,0.613212,9.78346E-05,-0.01033923,0.00354483,0.20007,2.7445E-05,-2.94489E-05,1.99218E-05,9.58166E-05,-5.09046E-05,7.24022E-05
0.0025448,0.90324,0.67,5.1101,-0.054616,0.018993,1.0486,0.00082674,-0.00080522,0.0006204,0.0024592,-0.0013061,0.0018038,0.1083888,0.0804,0.613212,9.18673E-05,-0.01037704,0.00360867,0.199234,2.98453E-05,-2.90684E-05,2.23964E-05,8.87771E-05,-4.71502E-05,6.51172E-05
0.0024249,0.91149,0.67,5.1101,-0.05458,0.01876,1.0455,0.00090859,-0.00077483,0.00070578,0.0022586,-0.0012293,0.0016826,0.1093788,0.0804,0.613212,8.75389E-05,-0.0103702,0.0035644,0.198645,3.28001E-05,-2.79714E-05,2.54787E-05,8.15355E-05,-4.43777E-05,6.07419E-05
0.0023509,0.91975,0.67,5.1101,-0.05438,0.018366,1.0437,0.0010118,-0.00073703,0.00075564,0.0021032,-0.0011546,0.0015869,0.11037,0.0804,0.613212,8.48675E-05,-0.0103322,0.00348954,0.198303,3.6526E-05,-2.66068E-05,2.72786E-05,7.59255E-05,-4.16811E-05,5.72871E-05
0.002292,0.92801,0.67,5.1101,-0.054002,0.017823,1.0421,0.0011344,-0.00068697,0.00076137,0.0019462,-0.0010505,0.0015035,0.1113612,0.0804,0.613212,8.27412E-05,-0.01026038,0.00338637,0.197999,4.09518E-05,-2.47996E-05,2.74855E-05,7.02578E-05,-3.79231E-05,5.42764E-05
0.0022093,0.93626,0.67,5.1101,-0.053386,0.016771,1.0404,0.0012585,-0.00062284,0.00073037,0.0017415,-0.00093541,0.0014186,0.1123512,0.0804,0.613212,7.97557E-05,-0.01014334,0.00318649,0.197676,4.54319E-05,-2.24845E-05,2.63664E-05,6.28682E-05,-3.37683E-05,5.12115E-05
0.0021084,0.94452,0.67,5.1101,-0.052573,0.014836,1.0386,0.0013611,-0.00055332,0.00068257,0.0014991,-0.00085962,0.0013566,0.1133424,0.0804,0.613212,7.61132E-05,-0.00998887,0.00281884,0.197334,4.91357E-05,-1.99749E-05,2.46408E-05,5.41175E-05,-3.10323E-05,4.89733E-05
0.0020289,0.95277,0.67,5.1101,-0.051668,0.01219,1.0365,0.001436,-0.00049684,0.00064945,0.0012755,-0.00085239,0.0013464,0.1143324,0.0804,0.613212,7.32433E-05,-0.00981692,0.0023161,0.196935,5.18396E-05,-1.79359E-05,2.34451E-05,4.60456E-05,-3.07713E-05,4.8605E-05
0.0019985,0.96103,0.67,5.1101,-0.050822,0.0095648,1.034,0.0014921,-0.00046745,0.00062589,0.0011349,-0.00089878,0.00137,0.1153236,0.0804,0.613212,7.21459E-05,-0.00965618,0.001817312,0.19646,5.38648E-05,-1.68749E-05,2.25946E-05,4.09699E-05,-3.2446E-05,0.000049457
0.0020361,0.96929,0.67,5.1101,-0.050017,0.0076535,1.0309,0.0015385,-0.00045679,0.00060585,0.0010948,-0.00095817,0.0014388,0.1163148,0.0804,0.613212,7.35032E-05,-0.00950323,0.001454165,0.195871,5.55399E-05,-1.64901E-05,2.18712E-05,3.95223E-05,-3.45899E-05,5.19407E-05
0.0021136,0.97754,0.67,5.1101,-0.049028,0.0068133,1.0268,0.0015843,-0.00044986,0.00058607,0.0011233,-0.00098333,0.0015195,0.1173048,0.0804,0.613212,7.6301E-05,-0.00931532,0.001294527,0.195092,5.71932E-05,-1.62399E-05,2.11571E-05,4.05511E-05,-3.54982E-05,5.4854E-05
0.0021884,0.9858,0.67,5.1101,-0.047889,0.007214,1.021,0.0016367,-0.00044078,0.00056452,0.0011717,-0.00095036,0.0015684,0.118296,0.0804,0.613212,7.90012E-05,-0.00909891,0.00137066,0.19399,5.90849E-05,-1.59122E-05,2.03792E-05,4.22984E-05,-3.4308E-05,5.66192E-05
0.0022239,0.99405,0.67,5.1101,-0.046815,0.0087858,1.0136,0.0016971,-0.00042419,0.00055649,0.0012039,-0.00089723,0.0015469,0.119286,0.0804,0.613212,8.02828E-05,-0.00889485,0.001669302,0.192584,6.12653E-05,-1.53133E-05,2.00893E-05,4.34608E-05,-3.239E-05,5.58431E-05
0.0022163,1.0023,0.67,5.1101,-0.045863,0.010858,1.0053,0.001771,-0.00039195,0.00055155,0.0012163,-0.00085897,0.0014453,0.120276,0.0804,0.613212,8.00084E-05,-0.00871397,0.00206302,0.191007,6.39331E-05,-1.41494E-05,1.9911E-05,4.39084E-05,-3.10088E-05,5.21753E-05
0.002218,1.0106,0.67,5.1101,-0.045067,0.012475,0.99716,0.0018698,-0.00034198,0.00053376,0.0012397,-0.00082491,0.0013264,0.121272,0.0804,0.613212,8.00698E-05,-0.00856273,0.00237025,0.1894604,6.74998E-05,-1.23455E-05,1.92687E-05,4.47532E-05,-2.97793E-05,4.7883E-05
0.0022559,1.0188,0.67,5.1101,-0.044334,0.013483,0.98994,0.0019945,-0.0002733,0.00049278,0.0013049,-0.00077263,0.0012124,0.122256,0.0804,0.613212,8.1438E-05,-0.00842346,0.00256177,0.1880886,7.20015E-05,-9.86613E-06,1.77894E-05,4.71069E-05,-2.78919E-05,4.37676E-05
0.0023077,1.0271,0.67,5.1101,-0.04347,0.014624,0.98466,0.0021346,-0.00018183,0.00044529,0.0013854,-0.00071799,0.0010954,0.123252,0.0804,0.613212,8.3308E-05,-0.0082593,0.00277856,0.1870854,7.70591E-05,-6.56406E-06,1.6075E-05,5.00129E-05,-2.59194E-05,3.95439E-05
0.0023514,1.0353,0.67,5.1101,-0.04238,0.016312,0.98145,0.0022818,-6.73E-05,0.00041197,0.0014173,-0.00067991,0.0010037,0.124236,0.0804,0.613212,8.48855E-05,-0.0080522,0.00309928,0.1864755,8.2373E-05,-2.42949E-06,1.48721E-05,5.11645E-05,-2.45448E-05,3.62336E-05
0.0024023,1.0436,0.67,5.1101,-0.041014,0.018034,0.97943,0.002432,6.02E-05,0.00039429,0.0013919,-0.00063239,0.00098071,0.125232,0.0804,0.613212,8.6723E-05,-0.00779266,0.00342646,0.1860917,8.77952E-05,2.17225E-06,1.42339E-05,5.02476E-05,-2.28293E-05,3.54036E-05
0.0024659,1.0518,0.67,5.1101,-0.039483,0.019053,0.97769,0.0025716,0.00018071,0.00038552,0.001346,-0.0005628,0.0010142,0.126216,0.0804,0.613212,8.9019E-05,-0.00750177,0.00362007,0.1857611,9.28348E-05,6.52363E-06,1.39173E-05,4.85906E-05,-2.03171E-05,3.66126E-05
0.0025391,1.0601,0.67,5.1101,-0.038063,0.019208,0.97588,0.0026775,0.00027142,0.00036163,0.0012932,-0.00051543,0.0011074,0.127212,0.0804,0.613212,9.16615E-05,-0.00723197,0.00364952,0.1854172,9.66578E-05,9.79826E-06,1.30548E-05,4.66845E-05,-1.8607E-05,3.99771E-05
0.0026148,1.0684,0.67,5.1101,-0.037015,0.018937,0.97403,0.0027412,0.00031811,0.00031899,0.0012246,-0.000508,0.0012638,0.128208,0.0804,0.613212,9.43943E-05,-0.00703285,0.00359803,0.1850657,9.89573E-05,1.14838E-05,1.15155E-05,4.42081E-05,-1.83388E-05,4.56232E-05
0.0026825,1.0766,0.67,5.1101,-0.03642,0.01876,0.97211,0.002763,0.0003166,0.00026756,0.0011431,-0.0005386,0.001459,0.129192,0.0804,0.613212,9.68383E-05,-0.0069198,0.0035644,0.1847009,9.97443E-05,1.14293E-05,9.65892E-06,4.12659E-05,-1.94435E-05,5.26699E-05
0.0027365,1.0849,0.67,5.1101,-0.036169,0.018822,0.97007,0.0027388,0.00028019,0.00021538,0.0010715,-0.00060677,0.0016627,0.130188,0.0804,0.613212,9.87877E-05,-0.00687211,0.00357618,0.1843133,9.88707E-05,1.01149E-05,7.77522E-06,3.86812E-05,-2.19044E-05,6.00235E-05
0.0027581,1.0931,0.67,5.1101,-0.036092,0.018973,0.96824,0.0026673,0.00023791,0.00016363,0.0010321,-0.00069755,0.0018167,0.131172,0.0804,0.613212,9.95674E-05,-0.00685748,0.00360487,0.1839656,9.62895E-05,8.58855E-06,5.90704E-06,3.72588E-05,-2.51816E-05,6.55829E-05
0.0027817,1.1014,0.67,5.1101,-0.036078,0.019181,0.96668,0.0025613,0.00020318,0.00011191,0.001029,-0.0008168,0.001973,0.132168,0.0804,0.613212,0.000100419,-0.00685482,0.00364439,0.1836692,9.24629E-05,7.3348E-06,4.03995E-06,3.71469E-05,-2.94865E-05,7.12253E-05
0.0028514,1.1096,0.67,5.1101,-0.035986,0.019548,0.96476,0.0024386,0.0001702,7.10E-05,0.001049,-0.00096927,0.0022152,0.133152,0.0804,0.613212,0.000102936,-0.00683734,0.00371412,0.1833044,8.80335E-05,6.14422E-06,2.56418E-06,3.78689E-05,-3.49906E-05,7.99687E-05
0.0029485,1.1179,0.67,5.1101,-0.035614,0.020039,0.96192,0.0023044,0.0001298,3.39E-05,0.001076,-0.0011334,0.0025165,0.134148,0.0804,0.613212,0.000106441,-0.00676666,0.00380741,0.1827648,8.31888E-05,4.68578E-06,1.22213E-06,3.88436E-05,-4.09157E-05,9.08457E-05
0.0030374,1.1262,0.67,5.1101,-0.034856,0.020539,0.95849,0.0021626,7.90E-05,6.83E-08,0.0010947,-0.0012739,0.0028176,0.135144,0.0804,0.613212,0.00010965,-0.00662264,0.00390241,0.1821131,7.80699E-05,2.85013E-06,2.46516E-09,3.95187E-05,-4.59878E-05,0.000101715
0.0030882,1.1344,0.67,5.1101,-0.033728,0.02115,0.95526,0.002024,2.30E-05,-2.52E-05,0.0010942,-0.0013722,0.0030583,0.136128,0.0804,0.613212,0.000111484,-0.00640832,0.0040185,0.1814994,7.30664E-05,8.30336E-07,-9.08998E-07,3.95006E-05,-4.95364E-05,0.000110405
0.0031174,1.1427,0.67,5.1101,-0.032383,0.022116,0.95275,0.0018999,-2.18E-05,-3.15E-05,0.001077,-0.0014276,0.0032579,0.137124,0.0804,0.613212,0.000112538,-0.00615277,0.00420204,0.1810225,6.85864E-05,-7.85717E-07,-1.1365E-06,3.88797E-05,-5.15364E-05,0.00011761
0.0031698,1.1509,0.67,5.1101,-0.031024,0.023405,0.95081,0.0017969,-4.47E-05,-2.54E-09,0.0010833,-0.0014626,0.0034593,0.138108,0.0804,0.613212,0.00011443,-0.00589456,0.00444695,0.1806539,6.48681E-05,-1.61446E-06,-9.16038E-11,3.91071E-05,-5.27999E-05,0.000124881
0.0032702,1.1592,0.67,5.1101,-0.029737,0.024723,0.94912,0.0017178,-5.75E-05,6.19E-05,0.0011639,-0.0015139,0.0036587,0.139104,0.0804,0.613212,0.000118054,-0.00565003,0.00469737,0.1803328,6.20126E-05,-2.07459E-06,2.23455E-06,4.20168E-05,-5.46518E-05,0.000132079
0.0033925,1.1674,0.67,5.1101,-0.028415,0.025896,0.94787,0.0016603,-7.72E-05,0.00012445,0.0013287,-0.0015962,0.003796,0.140088,0.0804,0.613212,0.000122469,-0.00539885,0.00492024,0.1800953,5.99368E-05,-2.78793E-06,4.49265E-06,4.79661E-05,-5.76228E-05,0.000137036
0.003475,1.1757,0.67,5.1101,-0.026896,0.026822,0.94726,0.0016105,-0.00011024,0.00016373,0.0015497,-0.0016973,0.0037897,0.141084,0.0804,0.613212,0.000125448,-0.00511024,0.00509618,0.1799794,5.81391E-05,-3.97966E-06,5.91065E-06,5.59442E-05,-6.12725E-05,0.000136808
0.0034878,1.1839,0.67,5.1101,-0.02522,0.027365,0.94693,0.0015562,-0.00014458,0.00017215,0.0017596,-0.0018021,0.0036597,0.142068,0.0804,0.613212,0.00012591,-0.0047918,0.00519935,0.1799167,5.61788E-05,-5.21934E-06,6.21462E-06,6.35216E-05,-6.50558E-05,0.000132115
0.0034519,1.1922,0.67,5.1101,-0.023572,0.027605,0.94672,0.0015022,-0.00015895,0.00015038,0.0018756,-0.0019029,0.0035259,0.143064,0.0804,0.613212,0.000124614,-0.00447868,0.00524495,0.1798768,5.42294E-05,-5.7381E-06,5.42872E-06,6.77092E-05,-6.86947E-05,0.000127285
0.0034111,1.2005,0.67,5.1101,-0.022087,0.027734,0.94693,0.0014505,-0.00015015,9.99E-05,0.0018542,-0.0019881,0.0035175,0.14406,0.0804,0.613212,0.000123141,-0.00419653,0.00526946,0.1799167,5.23631E-05,-5.42042E-06,3.60798E-06,6.69366E-05,-7.17704E-05,0.000126982
0.0033882,1.2087,0.67,5.1101,-0.020772,0.02786,0.94786,0.001393,-0.00013409,3.48E-05,0.0016964,-0.0020206,0.0036869,0.145044,0.0804,0.613212,0.000122314,-0.00394668,0.0052934,0.1800934,5.02873E-05,-4.84065E-06,1.25458E-06,6.124E-05,-7.29437E-05,0.000133097
0.0033341,1.217,0.67,5.1101,-0.01956,0.028065,0.94973,0.0013283,-0.00012772,2.55E-06,0.0014547,-0.001951,0.0038853,0.14604,0.0804,0.613212,0.000120361,-0.0037164,0.00533235,0.1804487,4.79516E-05,-4.61069E-06,9.22211E-08,5.25147E-05,-7.04311E-05,0.000140259
0.0031902,1.2252,0.67,5.1101,-0.018387,0.02834,0.95271,0.0012567,-0.00013615,3.63E-05,0.0012238,-0.0017976,0.0038998,0.147024,0.0804,0.613212,0.000115166,-0.00349353,0.0053846,0.1810149,4.53669E-05,-4.91502E-06,1.31057E-06,4.41792E-05,-6.48934E-05,0.000140783
0.0029668,1.2335,0.67,5.1101,-0.017208,0.028503,0.95674,0.0011814,-0.00014233,0.00011831,0.0010802,-0.0016266,0.0036719,0.14802,0.0804,0.613212,0.000107101,-0.00326952,0.00541557,0.1817806,4.26485E-05,-5.13811E-06,4.27099E-06,3.89952E-05,-5.87203E-05,0.000132556
0.0027228,1.2417,0.67,5.1101,-0.016003,0.028249,0.96122,0.0011176,-0.00013472,0.00020797,0.0010421,-0.0014728,0.0032859,0.149004,0.0804,0.613212,9.82931E-05,-0.00304057,0.00536731,0.1826318,4.03454E-05,-4.86339E-06,7.50772E-06,3.76198E-05,-5.31681E-05,0.000118621
0.0024948,1.25,0.67,5.1101,-0.014722,0.027318,0.96507,0.0010776,-0.00012558,0.00027364,0.0010703,-0.0013161,0.0028417,0.15,0.0804,0.613212,9.00623E-05,-0.00279718,0.00519042,0.1833633,3.89014E-05,-4.53344E-06,9.8784E-06,3.86378E-05,-4.75112E-05,0.000102585
0.0022728,1.2583,0.67,5.1101,-0.013294,0.025645,0.96785,0.0010602,-0.00012856,0.00031618,0.0011051,-0.0011272,0.0023803,0.150996,0.0804,0.613212,8.20481E-05,-0.00252586,0.00487255,0.1838915,3.82732E-05,-4.64102E-06,1.14141E-05,3.98941E-05,-4.06919E-05,8.59288E-05
0.0020927,1.2665,0.67,5.1101,-0.011731,0.023436,0.96986,0.0010655,-0.0001453,0.00033456,0.0011246,-0.00093812,0.0019952,0.15198,0.0804,0.613212,7.55465E-05,-0.00222889,0.00445284,0.1842734,3.84646E-05,-5.24533E-06,1.20776E-05,4.05981E-05,-3.38661E-05,7.20267E-05
0.0019954,1.2748,0.67,5.1101,-0.010173,0.021016,0.97157,0.0010856,-0.00016606,0.00030603,0.0011455,-0.00079519,0.0017596,0.152976,0.0804,0.613212,7.20339E-05,-0.00193287,0.00399304,0.1845983,3.91902E-05,-5.99477E-06,1.10477E-05,4.13526E-05,-2.87064E-05,6.35216E-05
0.0019576,1.283,0.67,5.1101,-0.0087953,0.018665,0.9734,0.0010987,-0.00017626,0.00025402,0.0011766,-0.0006836,0.0016398,0.15396,0.0804,0.613212,7.06694E-05,-0.001671107,0.00354635,0.184946,3.96631E-05,-6.36299E-06,9.17012E-06,4.24753E-05,-2.4678E-05,5.91968E-05
0.001931,1.2913,0.67,5.1101,-0.0076964,0.016635,0.97533,0.0010969,-0.00017323,0.00022186,0.0012204,-0.00056379,0.0015446,0.154956,0.0804,0.613212,6.97091E-05,-0.001462316,0.00316065,0.1853127,3.95981E-05,-6.2536E-06,8.00915E-06,4.40564E-05,-2.03528E-05,5.57601E-05
0.0019026,1.2995,0.67,5.1101,-0.0068581,0.015082,0.97669,0.0010805,-0.00016752,0.00019767,0.0012669,-0.00041807,0.0014579,0.15594,0.0804,0.613212,6.86839E-05,-0.001303039,0.00286558,0.1855711,3.90061E-05,-6.04747E-06,7.13589E-06,4.57351E-05,-1.50923E-05,5.26302E-05
0.0018614,1.3078,0.67,5.1101,-0.006167,0.013979,0.97698,0.0010551,-0.00015795,0.00016428,0.0012667,-0.00026525,0.0014011,0.156936,0.0804,0.613212,6.71965E-05,-0.00117173,0.00265601,0.1856262,3.80891E-05,-5.702E-06,5.93051E-06,4.57279E-05,-9.57553E-06,5.05797E-05
0.0017734,1.316,0.67,5.1101,-0.0055439,0.013207,0.9766,0.0010336,-0.00013512,0.00011506,0.0011668,-0.00012882,0.0013464,0.15792,0.0804,0.613212,6.40197E-05,-0.001053341,0.00250933,0.185554,3.7313E-05,-4.87783E-06,4.15367E-06,4.21215E-05,-4.6504E-06,4.8605E-05
0.001663,1.3243,0.67,5.1101,-0.0049724,0.012773,0.97602,0.0010117,-0.0001041,7.30E-05,0.00098834,-1.68E-05,0.001326,0.158916,0.0804,0.613212,6.00343E-05,-0.000944756,0.00242687,0.1854438,3.65224E-05,-3.75801E-06,2.63627E-06,3.56791E-05,-6.05686E-07,4.78686E-05
0.001581,1.3326,0.67,5.1101,-0.0044472,0.012695,0.97492,0.00098947,-7.86E-05,2.18E-05,0.00081109,5.92E-05,0.0013615,0.159912,0.0804,0.613212,5.70741E-05,-0.000844968,0.00241205,0.1852348,3.57199E-05,-2.8389E-06,7.85536E-07,2.92803E-05,2.13795E-06,4.91502E-05
0.0015025,1.3408,0.67,5.1101,-0.003903,0.012685,0.97313,0.00097438,-6.68E-05,-5.35E-05,0.00067657,8.95E-05,0.001354,0.160896,0.0804,0.613212,5.42403E-05,-0.00074157,0.00241015,0.1848947,3.51751E-05,-2.41072E-06,-1.93121E-06,2.44242E-05,3.23012E-06,4.88794E-05
0.0013717,1.3491,0.67,5.1101,-0.0031897,0.012304,0.9711,0.00093839,-6.61E-05,-8.64E-05,0.00057611,6.53E-05,0.001229,0.161892,0.0804,0.613212,4.95184E-05,-0.000606043,0.00233776,0.184509,3.38759E-05,-2.38718E-06,-3.12048E-06,2.07976E-05,2.35841E-06,4.43669E-05
0.0012396,1.3573,0.67,5.1101,-0.0022585,0.011412,0.96916,0.0008821,-7.00E-05,-8.62E-05,0.00050688,8.38E-07,0.0010902,0.162876,0.0804,0.613212,4.47496E-05,-0.000429115,0.00216828,0.1841404,3.18438E-05,-2.52678E-06,-3.11207E-06,1.82984E-05,3.02532E-08,3.93562E-05
0.0011424,1.3656,0.67,5.1101,-0.0011782,0.01011,0.96782,0.00084158,-7.25E-05,-0.00010908,0.0004767,-7.49E-05,0.00096661,0.163872,0.0804,0.613212,4.12406E-05,-0.000223858,0.0019209,0.1838858,3.0381E-05,-2.61895E-06,-3.93779E-06,1.72089E-05,-2.70544E-06,3.48946E-05
0.001078,1.3738,0.67,5.1101,-2.57E-05,0.0086316,0.96755,0.00081204,-7.21E-05,-0.00011794,0.00047795,-0.00013599,0.00086598,0.164856,0.0804,0.613212,3.89158E-05,-4.87464E-06,0.001640004,0.1838345,2.93146E-05,-2.60173E-06,-4.25763E-06,1.7254E-05,-4.90924E-06,3.12619E-05
0.0010729,1.3821,0.67,5.1101,0.0010828,0.0073602,0.96806,0.0007976,-6.63E-05,-0.00012297,0.00049622,-0.00017307,0.00085197,0.165852,0.0804,0.613212,3.87317E-05,0.000205732,0.001398438,0.1839314,2.87934E-05,-2.39462E-06,-4.43922E-06,1.79135E-05,-6.24783E-06,3.07561E-05
0.0010705,1.3903,0.67,5.1101,0.0020854,0.0066277,0.96903,0.00079513,-5.61E-05,-0.00012785,0.00052812,-0.00019438,0.00081781,0.166836,0.0804,0.613212,3.86451E-05,0.000396226,0.001259263,0.1841157,2.87042E-05,-2.02351E-06,-4.61539E-06,1.90651E-05,-7.01712E-06,2.95229E-05
0.0010744,1.3986,0.67,5.1101,0.0030469,0.0064102,0.97004,0.00078278,-4.96E-05,-7.13E-05,0.00057385,-0.00020618,0.00079214,0.167832,0.0804,0.613212,3.87858E-05,0.000578911,0.001217938,0.1843076,2.82584E-05,-1.79128E-06,-2.57245E-06,2.0716E-05,-7.4431E-06,2.85963E-05
0.0011047,1.4069,0.67,5.1101,0.0039762,0.0063859,0.97126,0.00077384,-5.16E-05,-3.05E-05,0.00062861,-0.00021832,0.00080691,0.168828,0.0804,0.613212,3.98797E-05,0.000755478,0.001213321,0.1845394,2.79356E-05,-1.86301E-06,-1.09957E-06,2.26928E-05,-7.88135E-06,2.91295E-05
0.0011275,1.4151,0.67,5.1101,0.0048424,0.0063213,0.97331,0.00076517,-6.12E-05,6.68E-06,0.00069368,-0.00023661,0.00079621,0.169812,0.0804,0.613212,4.07028E-05,0.000920056,0.001201047,0.1849289,2.76226E-05,-2.21001E-06,2.41014E-07,2.50418E-05,-8.54162E-06,2.87432E-05
0.0011932,1.4234,0.67,5.1101,0.0056374,0.006147,0.97624,0.00074998,-7.43E-05,5.30E-05,0.00077824,-0.00025961,0.00085809,0.170808,0.0804,0.613212,4.30745E-05,0.001071106,0.00116793,0.1854856,2.70743E-05,-2.68064E-06,1.91442E-06,2.80945E-05,-9.37192E-06,3.0977E-05
0.0012907,1.4316,0.67,5.1101,0.0062983,0.0058209,0.97996,0.00074121,-8.72E-05,5.32E-05,0.00089603,-0.00028429,0.00094416,0.171792,0.0804,0.613212,4.65943E-05,0.001196677,0.001105971,0.1861924,2.67577E-05,-3.14897E-06,1.91911E-06,3.23467E-05,-1.02629E-05,3.40842E-05
0.0014078,1.4399,0.67,5.1101,0.0067938,0.0051166,0.98427,0.00073387,-0.00010425,5.34E-05,0.0010509,-0.00029976,0.0010309,0.172788,0.0804,0.613212,5.08216E-05,0.001290822,0.000972154,0.1870113,2.64927E-05,-3.76343E-06,1.92594E-06,3.79375E-05,-1.08213E-05,3.72155E-05
0.0015266,1.4481,0.67,5.1101,0.0071436,0.0038025,0.98935,0.00072527,-0.00012975,4.96E-05,0.0012172,-0.00031647,0.0011108,0.173772,0.0804,0.613212,5.51103E-05,0.001357284,0.000722475,0.1879765,2.61822E-05,-4.68398E-06,1.7911E-06,4.39409E-05,-1.14246E-05,4.00999E-05
0.0016224,1.4564,0.67,5.1101,0.0073831,0.0018401,0.99505,0.00071527,-0.0001624,5.80E-05,0.0013608,-0.00034256,0.0011687,0.174768,0.0804,0.613212,5.85686E-05,0.001402789,0.000349619,0.1890595,2.58212E-05,-5.86264E-06,2.09452E-06,4.91249E-05,-1.23664E-05,4.21901E-05
0.001698,1.4647,0.67,5.1101,0.0075614,-0.00067396,1.0007,0.00069924,-0.00019547,7.88E-05,0.0014615,-0.00038929,0.0012353,0.175764,0.0804,0.613212,6.12978E-05,0.001436666,-0.000128052,0.190133,2.52426E-05,-7.05647E-06,2.84371E-06,5.27602E-05,-1.40534E-05,4.45943E-05
0.0017376,1.4729,0.67,5.1101,0.0077332,-0.0033259,1.0056,0.00067763,-0.00022019,9.47E-05,0.0015049,-0.00045896,0.0012927,0.176748,0.0804,0.613212,6.27274E-05,0.001469308,-0.000631921,0.191064,2.44624E-05,-7.94886E-06,3.41899E-06,5.43269E-05,-1.65685E-05,4.66665E-05
0.0017546,1.4812,0.67,5.1101,0.007959,-0.0055935,1.0095,0.00065364,-0.00023338,0.00010991,0.001479,-0.00055411,0.0013766,0.177744,0.0804,0.613212,6.33411E-05,0.00151221,-0.001062765,0.191805,2.35964E-05,-8.42502E-06,3.96775E-06,5.33919E-05,-2.00034E-05,4.96953E-05
0.001776,1.4894,0.67,5.1101,0.0082771,-0.0069723,1.0127,0.00063393,-0.0002354,0.00013531,0.0014038,-0.00066996,0.0015142,0.178728,0.0804,0.613212,6.41136E-05,0.001572649,-0.001324737,0.192413,2.28849E-05,-8.49794E-06,4.88469E-06,5.06772E-05,-2.41856E-05,5.46626E-05
0.0018363,1.4977,0.67,5.1101,0.0087457,-0.0070634,1.0159,0.00062032,-0.00023057,0.00018481,0.0013457,-0.00079233,0.0017065,0.179724,0.0804,0.613212,6.62904E-05,0.001661683,-0.001342046,0.193021,2.23936E-05,-8.32358E-06,6.67164E-06,4.85798E-05,-2.86031E-05,6.16047E-05
0.0019142,1.5059,0.67,5.1101,0.0093792,-0.006064,1.0197,0.00060629,-0.00022946,0.00026045,0.001353,-0.00091639,0.0018691,0.180708,0.0804,0.613212,6.91026E-05,0.001782048,-0.00115216,0.193743,2.18871E-05,-8.28351E-06,9.40225E-06,4.88433E-05,-3.30817E-05,6.74745E-05
0.0019798,1.5142,0.67,5.1101,0.010185,-0.0049108,1.0236,0.00058503,-0.00023895,0.0003385,0.0014039,-0.0010142,0.0019707,0.181704,0.0804,0.613212,7.14708E-05,0.00193515,-0.000933052,0.194484,2.11196E-05,-8.6261E-06,1.22199E-05,5.06808E-05,-3.66126E-05,7.11423E-05
0.0019938,1.5224,0.67,5.1101,0.011231,-0.0045486,1.0269,0.00055442,-0.00025404,0.00038566,0.0014378,-0.0010616,0.0019954,0.182688,0.0804,0.613212,7.19762E-05,0.00213389,-0.000864234,0.195111,2.00146E-05,-9.17084E-06,1.39223E-05,5.19046E-05,-3.83238E-05,7.20339E-05
0.001948,1.5307,0.67,5.1101,0.012535,-0.0050092,1.0296,0.00051607,-0.0002615,0.00039617,0.0014256,-0.0010651,0.0019543,0.183684,0.0804,0.613212,7.03228E-05,0.00238165,-0.000951748,0.195624,1.86301E-05,-9.44015E-06,1.43017E-05,5.14642E-05,-3.84501E-05,7.05502E-05
0.0018802,1.539,0.67,5.1101,0.01398,-0.0057855,1.0318,0.00048007,-0.00025541,0.00037656,0.0013883,-0.0010542,0.001892,0.18468,0.0804,0.613212,6.78752E-05,0.0026562,-0.001099245,0.196042,1.73305E-05,-9.2203E-06,1.35938E-05,5.01176E-05,-3.80566E-05,6.83012E-05
0.0018248,1.5472,0.67,5.1101,0.015361,-0.0062742,1.0334,0.00045669,-0.00024323,0.00034804,0.0013597,-0.0010495,0.0018333,0.185664,0.0804,0.613212,6.58753E-05,0.00291859,-0.001192098,0.196346,1.64865E-05,-8.7806E-06,1.25642E-05,4.90852E-05,-3.7887E-05,6.61821E-05
0.0017905,1.5555,0.67,5.1101,0.016567,-0.0061561,1.0342,0.00044818,-0.00022995,0.0003146,0.001341,-0.0010605,0.0017918,0.18666,0.0804,0.613212,6.46371E-05,0.00314773,-0.001169659,0.196498,1.61793E-05,-8.3012E-06,1.13571E-05,4.84101E-05,-3.82841E-05,6.4684E-05
0.0017622,1.5637,0.67,5.1101,0.017636,-0.0057383,1.0342,0.0004495,-0.00021735,0.00028079,0.0013096,-0.0010712,0.0017654,0.187644,0.0804,0.613212,6.36154E-05,0.00335084,-0.001090277,0.196498,1.6227E-05,-7.84634E-06,1.01365E-05,4.72766E-05,-3.86703E-05,6.37309E-05
0.001728,1.572,0.67,5.1101,0.018564,-0.0053312,1.0336,0.00045632,-0.00020894,0.00025591,0.00126,-0.0010575,0.0017398,0.18864,0.0804,0.613212,6.23808E-05,0.00352716,-0.001012928,0.196384,1.64732E-05,-7.54273E-06,9.23835E-06,0.000045486,-3.81758E-05,6.28068E-05
0.0016834,1.5802,0.67,5.1101,0.019271,-0.0049519,1.0328,0.00046766,-0.00020599,0.00024391,0.0012101,-0.0010154,0.0016892,0.189624,0.0804,0.613212,6.07707E-05,0.00366149,-0.000940861,0.196232,1.68825E-05,-7.43624E-06,8.80515E-06,4.36846E-05,-3.66559E-05,6.09801E-05
0.0016328,1.5885,0.67,5.1101,0.019745,-0.0044159,1.0317,0.00048213,-0.00020927,0.00024323,0.0011801,-0.00095405,0.0016035,0.19062,0.0804,0.613212,5.89441E-05,0.00375155,-0.000839021,0.196023,1.74049E-05,-7.55465E-06,8.7806E-06,4.26016E-05,-3.44412E-05,5.78864E-05
0.0015795,1.5968,0.67,5.1101,0.020038,-0.0034147,1.0295,0.00050083,-0.00021937,0.00024543,0.0011732,-0.00086883,0.001485,0.191616,0.0804,0.613212,5.702E-05,0.00380722,-0.000648793,0.195605,1.808E-05,-7.91926E-06,8.86002E-06,4.23525E-05,-3.13648E-05,5.36085E-05
0.0015299,1.605,0.67,5.1101,0.020213,-0.001726,1.0257,0.00052621,-0.00023539,0.00023748,0.0011799,-0.00074741,0.0013537,0.1926,0.0804,0.613212,5.52294E-05,0.00384047,-0.00032794,0.194883,1.89962E-05,-8.49758E-06,8.57303E-06,4.25944E-05,-2.69815E-05,4.88686E-05
0.0014898,1.6133,0.67,5.1101,0.020382,0.00063955,1.0208,0.00055471,-0.00025031,0.00021378,0.0011774,-0.00059311,0.0012476,0.193596,0.0804,0.613212,5.37818E-05,0.00387258,0.000121515,0.193952,2.0025E-05,-9.03619E-06,7.71746E-06,4.25041E-05,-2.14113E-05,4.50384E-05
0.0014566,1.6215,0.67,5.1101,0.020603,0.0033443,1.0169,0.0005846,-0.00025093,0.00018476,0.0011451,-0.00044219,0.0011835,0.19458,0.0804,0.613212,5.25833E-05,0.00391457,0.000635417,0.193211,2.11041E-05,-9.05857E-06,6.66984E-06,4.13381E-05,-1.59631E-05,4.27244E-05
0.0014087,1.6298,0.67,5.1101,0.020779,0.0059741,1.0158,0.00062616,-0.00023734,0.0001593,0.0010958,-0.00032448,0.0010955,0.195576,0.0804,0.613212,5.08541E-05,0.00394801,0.001135079,0.193002,2.26044E-05,-8.56797E-06,5.75073E-06,3.95584E-05,-1.17137E-05,3.95476E-05
0.0013488,1.638,0.67,5.1101,0.020763,0.0083782,1.0177,0.00068837,-0.00022403,0.00012377,0.0010613,-0.00022512,0.00094794,0.19656,0.0804,0.613212,4.86917E-05,0.00394497,0.001591858,0.193363,2.48502E-05,-8.08748E-06,4.4681E-06,3.83129E-05,-8.12683E-06,3.42206E-05
0.0013016,1.6463,0.67,5.1101,0.020482,0.010467,1.021,0.00077131,-0.00021858,8.48E-05,0.0010464,-0.00013075,0.00078555,0.197556,0.0804,0.613212,4.69878E-05,0.00389158,0.00198873,0.19399,2.78443E-05,-7.89074E-06,3.05962E-06,3.7775E-05,-4.72008E-06,2.83584E-05
0.0012923,1.6545,0.67,5.1101,0.019978,0.011948,1.0235,0.00087533,-0.00021824,7.39E-05,0.0010298,-6.41E-05,0.00067943,0.19854,0.0804,0.613212,4.6652E-05,0.00379582,0.00227012,0.194465,3.15994E-05,-7.87846E-06,2.66682E-06,3.71758E-05,-2.31488E-06,2.45274E-05
0.0013479,1.6628,0.67,5.1101,0.019365,0.012697,1.0244,0.0010053,-0.00021794,8.45E-05,0.0010032,-3.60E-05,0.00068717,0.199536,0.0804,0.613212,4.86592E-05,0.00367935,0.00241243,0.194636,3.62913E-05,-7.86763E-06,3.05168E-06,3.62155E-05,-1.29841E-06,2.48068E-05
0.001493,1.6711,0.67,5.1101,0.018766,0.013105,1.0245,0.001164,-0.00021388,9.96E-05,0.00098511,-3.70E-05,0.00083691,0.200532,0.0804,0.613212,5.38973E-05,0.00356554,0.00248995,0.194655,4.20204E-05,-7.72107E-06,3.59516E-06,3.55625E-05,-1.33534E-06,3.02125E-05
0.0017219,1.6793,0.67,5.1101,0.018268,0.01383,1.0252,0.0013497,-0.00021036,0.00014867,0.0010306,-8.90E-05,0.0010634,0.201516,0.0804,0.613212,6.21606E-05,0.00347092,0.0026277,0.194788,4.87242E-05,-7.594E-06,5.36699E-06,3.72047E-05,-3.21369E-06,3.83887E-05
0.0019925,1.6876,0.67,5.1101,0.017916,0.014994,1.0261,0.001558,-0.0002206,0.00024386,0.0011645,-0.00020989,0.0012625,0.202512,0.0804,0.613212,7.19293E-05,0.00340404,0.00284886,0.194959,5.62438E-05,-7.96366E-06,8.80335E-06,4.20385E-05,-7.57703E-06,4.55763E-05
0.0022677,1.6958,0.67,5.1101,0.017797,0.015918,1.0253,0.0017777,-0.00024229,0.00037311,0.0012605,-0.00041171,0.0014972,0.203496,0.0804,0.613212,8.1864E-05,0.00338143,0.00302442,0.194807,6.4175E-05,-8.74667E-06,1.34693E-05,4.55041E-05,-1.48627E-05,5.40489E-05
0.0024422,1.7041,0.67,5.1101,0.018034,0.01596,1.0229,0.0019954,-0.00025001,0.00050441,0.0011957,-0.00055924,0.0016933,0.204492,0.0804,0.613212,8.81634E-05,0.00342646,0.0030324,0.194351,7.20339E-05,-9.02536E-06,1.82092E-05,4.31648E-05,-2.01886E-05,6.11281E-05
0.0023953,1.7123,0.67,5.1101,0.018675,0.015227,1.0221,0.0021987,-0.00024193,0.00056072,0.0010644,-0.00049675,0.0015275,0.205476,0.0804,0.613212,8.64703E-05,0.00354825,0.00289313,0.194199,7.93731E-05,-8.73367E-06,2.0242E-05,3.84248E-05,-1.79327E-05,5.51428E-05
0.0022497,1.7206,0.67,5.1101,0.019614,0.014102,1.0227,0.0023655,-0.00024661,0.00053213,0.0010155,-0.00035134,0.0011184,0.206472,0.0804,0.613212,8.12142E-05,0.00372666,0.00267938,0.194313,8.53946E-05,-8.90262E-06,1.92099E-05,3.66596E-05,-1.26834E-05,4.03742E-05
0.0021897,1.7289,0.67,5.1101,0.020608,0.012978,1.0235,0.0024706,-0.00028723,0.00048111,0.0010809,-0.00027334,0.0008279,0.207468,0.0804,0.613212,7.90482E-05,0.00391552,0.00246582,0.194465,8.91887E-05,-1.0369E-05,1.73681E-05,3.90205E-05,-9.86757E-06,2.98872E-05
0.0022098,1.7371,0.67,5.1101,0.02144,0.012401,1.0241,0.0025076,-0.00036559,0.00044577,0.0012047,-0.00025198,0.00070728,0.208452,0.0804,0.613212,7.97738E-05,0.0040736,0.00235619,0.194579,9.05244E-05,-1.31978E-05,1.60923E-05,4.34897E-05,-9.09648E-06,2.55328E-05
0.0022426,1.7454,0.67,5.1101,0.022042,0.012766,1.0249,0.0024896,-0.00046277,0.00042801,0.0013295,-0.00024115,0.00066609,0.209448,0.0804,0.613212,8.09579E-05,0.00418798,0.00242554,0.194731,8.98746E-05,-1.6706E-05,1.54512E-05,4.7995E-05,-8.70552E-06,2.40458E-05
0.0022671,1.7536,0.67,5.1101,0.02243,0.014042,1.0261,0.0024374,-0.00056338,0.00041772,0.0014712,-0.0002209,0.00062568,0.210432,0.0804,0.613212,8.18423E-05,0.0042617,0.00266798,0.194959,8.79901E-05,-2.0338E-05,1.50797E-05,5.31103E-05,-7.97449E-06,2.2587E-05
0.0022986,1.7619,0.67,5.1101,0.022599,0.015386,1.0273,0.0023654,-0.00065491,0.00041422,0.0016362,-0.00018211,0.00059565,0.211428,0.0804,0.613212,8.29795E-05,0.00429381,0.00292334,0.195187,8.53909E-05,-2.36423E-05,1.49533E-05,5.90668E-05,-6.57417E-06,2.1503E-05
0.0023238,1.7701,0.67,5.1101,0.022587,0.015735,1.0279,0.0022772,-0.00071343,0.00042077,0.0017353,-0.00016082,0.00063508,0.212412,0.0804,0.613212,8.38892E-05,0.00429153,0.00298965,0.195301,8.22069E-05,-2.57548E-05,1.51898E-05,6.26443E-05,-5.8056E-06,2.29264E-05
0.0023226,1.7784,0.67,5.1101,0.022528,0.014997,1.0284,0.0021784,-0.00072376,0.00045536,0.0017165,-0.00021603,0.00075039,0.213408,0.0804,0.613212,8.38459E-05,0.00428032,0.00284943,0.195396,7.86402E-05,-2.61277E-05,1.64385E-05,6.19657E-05,-7.79868E-06,2.70891E-05
0.0023176,1.7866,0.67,5.1101,0.022556,0.013792,1.0299,0.0020811,-0.00070215,0.00051909,0.0016459,-0.0003318,0.00090825,0.214392,0.0804,0.613212,8.36654E-05,0.00428564,0.00262048,0.195681,7.51277E-05,-2.53476E-05,1.87391E-05,5.9417E-05,-1.1978E-05,3.27878E-05
0.0023239,1.7949,0.67,5.1101,0.022764,0.012576,1.032,0.0019939,-0.00068538,0.00058752,0.0015935,-0.00045581,0.0010604,0.215388,0.0804,0.613212,8.38928E-05,0.00432516,0.00238944,0.19608,7.19798E-05,-2.47422E-05,2.12095E-05,5.75254E-05,-1.64547E-05,3.82804E-05
0.0023407,1.8032,0.67,5.1101,0.023181,0.011516,1.0337,0.0019204,-0.00070325,0.00065177,0.0015814,-0.00057466,0.0011796,0.216384,0.0804,0.613212,8.44993E-05,0.00440439,0.00218804,0.196403,6.93264E-05,-2.53873E-05,2.35289E-05,5.70885E-05,-2.07452E-05,4.25836E-05
0.002383,1.8114,0.67,5.1101,0.023724,0.010799,1.0341,0.0018614,-0.00075897,0.00070704,0.0016179,-0.00070034,0.0012868,0.217368,0.0804,0.613212,8.60263E-05,0.00450756,0.00205181,0.196479,6.71965E-05,-2.73988E-05,2.55241E-05,5.84062E-05,-2.52823E-05,4.64535E-05
0.0024678,1.8197,0.67,5.1101,0.024268,0.010659,1.0333,0.001815,-0.00083243,0.00074968,0.0017222,-0.00083242,0.0013983,0.218364,0.0804,0.613212,8.90876E-05,0.00461092,0.00202521,0.196327,6.55215E-05,-3.00507E-05,2.70634E-05,6.21714E-05,-3.00504E-05,5.04786E-05
0.0025927,1.8279,0.67,5.1101,0.024763,0.011199,1.032,0.0017749,-0.00090043,0.00078418,0.0018778,-0.00095543,0.0015327,0.219348,0.0804,0.613212,9.35965E-05,0.00470497,0.00212781,0.19608,6.40739E-05,-3.25055E-05,2.83089E-05,6.77886E-05,-3.4491E-05,5.53305E-05
0.0027215,1.8362,0.67,5.1101,0.025301,0.012404,1.0308,0.0017271,-0.00094142,0.00082958,0.0020031,-0.0010682,0.0017128,0.220344,0.0804,0.613212,9.82462E-05,0.00480719,0.00235676,0.195852,6.23483E-05,-3.39853E-05,2.99478E-05,7.23119E-05,-3.8562E-05,6.18321E-05
0.0027918,1.8446,0.67,5.1101,0.026055,0.013755,1.0298,0.0016626,-0.00095262,0.00086276,0.0020425,-0.0011566,0.0018784,0.221352,0.0804,0.613212,0.000100784,0.00495045,0.00261345,0.195662,6.00199E-05,-3.43896E-05,3.11456E-05,7.37343E-05,-4.17533E-05,6.78102E-05
0.0027836,1.8534,0.67,5.1101,0.027107,0.014475,1.0293,0.0015885,-0.00094005,0.00086176,0.0019943,-0.0012069,0.0019845,0.222408,0.0804,0.613212,0.000100488,0.00515033,0.00275025,0.195567,5.73449E-05,-3.39358E-05,3.11095E-05,7.19942E-05,-4.35691E-05,7.16405E-05
0.0027217,1.8626,0.67,5.1101,0.02832,0.014166,1.0297,0.0015195,-0.00090452,0.00082555,0.0019065,-0.0011913,0.0020175,0.223512,0.0804,0.613212,9.82534E-05,0.0053808,0.00269154,0.195643,5.4854E-05,-3.26532E-05,2.98024E-05,6.88247E-05,-4.30059E-05,7.28318E-05
0.0026222,1.8723,0.67,5.1101,0.02941,0.013328,1.0312,0.0014564,-0.00083824,0.00075395,0.0018193,-0.0011157,0.0019686,0.224676,0.0804,0.613212,9.46614E-05,0.0055879,0.00253232,0.195928,5.2576E-05,-3.02605E-05,2.72176E-05,6.56767E-05,-4.02768E-05,7.10665E-05
0.0025108,1.8824,0.67,5.1101,0.030142,0.012821,1.0337,0.0013769,-0.00072157,0.0006638,0.0017156,-0.0010376,0.0019292,0.225888,0.0804,0.613212,9.06399E-05,0.00572698,0.00243599,0.196403,4.97061E-05,-2.60487E-05,2.39632E-05,6.19332E-05,-3.74574E-05,6.96441E-05
0.0024095,1.8931,0.67,5.1101,0.030554,0.012255,1.0354,0.0012642,-0.00056508,0.00055689,0.001588,-0.00093435,0.0019668,0.227172,0.0804,0.613212,8.6983E-05,0.00580526,0.00232845,0.196726,4.56376E-05,-2.03994E-05,2.01037E-05,5.73268E-05,-3.373E-05,7.10015E-05
0.0022838,1.9042,0.67,5.1101,0.031018,0.011193,1.0351,0.0011448,-0.00040795,0.00041747,0.0014205,-0.00078305,0.0020022,0.228504,0.0804,0.613212,8.24452E-05,0.00589342,0.00212667,0.196669,4.13273E-05,-1.4727E-05,1.50707E-05,5.12801E-05,-2.82681E-05,7.22794E-05
0.0021386,1.9159,0.67,5.1101,0.031843,0.010392,1.0341,0.001066,-0.0002629,0.000283,0.0012045,-0.00064392,0.0020069,0.229908,0.0804,0.613212,7.72035E-05,0.00605017,0.00197448,0.196479,3.84826E-05,-9.49069E-06,1.02163E-05,4.34825E-05,-2.32455E-05,7.24491E-05
0.0018957,1.9282,0.67,5.1101,0.032764,0.010664,1.0328,0.0010482,-9.83E-05,0.00015186,0.00097562,-0.00047622,0.0017675,0.231384,0.0804,0.613212,6.84348E-05,0.00622516,0.00202616,0.196232,3.784E-05,-3.55025E-06,5.48215E-06,3.52199E-05,-1.71915E-05,6.38068E-05
0.0016977,1.941,0.67,5.1101,0.033099,0.010973,1.0323,0.0010741,5.83E-05,4.41E-05,0.00083229,-0.0002789,0.001489,0.23292,0.0804,0.613212,6.1287E-05,0.00628881,0.00208487,0.196137,3.8775E-05,2.10391E-06,1.59176E-06,3.00457E-05,-1.00683E-05,5.37529E-05
0.0016204,1.9545,0.67,5.1101,0.032326,0.010488,1.0311,0.0011024,0.00014408,-5.99E-05,0.00079881,-0.0001922,0.0013396,0.23454,0.0804,0.613212,5.84964E-05,0.00614194,0.00199272,0.195909,3.97966E-05,5.20129E-06,-2.16152E-06,2.8837E-05,-6.93842E-06,4.83596E-05
0.0015874,1.9686,0.67,5.1101,0.03088,0.0094329,1.0285,0.0011273,0.00014007,-0.00016408,0.00082451,-0.00018639,0.001223,0.236232,0.0804,0.613212,5.73051E-05,0.0058672,0.001792251,0.195415,4.06955E-05,5.05653E-06,-5.92329E-06,2.97648E-05,-6.72868E-06,4.41503E-05
0.0015747,1.9833,0.67,5.1101,0.029781,0.0055552,1.025,0.0011807,6.61E-05,-0.00019567,0.00076723,-0.00021332,0.0012015,0.237996,0.0804,0.613212,5.68467E-05,0.00565839,0.001055488,0.19475,4.26233E-05,2.38495E-06,-7.06369E-06,2.7697E-05,-7.70085E-06,4.33742E-05
0.0016942,1.9988,0.67,5.1101,0.028823,0.00033779,1.0216,0.0012489,2.21E-06,-7.56E-05,0.00064058,-9.99E-05,0.001499,0.239856,0.0804,0.613212,6.11606E-05,0.00547637,6.41801E-05,0.194104,4.50853E-05,7.99146E-08,-2.72775E-06,2.31249E-05,-3.60632E-06,5.41139E-05
0.0022015,2.0149,0.67,5.1101,0.026906,-0.0027163,1.0179,0.0012815,1.61E-05,0.00016703,0.00058741,0.00010761,0.002534,0.241788,0.0804,0.613212,7.94742E-05,0.00511214,-0.000516097,0.193401,4.62622E-05,5.81463E-07,6.02978E-06,2.12055E-05,3.88472E-06,9.14774E-05
0.0026155,2.0319,0.67,5.1101,0.024286,-0.0053467,1.0107,0.0012333,7.37E-05,0.00040473,0.0006106,0.0001725,0.0033872,0.243828,0.0804,0.613212,9.44196E-05,0.00461434,-0.001015873,0.192033,4.45221E-05,2.66147E-06,1.46108E-05,2.20427E-05,6.22725E-06,0.000122278
0.0028669,2.0496,0.67,5.1101,0.02159,-0.0084289,1.0023,0.0011737,8.30E-06,0.00069998,0.00063071,2.71E-05,0.0039295,0.245952,0.0804,0.613212,0.000103495,0.0041021,-0.001601491,0.190437,4.23706E-05,2.99489E-07,2.52693E-05,2.27686E-05,9.76974E-07,0.000141855
0.003836,2.0681,0.67,5.1101,0.019232,-0.0043134,0.98995,0.0012558,-0.00019091,0.0013147,0.00073318,-0.00024128,0.0056831,0.248172,0.0804,0.613212,0.00013848,0.00365408,-0.000819546,0.1880905,4.53344E-05,-6.89185E-06,4.74607E-05,2.64678E-05,-8.71021E-06,0.00020516
0.0050569,2.0875,0.67,5.1101,0.01777,0.0032661,0.98399,0.0014739,-0.00036915,0.0020792,0.0010106,-0.00086646,0.0076293,0.2505,0.0804,0.613212,0.000182554,0.0033763,0.000620559,0.1869581,5.32078E-05,-1.33263E-05,7.50591E-05,3.64827E-05,-3.12792E-05,0.000275418
0.0054039,2.1078,0.67,5.1101,0.018173,0.011977,0.97257,0.0016954,-0.00025441,0.0024573,0.0011536,-0.00097886,0.0079588,0.252936,0.0804,0.613212,0.000195081,0.00345287,0.00227563,0.1847883,6.12039E-05,-9.1842E-06,8.87085E-05,4.1645E-05,-3.53368E-05,0.000287313
0.0051707,2.129,0.67,5.1101,0.021177,0.015792,0.96264,0.0018568,-0.0002108,0.0026437,0.0010361,-0.00068422,0.0074487,0.25548,0.0804,0.613212,0.000186662,0.00402363,0.00300048,0.1829016,6.70305E-05,-7.60988E-06,9.54376E-05,3.74032E-05,-2.47003E-05,0.000268898
0.0042762,2.1511,0.67,5.1101,0.023418,0.015344,0.97038,0.001926,-6.47E-05,0.0023934,0.00099898,-0.00027328,0.0056274,0.258132,0.0804,0.613212,0.000154371,0.00444942,0.00291536,0.1843722,6.95286E-05,-2.33693E-06,8.64017E-05,3.60632E-05,-9.86541E-06,0.000203149
0.0034369,2.1743,0.67,5.1101,0.022239,0.019359,0.96818,0.0018239,0.00028008,0.0016618,0.0010318,0.00016114,0.0040181,0.260916,0.0804,0.613212,0.000124072,0.00422541,0.00367821,0.1839542,6.58428E-05,1.01109E-05,5.9991E-05,3.7248E-05,5.81715E-06,0.000145053
0.0033031,2.1984,0.67,5.1101,0.020043,0.022996,0.96061,0.0016031,0.00055401,0.0012658,0.0012251,0.00041857,0.0037779,0.263808,0.0804,0.613212,0.000119242,0.00380817,0.00436924,0.1825159,5.78719E-05,1.99998E-05,4.56954E-05,4.42261E-05,1.51104E-05,0.000136382
0.0037424,2.2237,0.67,5.1101,0.019467,0.022059,0.93812,0.0013855,0.00071901,0.001303,0.0017048,0.00096777,0.0043944,0.266844,0.0804,0.613212,0.000135101,0.00369873,0.00419121,0.1782428,5.00166E-05,2.59563E-05,4.70383E-05,6.15433E-05,3.49365E-05,0.000158638
0.0051958,2.2501,0.67,5.1101,0.018585,0.020613,0.91584,0.0011631,0.00036761,0.0014864,0.0020882,0.00082051,0.0071403,0.270012,0.0804,0.613212,0.000187568,0.00353115,0.00391647,0.1740096,4.19879E-05,1.32707E-05,5.3659E-05,7.5384E-05,2.96204E-05,0.000257765
0.0049556,2.2776,0.67,5.1101,0.0146,0.026698,0.89913,0.0010608,-4.94E-05,0.0012988,0.0020491,-3.51E-05,0.0068012,0.273312,0.0804,0.613212,0.000178897,0.002774,0.00507262,0.1708347,3.82949E-05,-1.78215E-06,4.68867E-05,7.39725E-05,-1.26743E-06,0.000245523
0.0051752,2.3063,0.67,5.1101,0.0081947,0.037065,0.88933,0.0011042,2.39E-05,0.0011603,0.001802,-0.00071531,0.0074442,0.276756,0.0804,0.613212,0.000186825,0.001556993,0.00704235,0.1689727,3.98616E-05,8.63656E-07,4.18868E-05,6.50522E-05,-2.58227E-05,0.000268736
0.00552,2.3362,0.67,5.1101,0.0014893,0.04735,0.88137,0.0011925,0.00023343,0.0012497,0.0018975,-0.00076752,0.0079501,0.280344,0.0804,0.613212,0.000199272,0.000282967,0.0089965,0.1674603,4.30493E-05,8.42682E-06,4.51142E-05,6.84998E-05,-2.77075E-05,0.000286999
0.0050377,2.3674,0.67,5.1101,-0.001697,0.052465,0.85844,0.001385,0.00014228,0.0011741,0.0024904,-0.000927,0.0061999,0.284088,0.0804,0.613212,0.000181861,-0.00032243,0.00996835,0.1631036,4.99985E-05,5.13631E-06,4.2385E-05,8.99034E-05,-3.34647E-05,0.000223816
0.0056665,2.3999,0.67,5.1101,-0.0015807,0.061353,0.83572,0.0015421,0.00056936,0.0011644,0.0038674,0.00036371,0.0059235,0.287988,0.0804,0.613212,0.000204561,-0.000300333,0.01165707,0.1587868,5.56698E-05,2.05539E-05,4.20348E-05,0.000139613,1.31299E-05,0.000213838
0.0053413,2.4338,0.67,5.1101,-0.0013968,0.061213,0.78549,0.0012303,0.00060644,0.0012532,0.0037489,0.0015829,0.0057033,0.292056,0.0804,0.613212,0.000192821,-0.000265392,0.01163047,0.1492431,4.44138E-05,2.18925E-05,4.52405E-05,0.000135335,5.71427E-05,0.000205889
0.0040131,2.4691,0.67,5.1101,-0.00089348,0.047129,0.66756,0.0004751,6.54E-05,0.00080873,0.0021551,0.0010085,0.005396,0.296292,0.0804,0.613212,0.000144873,-0.000169761,0.00895451,0.1268364,1.71511E-05,2.36025E-06,2.91952E-05,7.77991E-05,3.64069E-05,0.000194796
0.0015216,2.5058,0.67,5.1101,0.00022503,0.020713,0.29322,3.04E-05,1.14E-05,0.00014276,0.00082012,0.00040112,0.0021927,0.300696,0.0804,0.613212,5.49298E-05,4.27557E-05,0.00393547,0.0557118,1.096E-06,4.11648E-07,5.15364E-06,2.96063E-05,1.44804E-05,7.91565E-05
2.95E-07,2.544,0.67,5.1101,0.00040848,8.64E-14,-2.76E-17,5.90E-07,1.25E-16,-3.88E-20,2.64E-26,-8.21E-30,2.60E-33,0.30528,0.0804,0.613212,1.06538E-08,7.76112E-05,1.64234E-14,-5.24685E-18,2.13073E-08,4.50997E-18,-1.40025E-21,9.54556E-28,-2.96359E-31,9.37842E-35
0,2.5837,0.67,5.1101,0,0,0,0,0,0,0,0,0,0.310044,0.0804,0.613212,0,0,0,0,0,0,0,0,0,0
0,2.625,0.67,5.1101,0,0,0,0,0,0,0,0,0,0.315,0.0804,0.613212,0,0,0,0,0,0,0,0,0,0
0,-0.125,0.67,5.1415,0,0,0,0,0,0,0,0,0,-0.015,0.0804,0.61698,0,0,0,0,0,0,0,0,0,0
0,-0.083719,0.67,5.1415,0,0,0,0,0,0,0,0,0,-0.01004628,0.0804,0.61698,0,0,0,0,0,0,0,0,0,0
7.14E-07,-0.044001,0.67,5.1415,-0.00045217,-1.25E-13,3.29E-18,1.43E-06,3.94E-16,6.13E-23,1.09E-25,1.48E-32,4.92E-34,-0.00528012,0.0804,0.61698,2.57877E-08,-8.59123E-05,-2.3712E-14,6.24663E-19,5.15761E-08,1.42245E-17,2.21275E-24,3.92335E-27,5.33883E-34,1.77681E-35
0.0010208,-0.0058053,0.67,5.1415,-0.0021128,0.023362,0.36917,1.42E-05,-2.95E-05,-3.04E-05,0.00078214,-0.00013619,0.0012452,-0.000696636,0.0804,0.61698,3.68509E-05,-0.000401432,0.00443878,0.0701423,5.1179E-07,-1.06416E-06,-1.09661E-06,2.82353E-05,-4.91646E-06,4.49517E-05
0.0026747,0.030909,0.67,5.1415,-0.0080831,0.05294,0.83637,0.00020343,-0.00017331,-0.00017381,0.0020362,-0.00035323,0.0031098,0.00370908,0.0804,0.61698,9.65567E-05,-0.001535789,0.0100586,0.1589103,7.34382E-06,-6.25649E-06,-6.27454E-06,7.35068E-05,-1.27516E-05,0.000112264
0.003031,0.066184,0.67,5.1415,-0.01693,0.048455,0.94622,0.00056025,-0.00022361,-0.00025919,0.0017598,-0.00034056,0.0037419,0.00794208,0.0804,0.61698,0.000109419,-0.0032167,0.00920645,0.1797818,2.0225E-05,-8.07232E-06,-9.35676E-06,6.35288E-05,-1.22942E-05,0.000135083
0.0033296,0.10006,0.67,5.1415,-0.02414,0.036874,0.97538,0.00065395,-0.00024562,-0.00019008,0.0013812,-0.00041051,0.004624,0.0120072,0.0804,0.61698,0.000120199,-0.0045866,0.00700606,0.1853222,2.36076E-05,-8.86688E-06,-6.86189E-06,4.98613E-05,-1.48194E-05,0.000166926
0.0034437,0.13258,0.67,5.1415,-0.027964,0.028264,1.0031,0.00048398,-0.00017175,-3.61E-05,0.0013891,-0.00082132,0.0050142,0.0159096,0.0804,0.61698,0.000124318,-0.00531316,0.00537016,0.190589,1.74717E-05,-6.20018E-06,-1.30224E-06,5.01465E-05,-2.96497E-05,0.000181013
0.0026484,0.16379,0.67,5.1415,-0.028112,0.013523,1.0241,0.00044638,-1.13E-05,-5.82E-05,0.00093727,-0.00059333,0.0039131,0.0196548,0.0804,0.61698,9.56072E-05,-0.00534128,0.00256937,0.194579,1.61143E-05,-4.07064E-07,-2.10257E-06,3.38354E-05,-2.14192E-05,0.000141263
0.002264,0.19372,0.67,5.1415,-0.027032,0.0083149,1.0265,0.00058425,8.77E-05,-0.00016764,0.00088411,-0.00025372,0.0030596,0.0232464,0.0804,0.61698,8.17304E-05,-0.00513608,0.001579831,0.195035,2.10914E-05,3.16593E-06,-6.0518E-06,3.19164E-05,-9.15929E-06,0.000110452
0.0031975,0.22242,0.67,5.1415,-0.025774,0.013275,1.0312,0.000801,9.74E-05,-0.0008015,0.0010798,-0.0005397,0.0045143,0.0266904,0.0804,0.61698,0.00011543,-0.00489706,0.00252225,0.195928,2.89161E-05,3.51556E-06,-2.89342E-05,3.89808E-05,-1.94832E-05,0.000162966
0.0032005,0.24993,0.67,5.1415,-0.026131,0.019664,1.0414,0.0010548,-3.84E-05,-0.0012012,0.0011443,-0.00028087,0.0042019,0.0299916,0.0804,0.61698,0.000115538,-0.00496489,0.00373616,0.197866,3.80783E-05,-1.38523E-06,-4.33633E-05,4.13092E-05,-1.01394E-05,0.000151689
0.0023631,0.27629,0.67,5.1415,-0.028953,0.023293,1.0474,0.001182,5.25E-05,-0.0010853,0.0010561,-5.34E-05,0.0024881,0.0331548,0.0804,0.61698,8.53079E-05,-0.00550107,0.00442567,0.199006,4.26702E-05,1.89424E-06,-3.91793E-05,3.81252E-05,-1.92698E-06,8.98204E-05
0.0028906,0.30154,0.67,5.1415,-0.030894,0.023081,1.0444,0.0011813,0.00016719,-0.0008618,0.0012032,-0.00038299,0.0033967,0.0361848,0.0804,0.61698,0.000104351,-0.00586986,0.00438539,0.198436,4.26449E-05,6.03556E-06,-3.1111E-05,4.34355E-05,-1.38259E-05,0.000122621
0.0037029,0.32572,0.67,5.1415,-0.030968,0.016259,1.047,0.0011793,9.91E-05,-0.00078776,0.0017044,-0.00095981,0.0045222,0.0390864,0.0804,0.61698,0.000133675,-0.00588392,0.00308921,0.19893,4.25727E-05,3.57675E-06,-2.84381E-05,6.15288E-05,-3.46491E-05,0.000163251
0.0035367,0.34887,0.67,5.1415,-0.031646,0.011175,1.061,0.001263,5.19E-05,-0.00083956,0.0017512,-0.0011949,0.0040592,0.0418644,0.0804,0.61698,0.000127675,-0.00601274,0.00212325,0.20159,4.55943E-05,1.87493E-06,-3.03081E-05,6.32183E-05,-4.31359E-05,0.000146537
0.0028059,0.37102,0.67,5.1415,-0.033329,0.015082,1.0616,0.0013774,0.00021893,-0.00056707,0.0014678,-0.00079643,0.0027668,0.0445224,0.0804,0.61698,0.000101293,-0.00633251,0.00286558,0.201704,4.97241E-05,7.90337E-06,-2.04712E-05,5.29876E-05,-2.87511E-05,9.98815E-05
0.0023727,0.39221,0.67,5.1415,-0.035311,0.023295,1.0573,0.0013803,0.0003677,-0.00050095,0.0013593,-0.00039928,0.0020058,0.0470652,0.0804,0.61698,8.56545E-05,-0.00670909,0.00442605,0.200887,4.98288E-05,1.3274E-05,-1.80843E-05,4.90707E-05,-1.4414E-05,7.24094E-05
0.0020362,0.41248,0.67,5.1415,-0.037716,0.030511,1.0532,0.0013329,0.0001876,-0.00023221,0.0012173,-0.00036749,0.0015221,0.0494976,0.0804,0.61698,7.35068E-05,-0.00716604,0.00579709,0.200108,4.81177E-05,6.77236E-06,-8.38278E-06,4.39445E-05,-1.32664E-05,5.49478E-05
0.0021433,0.43187,0.67,5.1415,-0.039858,0.033503,1.0528,0.0012873,3.69E-05,-9.24E-05,0.0011541,-0.00062688,0.0018451,0.0518244,0.0804,0.61698,7.73731E-05,-0.00757302,0.00636557,0.200032,4.64715E-05,1.33162E-06,-3.33416E-06,4.1663E-05,-2.26304E-05,6.66081E-05
0.0025687,0.4504,0.67,5.1415,-0.041276,0.035794,1.0485,0.0012921,0.00012505,-0.00037838,0.0012154,-0.0008825,0.00263,0.054048,0.0804,0.61698,9.27301E-05,-0.00784244,0.00680086,0.199215,4.66448E-05,4.51431E-06,-1.36595E-05,4.38759E-05,-3.18583E-05,0.000094943
0.0029592,0.46812,0.67,5.1415,-0.042263,0.036142,1.0467,0.0013457,0.00028619,-0.00050384,0.0014743,-0.0012481,0.0030985,0.0561744,0.0804,0.61698,0.000106827,-0.00802997,0.00686698,0.198873,4.85798E-05,1.03315E-05,-1.81886E-05,5.32222E-05,-4.50564E-05,0.000111856
0.0031026,0.48504,0.67,5.1415,-0.042879,0.035117,1.051,0.0013273,0.00032513,-0.00036757,0.0016593,-0.001503,0.0032186,0.0582048,0.0804,0.61698,0.000112004,-0.00814701,0.00667223,0.19969,4.79155E-05,1.17372E-05,-1.32693E-05,5.99007E-05,-5.42583E-05,0.000116191
0.0031045,0.50122,0.67,5.1415,-0.043264,0.035502,1.0543,0.0012284,0.0002146,-0.00022307,0.0018678,-0.0014991,0.0031128,0.0601464,0.0804,0.61698,0.000112072,-0.00822016,0.00674538,0.200317,4.43452E-05,7.74706E-06,-8.05283E-06,6.74276E-05,-5.41175E-05,0.000112372
0.0027823,0.51667,0.67,5.1415,-0.043667,0.035529,1.0553,0.0011555,0.00011453,-0.00013329,0.001985,-0.0012409,0.002424,0.0620004,0.0804,0.61698,0.000100441,-0.00829673,0.00675051,0.200507,4.17136E-05,4.13453E-06,-4.81177E-06,7.16585E-05,-4.47965E-05,8.75064E-05
0.0023811,0.53142,0.67,5.1415,-0.043929,0.033101,1.0571,0.0011254,6.02E-05,-7.74E-05,0.0018034,-0.00098438,0.0018334,0.0637704,0.0804,0.61698,8.59577E-05,-0.00834651,0.00628919,0.200849,4.06269E-05,2.17152E-06,-2.79342E-06,6.51027E-05,-3.55361E-05,6.61857E-05
0.0021711,0.54551,0.67,5.1415,-0.044021,0.030709,1.0594,0.001073,3.39E-05,-7.32E-05,0.0015959,-0.00083864,0.0016733,0.0654612,0.0804,0.61698,7.83767E-05,-0.00836399,0.00583471,0.201286,3.87353E-05,1.2222E-06,-2.64321E-06,5.7612E-05,-3.02749E-05,6.04061E-05
0.0019442,0.55896,0.67,5.1415,-0.044451,0.028801,1.0595,0.00098221,2.63E-05,-0.00017512,0.0014212,-0.00053451,0.001485,0.0670752,0.0804,0.61698,7.01856E-05,-0.00844569,0.00547219,0.201305,3.54578E-05,9.50296E-07,-6.32183E-06,5.13053E-05,-1.92958E-05,5.36085E-05
0.0018607,0.5718,0.67,5.1415,-0.045407,0.024971,1.0583,0.00090677,1.15E-05,-0.00032846,0.0013446,-0.00017784,0.00147,0.068616,0.0804,0.61698,6.71713E-05,-0.00862733,0.00474449,0.201077,3.27344E-05,4.16919E-07,-1.18574E-05,4.85401E-05,-6.42002E-06,0.000053067
0.0019335,0.58405,0.67,5.1415,-0.046454,0.021202,1.0606,0.0008951,5.23E-05,-0.0004598,0.0015105,-5.27E-05,0.0014613,0.070086,0.0804,0.61698,6.97994E-05,-0.00882626,0.00402838,0.201514,3.23131E-05,1.8885E-06,-1.65988E-05,5.45291E-05,-1.90189E-06,5.27529E-05
0.0020369,0.59575,0.67,5.1415,-0.047271,0.019216,1.0642,0.00094064,0.00018161,-0.00058423,0.0016977,-0.00010449,0.0014355,0.07149,0.0804,0.61698,7.35321E-05,-0.00898149,0.00365104,0.202198,3.39571E-05,6.55612E-06,-2.10907E-05,6.1287E-05,-3.77209E-06,5.18216E-05
0.0021526,0.6069,0.67,5.1415,-0.04789,0.017883,1.0665,0.0010148,0.0002949,-0.00068864,0.0018055,-0.00010627,0.0014851,0.072828,0.0804,0.61698,7.77089E-05,-0.0090991,0.00339777,0.202635,3.66343E-05,1.06459E-05,-2.48599E-05,6.51786E-05,-3.83635E-06,5.36121E-05
0.0022962,0.61755,0.67,5.1415,-0.04833,0.016078,1.0692,0.0010972,0.00034431,-0.0007511,0.0018677,-3.64E-05,0.0016275,0.074106,0.0804,0.61698,8.28928E-05,-0.0091827,0.00305482,0.203148,3.96089E-05,1.24296E-05,-2.71147E-05,6.7424E-05,-1.31361E-06,5.87528E-05
0.0023994,0.6277,0.67,5.1415,-0.048561,0.012968,1.0716,0.0011699,0.00035537,-0.00076566,0.001822,6.34E-05,0.001807,0.075324,0.0804,0.61698,8.66183E-05,-0.00922659,0.00246392,0.203604,4.22334E-05,1.28289E-05,-2.76403E-05,6.57742E-05,2.28971E-06,6.52327E-05
0.002368,0.63738,0.67,5.1415,-0.04868,0.0088547,1.0735,0.0012106,0.00034969,-0.00069059,0.0017251,0.00016519,0.0018002,0.0764856,0.0804,0.61698,8.54848E-05,-0.0092492,0.001682393,0.203965,4.37027E-05,1.26238E-05,-2.49303E-05,6.22761E-05,5.96336E-06,6.49872E-05
0.0022257,0.64661,0.67,5.1415,-0.048911,0.0046224,1.0766,0.0012045,0.00033247,-0.00055111,0.0016208,0.00018881,0.001626,0.0775932,0.0804,0.61698,8.03478E-05,-0.00929309,0.000878256,0.204554,4.34825E-05,1.20022E-05,-1.98951E-05,5.85109E-05,6.81604E-06,5.86986E-05
0.0020172,0.65542,0.67,5.1415,-0.049397,0.0010327,1.081,0.0011474,0.00030082,-0.00039689,0.0014946,0.00011962,0.0013923,0.0786504,0.0804,0.61698,7.28209E-05,-0.00938543,0.000196213,0.20539,4.14211E-05,1.08596E-05,-1.43277E-05,5.39551E-05,4.31828E-06,5.0262E-05
0.0018252,0.66381,0.67,5.1415,-0.050176,-0.0018555,1.0863,0.0010431,0.00026372,-0.00026611,0.0013662,1.10E-05,0.0012411,0.0796572,0.0804,0.61698,6.58897E-05,-0.00953344,-0.000352545,0.206397,3.76559E-05,9.52029E-06,-9.60657E-06,4.93198E-05,3.96017E-07,4.48037E-05
0.001647,0.67207,0.67,5.1415,-0.051262,-0.0042486,1.0921,0.00090493,0.00023068,-0.00014887,0.0012653,-0.00012348,0.0011238,0.0806484,0.0804,0.61698,5.94567E-05,-0.00973978,-0.000807234,0.207499,3.2668E-05,8.32755E-06,-5.37421E-06,4.56773E-05,-4.45763E-06,4.05692E-05
0.0014863,0.68032,0.67,5.1415,-0.052631,-0.006147,1.0982,0.00075475,0.00020477,-8.10E-05,0.0011845,-0.0002844,0.0010334,0.0816384,0.0804,0.61698,5.36554E-05,-0.00999989,-0.00116793,0.208658,2.72465E-05,7.3922E-06,-2.92468E-06,4.27605E-05,-1.02668E-05,3.73057E-05
0.0013449,0.68858,0.67,5.1415,-0.054137,-0.0074133,1.1033,0.00061856,0.00017644,-6.91E-05,0.001105,-0.00042626,0.00096616,0.0826296,0.0804,0.61698,4.85509E-05,-0.01028603,-0.001408527,0.209627,2.233E-05,6.36948E-06,-2.49527E-06,3.98905E-05,-1.5388E-05,3.48784E-05
0.0012269,0.69683,0.67,5.1415,-0.055537,-0.0082,1.1067,0.00051465,0.00013699,-7.38E-05,0.0010225,-0.00050848,0.00091662,0.0836196,0.0804,0.61698,4.42911E-05,-0.01055203,-0.001558,0.210273,1.85789E-05,4.94534E-06,-2.66346E-06,3.69123E-05,-1.83561E-05,3.309E-05
0.001155,0.70509,0.67,5.1415,-0.056712,-0.0090226,1.1088,0.00044851,9.04E-05,-6.21E-05,0.00093446,-0.00055857,0.00092701,0.0846108,0.0804,0.61698,4.16955E-05,-0.01077528,-0.001714294,0.210672,1.61912E-05,3.26189E-06,-2.24094E-06,3.3734E-05,-2.01644E-05,3.34651E-05
0.0011429,0.71335,0.67,5.1415,-0.05777,-0.01018,1.1109,0.00041969,4.24E-05,-4.11E-05,0.00084037,-0.00060314,0.0010258,0.085602,0.0804,0.61698,4.12587E-05,-0.0109763,-0.0019342,0.211071,1.51508E-05,1.52884E-06,-1.48191E-06,3.03374E-05,-2.17734E-05,3.70314E-05
0.0011573,0.7216,0.67,5.1415,-0.058829,-0.011515,1.1128,0.00042494,-9.96E-06,-2.30E-05,0.00075299,-0.00063406,0.0011367,0.086592,0.0804,0.61698,4.17785E-05,-0.01117751,-0.00218785,0.211432,1.53403E-05,-3.59621E-07,-8.30372E-07,2.71829E-05,-2.28896E-05,4.10349E-05
0.0011644,0.72986,0.67,5.1415,-0.059822,-0.012961,1.114,0.00045524,-6.61E-05,-6.81E-06,0.00068891,-0.00063502,0.0011846,0.0875832,0.0804,0.61698,4.20348E-05,-0.01136618,-0.00246259,0.21166,1.64342E-05,-2.38444E-06,-2.45866E-07,2.48697E-05,-2.29242E-05,4.27641E-05
0.0011684,0.73811,0.67,5.1415,-0.060654,-0.014511,1.1143,0.00049828,-0.00011721,5.44E-06,0.00065468,-0.00061507,0.0011838,0.0885732,0.0804,0.61698,4.21792E-05,-0.01152426,-0.00275709,0.211717,1.79879E-05,-4.23128E-06,1.96388E-07,2.36339E-05,-2.2204E-05,4.27352E-05
0.0011811,0.74637,0.67,5.1415,-0.061305,-0.015869,1.1135,0.00054238,-0.00015615,1.19E-05,0.00065112,-0.00058629,0.0011686,0.0895644,0.0804,0.61698,4.26377E-05,-0.01164795,-0.00301511,0.211565,1.95799E-05,-5.63702E-06,4.28002E-07,2.35054E-05,-2.11651E-05,4.21865E-05
0.0012105,0.75463,0.67,5.1415,-0.061677,-0.016675,1.1112,0.00057913,-0.00017899,1.39E-06,0.00068604,-0.00056427,0.0011557,0.0905556,0.0804,0.61698,4.36991E-05,-0.01171863,-0.00316825,0.211128,2.09066E-05,-6.46154E-06,5.03451E-08,2.4766E-05,-2.03701E-05,4.17208E-05
0.0012622,0.76288,0.67,5.1415,-0.06165,-0.016731,1.1076,0.00060362,-0.00018541,-3.08E-05,0.00076873,-0.00055799,0.0011521,0.0915456,0.0804,0.61698,4.55654E-05,-0.0117135,-0.00317889,0.210444,2.17907E-05,-6.6933E-06,-1.11069E-06,2.77512E-05,-2.01434E-05,4.15908E-05
0.0013348,0.77114,0.67,5.1415,-0.06131,-0.016089,1.1034,0.00061682,-0.00017549,-6.99E-05,0.00089778,-0.00056572,0.0011549,0.0925368,0.0804,0.61698,4.81863E-05,-0.0116489,-0.00305691,0.209646,2.22672E-05,-6.33519E-06,-2.5239E-06,3.24099E-05,-2.04225E-05,4.16919E-05
0.0014286,0.7794,0.67,5.1415,-0.060827,-0.015027,1.0992,0.00062489,-0.00014766,-9.46E-05,0.0010629,-0.0005905,0.0011694,0.093528,0.0804,0.61698,5.15725E-05,-0.01155713,-0.00285513,0.208848,2.25585E-05,-5.33053E-06,-3.41448E-06,3.83707E-05,-2.13171E-05,4.22153E-05
0.0015369,0.78765,0.67,5.1415,-0.060261,-0.013748,1.0954,0.00063441,-0.00010258,-8.62E-05,0.0012438,-0.0006422,0.0011957,0.094518,0.0804,0.61698,5.54821E-05,-0.01144959,-0.00261212,0.208126,2.29022E-05,-3.70314E-06,-3.11009E-06,4.49012E-05,-2.31834E-05,4.31648E-05
0.0016488,0.79591,0.67,5.1415,-0.0597,-0.01214,1.0922,0.00065105,-4.61E-05,-5.84E-05,0.0014114,-0.00073192,0.0012352,0.0955092,0.0804,0.61698,5.95217E-05,-0.011343,-0.0023066,0.207518,2.35029E-05,-1.66277E-06,-2.10651E-06,5.09515E-05,-2.64223E-05,4.45907E-05
0.0017583,0.80416,0.67,5.1415,-0.059187,-0.0099195,1.0897,0.00067898,1.25E-05,-5.00E-05,0.0015471,-0.00085413,0.0012905,0.0964992,0.0804,0.61698,6.34746E-05,-0.01124553,-0.001884705,0.207043,2.45112E-05,4.53019E-07,-1.80435E-06,5.58503E-05,-3.08341E-05,4.65871E-05
0.0018737,0.81242,0.67,5.1415,-0.058598,-0.0069847,1.0876,0.0007154,6.33E-05,-6.72E-05,0.0016585,-0.00097783,0.0013735,0.0974904,0.0804,0.61698,6.76406E-05,-0.01113362,-0.001327093,0.206644,2.58259E-05,2.28636E-06,-2.4261E-06,5.98719E-05,-3.52997E-05,4.95834E-05
0.001998,0.82068,0.67,5.1415,-0.057896,-0.0035903,1.0851,0.00075155,8.98E-05,-7.83E-05,0.0017605,-0.0010598,0.001484,0.0984816,0.0804,0.61698,7.21278E-05,-0.01100024,-0.000682157,0.206169,2.7131E-05,3.24319E-06,-2.82688E-06,6.35541E-05,-3.82588E-05,5.35724E-05
0.0021192,0.82893,0.67,5.1415,-0.057226,-0.00013969,1.0822,0.00078074,6.81E-05,-5.96E-05,0.0018559,-0.001079,0.0016018,0.0994716,0.0804,0.61698,7.65031E-05,-0.01087294,-2.65411E-05,0.205618,2.81847E-05,2.45975E-06,-2.15246E-06,6.6998E-05,-3.89519E-05,5.7825E-05
0.0022368,0.83719,0.67,5.1415,-0.056747,0.0030619,1.0795,0.00080001,-1.68E-05,-1.42E-05,0.0019421,-0.0010487,0.0017316,0.1004628,0.0804,0.61698,8.07485E-05,-0.01078193,0.000581761,0.205105,2.88804E-05,-6.04747E-07,-5.10996E-07,7.01098E-05,-3.78581E-05,6.25108E-05
0.0023622,0.84544,0.67,5.1415,-0.056565,0.0058009,1.0768,0.00080695,-0.00015462,7.17E-05,0.0020202,-0.0010087,0.0018974,0.1014528,0.0804,0.61698,8.52754E-05,-0.01074735,0.001102171,0.204592,2.91309E-05,-5.58178E-06,2.58711E-06,7.29292E-05,-3.64141E-05,6.84961E-05
0.0025151,0.8537,0.67,5.1415,-0.056664,0.0081154,1.073,0.00079416,-0.00031465,0.00021996,0.0021105,-0.00103,0.0021254,0.102444,0.0804,0.61698,9.07951E-05,-0.01076616,0.001541926,0.20387,2.86692E-05,-1.13589E-05,7.94056E-06,7.61891E-05,-0.000037183,7.67269E-05
0.0027091,0.86196,0.67,5.1415,-0.056967,0.010448,1.0682,0.000761,-0.00047299,0.00038527,0.0022633,-0.0011481,0.0023939,0.1034352,0.0804,0.61698,9.77985E-05,-0.01082373,0.00198512,0.202958,2.74721E-05,-1.70749E-05,1.39082E-05,8.17051E-05,-4.14464E-05,8.64198E-05
0.0028922,0.87021,0.67,5.1415,-0.057457,0.01314,1.0632,0.00072946,-0.00062079,0.00048799,0.0024932,-0.0013154,0.0025616,0.1044252,0.0804,0.61698,0.000104408,-0.01091683,0.0024966,0.202008,2.63335E-05,-2.24105E-05,1.76164E-05,9.00045E-05,-4.74859E-05,9.24738E-05
0.0029465,0.87847,0.67,5.1415,-0.058104,0.015811,1.0585,0.00072442,-0.00073944,0.00052144,0.0026904,-0.0014362,0.0024781,0.1054164,0.0804,0.61698,0.000106369,-0.01103976,0.00300409,0.201115,2.61516E-05,-2.66938E-05,1.8824E-05,9.71234E-05,-5.18468E-05,8.94594E-05
0.0028371,0.88672,0.67,5.1415,-0.058756,0.017765,1.0538,0.00075134,-0.00080373,0.00053121,0.0027206,-0.0014378,0.0022022,0.1064064,0.0804,0.61698,0.000102419,-0.01116364,0.00337535,0.200222,2.71234E-05,-2.90147E-05,1.91767E-05,9.82137E-05,-5.19046E-05,7.94994E-05
0.0026632,0.89498,0.67,5.1415,-0.059165,0.018736,1.0489,0.00080356,-0.00081222,0.00056759,0.0025811,-0.0013527,0.0019418,0.1073976,0.0804,0.61698,9.61415E-05,-0.01124135,0.00355984,0.199291,2.90085E-05,-2.93211E-05,2.049E-05,9.31777E-05,-4.88325E-05,7.0099E-05
0.0025213,0.90324,0.67,5.1415,-0.059271,0.018873,1.0444,0.00087765,-0.00078939,0.00064759,0.0023684,-0.0012694,0.0017966,0.1083888,0.0804,0.61698,9.10189E-05,-0.01126149,0.00358587,0.198436,3.16832E-05,-2.8497E-05,2.3378E-05,8.54992E-05,-4.58253E-05,6.48573E-05
0.002417,0.91149,0.67,5.1415,-0.05924,0.01854,1.0415,0.00097284,-0.0007598,0.00072717,0.0021766,-0.0011997,0.0016846,0.1093788,0.0804,0.61698,8.72537E-05,-0.0112556,0.0035226,0.197885,3.51195E-05,-2.74288E-05,2.62508E-05,7.85753E-05,-4.33092E-05,6.08141E-05
0.00234,0.91975,0.67,5.1415,-0.059061,0.018043,1.0397,0.0010852,-0.00072329,0.00076639,0.0020187,-0.0011126,0.0015761,0.11037,0.0804,0.61698,0.000084474,-0.01122159,0.00342817,0.197543,3.91757E-05,-2.61108E-05,2.76667E-05,7.28751E-05,-4.01649E-05,5.68972E-05
0.0022655,0.92801,0.67,5.1415,-0.058622,0.017366,1.038,0.0012064,-0.0006655,0.00075954,0.0018473,-0.00099997,0.0014773,0.1113612,0.0804,0.61698,8.17846E-05,-0.01113818,0.00329954,0.19722,4.3551E-05,-2.40246E-05,2.74194E-05,6.66875E-05,-3.60989E-05,5.33305E-05
0.0021748,0.93626,0.67,5.1415,-0.057904,0.016197,1.0362,0.0013214,-0.00059097,0.00071636,0.0016401,-0.00089237,0.0013882,0.1123512,0.0804,0.61698,7.85103E-05,-0.01100176,0.00307743,0.196878,4.77025E-05,-2.1334E-05,2.58606E-05,5.92076E-05,-3.22146E-05,5.0114E-05
0.0020836,0.94452,0.67,5.1415,-0.056971,0.014241,1.0342,0.0014135,-0.00052326,0.00066724,0.0014166,-0.00084137,0.0013372,0.1133424,0.0804,0.61698,7.5218E-05,-0.01082449,0.00270579,0.196498,5.10274E-05,-1.88897E-05,2.40874E-05,5.11393E-05,-3.03735E-05,4.82729E-05
0.002021,0.95277,0.67,5.1415,-0.055989,0.011703,1.0319,0.0014799,-0.00048331,0.00063129,0.0012264,-0.00085305,0.0013357,0.1143324,0.0804,0.61698,7.29581E-05,-0.01063791,0.00222357,0.196061,5.34244E-05,-1.74475E-05,2.27896E-05,4.4273E-05,-3.07951E-05,4.82188E-05
0.0020171,0.96103,0.67,5.1415,-0.055043,0.0092904,1.0292,0.0015344,-0.00047445,0.00060574,0.0011214,-0.00090698,0.0013784,0.1153236,0.0804,0.61698,7.28173E-05,-0.01045817,0.001765176,0.195548,5.53918E-05,-1.71276E-05,2.18672E-05,4.04825E-05,-3.2742E-05,4.97602E-05
0.0020838,0.96929,0.67,5.1415,-0.054083,0.0076293,1.026,0.0015897,-0.00047828,0.00058754,0.0011123,-0.00096755,0.0014655,0.1163148,0.0804,0.61698,7.52252E-05,-0.01027577,0.001449567,0.19494,5.73882E-05,-1.72659E-05,2.12102E-05,4.0154E-05,-3.49286E-05,5.29046E-05
0.002185,0.97754,0.67,5.1415,-0.053074,0.0069787,1.0215,0.0016463,-0.00047412,0.00057404,0.00116,-0.00098926,0.0015638,0.1173048,0.0804,0.61698,7.88785E-05,-0.01008406,0.001325953,0.194085,5.94314E-05,-1.71157E-05,2.07228E-05,0.000041876,-3.57123E-05,5.64532E-05
0.0022591,0.9858,0.67,5.1415,-0.051907,0.0074714,1.0152,0.0016991,-0.00045604,0.0005684,0.0012073,-0.00096416,0.0016118,0.118296,0.0804,0.61698,8.15535E-05,-0.00986233,0.001419566,0.192888,6.13375E-05,-1.6463E-05,2.05192E-05,4.35835E-05,-3.48062E-05,5.8186E-05
0.0022882,0.99405,0.67,5.1415,-0.050656,0.0090268,1.0073,0.0017587,-0.00042473,0.00058272,0.0012236,-0.00092186,0.0015943,0.119286,0.0804,0.61698,8.2604E-05,-0.00962464,0.001715092,0.191387,6.34891E-05,-1.53328E-05,2.10362E-05,4.4172E-05,-3.32791E-05,5.75542E-05
0.002273,1.0023,0.67,5.1415,-0.049698,0.01091,0.99883,0.0018437,-0.00037851,0.00059555,0.0012165,-0.00087711,0.0014857,0.120276,0.0804,0.61698,8.20553E-05,-0.00944262,0.0020729,0.1897777,6.65576E-05,-1.36642E-05,2.14994E-05,4.39157E-05,-3.16637E-05,5.36338E-05
0.00226,1.0106,0.67,5.1415,-0.049053,0.01229,0.99075,0.0019585,-0.00031789,0.00057362,0.0012263,-0.0008184,0.0013352,0.121272,0.0804,0.61698,0.000081586,-0.00932007,0.0023351,0.1882425,7.07019E-05,-1.14758E-05,2.07077E-05,4.42694E-05,-2.95442E-05,4.82007E-05
0.0022882,1.0188,0.67,5.1415,-0.048401,0.013224,0.98377,0.0020954,-0.00024117,0.00052487,0.0012866,-0.00074522,0.0011945,0.122256,0.0804,0.61698,8.2604E-05,-0.00919619,0.00251256,0.1869163,7.56439E-05,-8.70624E-06,1.89478E-05,4.64463E-05,-2.69024E-05,4.31215E-05
0.002338,1.0271,0.67,5.1415,-0.04749,0.014417,0.97873,0.002249,-0.00014231,0.00046997,0.0013651,-0.00068741,0.001062,0.123252,0.0804,0.61698,8.44018E-05,-0.0090231,0.00273923,0.1859587,8.11889E-05,-5.13739E-06,1.69659E-05,4.92801E-05,-2.48155E-05,3.83382E-05
0.0023931,1.0353,0.67,5.1415,-0.046198,0.016114,0.9756,0.0024117,-2.11E-05,0.00043201,0.0013976,-0.00065128,0.000977,0.124236,0.0804,0.61698,8.63909E-05,-0.00877762,0.00306166,0.185364,8.70624E-05,-7.6153E-07,1.55956E-05,5.04534E-05,-2.35112E-05,3.52697E-05
0.0024602,1.0436,0.67,5.1415,-0.044614,0.017724,0.97348,0.002562,0.00011274,0.00040792,0.0013858,-0.00060509,0.0009726,0.125232,0.0804,0.61698,8.88132E-05,-0.00847666,0.00336756,0.1849612,9.24882E-05,4.06991E-06,1.47259E-05,5.00274E-05,-2.18437E-05,3.51109E-05
0.00254,1.0518,0.67,5.1415,-0.04296,0.018592,0.97158,0.0026854,0.00023918,0.00038154,0.0013584,-0.00054396,0.0010362,0.126216,0.0804,0.61698,0.000091694,-0.0081624,0.00353248,0.1846002,9.69429E-05,8.6344E-06,1.37736E-05,4.90382E-05,-1.9637E-05,3.74068E-05
0.002618,1.0601,0.67,5.1415,-0.041507,0.01868,0.96964,0.0027784,0.00032871,0.0003461,0.0013073,-0.00049927,0.0011502,0.127212,0.0804,0.61698,9.45098E-05,-0.00788633,0.0035492,0.1842316,0.0001003,1.18664E-05,1.24942E-05,4.71935E-05,-1.80236E-05,4.15222E-05
0.002689,1.0684,0.67,5.1415,-0.04047,0.018447,0.96767,0.0028304,0.0003575,0.00029186,0.0012294,-0.00049608,0.0013182,0.128208,0.0804,0.61698,9.70729E-05,-0.0076893,0.00350493,0.1838573,0.000102177,1.29058E-05,1.05361E-05,4.43813E-05,-1.79085E-05,4.7587E-05
0.0027459,1.0766,0.67,5.1415,-0.039874,0.018319,0.96562,0.002831,0.00032816,0.00023563,0.0011455,-0.00053358,0.0015154,0.129192,0.0804,0.61698,9.9127E-05,-0.00757606,0.00348061,0.1834678,0.000102199,1.18466E-05,8.50624E-06,4.13526E-05,-1.92622E-05,5.47059E-05
0.0027816,1.0849,0.67,5.1415,-0.039591,0.018336,0.96348,0.0027811,0.00027234,0.00017626,0.0010798,-0.00060696,0.0017022,0.130188,0.0804,0.61698,0.000100416,-0.00752229,0.00348384,0.1830612,0.000100398,9.83147E-06,6.36299E-06,3.89808E-05,-2.19113E-05,6.14494E-05
0.0028002,1.0931,0.67,5.1415,-0.039472,0.018426,0.96155,0.0026947,0.00022161,0.00012092,0.0010458,-0.00070299,0.0018598,0.131172,0.0804,0.61698,0.000101087,-0.00749968,0.00350094,0.1826945,9.72787E-05,8.00012E-06,4.36521E-06,3.77534E-05,-2.53779E-05,6.71388E-05
0.0028219,1.1014,0.67,5.1415,-0.039389,0.01867,0.95984,0.0025796,0.00017898,7.82E-05,0.0010409,-0.00082951,0.0020232,0.132168,0.0804,0.61698,0.000101871,-0.00748391,0.0035473,0.1823696,9.31236E-05,6.46118E-06,2.8227E-06,3.75765E-05,-2.99453E-05,7.30375E-05
0.002893,1.1096,0.67,5.1415,-0.039206,0.019119,0.95762,0.00244,0.00013907,3.47E-05,0.0010562,-0.00099092,0.0022898,0.133152,0.0804,0.61698,0.000104437,-0.00744914,0.00363261,0.1819478,0.000088084,5.02043E-06,1.25213E-06,3.81288E-05,-3.57722E-05,8.26618E-05
0.0029959,1.1179,0.67,5.1415,-0.038753,0.019662,0.95448,0.0022937,9.81E-05,-3.23E-06,0.0010795,-0.0011556,0.0026185,0.134148,0.0804,0.61698,0.000108152,-0.00736307,0.00373578,0.1813512,8.28026E-05,3.53979E-06,-1.16534E-07,3.897E-05,-4.17172E-05,9.45279E-05
0.0030845,1.1262,0.67,5.1415,-0.03789,0.020227,0.95082,0.0021518,5.01E-05,-4.00E-05,0.0010941,-0.0012951,0.0029232,0.135144,0.0804,0.61698,0.00011135,-0.0071991,0.00384313,0.1806558,7.768E-05,1.80767E-06,-1.44573E-06,3.9497E-05,-4.67531E-05,0.000105528
0.0031478,1.1344,0.67,5.1415,-0.036675,0.020923,0.94741,0.0020202,-1.75E-06,-6.46E-05,0.0010896,-0.0013944,0.0031858,0.136128,0.0804,0.61698,0.000113636,-0.00696825,0.00397537,0.1800079,7.29292E-05,-6.30234E-08,-2.33347E-06,3.93346E-05,-5.03378E-05,0.000115007
0.0031904,1.1427,0.67,5.1415,-0.035301,0.021927,0.94466,0.0019048,-4.00E-05,-6.41E-05,0.0010747,-0.0014525,0.0034013,0.137124,0.0804,0.61698,0.000115173,-0.00670719,0.00416613,0.1794854,6.87633E-05,-1.44404E-06,-2.31383E-06,3.87967E-05,-5.24353E-05,0.000122787
0.0032591,1.1509,0.67,5.1415,-0.033933,0.023243,0.94244,0.0018099,-5.57E-05,-2.28E-05,0.0010913,-0.0014885,0.0036171,0.138108,0.0804,0.61698,0.000117654,-0.00644727,0.00441617,0.1790636,6.53374E-05,-2.00915E-06,-8.2373E-07,3.93959E-05,-5.37349E-05,0.000130577
0.003367,1.1592,0.67,5.1415,-0.032582,0.024641,0.94063,0.0017329,-6.49E-05,4.67E-05,0.001183,-0.0015391,0.003818,0.139104,0.0804,0.61698,0.000121549,-0.00619058,0.00468179,0.1787197,6.25577E-05,-2.34408E-06,1.68641E-06,4.27063E-05,-5.55615E-05,0.00013783
0.0034679,1.1674,0.67,5.1415,-0.031131,0.025899,0.93944,0.0016633,-8.64E-05,9.87E-05,0.0013539,-0.0016269,0.0039186,0.140088,0.0804,0.61698,0.000125191,-0.00591489,0.00492081,0.1784936,6.00451E-05,-3.11882E-06,3.56134E-06,4.88758E-05,-5.87311E-05,0.000141461
0.0035192,1.1757,0.67,5.1415,-0.029505,0.026819,0.93885,0.0015969,-0.00011844,0.0001176,0.0015762,-0.0017349,0.0038654,0.141084,0.0804,0.61698,0.000127043,-0.00560595,0.00509561,0.1783815,5.76481E-05,-4.27568E-06,4.24536E-06,5.69008E-05,-6.26299E-05,0.000139541
0.0035195,1.1839,0.67,5.1415,-0.027751,0.027268,0.93843,0.001537,-0.00014067,0.00011593,0.0017836,-0.0018388,0.0037184,0.142068,0.0804,0.61698,0.000127054,-0.00527269,0.00518092,0.1783017,5.54857E-05,-5.07819E-06,4.18507E-06,6.4388E-05,-6.63807E-05,0.000134234
0.0034906,1.1922,0.67,5.1415,-0.026044,0.027394,0.9382,0.0014886,-0.00013788,9.51E-05,0.0018927,-0.0019353,0.0036,0.143064,0.0804,0.61698,0.000126011,-0.00494836,0.00520486,0.178258,5.37385E-05,-4.97747E-06,3.43163E-06,6.83265E-05,-6.98643E-05,0.00012996
0.0034667,1.2005,0.67,5.1415,-0.024506,0.027427,0.93848,0.0014504,-0.00011677,4.74E-05,0.0018611,-0.0020111,0.0036218,0.14406,0.0804,0.61698,0.000125148,-0.00465614,0.00521113,0.1783112,5.23594E-05,-4.2154E-06,1.70995E-06,6.71857E-05,-7.26007E-05,0.000130747
0.0034419,1.2087,0.67,5.1415,-0.023132,0.027498,0.93944,0.0014093,-9.77E-05,-1.47E-05,0.0016914,-0.0020328,0.0037832,0.145044,0.0804,0.61698,0.000124253,-0.00439508,0.00522462,0.1784936,5.08757E-05,-3.52556E-06,-5.32114E-07,6.10595E-05,-7.33841E-05,0.000136574
0.0033747,1.217,0.67,5.1415,-0.021857,0.02769,0.94124,0.0013555,-9.49E-05,-4.39E-05,0.0014407,-0.0019524,0.0039532,0.14604,0.0804,0.61698,0.000121827,-0.00415283,0.0052611,0.1788356,4.89336E-05,-3.42571E-06,-1.58508E-06,5.20093E-05,-7.04816E-05,0.000142711
0.0032221,1.2252,0.67,5.1415,-0.020599,0.027937,0.94417,0.0012909,-0.00010861,-5.23E-06,0.001209,-0.0017863,0.0039442,0.147024,0.0804,0.61698,0.000116318,-0.00391381,0.00530803,0.1793923,4.66015E-05,-3.92082E-06,-1.88644E-07,4.36449E-05,-6.44854E-05,0.000142386
0.0029908,1.2335,0.67,5.1415,-0.019327,0.028035,0.94823,0.0012181,-0.00012202,8.89E-05,0.0010742,-0.001618,0.0036894,0.14802,0.0804,0.61698,0.000107968,-0.00367213,0.00532665,0.1801637,4.39734E-05,-4.40492E-06,3.20795E-06,3.87786E-05,-5.84098E-05,0.000133187
0.0027395,1.2417,0.67,5.1415,-0.018024,0.02775,0.95276,0.0011491,-0.00011939,0.00019606,0.0010488,-0.0014739,0.0032812,0.149004,0.0804,0.61698,9.8896E-05,-0.00342456,0.0052725,0.1810244,4.14825E-05,-4.30998E-06,7.07777E-06,3.78617E-05,-5.32078E-05,0.000118451
0.0024992,1.25,0.67,5.1415,-0.016637,0.026874,0.95673,0.0011005,-0.00010978,0.00027854,0.0010849,-0.0013153,0.0028131,0.15,0.0804,0.61698,9.02211E-05,-0.00316103,0.00510606,0.1817787,3.97281E-05,-3.96306E-06,1.00553E-05,3.91649E-05,-4.74823E-05,0.000101553
0.0022715,1.2583,0.67,5.1415,-0.015079,0.025295,0.95974,0.0010696,-0.00011274,0.00031589,0.0011229,-0.0011216,0.0023505,0.150996,0.0804,0.61698,8.20012E-05,-0.00286501,0.00480605,0.1823506,3.86126E-05,-4.06991E-06,1.14036E-05,4.05367E-05,-4.04898E-05,8.48531E-05
0.0020987,1.2665,0.67,5.1415,-0.01336,0.023133,0.96206,0.0010592,-0.00013437,0.00030286,0.0011441,-0.00092488,0.0019941,0.15198,0.0804,0.61698,7.57631E-05,-0.0025384,0.00439527,0.1827914,3.82371E-05,-4.85076E-06,1.09332E-05,4.1302E-05,-3.33882E-05,7.1987E-05
0.0020293,1.2748,0.67,5.1415,-0.011639,0.020665,0.96404,0.0010742,-0.00016256,0.00025299,0.0011642,-0.00076994,0.00182,0.152976,0.0804,0.61698,7.32577E-05,-0.00221141,0.00392635,0.1831676,3.87786E-05,-5.86842E-06,9.13294E-06,4.20276E-05,-2.77948E-05,0.000065702
0.0019863,1.283,0.67,5.1415,-0.010102,0.018204,0.9659,0.0010912,-0.00017761,0.00020274,0.0011923,-0.00065642,0.0016891,0.15396,0.0804,0.61698,7.17054E-05,-0.00191938,0.00345876,0.183521,3.93923E-05,-6.41172E-06,7.31891E-06,4.3042E-05,-2.36968E-05,6.09765E-05
0.0019345,1.2913,0.67,5.1415,-0.008869,0.016101,0.96769,0.0010881,-0.0001741,0.00018079,0.0012341,-0.0005429,0.0015467,0.154956,0.0804,0.61698,6.98355E-05,-0.00168511,0.00305919,0.1838611,3.92804E-05,-6.28501E-06,6.52652E-06,4.4551E-05,-1.95987E-05,5.58359E-05
0.0019172,1.2995,0.67,5.1415,-0.0079368,0.014563,0.96892,0.0010716,-0.00016594,0.00016394,0.0012812,-0.00040095,0.0014816,0.15594,0.0804,0.61698,6.92109E-05,-0.001507992,0.00276697,0.1840948,3.86848E-05,-5.99043E-06,5.91823E-06,4.62513E-05,-1.44743E-05,5.34858E-05
0.0018887,1.3078,0.67,5.1415,-0.0071842,0.013521,0.96921,0.0010568,-0.00015704,0.00013683,0.0012831,-0.00024527,0.0014375,0.156936,0.0804,0.61698,6.81821E-05,-0.001364998,0.00256899,0.1841499,3.81505E-05,-5.66914E-06,4.93956E-06,4.63199E-05,-8.85425E-06,5.18938E-05
0.0017988,1.316,0.67,5.1415,-0.0064728,0.01279,0.96881,0.0010422,-0.00013646,0.00010386,0.0011842,-0.00010596,0.0013711,0.15792,0.0804,0.61698,6.49367E-05,-0.001229832,0.0024301,0.1840739,3.76234E-05,-4.92621E-06,3.74935E-06,4.27496E-05,-3.82516E-06,4.94967E-05
0.0016949,1.3243,0.67,5.1415,-0.0057611,0.012367,0.96815,0.0010196,-0.00010537,7.47E-05,0.001002,2.97E-06,0.0013683,0.158916,0.0804,0.61698,6.11859E-05,-0.001094609,0.00234973,0.1839485,3.68076E-05,-3.80386E-06,2.69537E-06,3.61722E-05,1.0708E-07,4.93956E-05
0.0015978,1.3326,0.67,5.1415,-0.0050686,0.012302,0.96712,0.00099269,-7.95E-05,2.96E-05,0.00081726,7.74E-05,0.0013856,0.159912,0.0804,0.61698,5.76806E-05,-0.000963034,0.00233738,0.1837528,3.58361E-05,-2.86955E-06,1.06939E-06,2.95031E-05,2.79288E-06,5.00202E-05
0.0014879,1.3408,0.67,5.1415,-0.0043344,0.01233,0.96525,0.00096162,-6.76E-05,-3.49E-05,0.00067609,0.00010534,0.0013381,0.160896,0.0804,0.61698,5.37132E-05,-0.000823536,0.0023427,0.1833975,3.47145E-05,-2.44036E-06,-1.26079E-06,2.44068E-05,3.80277E-06,4.83054E-05
0.0013809,1.3491,0.67,5.1415,-0.0034527,0.011993,0.96294,0.00091418,-6.66E-05,-7.75E-05,0.0005738,7.76E-05,0.0012738,0.161892,0.0804,0.61698,4.98505E-05,-0.000656013,0.00227867,0.1829586,3.30019E-05,-2.40437E-06,-2.79735E-06,2.07142E-05,2.80122E-06,4.59842E-05
0.0012635,1.3573,0.67,5.1415,-0.0023947,0.011135,0.96098,0.00086226,-7.03E-05,-9.63E-05,0.00050733,1.23E-05,0.0011574,0.162876,0.0804,0.61698,4.56124E-05,-0.000454993,0.00211565,0.1825862,3.11276E-05,-2.53899E-06,-3.47513E-06,1.83146E-05,4.44788E-07,4.17821E-05
0.0011483,1.3656,0.67,5.1415,-0.0012018,0.0098767,0.95969,0.00082585,-7.29E-05,-0.0001018,0.00048131,-6.36E-05,0.00098949,0.163872,0.0804,0.61698,4.14536E-05,-0.000228342,0.001876573,0.1823411,2.98132E-05,-2.63299E-06,-3.67498E-06,1.73753E-05,-2.29715E-06,3.57206E-05
0.0011048,1.3738,0.67,5.1415,3.69E-05,0.0084522,0.95946,0.0008057,-7.25E-05,-9.19E-05,0.0004863,-0.00012295,0.00091764,0.164856,0.0804,0.61698,3.98833E-05,7.01651E-06,0.001605918,0.1822974,2.90858E-05,-2.61656E-06,-3.31593E-06,1.75554E-05,-4.4385E-06,3.31268E-05
0.0010949,1.3821,0.67,5.1415,0.0012132,0.0072123,0.96014,0.00080954,-6.52E-05,-9.92E-05,0.00050586,-0.00016554,0.00087437,0.165852,0.0804,0.61698,3.95259E-05,0.000230508,0.001370337,0.1824266,2.92244E-05,-2.35314E-06,-3.57982E-06,1.82615E-05,-5.97599E-06,3.15648E-05
0.0010692,1.3903,0.67,5.1415,0.0023442,0.0065053,0.96101,0.00080854,-5.44E-05,-8.45E-05,0.00053657,-0.0001933,0.00079332,0.166836,0.0804,0.61698,3.85981E-05,0.000445398,0.001236007,0.1825919,2.91883E-05,-1.96272E-06,-3.05207E-06,1.93702E-05,-6.97813E-06,2.86389E-05
0.0011069,1.3986,0.67,5.1415,0.0034421,0.0063074,0.96201,0.00079256,-4.90E-05,-3.82E-05,0.00058054,-0.00019915,0.00084068,0.167832,0.0804,0.61698,3.99591E-05,0.000653999,0.001198406,0.1827819,2.86114E-05,-1.76767E-06,-1.37794E-06,2.09575E-05,-7.18932E-06,3.03485E-05
0.0011267,1.4069,0.67,5.1415,0.0044696,0.0062948,0.96335,0.00078835,-5.24E-05,-2.10E-05,0.00063328,-0.0002162,0.00083186,0.168828,0.0804,0.61698,4.06739E-05,0.000849224,0.001196012,0.1830365,2.84594E-05,-1.89258E-06,-7.57883E-07,2.28614E-05,-7.80482E-06,3.00301E-05
0.0011592,1.4151,0.67,5.1415,0.0054719,0.0062479,0.96534,0.00078028,-6.46E-05,1.75E-05,0.00069716,-0.00023516,0.00084102,0.169812,0.0804,0.61698,4.18471E-05,0.001039661,0.001187101,0.1834146,2.81681E-05,-2.33249E-06,6.32869E-07,2.51675E-05,-8.48928E-06,3.03608E-05
0.0012396,1.4234,0.67,5.1415,0.0064177,0.0060624,0.96838,0.00077381,-7.98E-05,4.01E-05,0.00078227,-0.00025523,0.00092319,0.170808,0.0804,0.61698,4.47496E-05,0.001219363,0.001151856,0.1839922,2.79345E-05,-2.87937E-06,1.44725E-06,2.82399E-05,-9.2138E-06,3.33272E-05
0.0013178,1.4316,0.67,5.1415,0.0072438,0.005721,0.97216,0.00076615,-9.49E-05,4.37E-05,0.00090122,-0.00028019,0.00096823,0.171792,0.0804,0.61698,4.75726E-05,0.001376322,0.00108699,0.1847104,2.7658E-05,-3.4273E-06,1.57714E-06,3.2534E-05,-1.01149E-05,3.49531E-05
0.0014436,1.4399,0.67,5.1415,0.0079103,0.0050086,0.9765,0.00075153,-0.00011187,4.52E-05,0.0010559,-0.00029116,0.0010798,0.172788,0.0804,0.61698,5.2114E-05,0.001502957,0.000951634,0.185535,2.71302E-05,-4.03851E-06,1.63194E-06,3.8118E-05,-1.05109E-05,3.89808E-05
0.0015506,1.4481,0.67,5.1415,0.0083813,0.0036957,0.98165,0.00074057,-0.00013569,3.75E-05,0.0012203,-0.00030143,0.0011403,0.173772,0.0804,0.61698,5.59767E-05,0.001592447,0.000702183,0.1865135,2.67346E-05,-4.89841E-06,1.35458E-06,4.40528E-05,-1.08816E-05,4.11648E-05
0.0016394,1.4564,0.67,5.1415,0.0087016,0.0017673,0.98741,0.00072408,-0.00016617,5.24E-05,0.0013627,-0.00032355,0.001192,0.174768,0.0804,0.61698,5.91823E-05,0.001653304,0.000335787,0.1876079,2.61393E-05,-5.99874E-06,1.892E-06,4.91935E-05,-1.16802E-05,4.30312E-05
0.0017072,1.4647,0.67,5.1415,0.0089414,-0.00070614,0.99317,0.00070052,-0.00019752,7.26E-05,0.0014626,-0.00036706,0.0012513,0.175764,0.0804,0.61698,6.16299E-05,0.001698866,-0.000134167,0.1887023,2.52888E-05,-7.13047E-06,2.62021E-06,5.27999E-05,-1.32509E-05,4.51719E-05
0.0017462,1.4729,0.67,5.1415,0.0091658,-0.0033489,0.99822,0.0006748,-0.00022455,9.34E-05,0.0015047,-0.00043434,0.0013128,0.176748,0.0804,0.61698,6.30378E-05,0.001741502,-0.000636291,0.1896618,2.43603E-05,-8.10626E-06,3.37138E-06,5.43197E-05,-1.56797E-05,4.73921E-05
0.0017626,1.4812,0.67,5.1415,0.0094494,-0.0056763,1.0023,0.0006538,-0.00024098,0.00010724,0.0014778,-0.00052921,0.0013935,0.177744,0.0804,0.61698,6.36299E-05,0.001795386,-0.001078497,0.190437,2.36022E-05,-8.69938E-06,3.87136E-06,5.33486E-05,-1.91045E-05,5.03054E-05
0.0017834,1.4894,0.67,5.1415,0.0098914,-0.0071728,1.0055,0.0006406,-0.00024356,0.00012768,0.001403,-0.00064819,0.0015232,0.178728,0.0804,0.61698,6.43807E-05,0.001879366,-0.001362832,0.191045,2.31257E-05,-8.79252E-06,4.60925E-06,5.06483E-05,-2.33997E-05,5.49875E-05
0.0018336,1.4977,0.67,5.1415,0.010523,-0.0073888,1.0087,0.00063205,-0.00023633,0.0001722,0.0013424,-0.0007778,0.0016927,0.179724,0.0804,0.61698,6.6193E-05,0.00199937,-0.001403872,0.191653,2.2817E-05,-8.53151E-06,6.21642E-06,4.84606E-05,-2.80786E-05,6.11065E-05
0.0019031,1.5059,0.67,5.1415,0.011313,-0.0064511,1.0125,0.00062036,-0.00023245,0.00025258,0.0013459,-0.00089885,0.0018399,0.180708,0.0804,0.61698,6.87019E-05,0.00214947,-0.001225709,0.192375,2.2395E-05,-8.39145E-06,9.11814E-06,4.8587E-05,-3.24485E-05,6.64204E-05
0.0019703,1.5142,0.67,5.1415,0.012257,-0.0052328,1.0165,0.00060114,-0.00024244,0.00033426,0.0013961,-0.00099413,0.0019435,0.181704,0.0804,0.61698,7.11278E-05,0.00232883,-0.000994232,0.193135,2.17012E-05,-8.75208E-06,1.20668E-05,5.03992E-05,-3.58881E-05,7.01604E-05
0.0019958,1.5224,0.67,5.1415,0.013384,-0.0047201,1.02,0.00057397,-0.00025888,0.00038577,0.001432,-0.0010431,0.0019856,0.182688,0.0804,0.61698,7.20484E-05,0.00254296,-0.000896819,0.1938,2.07203E-05,-9.34557E-06,1.39263E-05,5.16952E-05,-3.76559E-05,7.16802E-05
0.001966,1.5307,0.67,5.1415,0.014689,-0.0050569,1.0229,0.00054013,-0.00026689,0.00039781,0.0014269,-0.0010559,0.001965,0.183684,0.0804,0.61698,7.09726E-05,0.00279091,-0.000960811,0.194351,1.94987E-05,-9.63473E-06,1.43609E-05,5.15111E-05,-3.8118E-05,7.09365E-05
0.0018999,1.539,0.67,5.1415,0.016102,-0.0058019,1.0253,0.00050057,-0.00026232,0.00038133,0.0013981,-0.0010541,0.0019011,0.18468,0.0804,0.61698,6.85864E-05,0.00305938,-0.001102361,0.194807,1.80706E-05,-9.46975E-06,1.3766E-05,5.04714E-05,-3.8053E-05,6.86297E-05
0.0018357,1.5472,0.67,5.1415,0.01755,-0.0063289,1.0271,0.00046338,-0.00025025,0.00035592,0.0013703,-0.0010495,0.0018376,0.185664,0.0804,0.61698,6.62688E-05,0.0033345,-0.001202491,0.195149,1.6728E-05,-9.03403E-06,1.28487E-05,4.94678E-05,-3.7887E-05,6.63374E-05
0.0017873,1.5555,0.67,5.1415,0.018918,-0.006237,1.0281,0.00044286,-0.0002374,0.00032691,0.001343,-0.001054,0.0017887,0.18666,0.0804,0.61698,6.45215E-05,0.00359442,-0.00118503,0.195339,1.59872E-05,-8.57014E-06,1.18015E-05,4.84823E-05,-3.80494E-05,6.45721E-05
0.0017525,1.5637,0.67,5.1415,0.020066,-0.0058078,1.0282,0.00044091,-0.00022669,0.00029677,0.0013026,-0.0010594,0.0017616,0.187644,0.0804,0.61698,6.32653E-05,0.00381254,-0.001103482,0.195358,1.59169E-05,-8.18351E-06,1.07134E-05,4.70239E-05,-3.82443E-05,6.35938E-05
0.001721,1.572,0.67,5.1415,0.020977,-0.0053815,1.0277,0.00045158,-0.00021791,0.00027016,0.0012525,-0.0010473,0.0017379,0.18864,0.0804,0.61698,6.21281E-05,0.00398563,-0.001022485,0.195263,1.6302E-05,-7.86655E-06,9.75278E-06,4.52153E-05,-3.78075E-05,6.27382E-05
0.0016833,1.5802,0.67,5.1415,0.021731,-0.0049929,1.027,0.00046977,-0.00021345,0.00025629,0.0012057,-0.0010077,0.0016912,0.189624,0.0804,0.61698,6.07671E-05,0.00412889,-0.000948651,0.19513,1.69587E-05,-7.70555E-06,9.25207E-06,4.35258E-05,-3.6378E-05,6.10523E-05
0.0016362,1.5885,0.67,5.1415,0.022297,-0.0044544,1.026,0.00048926,-0.00021793,0.00025577,0.0011764,-0.0009487,0.0016069,0.19062,0.0804,0.61698,5.90668E-05,0.00423643,-0.000846336,0.19494,1.76623E-05,-7.86727E-06,9.2333E-06,4.2468E-05,-3.42481E-05,5.80091E-05
0.0015849,1.5968,0.67,5.1415,0.022622,-0.0034567,1.0241,0.00050694,-0.0002316,0.00025747,0.0011714,-0.0008695,0.0014916,0.191616,0.0804,0.61698,5.72149E-05,0.00429818,-0.000656773,0.194579,1.83005E-05,-8.36076E-06,9.29467E-06,4.22875E-05,-3.1389E-05,5.38468E-05
0.0015374,1.605,0.67,5.1415,0.022807,-0.0017946,1.0204,0.00052771,-0.00025068,0.00024498,0.0011822,-0.00075465,0.0013649,0.1926,0.0804,0.61698,5.55001E-05,0.00433333,-0.000340974,0.193876,1.90503E-05,-9.04955E-06,8.84378E-06,4.26774E-05,-2.72429E-05,4.92729E-05
0.0015004,1.6133,0.67,5.1415,0.023003,0.00050897,1.0156,0.00055511,-0.00026679,0.00021601,0.0011836,-0.00060294,0.0012622,0.193596,0.0804,0.61698,5.41644E-05,0.00437057,9.67043E-05,0.192964,2.00395E-05,-9.63112E-06,7.79796E-06,4.2728E-05,-2.17661E-05,4.55654E-05
0.0014698,1.6215,0.67,5.1415,0.023259,0.0031514,1.0116,0.00058921,-0.00026787,0.00018422,0.0011564,-0.00045001,0.001194,0.19458,0.0804,0.61698,5.30598E-05,0.00441921,0.000598766,0.192204,2.12705E-05,-9.67011E-06,6.65034E-06,4.1746E-05,-1.62454E-05,4.31034E-05
0.0014264,1.6298,0.67,5.1415,0.023481,0.0057703,1.0104,0.00063591,-0.0002527,0.00016074,0.0011123,-0.00033211,0.0011047,0.195576,0.0804,0.61698,5.1493E-05,0.00446139,0.001096357,0.191976,2.29564E-05,-9.12247E-06,5.80271E-06,4.0154E-05,-1.19892E-05,3.98797E-05
0.0013709,1.638,0.67,5.1415,0.023511,0.0082078,1.0121,0.00070006,-0.0002333,0.00012805,0.0010773,-0.00023752,0.00096434,0.19656,0.0804,0.61698,4.94895E-05,0.00446709,0.001559482,0.192299,2.52722E-05,-8.42213E-06,4.62261E-06,3.88905E-05,-8.57447E-06,3.48127E-05
0.0013269,1.6463,0.67,5.1415,0.023282,0.010347,1.0155,0.00078055,-0.00022239,8.97E-05,0.0010586,-0.0001496,0.00081456,0.197556,0.0804,0.61698,4.79011E-05,0.00442358,0.00196593,0.192945,2.81779E-05,-8.02828E-06,3.2377E-06,3.82155E-05,-5.40056E-06,2.94056E-05
0.0013171,1.6545,0.67,5.1415,0.022834,0.011886,1.0181,0.00088279,-0.00022309,7.87E-05,0.0010409,-8.68E-05,0.00071047,0.19854,0.0804,0.61698,4.75473E-05,0.00433846,0.00225834,0.193439,3.18687E-05,-8.05355E-06,2.84154E-06,3.75765E-05,-3.13305E-06,2.5648E-05
0.001366,1.6628,0.67,5.1415,0.022261,0.012681,1.0192,0.0010148,-0.00022646,8.81E-05,0.0010157,-5.53E-05,0.00070135,0.199536,0.0804,0.61698,4.93126E-05,0.00422959,0.00240939,0.193648,3.66343E-05,-8.17521E-06,3.182E-06,3.66668E-05,-1.99499E-06,2.53187E-05
0.0014998,1.6711,0.67,5.1415,0.021686,0.013088,1.0197,0.0011731,-0.00022134,0.00010011,0.00099758,-4.79E-05,0.00082896,0.200532,0.0804,0.61698,5.41428E-05,0.00412034,0.00248672,0.193743,4.23489E-05,-7.99037E-06,3.61397E-06,3.60126E-05,-1.72778E-06,2.99255E-05
0.0017181,1.6793,0.67,5.1415,0.02121,0.013764,1.0204,0.0013537,-0.00021236,0.00014239,0.0010353,-8.77E-05,0.0010472,0.201516,0.0804,0.61698,6.20234E-05,0.0040299,0.00261516,0.193876,4.88686E-05,-7.6662E-06,5.14028E-06,3.73743E-05,-3.16619E-06,3.78039E-05
0.0019813,1.6876,0.67,5.1415,0.020891,0.014886,1.0215,0.0015586,-0.00022143,0.00022958,0.0011598,-0.00019514,0.0012442,0.202512,0.0804,0.61698,7.15249E-05,0.00396929,0.00282834,0.194085,5.62655E-05,-7.99362E-06,8.28784E-06,4.18688E-05,-7.04455E-06,4.49156E-05
0.0022569,1.6958,0.67,5.1415,0.020802,0.015789,1.0208,0.0017802,-0.00024886,0.00035424,0.0012556,-0.00039013,0.0014781,0.203496,0.0804,0.61698,8.14741E-05,0.00395238,0.00299991,0.193952,6.42652E-05,-8.98385E-06,1.27881E-05,4.53272E-05,-1.40837E-05,5.33594E-05
0.0024415,1.7041,0.67,5.1415,0.021068,0.015836,1.0185,0.0019972,-0.00025976,0.00048984,0.0011932,-0.00054083,0.0016926,0.204492,0.0804,0.61698,8.81382E-05,0.00400292,0.00300884,0.193515,7.20989E-05,-9.37734E-06,1.76832E-05,4.30745E-05,-1.9524E-05,6.11029E-05
0.0024012,1.7123,0.67,5.1415,0.021752,0.015188,1.0176,0.0021896,-0.00024514,0.00055536,0.0010587,-0.00048208,0.0015541,0.205476,0.0804,0.61698,8.66833E-05,0.00413288,0.00288572,0.193344,7.90446E-05,-8.84955E-06,2.00485E-05,3.82191E-05,-1.74031E-05,5.6103E-05
0.0022523,1.7206,0.67,5.1415,0.022744,0.014218,1.0183,0.0023471,-0.00023826,0.00053439,0.0010021,-0.00033773,0.0011554,0.206472,0.0804,0.61698,8.1308E-05,0.00432136,0.00270142,0.193477,8.47303E-05,-8.60119E-06,1.92915E-05,3.61758E-05,-1.21921E-05,4.17099E-05
0.0021874,1.7289,0.67,5.1415,0.023824,0.013227,1.0192,0.0024571,-0.00026805,0.00048903,0.0010613,-0.00026369,0.00085642,0.207468,0.0804,0.61698,7.89651E-05,0.00452656,0.00251313,0.193648,8.87013E-05,-9.67661E-06,1.7654E-05,3.83129E-05,-9.51921E-06,3.09168E-05
0.002207,1.7371,0.67,5.1415,0.024778,0.012685,1.0199,0.002507,-0.00033794,0.00045229,0.0011853,-0.00024597,0.00072168,0.208452,0.0804,0.61698,7.96727E-05,0.00470782,0.00241015,0.193781,9.05027E-05,-1.21996E-05,1.63277E-05,4.27893E-05,-8.87952E-06,2.60526E-05
0.0022448,1.7454,0.67,5.1415,0.025487,0.012978,1.0207,0.0025016,-0.00043281,0.00043262,0.0013123,-0.00023622,0.00067558,0.209448,0.0804,0.61698,8.10373E-05,0.00484253,0.00246582,0.193933,9.03078E-05,-1.56244E-05,1.56176E-05,4.7374E-05,-8.52754E-06,2.43884E-05
0.0022741,1.7536,0.67,5.1415,0.025937,0.014163,1.022,0.0024555,-0.00053718,0.00042386,0.0014502,-0.00021629,0.00064256,0.210432,0.0804,0.61698,8.2095E-05,0.00492803,0.00269097,0.19418,8.86436E-05,-1.93922E-05,1.53013E-05,5.23522E-05,-7.80807E-06,2.31964E-05
0.0023064,1.7619,0.67,5.1415,0.026156,0.015473,1.0233,0.0023861,-0.0006347,0.00041883,0.0016112,-0.00018289,0.00061549,0.211428,0.0804,0.61698,8.3261E-05,0.00496964,0.00293987,0.194427,8.61382E-05,-2.29127E-05,1.51198E-05,5.81643E-05,-6.60233E-06,2.22192E-05
0.0023284,1.7701,0.67,5.1415,0.026201,0.01582,1.0239,0.0023031,-0.00069885,0.00042345,0.0017181,-0.00016526,0.00063555,0.212412,0.0804,0.61698,8.40552E-05,0.00497819,0.0030058,0.194541,8.31419E-05,-2.52285E-05,1.52865E-05,6.20234E-05,-5.96589E-06,2.29434E-05
0.0023247,1.7784,0.67,5.1415,0.026173,0.01507,1.0243,0.0022054,-0.00071331,0.00044711,0.0017134,-0.00020973,0.00073055,0.213408,0.0804,0.61698,8.39217E-05,0.00497287,0.0028633,0.194617,7.96149E-05,-2.57505E-05,1.61407E-05,6.18537E-05,-7.57125E-06,2.63729E-05
0.0023179,1.7866,0.67,5.1415,0.02619,0.013878,1.0258,0.0021022,-0.00069617,0.00049421,0.0016494,-0.0003143,0.00088423,0.214392,0.0804,0.61698,8.36762E-05,0.0049761,0.00263682,0.194902,7.58894E-05,-2.51317E-05,1.7841E-05,5.95433E-05,-1.13462E-05,3.19207E-05
0.0023199,1.7949,0.67,5.1415,0.026349,0.012751,1.0281,0.00201,-0.0006798,0.00055709,0.001594,-0.00043608,0.0010359,0.215388,0.0804,0.61698,8.37484E-05,0.00500631,0.00242269,0.195339,0.000072561,-2.45408E-05,2.01109E-05,5.75434E-05,-1.57425E-05,3.7396E-05
0.002337,1.8032,0.67,5.1415,0.026693,0.011812,1.0301,0.0019367,-0.00068823,0.00062945,0.0015802,-0.00055122,0.0011571,0.216384,0.0804,0.61698,8.43657E-05,0.00507167,0.00224428,0.195719,6.99149E-05,-2.48451E-05,2.27231E-05,5.70452E-05,-1.9899E-05,4.17713E-05
0.0023881,1.8114,0.67,5.1415,0.027165,0.011158,1.0309,0.0018795,-0.00073261,0.00070024,0.0016196,-0.00067615,0.0012773,0.217368,0.0804,0.61698,8.62104E-05,0.00516135,0.00212002,0.195871,6.785E-05,-2.64472E-05,2.52787E-05,5.84676E-05,-2.4409E-05,4.61105E-05
0.0024792,1.8197,0.67,5.1415,0.027658,0.010986,1.0304,0.001832,-0.00080367,0.0007541,0.0017243,-0.00081561,0.0014021,0.218364,0.0804,0.61698,8.94991E-05,0.00525502,0.00208734,0.195776,6.61352E-05,-2.90125E-05,2.7223E-05,6.22472E-05,-2.94435E-05,5.06158E-05
0.0026005,1.8279,0.67,5.1415,0.028118,0.011414,1.0292,0.0017875,-0.00087855,0.0007905,0.0018788,-0.00094622,0.0015348,0.219348,0.0804,0.61698,9.38781E-05,0.00534242,0.00216866,0.195548,6.45288E-05,-3.17157E-05,2.85371E-05,6.78247E-05,-3.41585E-05,5.54063E-05
0.0027227,1.8362,0.67,5.1415,0.028612,0.012512,1.028,0.0017377,-0.00093111,0.00083028,0.0020042,-0.0010584,0.0017036,0.220344,0.0804,0.61698,9.82895E-05,0.00543628,0.00237728,0.19532,6.2731E-05,-3.36131E-05,2.99731E-05,7.23516E-05,-3.82082E-05,6.15E-05
0.00279,1.8446,0.67,5.1415,0.02929,0.013866,1.027,0.0016768,-0.00095474,0.00086245,0.0020414,-0.0011392,0.0018619,0.221352,0.0804,0.61698,0.000100719,0.0055651,0.00263454,0.19513,6.05325E-05,-3.44661E-05,3.11344E-05,7.36945E-05,-4.11251E-05,6.72146E-05
0.0027807,1.8534,0.67,5.1415,0.030228,0.014657,1.0266,0.0016093,-0.0009544,0.00086285,0.0019886,-0.0011849,0.0019635,0.222408,0.0804,0.61698,0.000100383,0.00574332,0.00278483,0.195054,5.80957E-05,-3.44538E-05,3.11489E-05,7.17885E-05,-4.27749E-05,7.08824E-05
0.0027193,1.8626,0.67,5.1415,0.031321,0.01439,1.027,0.0015473,-0.00093104,0.00082713,0.001898,-0.0011735,0.0019934,0.223512,0.0804,0.61698,9.81667E-05,0.00595099,0.0027341,0.19513,5.58575E-05,-3.36105E-05,2.98594E-05,6.85178E-05,-4.23634E-05,7.19617E-05
0.0026338,1.8723,0.67,5.1415,0.032325,0.01351,1.0285,0.0014916,-0.00087704,0.00076051,0.0018166,-0.001109,0.0019593,0.224676,0.0804,0.61698,9.50802E-05,0.00614175,0.0025669,0.195415,5.38468E-05,-3.16611E-05,2.74544E-05,6.55793E-05,-4.00349E-05,7.07307E-05
0.0025446,1.8824,0.67,5.1415,0.033019,0.012992,1.031,0.001422,-0.00077132,0.0006743,0.0017269,-0.0010477,0.0019402,0.225888,0.0804,0.61698,9.18601E-05,0.00627361,0.00246848,0.19589,5.13342E-05,-2.78447E-05,2.43422E-05,6.23411E-05,-3.7822E-05,7.00412E-05
0.0024665,1.8931,0.67,5.1415,0.033412,0.012587,1.0329,0.0013169,-0.00062016,0.00057325,0.0016159,-0.0009701,0.0020001,0.227172,0.0804,0.61698,8.90407E-05,0.00634828,0.00239153,0.196251,4.75401E-05,-2.23878E-05,2.06943E-05,5.8334E-05,-3.50206E-05,7.22036E-05
0.002356,1.9042,0.67,5.1415,0.033829,0.011702,1.0327,0.0011962,-0.00046301,0.00043471,0.0014617,-0.00083332,0.0020541,0.228504,0.0804,0.61698,8.50516E-05,0.00642751,0.00222338,0.196213,4.31828E-05,-1.67147E-05,1.5693E-05,5.27674E-05,-3.00829E-05,7.4153E-05
0.0022163,1.9159,0.67,5.1415,0.034602,0.010857,1.0319,0.0011108,-0.00031569,0.00029814,0.001253,-0.00068846,0.0020688,0.229908,0.0804,0.61698,8.00084E-05,0.00657438,0.00206283,0.196061,4.00999E-05,-1.13964E-05,1.07629E-05,4.52333E-05,-2.48534E-05,7.46837E-05
0.0019704,1.9282,0.67,5.1415,0.035534,0.010945,1.0308,0.0010884,-0.00014236,0.00016512,0.0010193,-0.00050907,0.001833,0.231384,0.0804,0.61698,7.11314E-05,0.00675146,0.00207955,0.195852,3.92912E-05,-5.1392E-06,5.96083E-06,3.67967E-05,-1.83774E-05,6.61713E-05
0.0017493,1.941,0.67,5.1415,0.035959,0.01123,1.0305,0.0011091,2.88E-05,4.58E-05,0.00086184,-0.00030115,0.0015278,0.23292,0.0804,0.61698,6.31497E-05,0.00683221,0.0021337,0.195795,4.00385E-05,1.04047E-06,1.65165E-06,3.11124E-05,-1.08715E-05,5.51536E-05
0.0016461,1.9545,0.67,5.1415,0.035283,0.010873,1.0299,0.0011245,0.00012959,-7.16E-05,0.0008167,-0.00020849,0.001351,0.23454,0.0804,0.61698,5.94242E-05,0.00670377,0.00206587,0.195681,4.05945E-05,4.6782E-06,-2.58646E-06,2.94829E-05,-7.52649E-06,4.87711E-05
0.0016059,1.9686,0.67,5.1415,0.033848,0.010062,1.0276,0.0011334,0.00014262,-0.00018619,0.00083918,-0.00019437,0.0012391,0.236232,0.0804,0.61698,5.7973E-05,0.00643112,0.00191178,0.195244,4.09157E-05,5.14858E-06,-6.72146E-06,3.02944E-05,-7.01676E-06,4.47315E-05
0.0015904,1.9833,0.67,5.1415,0.032703,0.0064542,1.0241,0.0011797,8.45E-05,-0.00021849,0.0007903,-0.00021894,0.0012107,0.237996,0.0804,0.61698,5.74134E-05,0.00621357,0.001226298,0.194579,4.25872E-05,3.04908E-06,-7.88749E-06,2.85298E-05,-7.90373E-06,4.37063E-05
0.0016926,1.9988,0.67,5.1415,0.031784,0.0012545,1.0204,0.0012515,1.73E-05,-0.00011351,0.00066395,-0.00011905,0.0014697,0.239856,0.0804,0.61698,6.11029E-05,0.00603896,0.000238355,0.193876,4.51792E-05,6.24097E-07,-4.09771E-06,2.39686E-05,-4.29771E-06,5.30562E-05
0.0021976,2.0149,0.67,5.1415,0.030002,-0.0019646,1.0169,0.0012895,1.45E-05,0.00012224,0.00059304,9.91E-05,0.0025126,0.241788,0.0804,0.61698,7.93334E-05,0.00570038,-0.000373274,0.193211,4.6551E-05,5.23233E-07,4.41286E-06,2.14087E-05,3.57848E-06,9.07049E-05
0.0026174,2.0319,0.67,5.1415,0.027485,-0.0045756,1.0101,0.0012446,7.12E-05,0.00038368,0.00060622,0.00019767,0.0033841,0.243828,0.0804,0.61698,9.44881E-05,0.00522215,-0.000869364,0.191919,4.49301E-05,2.57151E-06,1.38508E-05,2.18845E-05,7.13589E-06,0.000122166
0.0028852,2.0496,0.67,5.1415,0.024786,-0.0076806,1.0018,0.0011878,1.10E-05,0.00069594,0.00063104,4.71E-05,0.0039515,0.245952,0.0804,0.61698,0.000104156,0.00470934,-0.001459314,0.190342,4.28796E-05,3.97244E-07,2.51234E-05,2.27805E-05,1.70125E-06,0.000142649
0.003845,2.0681,0.67,5.1415,0.022321,-0.0038084,0.98928,0.0012729,-0.00018882,0.0012988,0.0007319,-0.00022998,0.0056852,0.248172,0.0804,0.61698,0.000138805,0.00424099,-0.000723596,0.1879632,4.59517E-05,-6.8164E-06,4.68867E-05,2.64216E-05,-8.30228E-06,0.000205236
0.0050761,2.0875,0.67,5.1415,0.020662,0.0031924,0.98382,0.0014939,-0.000366,0.0020817,0.00099175,-0.00085134,0.0076665,0.2505,0.0804,0.61698,0.000183247,0.00392578,0.000606556,0.1869258,5.39298E-05,-1.32126E-05,7.51494E-05,3.58022E-05,-3.07334E-05,0.000276761
0.0054391,2.1078,0.67,5.1415,0.020699,0.011775,0.97293,0.0017135,-0.00024268,0.0024935,0.0011287,-0.00094163,0.008036,0.252936,0.0804,0.61698,0.000196352,0.00393281,0.00223725,0.1848567,6.18574E-05,-8.76075E-06,9.00154E-05,4.07461E-05,-3.39928E-05,0.0002901
0.0051635,2.129,0.67,5.1415,0.023381,0.016041,0.96255,0.0018726,-0.00019333,0.0026413,0.0010195,-0.00062137,0.007435,0.25548,0.0804,0.61698,0.000186402,0.00444239,0.00304779,0.1828845,6.76009E-05,-6.97921E-06,9.53509E-05,3.6804E-05,-2.24315E-05,0.000268404
0.0042915,2.1511,0.67,5.1415,0.025628,0.01551,0.97076,0.0019367,-6.08E-05,0.0023879,0.00099779,-0.00024157,0.0056485,0.258132,0.0804,0.61698,0.000154923,0.00486932,0.0029469,0.1844444,6.99149E-05,-2.19585E-06,8.62032E-05,3.60202E-05,-8.72068E-06,0.000203911
0.0034594,2.1743,0.67,5.1415,0.024416,0.019416,0.96925,0.0018278,0.00026371,0.0016783,0.0010438,0.00014898,0.0040472,0.260916,0.0804,0.61698,0.000124884,0.00463904,0.00368904,0.1841575,6.59836E-05,9.51993E-06,6.05866E-05,3.76812E-05,5.37818E-06,0.000146104
0.0032997,2.1984,0.67,5.1415,0.022031,0.023159,0.96108,0.0016065,0.0005338,0.0012726,0.0012134,0.00040351,0.0037796,0.263808,0.0804,0.61698,0.000119119,0.00418589,0.00440021,0.1826052,5.79947E-05,1.92702E-05,4.59409E-05,4.38037E-05,1.45667E-05,0.000136444
0.0037675,2.2237,0.67,5.1415,0.021473,0.022458,0.93786,0.0014007,0.00071226,0.0013362,0.001688,0.00097344,0.0044462,0.266844,0.0804,0.61698,0.000136007,0.00407987,0.00426702,0.1781934,5.05653E-05,2.57126E-05,4.82368E-05,6.09368E-05,3.51412E-05,0.000160508
0.0052112,2.2501,0.67,5.1415,0.020658,0.021125,0.91592,0.0012004,0.00037524,0.0015149,0.0020653,0.00083518,0.0071566,0.270012,0.0804,0.61698,0.000188124,0.00392502,0.00401375,0.1740248,4.33344E-05,1.35462E-05,5.46879E-05,7.45573E-05,3.015E-05,0.000258353
0.0049483,2.2776,0.67,5.1415,0.016512,0.026833,0.90026,0.0011049,-4.99E-05,0.0012894,0.0020069,-4.05E-05,0.0067848,0.273312,0.0804,0.61698,0.000178634,0.00313728,0.00509827,0.1710494,3.98869E-05,-1.79991E-06,4.65473E-05,7.24491E-05,-1.4627E-06,0.000244931
0.0051787,2.3063,0.67,5.1415,0.0098705,0.037076,0.89066,0.0011463,6.30E-06,0.0011537,0.0017786,-0.00073224,0.0074325,0.276756,0.0804,0.61698,0.000186951,0.001875395,0.00704444,0.1692254,4.13814E-05,2.27257E-07,4.16486E-05,6.42075E-05,-2.64339E-05,0.000268313
0.0055892,2.3362,0.67,5.1415,0.0030769,0.04788,0.88215,0.0012323,0.0002324,0.0012686,0.0019026,-0.00075581,0.0080434,0.280344,0.0804,0.61698,0.00020177,0.000584611,0.0090972,0.1676085,4.4486E-05,8.38964E-06,4.57965E-05,6.86839E-05,-2.72847E-05,0.000290367
0.0050663,2.3674,0.67,5.1415,-2.73E-05,0.053205,0.85888,0.0014162,0.00016816,0.0011548,0.0025179,-0.0008743,0.0061985,0.284088,0.0804,0.61698,0.000182893,-5.18605E-06,0.01010895,0.1631872,5.11248E-05,6.07058E-06,4.16883E-05,9.08962E-05,-3.15622E-05,0.000223766
0.0056362,2.3999,0.67,5.1415,-0.00027546,0.06192,0.83607,0.0015809,0.0006432,0.0011583,0.0039643,0.00036707,0.0057272,0.287988,0.0804,0.61698,0.000203467,-5.23374E-05,0.0117648,0.1588533,5.70705E-05,2.32195E-05,4.18146E-05,0.000143111,1.32512E-05,0.000206752
0.0053981,2.4338,0.67,5.1415,-0.00099339,0.062151,0.7865,0.0012661,0.00067996,0.0013287,0.0038468,0.001557,0.0056832,0.292056,0.0804,0.61698,0.000194871,-0.000188744,0.01180869,0.149435,4.57062E-05,2.45466E-05,4.79661E-05,0.000138869,5.62077E-05,0.000205164
0.0040966,2.4691,0.67,5.1415,-0.00093184,0.048311,0.66904,0.00048648,8.48E-05,0.00086426,0.0021853,0.0010225,0.0055214,0.296292,0.0804,0.61698,0.000147887,-0.00017705,0.00917909,0.1271176,1.75619E-05,3.06305E-06,3.11998E-05,7.88893E-05,3.69123E-05,0.000199323
0.0015552,2.5058,0.67,5.1415,0.00036302,0.021233,0.29388,3.12E-05,1.47E-05,0.00015275,0.00083167,0.00040741,0.0022476,0.300696,0.0804,0.61698,5.61427E-05,6.89738E-05,0.00403427,0.0558372,1.12452E-06,5.30923E-07,5.51428E-06,3.00233E-05,1.47075E-05,8.11384E-05
3.33E-07,2.544,0.67,5.1415,0.00055435,1.17E-13,-2.33E-17,6.67E-07,1.41E-16,-2.64E-20,2.99E-26,-5.58E-30,1.61E-33,0.30528,0.0804,0.61698,1.20354E-08,0.000105327,2.23193E-14,-4.43137E-18,2.40711E-08,5.09804E-18,-9.51488E-22,1.07975E-27,-2.01528E-31,5.8251E-35
0,2.5837,0.67,5.1415,0,0,0,0,0,0,0,0,0,0.310044,0.0804,0.61698,0,0,0,0,0,0,0,0,0,0
0,2.625,0.67,5.1415,0,0,0,0,0,0,0,0,0,0.315,0.0804,0.61698,0,0,0,0,0,0,0,0,0,0
0,-0.125,0.67,5.1718,0,0,0,0,0,0,0,0,0,-0.015,0.0804,0.620616,0,0,0,0,0,0,0,0,0,0
0,-0.083719,0.67,5.1718,0,0,0,0,0,0,0,0,0,-0.01004628,0.0804,0.620616,0,0,0,0,0,0,0,0,0,0
5.54E-07,-0.044001,0.67,5.1718,-0.00021656,-5.99E-14,-2.24E-18,1.11E-06,3.06E-16,2.08E-20,8.44E-26,5.74E-30,5.51E-34,-0.00528012,0.0804,0.620616,1.99972E-08,-4.11464E-05,-1.13761E-14,-4.25125E-19,3.99952E-08,1.10394E-17,7.50483E-22,3.04709E-27,2.07073E-31,1.98879E-35
0.0010064,-0.0058053,0.67,5.1718,-0.0018757,0.023527,0.37042,1.39E-05,-2.84E-05,-3.10E-05,0.0007809,-0.00013664,0.001218,-0.000696636,0.0804,0.620616,3.6331E-05,-0.000356383,0.00447013,0.0703798,5.0049E-07,-1.02571E-06,-1.11748E-06,2.81905E-05,-4.9327E-06,4.39698E-05
0.002639,0.030909,0.67,5.1718,-0.0080757,0.05331,0.83916,0.00020356,-0.00016703,-0.00017714,0.0020328,-0.00035416,0.0030416,0.00370908,0.0804,0.620616,9.52679E-05,-0.001534383,0.0101289,0.1594404,7.34852E-06,-6.02978E-06,-6.39475E-06,7.33841E-05,-1.27852E-05,0.000109802
0.0030133,0.066184,0.67,5.1718,-0.016999,0.048825,0.94893,0.00055681,-0.00021623,-0.00025458,0.0017553,-0.00035874,0.0037144,0.00794208,0.0804,0.620616,0.00010878,-0.00322981,0.00927675,0.1802967,2.01008E-05,-7.8059E-06,-9.19034E-06,6.33663E-05,-1.29505E-05,0.00013409
0.0032482,0.10006,0.67,5.1718,-0.024658,0.037295,0.97848,0.00064138,-0.0002513,-0.000174,0.0013979,-0.00041926,0.0044572,0.0120072,0.0804,0.620616,0.00011726,-0.00468502,0.00708605,0.1859112,2.31538E-05,-9.07193E-06,-6.2814E-06,5.04642E-05,-1.51353E-05,0.000160905
0.0033609,0.13258,0.67,5.1718,-0.02907,0.028681,1.0064,0.0004725,-0.00018469,-1.99E-05,0.0014006,-0.00079521,0.0048488,0.0159096,0.0804,0.620616,0.000121328,-0.0055233,0.00544939,0.191216,1.70573E-05,-6.66731E-06,-7.17776E-07,5.05617E-05,-2.87071E-05,0.000175042
0.0026329,0.16379,0.67,5.1718,-0.029384,0.013933,1.0264,0.00044426,-2.34E-05,-5.25E-05,0.00092604,-0.00057147,0.0038955,0.0196548,0.0804,0.620616,9.50477E-05,-0.00558296,0.00264727,0.195016,1.60378E-05,-8.43404E-07,-1.89518E-06,3.343E-05,-2.06301E-05,0.000140628
0.0022548,0.19372,0.67,5.1718,-0.028269,0.0088558,1.0289,0.00058692,7.70E-05,-0.00016096,0.00088206,-0.00025349,0.0030406,0.0232464,0.0804,0.620616,8.13983E-05,-0.00537111,0.001682602,0.195491,2.11878E-05,2.77854E-06,-5.81066E-06,3.18424E-05,-9.15099E-06,0.000109766
0.0032339,0.22242,0.67,5.1718,-0.027104,0.014054,1.0335,0.00081075,9.10E-05,-0.00080002,0.0010925,-0.00055058,0.0045646,0.0266904,0.0804,0.620616,0.000116744,-0.00514976,0.00267026,0.196365,2.92681E-05,3.28607E-06,-2.88807E-05,3.94393E-05,-1.98759E-05,0.000164782
0.0032335,0.24993,0.67,5.1718,-0.027616,0.020325,1.0433,0.001072,-2.83E-05,-0.0012188,0.0011541,-0.00027522,0.004241,0.0299916,0.0804,0.620616,0.000116729,-0.00524704,0.00386175,0.198227,3.86992E-05,-1.02195E-06,-4.39987E-05,4.1663E-05,-9.93544E-06,0.0001531
0.0023553,0.27629,0.67,5.1718,-0.030584,0.023593,1.0491,0.0011971,6.73E-05,-0.0010928,0.0010573,-4.73E-05,0.0024562,0.0331548,0.0804,0.620616,8.50263E-05,-0.00581096,0.00448267,0.199329,4.32153E-05,2.4313E-06,-3.94501E-05,3.81685E-05,-1.70742E-06,8.86688E-05
0.002887,0.30154,0.67,5.1718,-0.032688,0.023281,1.0458,0.0011918,0.00015979,-0.00085908,0.0012298,-0.00041446,0.0033524,0.0361848,0.0804,0.620616,0.000104221,-0.00621072,0.00442339,0.198702,4.3024E-05,5.76842E-06,-3.10128E-05,4.43958E-05,-1.4962E-05,0.000121022
0.003749,0.32572,0.67,5.1718,-0.033008,0.016453,1.0487,0.0011989,8.21E-05,-0.0007942,0.0017408,-0.0010096,0.0045582,0.0390864,0.0804,0.620616,0.000135339,-0.00627152,0.00312607,0.199253,4.32803E-05,2.96522E-06,-2.86706E-05,6.28429E-05,-3.64466E-05,0.000164551
0.0035553,0.34887,0.67,5.1718,-0.03395,0.011456,1.0621,0.0012926,4.29E-05,-0.00082736,0.001752,-0.0012161,0.004066,0.0418644,0.0804,0.620616,0.000128346,-0.0064505,0.00217664,0.201799,4.66629E-05,1.54793E-06,-2.98677E-05,6.32472E-05,-4.39012E-05,0.000146783
0.0027675,0.37102,0.67,5.1718,-0.03575,0.015413,1.0624,0.001398,0.00021763,-0.00055029,0.0014431,-0.00077495,0.002694,0.0445224,0.0804,0.620616,9.99068E-05,-0.0067925,0.00292847,0.201856,5.04678E-05,7.85644E-06,-1.98655E-05,5.20959E-05,-2.79757E-05,9.72534E-05
0.002339,0.39221,0.67,5.1718,-0.037763,0.023727,1.0583,0.0013857,0.00035577,-0.00047741,0.0013308,-0.00037642,0.0019615,0.0470652,0.0804,0.620616,8.44379E-05,-0.00717497,0.00450813,0.201077,5.00238E-05,1.28433E-05,-1.72345E-05,4.80419E-05,-1.35888E-05,7.08102E-05
0.0020313,0.41248,0.67,5.1718,-0.040257,0.030973,1.0541,0.001334,0.00017213,-0.00020594,0.0011963,-0.0003741,0.0015323,0.0494976,0.0804,0.620616,7.33299E-05,-0.00764883,0.00588487,0.200279,4.81574E-05,6.21389E-06,-7.43443E-06,4.31864E-05,-1.3505E-05,5.5316E-05
0.0021818,0.43187,0.67,5.1718,-0.042512,0.033887,1.0536,0.0012952,4.44E-05,-0.00011195,0.0011463,-0.00064435,0.0019221,0.0518244,0.0804,0.620616,7.8763E-05,-0.00807728,0.00643853,0.200184,4.67567E-05,1.60363E-06,-4.0414E-06,4.13814E-05,-2.3261E-05,6.93878E-05
0.0026191,0.4504,0.67,5.1718,-0.043993,0.036106,1.0489,0.0013191,0.00015269,-0.00041263,0.001221,-0.000901,0.002698,0.054048,0.0804,0.620616,9.45495E-05,-0.00835867,0.00686014,0.199291,4.76195E-05,5.51211E-06,-1.48959E-05,4.40781E-05,-3.25261E-05,9.73978E-05
0.0030284,0.46812,0.67,5.1718,-0.044971,0.036368,1.0471,0.0013881,0.00031853,-0.00053048,0.0014845,-0.0012842,0.0031842,0.0561744,0.0804,0.620616,0.000109325,-0.00854449,0.00690992,0.198949,5.01104E-05,1.14989E-05,-1.91503E-05,5.35905E-05,-4.63596E-05,0.00011495
0.0032023,0.48504,0.67,5.1718,-0.045586,0.035555,1.051,0.0013627,0.00034517,-0.00037844,0.0016743,-0.0015461,0.0033675,0.0582048,0.0804,0.620616,0.000115603,-0.00866134,0.00675545,0.19969,4.91935E-05,1.24606E-05,-1.36617E-05,6.04422E-05,-5.58142E-05,0.000121567
0.0031524,0.50122,0.67,5.1718,-0.046092,0.036078,1.0543,0.0012521,0.00022384,-0.00021166,0.0018885,-0.0015127,0.0031643,0.0601464,0.0804,0.620616,0.000113802,-0.00875748,0.00685482,0.200317,4.52008E-05,8.08062E-06,-7.64093E-06,6.81749E-05,-5.46085E-05,0.000114231
0.0027692,0.51667,0.67,5.1718,-0.046744,0.035747,1.0554,0.0011739,0.00011927,-0.00011681,0.0019721,-0.0012239,0.0023924,0.0620004,0.0804,0.620616,9.99681E-05,-0.00888136,0.00679193,0.200526,4.23778E-05,4.30565E-06,-4.21684E-06,7.11928E-05,-4.41828E-05,8.63656E-05
0.0023706,0.53142,0.67,5.1718,-0.047216,0.033084,1.0568,0.0011404,5.71E-05,-6.87E-05,0.0017642,-0.00097907,0.0018365,0.0637704,0.0804,0.620616,8.55787E-05,-0.00897104,0.00628596,0.200792,4.11684E-05,2.06308E-06,-2.48003E-06,6.36876E-05,-3.53444E-05,6.62977E-05
0.0021708,0.54551,0.67,5.1718,-0.047417,0.030705,1.0592,0.0010843,2.69E-05,-8.22E-05,0.0015622,-0.00084034,0.0016952,0.0654612,0.0804,0.620616,7.83659E-05,-0.00900923,0.00583395,0.201248,3.91432E-05,9.7109E-07,-2.96897E-06,5.63954E-05,-3.03363E-05,6.11967E-05
0.0019427,0.55896,0.67,5.1718,-0.047965,0.028654,1.0596,0.00098914,1.88E-05,-0.00019043,0.0013966,-0.00051049,0.0014997,0.0670752,0.0804,0.620616,7.01315E-05,-0.00911335,0.00544426,0.201324,3.5708E-05,6.76875E-07,-6.87452E-06,5.04173E-05,-1.84287E-05,5.41392E-05
0.0018728,0.5718,0.67,5.1718,-0.049056,0.024723,1.0587,0.00091514,7.79E-06,-0.00034087,0.0013433,-0.00015861,0.0014872,0.068616,0.0804,0.620616,6.76081E-05,-0.00932064,0.00469737,0.201153,3.30366E-05,2.81165E-07,-1.23054E-05,4.84931E-05,-5.72582E-06,5.36879E-05
0.0019601,0.58405,0.67,5.1718,-0.050177,0.021036,1.0611,0.00091301,6.06E-05,-0.00047844,0.001519,-6.24E-05,0.0014882,0.070086,0.0804,0.620616,7.07596E-05,-0.00953363,0.00399684,0.201609,3.29597E-05,2.18593E-06,-1.72717E-05,5.48359E-05,-2.25437E-06,5.3724E-05
0.002065,0.59575,0.67,5.1718,-0.050987,0.01911,1.0645,0.00096969,0.00019815,-0.00060793,0.0016942,-0.00012283,0.0014661,0.07149,0.0804,0.620616,7.45465E-05,-0.00968753,0.0036309,0.202255,3.50058E-05,7.15322E-06,-2.19463E-05,6.11606E-05,-4.43416E-06,5.29262E-05
0.0021928,0.6069,0.67,5.1718,-0.051565,0.017795,1.0666,0.0010536,0.00031039,-0.00071925,0.0017983,-0.00012286,0.0015338,0.072828,0.0804,0.620616,7.91601E-05,-0.00979735,0.00338105,0.202654,3.8035E-05,1.12051E-05,-2.59649E-05,6.49186E-05,-4.43525E-06,5.53702E-05
0.0023467,0.61755,0.67,5.1718,-0.052006,0.015925,1.0691,0.0011434,0.00035876,-0.00079136,0.0018592,-5.32E-05,0.0016909,0.074106,0.0804,0.620616,8.47159E-05,-0.00988114,0.00302575,0.203129,4.12767E-05,1.29512E-05,-2.85681E-05,6.71171E-05,-1.91904E-06,6.10415E-05
0.0024444,0.6277,0.67,5.1718,-0.052311,0.01269,1.0711,0.0012172,0.00036997,-0.00080246,0.0018137,4.56E-05,0.0018579,0.075324,0.0804,0.620616,8.82428E-05,-0.00993909,0.0024111,0.203509,4.39409E-05,1.33559E-05,-2.89688E-05,6.54746E-05,1.64544E-06,6.70702E-05
0.0024034,0.63738,0.67,5.1718,-0.05256,0.0084893,1.0728,0.0012539,0.00036302,-0.0007208,0.0017206,0.00014006,0.0018324,0.0764856,0.0804,0.620616,8.67627E-05,-0.0099864,0.001612967,0.203832,4.52658E-05,1.3105E-05,-2.60209E-05,6.21137E-05,5.05617E-06,6.61496E-05
0.0022508,0.64661,0.67,5.1718,-0.052928,0.0042385,1.0761,0.0012401,0.00034235,-0.00058061,0.0016141,0.00014898,0.0016473,0.0775932,0.0804,0.620616,8.12539E-05,-0.01005632,0.000805315,0.204459,4.47676E-05,1.23588E-05,-2.096E-05,5.8269E-05,5.37818E-06,5.94675E-05
0.0020373,0.65542,0.67,5.1718,-0.053514,0.00067038,1.0807,0.0011703,0.00030707,-0.00042527,0.0014843,7.05E-05,0.0014199,0.0786504,0.0804,0.620616,7.35465E-05,-0.01016766,0.000127372,0.205333,4.22478E-05,1.10852E-05,-1.53522E-05,5.35832E-05,2.54335E-06,5.12584E-05
0.0018515,0.66381,0.67,5.1718,-0.054364,-0.0021959,1.0861,0.0010529,0.0002672,-0.00029522,0.0013567,-4.19E-05,0.0012934,0.0796572,0.0804,0.620616,6.68392E-05,-0.01032916,-0.000417221,0.206359,3.80097E-05,9.64592E-06,-1.06574E-05,4.89769E-05,-1.51136E-06,4.66917E-05
0.0016771,0.67207,0.67,5.1718,-0.055539,-0.0045526,1.092,0.00090865,0.0002307,-0.00017872,0.0012565,-0.00017857,0.001189,0.0806484,0.0804,0.620616,6.05433E-05,-0.01055241,-0.000864994,0.20748,3.28023E-05,8.32827E-06,-6.45179E-06,4.53597E-05,-6.44638E-06,4.29229E-05
0.0015106,0.68032,0.67,5.1718,-0.057018,-0.0063639,1.0982,0.00075795,0.00020004,-0.00010688,0.0011736,-0.00033294,0.0010897,0.0816384,0.0804,0.620616,5.45327E-05,-0.01083342,-0.001209141,0.208658,2.7362E-05,7.22144E-06,-3.85837E-06,4.2367E-05,-1.20191E-05,3.93382E-05
0.0013572,0.68858,0.67,5.1718,-0.05863,-0.0075143,1.103,0.00062119,0.00016674,-8.40E-05,0.0010929,-0.00046118,0.0010004,0.0826296,0.0804,0.620616,4.89949E-05,-0.0111397,-0.001427717,0.20957,2.2425E-05,6.01931E-06,-3.03139E-06,3.94537E-05,-1.66486E-05,3.61144E-05
0.0012312,0.69683,0.67,5.1718,-0.060156,-0.008263,1.106,0.00051726,0.00012365,-7.40E-05,0.0010102,-0.00053227,0.00093496,0.0836196,0.0804,0.620616,4.44463E-05,-0.01142964,-0.00156997,0.21014,1.86731E-05,4.46377E-06,-2.67288E-06,3.64682E-05,-1.92149E-05,3.37521E-05
0.0011628,0.70509,0.67,5.1718,-0.061498,-0.0091379,1.108,0.00045491,7.55E-05,-5.26E-05,0.00092162,-0.00057725,0.00094915,0.0846108,0.0804,0.620616,4.19771E-05,-0.01168462,-0.001736201,0.21052,1.64223E-05,2.72573E-06,-1.89846E-06,3.32705E-05,-2.08387E-05,3.42643E-05
0.0011593,0.71335,0.67,5.1718,-0.062668,-0.010323,1.1102,0.00043251,2.59E-05,-2.99E-05,0.00082842,-0.00061954,0.0010577,0.085602,0.0804,0.620616,4.18507E-05,-0.01190692,-0.00196137,0.210938,1.56136E-05,9.35568E-07,-1.08087E-06,2.9906E-05,-2.23654E-05,3.8183E-05
0.0011787,0.7216,0.67,5.1718,-0.06371,-0.011638,1.1119,0.00044323,-2.93E-05,-1.16E-05,0.00074482,-0.00064549,0.0011693,0.086592,0.0804,0.620616,4.25511E-05,-0.0121049,-0.00221122,0.211261,1.60006E-05,-1.05899E-06,-4.18363E-07,2.6888E-05,-2.33022E-05,4.22117E-05
0.001187,0.72986,0.67,5.1718,-0.06468,-0.013092,1.1129,0.00047745,-8.63E-05,5.48E-06,0.00068592,-0.00064122,0.0012105,0.0875832,0.0804,0.620616,4.28507E-05,-0.0122892,-0.00248748,0.211451,1.72359E-05,-3.11431E-06,1.98001E-07,2.47617E-05,-2.3148E-05,4.36991E-05
0.001193,0.73811,0.67,5.1718,-0.065536,-0.014655,1.113,0.00052302,-0.0001346,1.82E-05,0.0006573,-0.00061867,0.0012056,0.0885732,0.0804,0.620616,4.30673E-05,-0.01245184,-0.00278445,0.21147,1.8881E-05,-4.85906E-06,6.57453E-07,2.37285E-05,-2.2334E-05,4.35222E-05
0.0012113,0.74637,0.67,5.1718,-0.066109,-0.015945,1.1118,0.00056879,-0.00016901,2.19E-05,0.00066296,-0.00059126,0.0011908,0.0895644,0.0804,0.620616,4.37279E-05,-0.01256071,-0.00302955,0.211242,2.05333E-05,-6.10126E-06,7.89868E-07,2.39329E-05,-2.13445E-05,4.29879E-05
0.0012486,0.75463,0.67,5.1718,-0.066318,-0.016581,1.1091,0.0006088,-0.00018663,4.17E-06,0.00071239,-0.00057421,0.0011759,0.0905556,0.0804,0.620616,4.50745E-05,-0.01260042,-0.00315039,0.210729,2.19777E-05,-6.73734E-06,1.50551E-07,2.57173E-05,-2.0729E-05,4.245E-05
0.0013077,0.76288,0.67,5.1718,-0.066227,-0.016441,1.1053,0.00063939,-0.00018681,-3.61E-05,0.00081048,-0.00057357,0.0011655,0.0915456,0.0804,0.620616,4.7208E-05,-0.01258313,-0.00312379,0.210007,2.3082E-05,-6.74384E-06,-1.30213E-06,2.92583E-05,-2.07059E-05,4.20746E-05
0.0013888,0.77114,0.67,5.1718,-0.065865,-0.015666,1.101,0.00065879,-0.0001696,-8.11E-05,0.00095082,-0.00058668,0.0011679,0.0925368,0.0804,0.620616,5.01357E-05,-0.01251435,-0.00297654,0.20919,2.37823E-05,-6.12256E-06,-2.9272E-06,3.43246E-05,-2.11791E-05,4.21612E-05
0.001487,0.7794,0.67,5.1718,-0.065319,-0.014516,1.0966,0.00066712,-0.00013454,-0.00010257,0.0011203,-0.00061685,0.0011867,0.093528,0.0804,0.620616,5.36807E-05,-0.01241061,-0.00275804,0.208354,2.4083E-05,-4.85689E-06,-3.70278E-06,4.04428E-05,-2.22683E-05,4.28399E-05
0.0015976,0.78765,0.67,5.1718,-0.064794,-0.013135,1.0927,0.00067024,-8.49E-05,-9.07E-05,0.0012975,-0.00067654,0.0012275,0.094518,0.0804,0.620616,5.76734E-05,-0.01231086,-0.00249565,0.207613,2.41957E-05,-3.06392E-06,-3.27358E-06,4.68398E-05,-2.44231E-05,4.43128E-05
0.0017084,0.79591,0.67,5.1718,-0.064338,-0.011376,1.0894,0.00067877,-2.87E-05,-7.34E-05,0.001456,-0.00077625,0.0012821,0.0955092,0.0804,0.620616,6.16732E-05,-0.01222422,-0.00216144,0.206986,2.45036E-05,-1.03784E-06,-2.64869E-06,5.25616E-05,-2.80226E-05,4.62838E-05
0.0018158,0.80416,0.67,5.1718,-0.063833,-0.0089606,1.0868,0.0006993,2.45E-05,-7.48E-05,0.0015844,-0.00090057,0.0013478,0.0964992,0.0804,0.620616,6.55504E-05,-0.01212827,-0.001702514,0.206492,2.52447E-05,8.85533E-07,-2.69866E-06,5.71968E-05,-3.25106E-05,4.86556E-05
0.0019406,0.81242,0.67,5.1718,-0.06325,-0.0058618,1.0845,0.00073478,6.61E-05,-9.10E-05,0.0016946,-0.0010132,0.0014518,0.0974904,0.0804,0.620616,7.00557E-05,-0.0120175,-0.001113742,0.206055,2.65256E-05,2.38552E-06,-3.28597E-06,6.11751E-05,-3.65765E-05,5.241E-05
0.0020755,0.82068,0.67,5.1718,-0.062589,-0.0024054,1.0816,0.00077767,8.06E-05,-9.20E-05,0.0017991,-0.0010774,0.0015742,0.0984816,0.0804,0.620616,7.49256E-05,-0.01189191,-0.000457026,0.205504,2.80739E-05,2.90883E-06,-3.32051E-06,6.49475E-05,-3.88941E-05,5.68286E-05
0.0021989,0.82893,0.67,5.1718,-0.061929,0.0010022,1.0785,0.00081228,4.58E-05,-6.12E-05,0.0018947,-0.001082,0.0016909,0.0994716,0.0804,0.620616,7.93803E-05,-0.01176651,0.000190418,0.204915,2.93233E-05,1.65486E-06,-2.20762E-06,6.83987E-05,-3.90602E-05,6.10415E-05
0.0023167,0.83719,0.67,5.1718,-0.0615,0.0040662,1.0757,0.00082855,-5.00E-05,-3.07E-06,0.0019763,-0.0010436,0.0018286,0.1004628,0.0804,0.620616,8.36329E-05,-0.011685,0.000772578,0.204383,2.99107E-05,-1.80572E-06,-1.10896E-07,7.13444E-05,-3.7674E-05,6.60125E-05
0.0024482,0.84544,0.67,5.1718,-0.0614,0.0066445,1.0726,0.00082198,-0.0001921,0.00010811,0.0020522,-0.0010192,0.0020223,0.1014528,0.0804,0.620616,8.838E-05,-0.011666,0.001262455,0.203794,2.96735E-05,-6.93481E-06,3.90277E-06,7.40844E-05,-3.67931E-05,7.3005E-05
0.002619,0.8537,0.67,5.1718,-0.061534,0.0089378,1.0684,0.00079458,-0.00035225,0.00027946,0.0021605,-0.0010799,0.002283,0.102444,0.0804,0.620616,9.45459E-05,-0.01169146,0.001698182,0.202996,2.86843E-05,-1.27162E-05,1.00885E-05,7.79941E-05,-3.89844E-05,8.24163E-05
0.0028285,0.86196,0.67,5.1718,-0.061863,0.011392,1.0635,0.00076456,-0.00051577,0.00043599,0.0023507,-0.0012204,0.0025417,0.1034352,0.0804,0.620616,0.000102109,-0.01175397,0.00216448,0.202065,2.76006E-05,-1.86193E-05,1.57392E-05,8.48603E-05,-4.40564E-05,9.17554E-05
0.002979,0.87021,0.67,5.1718,-0.062438,0.014081,1.0589,0.0007536,-0.00066574,0.00051493,0.0025893,-0.0013624,0.0026151,0.1044252,0.0804,0.620616,0.000107542,-0.01186322,0.00267539,0.201191,2.7205E-05,-2.40332E-05,1.8589E-05,9.34737E-05,-4.91826E-05,9.44051E-05
0.0029594,0.87847,0.67,5.1718,-0.063168,0.016468,1.0545,0.00076687,-0.00076686,0.00053336,0.0027297,-0.0014272,0.0024221,0.1054164,0.0804,0.620616,0.000106834,-0.01200192,0.00312892,0.200355,2.7684E-05,-2.76836E-05,1.92543E-05,9.85422E-05,-5.15219E-05,8.74378E-05
0.0027997,0.88672,0.67,5.1718,-0.063764,0.018025,1.0497,0.00080203,-0.0008044,0.00053758,0.0026786,-0.0013878,0.0021188,0.1064064,0.0804,0.620616,0.000101069,-0.01211516,0.00342475,0.199443,2.89533E-05,-2.90388E-05,1.94066E-05,9.66975E-05,-5.00996E-05,7.64887E-05
0.0026298,0.89498,0.67,5.1718,-0.064103,0.018679,1.0445,0.0008601,-0.00079961,0.00058045,0.0024903,-0.0013033,0.0019092,0.1073976,0.0804,0.620616,9.49358E-05,-0.01217957,0.00354901,0.198455,3.10496E-05,-2.88659E-05,2.09542E-05,8.98998E-05,-4.70491E-05,6.89221E-05
0.0025016,0.90324,0.67,5.1718,-0.06425,0.018645,1.04,0.00094168,-0.00077885,0.00066944,0.0022717,-0.0012297,0.0017899,0.1083888,0.0804,0.620616,9.03078E-05,-0.0122075,0.00354255,0.1976,3.39946E-05,-2.81165E-05,2.41668E-05,8.20084E-05,-4.43922E-05,6.46154E-05
0.0023983,0.91149,0.67,5.1718,-0.064207,0.018227,1.0373,0.0010432,-0.00075002,0.00074738,0.0020883,-0.0011572,0.0016652,0.1093788,0.0804,0.620616,8.65786E-05,-0.01219933,0.00346313,0.197087,3.76595E-05,-2.70757E-05,2.69804E-05,7.53876E-05,-4.17749E-05,6.01137E-05
0.0023169,0.91975,0.67,5.1718,-0.063962,0.017629,1.0356,0.0011591,-0.00069992,0.00077234,0.0019274,-0.0010667,0.0015473,0.11037,0.0804,0.620616,8.36401E-05,-0.01215278,0.00334951,0.196764,4.18435E-05,-2.52671E-05,2.78815E-05,6.95791E-05,-3.85079E-05,5.58575E-05
0.0022387,0.92801,0.67,5.1718,-0.063459,0.016851,1.0338,0.0012796,-0.0006263,0.00074377,0.0017513,-0.00095815,0.0014464,0.1113612,0.0804,0.620616,8.08171E-05,-0.01205721,0.00320169,0.196422,4.61936E-05,-2.26094E-05,2.68501E-05,6.32219E-05,-3.45892E-05,5.2215E-05
0.0021486,0.93626,0.67,5.1718,-0.062649,0.015616,1.0317,0.0013878,-0.00055335,0.00068794,0.0015508,-0.00086211,0.0013587,0.1123512,0.0804,0.620616,7.75645E-05,-0.01190331,0.00296704,0.196023,5.00996E-05,-1.99759E-05,2.48346E-05,5.59839E-05,-3.11222E-05,4.90491E-05
0.0020744,0.94452,0.67,5.1718,-0.061627,0.013666,1.0295,0.0014739,-0.00050392,0.00064443,0.001345,-0.00082909,0.0013299,0.1133424,0.0804,0.620616,7.48858E-05,-0.01170913,0.00259654,0.195605,5.32078E-05,-1.81915E-05,2.32639E-05,4.85545E-05,-2.99301E-05,4.80094E-05
0.002035,0.95277,0.67,5.1718,-0.060551,0.011289,1.027,0.001542,-0.0004856,0.00061299,0.0011874,-0.00086037,0.0013407,0.1143324,0.0804,0.620616,7.34635E-05,-0.01150469,0.00214491,0.19513,5.56662E-05,-1.75302E-05,2.21289E-05,4.28651E-05,-3.10594E-05,4.83993E-05
0.0020601,0.96103,0.67,5.1718,-0.059557,0.0090939,1.0242,0.0016001,-0.00048797,0.00058421,0.0011237,-0.00092319,0.0013965,0.1153236,0.0804,0.620616,7.43696E-05,-0.01131583,0.001727841,0.194598,5.77636E-05,-1.76157E-05,2.109E-05,4.05656E-05,-3.33272E-05,5.04137E-05
0.0021479,0.96929,0.67,5.1718,-0.058571,0.0075621,1.0207,0.0016542,-0.00048822,0.00056498,0.0011412,-0.00098366,0.0015004,0.1163148,0.0804,0.620616,7.75392E-05,-0.01112849,0.001436799,0.193933,5.97166E-05,-1.76247E-05,2.03958E-05,4.11973E-05,-3.55101E-05,5.41644E-05
0.00226,0.97754,0.67,5.1718,-0.057344,0.0070112,1.0156,0.0017072,-0.00047586,0.00056889,0.0011927,-0.0010048,0.0016201,0.1173048,0.0804,0.620616,0.000081586,-0.01089536,0.001332128,0.192964,6.16299E-05,-1.71785E-05,2.05369E-05,4.30565E-05,-3.62733E-05,5.84856E-05
0.00234,0.9858,0.67,5.1718,-0.056027,0.007619,1.0087,0.0017649,-0.00045271,0.00059625,0.0012317,-0.00098698,0.0016835,0.118296,0.0804,0.620616,0.000084474,-0.01064513,0.00144761,0.191653,6.37129E-05,-1.63428E-05,2.15246E-05,4.44644E-05,-3.563E-05,6.07744E-05
0.0023558,0.99405,0.67,5.1718,-0.054983,0.0091327,1.0005,0.0018417,-0.00041661,0.00062355,0.0012314,-0.00094345,0.0016385,0.119286,0.0804,0.620616,8.50444E-05,-0.01044677,0.001735213,0.190095,6.64854E-05,-1.50396E-05,2.25102E-05,4.44535E-05,-3.40585E-05,5.91499E-05
0.0023311,1.0023,0.67,5.1718,-0.054177,0.01079,0.99203,0.0019506,-0.00036385,0.00063313,0.0012058,-0.00087507,0.0015056,0.120276,0.0804,0.620616,8.41527E-05,-0.01029363,0.0020501,0.1884857,7.04167E-05,-1.3135E-05,2.2856E-05,4.35294E-05,-3.159E-05,5.43522E-05
0.0023121,1.0106,0.67,5.1718,-0.053436,0.011962,0.98406,0.0020858,-0.00029546,0.00060323,0.0012075,-0.00078849,0.001331,0.121272,0.0804,0.620616,8.34668E-05,-0.01015284,0.00227278,0.1869714,7.52974E-05,-1.06661E-05,2.17766E-05,4.35908E-05,-2.84645E-05,4.80491E-05
0.0023401,1.0188,0.67,5.1718,-0.0526,0.012853,0.97729,0.0022342,-0.00020827,0.0005434,0.0012685,-0.00070301,0.0011774,0.122256,0.0804,0.620616,8.44776E-05,-0.009994,0.00244207,0.1856851,8.06546E-05,-7.51855E-06,1.96167E-05,4.57929E-05,-2.53787E-05,4.25041E-05
0.0023877,1.0271,0.67,5.1718,-0.051535,0.014133,0.97247,0.0023873,-9.77E-05,0.00048116,0.0013482,-0.00065023,0.00104,0.123252,0.0804,0.620616,8.6196E-05,-0.00979165,0.00268527,0.1847693,8.61815E-05,-3.52831E-06,1.73699E-05,4.867E-05,-2.34733E-05,0.000037544
0.0024486,1.0353,0.67,5.1718,-0.050203,0.015855,0.96936,0.0025374,3.46E-05,0.00043427,0.0013898,-0.00062438,0.00097018,0.124236,0.0804,0.620616,8.83945E-05,-0.00953857,0.00301245,0.1841784,9.16001E-05,1.24845E-06,1.56771E-05,5.01718E-05,-2.25401E-05,3.50235E-05
0.0025287,1.0436,0.67,5.1718,-0.048602,0.017355,0.96715,0.0026768,0.00017309,0.00041243,0.0013913,-0.00057744,0.00098921,0.125232,0.0804,0.620616,9.12861E-05,-0.00923438,0.00329745,0.1837585,9.66325E-05,6.24855E-06,1.48887E-05,5.02259E-05,-2.08456E-05,3.57105E-05
0.002615,1.0518,0.67,5.1718,-0.046903,0.018094,0.96512,0.0027909,0.0002924,0.00038245,0.0013721,-0.00051929,0.0010671,0.126216,0.0804,0.620616,9.44015E-05,-0.00891157,0.00343786,0.1833728,0.000100751,1.05556E-05,1.38064E-05,4.95328E-05,-1.87464E-05,3.85223E-05
0.0026964,1.0601,0.67,5.1718,-0.045386,0.018139,0.96304,0.0028707,0.00036901,0.00033603,0.0013256,-0.00048465,0.0011965,0.127212,0.0804,0.620616,9.734E-05,-0.00862334,0.00344641,0.1829776,0.000103632,1.33213E-05,1.21307E-05,4.78542E-05,-1.74959E-05,4.31937E-05
0.0027633,1.0684,0.67,5.1718,-0.044256,0.017926,0.96092,0.002913,0.00038482,0.00027328,0.0012452,-0.00049196,0.0013685,0.128208,0.0804,0.620616,9.97551E-05,-0.00840864,0.00340594,0.1825748,0.000105159,1.3892E-05,9.86541E-06,4.49517E-05,-1.77598E-05,4.94029E-05
0.002815,1.0766,0.67,5.1718,-0.043556,0.0178,0.95875,0.0029126,0.00034711,0.0002101,0.0011542,-0.00053444,0.0015632,0.129192,0.0804,0.620616,0.000101622,-0.00827564,0.003382,0.1821625,0.000105145,1.25307E-05,7.58461E-06,4.16666E-05,-1.92933E-05,5.64315E-05
0.0028401,1.0849,0.67,5.1718,-0.043185,0.017796,0.95652,0.0028596,0.00028245,0.00015342,0.001081,-0.00060929,0.0017396,0.130188,0.0804,0.620616,0.000102528,-0.00820515,0.00338124,0.1817388,0.000103232,1.01964E-05,5.53846E-06,3.90241E-05,-2.19954E-05,6.27996E-05
0.0028469,1.0931,0.67,5.1718,-0.042993,0.017877,0.95444,0.0027547,0.00021768,8.93E-05,0.0010414,-0.00071418,0.0018977,0.131172,0.0804,0.620616,0.000102773,-0.00816867,0.00339663,0.1813436,9.94447E-05,7.85825E-06,3.22203E-06,3.75945E-05,-2.57819E-05,6.8507E-05
0.0028744,1.1014,0.67,5.1718,-0.042862,0.018133,0.95249,0.0026218,0.00016327,4.65E-05,0.0010373,-0.00084859,0.0020897,0.132168,0.0804,0.620616,0.000103766,-0.00814378,0.00344527,0.1809731,9.4647E-05,5.89405E-06,1.67749E-06,3.74465E-05,-3.06341E-05,7.54382E-05
0.0029554,1.1096,0.67,5.1718,-0.042647,0.018608,0.94998,0.0024725,0.00011732,1.02E-05,0.0010571,-0.0010154,0.0023813,0.133152,0.0804,0.620616,0.00010669,-0.00810293,0.00353552,0.1804962,8.92573E-05,4.23525E-06,3.69411E-07,3.81613E-05,-3.66559E-05,8.59649E-05
0.0030657,1.1179,0.67,5.1718,-0.04214,0.019208,0.94651,0.0023125,7.39E-05,-2.56E-05,0.0010831,-0.00118,0.0027358,0.134148,0.0804,0.620616,0.000110672,-0.0080066,0.00364952,0.1798369,8.34813E-05,2.66873E-06,-9.25929E-07,3.90999E-05,-0.000042598,9.87624E-05
0.0031458,1.1262,0.67,5.1718,-0.041255,0.019833,0.94266,0.0021539,2.60E-05,-5.95E-05,0.0010979,-0.0013158,0.0030399,0.135144,0.0804,0.620616,0.000113563,-0.00783845,0.00376827,0.1791054,7.77558E-05,9.40008E-07,-2.14716E-06,3.96342E-05,-4.75004E-05,0.00010974
0.0031977,1.1344,0.67,5.1718,-0.040057,0.020562,0.93909,0.00201,-2.30E-05,-8.95E-05,0.0010929,-0.0014126,0.0032924,0.136128,0.0804,0.620616,0.000115437,-0.00761083,0.00390678,0.1784271,0.000072561,-8.29939E-07,-3.23131E-06,3.94537E-05,-5.09949E-05,0.000118856
0.0032476,1.1427,0.67,5.1718,-0.03869,0.021607,0.93608,0.0018893,-5.93E-05,-8.57E-05,0.0010817,-0.0014706,0.0035242,0.137124,0.0804,0.620616,0.000117238,-0.0073511,0.00410533,0.1778552,6.82037E-05,-2.14033E-06,-3.09503E-06,3.90494E-05,-5.30887E-05,0.000127224
0.0033259,1.1509,0.67,5.1718,-0.037265,0.022999,0.93358,0.0017929,-7.45E-05,-3.72E-05,0.001107,-0.0015059,0.0037519,0.138108,0.0804,0.620616,0.000120065,-0.00708035,0.00436981,0.1773802,6.47237E-05,-2.68801E-06,-1.34137E-06,3.99627E-05,-5.4363E-05,0.000135444
0.0034439,1.1592,0.67,5.1718,-0.035779,0.024509,0.93166,0.0017152,-8.22E-05,3.78E-05,0.0012083,-0.0015585,0.0039642,0.139104,0.0804,0.620616,0.000124325,-0.00679801,0.00465671,0.1770154,6.19187E-05,-2.96912E-06,1.36364E-06,4.36196E-05,-5.62619E-05,0.000143108
0.0035464,1.1674,0.67,5.1718,-0.034136,0.025847,0.93055,0.0016503,-0.0001001,9.54E-05,0.0013887,-0.0016503,0.0040536,0.140088,0.0804,0.620616,0.000128025,-0.00648584,0.00491093,0.1768045,5.95758E-05,-3.61361E-06,3.44214E-06,5.01321E-05,-5.95758E-05,0.000146335
0.0035915,1.1757,0.67,5.1718,-0.032277,0.02672,0.92993,0.0015983,-0.00012423,0.00011088,0.001615,-0.0017629,0.0039697,0.141084,0.0804,0.620616,0.000129653,-0.00613263,0.0050768,0.1766867,5.76986E-05,-4.4847E-06,4.00277E-06,5.83015E-05,-6.36407E-05,0.000143306
0.0035822,1.1839,0.67,5.1718,-0.030351,0.02701,0.92942,0.0015605,-0.00013707,9.19E-05,0.001815,-0.0018686,0.0037888,0.142068,0.0804,0.620616,0.000129317,-0.00576669,0.0051319,0.1765898,5.63341E-05,-4.94823E-06,3.3182E-06,6.55215E-05,-6.74565E-05,0.000136776
0.0035417,1.1922,0.67,5.1718,-0.028568,0.026994,0.92922,0.0015295,-0.0001294,5.08E-05,0.0019115,-0.0019615,0.0036425,0.143064,0.0804,0.620616,0.000127855,-0.00542792,0.00512886,0.1765518,5.5215E-05,-4.67134E-06,1.83565E-06,6.90052E-05,-7.08102E-05,0.000131494
0.0035198,1.2005,0.67,5.1718,-0.026999,0.026978,0.92957,0.0014916,-0.00011004,-1.60E-05,0.0018677,-0.0020338,0.0036802,0.14406,0.0804,0.620616,0.000127065,-0.00512981,0.00512582,0.1766183,5.38468E-05,-3.97244E-06,-5.75867E-07,6.7424E-05,-7.34202E-05,0.000132855
0.0034894,1.2087,0.67,5.1718,-0.025569,0.027043,0.93054,0.001446,-9.75E-05,-8.10E-05,0.0016857,-0.0020419,0.0038471,0.145044,0.0804,0.620616,0.000125967,-0.00485811,0.00513817,0.1768026,5.22006E-05,-3.51885E-06,-2.92291E-06,6.08538E-05,-7.37126E-05,0.00013888
0.0033978,1.217,0.67,5.1718,-0.024201,0.027199,0.93233,0.0013906,-0.00010304,-0.00010557,0.0014273,-0.0019497,0.0039778,0.14604,0.0804,0.620616,0.000122661,-0.00459819,0.00516781,0.1771427,5.02007E-05,-3.71974E-06,-3.81108E-06,5.15255E-05,-7.03842E-05,0.000143599
0.0032334,1.2252,0.67,5.1718,-0.022853,0.027374,0.93518,0.0013168,-0.00011876,-7.34E-05,0.0011993,-0.0017817,0.0039507,0.147024,0.0804,0.620616,0.000116726,-0.00434207,0.00520106,0.1776842,4.75365E-05,-4.28724E-06,-2.64909E-06,4.32947E-05,-6.43194E-05,0.00014262
0.0029964,1.2335,0.67,5.1718,-0.021471,0.027401,0.93918,0.0012315,-0.00012557,2.30E-05,0.0010751,-0.0016148,0.0036862,0.14802,0.0804,0.620616,0.00010817,-0.00407949,0.00520619,0.1784442,4.44572E-05,-4.53308E-06,8.30697E-07,3.88111E-05,-5.82943E-05,0.000133072
0.0027282,1.2417,0.67,5.1718,-0.020058,0.027099,0.94372,0.0011539,-0.00011587,0.00014328,0.0010595,-0.001479,0.0032429,0.149004,0.0804,0.620616,9.8488E-05,-0.00381102,0.00514881,0.1793068,4.16558E-05,-4.18291E-06,5.17241E-06,3.8248E-05,-5.33919E-05,0.000117069
0.0024774,1.25,0.67,5.1718,-0.018574,0.0263,0.94781,0.0011003,-0.0001017,0.00022843,0.0011,-0.0013197,0.0027545,0.15,0.0804,0.620616,8.94341E-05,-0.00352906,0.004997,0.1800839,3.97208E-05,-3.67137E-06,8.24632E-06,0.00003971,-4.76412E-05,9.94375E-05
0.0022854,1.2583,0.67,5.1718,-0.016919,0.024831,0.95102,0.0010772,-0.00010265,0.00025283,0.0011356,-0.0011111,0.002358,0.150996,0.0804,0.620616,8.25029E-05,-0.00321461,0.00471789,0.1806938,3.88869E-05,-3.70567E-06,9.12716E-06,4.09952E-05,-4.01107E-05,8.51238E-05
0.0021416,1.2665,0.67,5.1718,-0.015086,0.02271,0.95367,0.0010824,-0.00012372,0.00023727,0.001155,-0.00090553,0.0020457,0.15198,0.0804,0.620616,7.73118E-05,-0.00286634,0.0043149,0.1811973,3.90746E-05,-4.46629E-06,8.56545E-06,4.16955E-05,-3.26896E-05,7.38498E-05
0.0020483,1.2748,0.67,5.1718,-0.013228,0.020179,0.95592,0.0010993,-0.00014974,0.0002102,0.0011785,-0.00074388,0.0018188,0.152976,0.0804,0.620616,7.39436E-05,-0.00251332,0.00383401,0.1816248,3.96847E-05,-5.40561E-06,7.58822E-06,4.25439E-05,-2.68541E-05,6.56587E-05
0.0019936,1.283,0.67,5.1718,-0.011532,0.017597,0.95778,0.0011084,-0.00016114,0.00019474,0.0012094,-0.00062521,0.0016694,0.15396,0.0804,0.620616,7.1969E-05,-0.00219108,0.00334343,0.1819782,4.00132E-05,-5.81715E-06,7.03011E-06,4.36593E-05,-2.25701E-05,6.02653E-05
0.0019634,1.2913,0.67,5.1718,-0.010131,0.015417,0.95942,0.0011037,-0.0001564,0.00018542,0.0012515,-0.00051226,0.0015716,0.154956,0.0804,0.620616,7.08787E-05,-0.00192489,0.00292923,0.1822898,3.98436E-05,-5.64604E-06,6.69366E-06,4.51792E-05,-1.84926E-05,5.67348E-05
0.0019507,1.2995,0.67,5.1718,-0.0090432,0.013903,0.96056,0.0010905,-0.00015084,0.00016012,0.001299,-0.00037081,0.0015118,0.15594,0.0804,0.620616,7.04203E-05,-0.001718208,0.00264157,0.1825064,3.93671E-05,-5.44532E-06,5.78033E-06,4.68939E-05,-1.33862E-05,5.4576E-05
0.0019095,1.3078,0.67,5.1718,-0.0081277,0.01294,0.9608,0.0010735,-0.00014649,0.00012783,0.001302,-0.00021384,0.0014434,0.156936,0.0804,0.620616,6.8933E-05,-0.001544263,0.0024586,0.182552,3.87534E-05,-5.28829E-06,4.61466E-06,4.70022E-05,-7.71962E-06,5.21067E-05
0.0018349,1.316,0.67,5.1718,-0.0072491,0.012272,0.96034,0.0010536,-0.00013172,9.48E-05,0.0012037,-7.48E-05,0.0014124,0.15792,0.0804,0.620616,6.62399E-05,-0.001377329,0.00233168,0.1824646,3.8035E-05,-4.75509E-06,3.42134E-06,4.34536E-05,-2.70093E-06,5.09876E-05
0.001732,1.3243,0.67,5.1718,-0.0064014,0.011879,0.95966,0.0010344,-0.00010713,4.93E-05,0.0010198,3.07E-05,0.0014098,0.158916,0.0804,0.620616,6.25252E-05,-0.001216266,0.00225701,0.1823354,3.73418E-05,-3.86739E-06,1.77829E-06,3.68148E-05,1.10849E-06,5.08938E-05
0.0016171,1.3326,0.67,5.1718,-0.0055738,0.011843,0.9586,0.0010081,-8.67E-05,8.78E-06,0.00083261,0.00010223,0.0013935,0.159912,0.0804,0.620616,5.83773E-05,-0.001059022,0.00225017,0.182134,3.63924E-05,-3.13121E-06,3.17063E-07,3.00572E-05,3.6905E-06,5.03054E-05
0.0015237,1.3408,0.67,5.1718,-0.0047133,0.011907,0.95668,0.00097907,-7.77E-05,-3.39E-05,0.00069088,0.00012529,0.0013775,0.160896,0.0804,0.620616,5.50056E-05,-0.000895527,0.00226233,0.1817692,3.53444E-05,-2.80616E-06,-1.22303E-06,2.49408E-05,4.52297E-06,4.97278E-05
0.001434,1.3491,0.67,5.1718,-0.0037539,0.011608,0.9543,0.00095835,-7.63E-05,-0.00010164,0.00058922,9.06E-05,0.0013205,0.161892,0.0804,0.620616,5.17674E-05,-0.000713241,0.00220552,0.181317,3.45964E-05,-2.75616E-06,-3.6692E-06,2.12708E-05,3.27044E-06,4.76701E-05
0.0012883,1.3573,0.67,5.1718,-0.0026114,0.010782,0.95224,0.00091653,-7.79E-05,-0.00012165,0.00052223,1.94E-05,0.0011379,0.162876,0.0804,0.620616,4.65076E-05,-0.000496166,0.00204858,0.1809256,3.30867E-05,-2.81338E-06,-4.39157E-06,1.88525E-05,6.99979E-07,4.10782E-05
0.0011677,1.3656,0.67,5.1718,-0.0012793,0.0095582,0.95093,0.00085303,-7.78E-05,-9.79E-05,0.00049407,-5.78E-05,0.00098835,0.163872,0.0804,0.620616,4.2154E-05,-0.000243067,0.001816058,0.1806767,3.07944E-05,-2.80919E-06,-3.53415E-06,1.78359E-05,-2.08835E-06,3.56794E-05
0.0011109,1.3738,0.67,5.1718,0.00011251,0.0081672,0.95084,0.00080783,-7.30E-05,-0.00010443,0.0004954,-0.00012243,0.00091867,0.164856,0.0804,0.620616,4.01035E-05,2.13769E-05,0.001551768,0.1806596,2.91627E-05,-2.63606E-06,-3.76992E-06,1.78839E-05,-4.41972E-06,3.3164E-05
0.0010601,1.3821,0.67,5.1718,0.0014687,0.0069424,0.95156,0.00077983,-6.29E-05,-0.00010651,0.00051117,-0.00016586,0.00082917,0.165852,0.0804,0.620616,3.82696E-05,0.000279053,0.001319056,0.1807964,2.81519E-05,-2.2691E-06,-3.84501E-06,1.84532E-05,-5.98755E-06,2.9933E-05
0.0010795,1.3903,0.67,5.1718,0.0027667,0.0062617,0.95234,0.00076275,-5.39E-05,-9.11E-05,0.00053927,-0.00019107,0.00085701,0.166836,0.0804,0.620616,3.897E-05,0.000525673,0.001189723,0.1809446,2.75353E-05,-1.94583E-06,-3.29026E-06,1.94676E-05,-6.89763E-06,3.09381E-05
0.0011114,1.3986,0.67,5.1718,0.0040023,0.0060979,0.95342,0.00075988,-5.18E-05,-8.04E-05,0.00058252,-0.00020035,0.00088037,0.167832,0.0804,0.620616,4.01215E-05,0.000760437,0.001158601,0.1811498,2.74317E-05,-1.86984E-06,-2.90291E-06,2.1029E-05,-7.23264E-06,3.17814E-05
0.0011184,1.4069,0.67,5.1718,0.0052009,0.0061064,0.95479,0.0007578,-5.83E-05,-3.46E-05,0.00063603,-0.00021916,0.00084289,0.168828,0.0804,0.620616,4.03742E-05,0.000988171,0.001160216,0.1814101,2.73566E-05,-2.1038E-06,-1.24798E-06,2.29607E-05,-7.91168E-06,3.04283E-05
0.0011764,1.4151,0.67,5.1718,0.0063289,0.0060742,0.95681,0.00075898,-7.22E-05,1.10E-05,0.00070126,-0.00024116,0.0008925,0.169812,0.0804,0.620616,4.2468E-05,0.001202491,0.001154098,0.1817939,2.73992E-05,-2.60804E-06,3.97425E-07,2.53155E-05,-8.70588E-06,3.22193E-05
0.0012399,1.4234,0.67,5.1718,0.0073551,0.005889,0.95992,0.00076745,-8.70E-05,4.06E-05,0.00078845,-0.00026001,0.00092385,0.170808,0.0804,0.620616,4.47604E-05,0.001397469,0.00111891,0.1823848,2.77049E-05,-3.14009E-06,1.46425E-06,2.8463E-05,-9.38636E-06,3.3351E-05
0.0013459,1.4316,0.67,5.1718,0.0082583,0.0055452,0.96372,0.00076691,-0.0001025,7.00E-05,0.00090684,-0.00028145,0.001018,0.171792,0.0804,0.620616,4.8587E-05,0.001569077,0.001053588,0.1831068,2.76855E-05,-3.70025E-06,2.52808E-06,3.27369E-05,-1.01603E-05,3.67498E-05
0.0014682,1.4399,0.67,5.1718,0.0089884,0.0048276,0.96817,0.00076097,-0.00011916,5.68E-05,0.001057,-0.00029014,0.0011184,0.172788,0.0804,0.620616,5.3002E-05,0.001707796,0.000917244,0.1839523,2.7471E-05,-4.30168E-06,2.04983E-06,3.81577E-05,-1.04741E-05,4.03742E-05
0.0015732,1.4481,0.67,5.1718,0.0095625,0.0035202,0.97336,0.0007524,-0.00014045,4.54E-05,0.0012161,-0.00028921,0.001178,0.173772,0.0804,0.620616,5.67925E-05,0.001816875,0.000668838,0.1849384,2.71616E-05,-5.07025E-06,1.6393E-06,4.39012E-05,-1.04405E-05,4.25258E-05
0.001664,1.4564,0.67,5.1718,0.010046,0.0016284,0.97917,0.00073656,-0.00016964,5.09E-05,0.0013515,-0.00030367,0.0012399,0.174768,0.0804,0.620616,6.00704E-05,0.00190874,0.000309396,0.1860423,2.65898E-05,-6.124E-06,1.8381E-06,4.87892E-05,-1.09625E-05,4.47604E-05
0.0017225,1.4647,0.67,5.1718,0.010475,-0.00080043,0.98507,0.00071646,-0.00020218,6.51E-05,0.0014454,-0.00034685,0.0012832,0.175764,0.0804,0.620616,6.21823E-05,0.00199025,-0.000152082,0.1871633,2.58642E-05,-7.2987E-06,2.34881E-06,5.21789E-05,-1.25213E-05,4.63235E-05
0.0017608,1.4729,0.67,5.1718,0.01089,-0.0034403,0.99028,0.00069373,-0.00023158,7.93E-05,0.0014899,-0.00041279,0.001338,0.176748,0.0804,0.620616,6.35649E-05,0.0020691,-0.000653657,0.1881532,2.50437E-05,-8.36004E-06,2.86219E-06,5.37854E-05,-1.49017E-05,4.83018E-05
0.0017712,1.4812,0.67,5.1718,0.011337,-0.0058346,0.99445,0.00067256,-0.00025006,9.18E-05,0.0014735,-0.00050961,0.0013963,0.177744,0.0804,0.620616,6.39403E-05,0.00215403,-0.001108574,0.1889455,2.42794E-05,-9.02717E-06,3.31293E-06,5.31934E-05,-1.83969E-05,5.04064E-05
0.0017858,1.4894,0.67,5.1718,0.011853,-0.0074441,0.99774,0.00065401,-0.00025499,0.00011626,0.0014078,-0.00063388,0.0015097,0.178728,0.0804,0.620616,6.44674E-05,0.00225207,-0.001414379,0.1895706,2.36098E-05,-9.20514E-06,4.19699E-06,5.08216E-05,-2.28831E-05,5.45002E-05
0.0018236,1.4977,0.67,5.1718,0.012527,-0.0077732,1.0009,0.00063589,-0.00025027,0.00016789,0.0013468,-0.0007649,0.0016646,0.179724,0.0804,0.620616,6.5832E-05,0.00238013,-0.001476908,0.190171,2.29556E-05,-9.03475E-06,6.06083E-06,4.86195E-05,-2.76129E-05,6.00921E-05
0.0018935,1.5059,0.67,5.1718,0.013383,-0.0068974,1.0047,0.00061741,-0.00024738,0.00024851,0.0013447,-0.00088569,0.0018248,0.180708,0.0804,0.620616,6.83554E-05,0.00254277,-0.001310506,0.190893,2.22885E-05,-8.93042E-06,8.97121E-06,4.85437E-05,-3.19734E-05,6.58753E-05
0.0019623,1.5142,0.67,5.1718,0.014399,-0.0056521,1.0089,0.00059737,-0.00025342,0.00033134,0.001393,-0.00098169,0.0019343,0.181704,0.0804,0.620616,7.0839E-05,0.00273581,-0.001073899,0.191691,2.15651E-05,-9.14846E-06,1.19614E-05,5.02873E-05,-3.5439E-05,6.98282E-05
0.001998,1.5224,0.67,5.1718,0.015621,-0.0050373,1.0126,0.00057294,-0.00026153,0.00038759,0.0014356,-0.0010362,0.0019875,0.182688,0.0804,0.620616,7.21278E-05,0.00296799,-0.000957087,0.192394,2.06831E-05,-9.44123E-06,1.3992E-05,5.18252E-05,-3.74068E-05,7.17488E-05
0.0019788,1.5307,0.67,5.1718,0.017077,-0.0052344,1.0158,0.00054444,-0.00026498,0.00040478,0.0014354,-0.0010533,0.0019777,0.183684,0.0804,0.620616,7.14347E-05,0.00324463,-0.000994536,0.193002,1.96543E-05,-9.56578E-06,1.46126E-05,5.18179E-05,-3.80241E-05,7.1395E-05
0.0019171,1.539,0.67,5.1718,0.01867,-0.0058825,1.0184,0.00050912,-0.00026267,0.00039743,0.0014008,-0.0010507,0.0019244,0.18468,0.0804,0.620616,6.92073E-05,0.0035473,-0.001117675,0.193496,1.83792E-05,-9.48239E-06,1.43472E-05,5.05689E-05,-3.79303E-05,6.94708E-05
0.0018488,1.5472,0.67,5.1718,0.020183,-0.0064075,1.0204,0.00047301,-0.00025584,0.00037151,0.0013677,-0.0010469,0.0018568,0.185664,0.0804,0.620616,6.67417E-05,0.00383477,-0.001217425,0.193876,1.70757E-05,-9.23582E-06,1.34115E-05,4.9374E-05,-3.77931E-05,6.70305E-05
0.0017969,1.5555,0.67,5.1718,0.021509,-0.0063597,1.0216,0.00045128,-0.00024659,0.00033756,0.0013442,-0.0010477,0.0017983,0.18666,0.0804,0.620616,6.48681E-05,0.00408671,-0.001208343,0.194104,1.62912E-05,-8.9019E-06,1.21859E-05,4.85256E-05,-3.7822E-05,6.49186E-05
0.0017607,1.5637,0.67,5.1718,0.0227,-0.0059683,1.0218,0.0004487,-0.00023764,0.00030505,0.0013074,-0.0010497,0.0017654,0.187644,0.0804,0.620616,6.35613E-05,0.004313,-0.001133977,0.194142,1.61981E-05,-8.5788E-06,1.10123E-05,4.71971E-05,-3.78942E-05,6.37309E-05
0.0017234,1.572,0.67,5.1718,0.023738,-0.0055441,1.0215,0.00045672,-0.00023157,0.00028122,0.001253,-0.0010372,0.0017371,0.18864,0.0804,0.620616,6.22147E-05,0.00451022,-0.001053379,0.194085,1.64876E-05,-8.35968E-06,1.0152E-05,4.52333E-05,-3.74429E-05,6.27093E-05
0.0016812,1.5802,0.67,5.1718,0.024537,-0.0051242,1.0208,0.00046831,-0.00022835,0.00026689,0.0012,-0.0010004,0.001694,0.189624,0.0804,0.620616,6.06913E-05,0.00466203,-0.000973598,0.193952,1.6906E-05,-8.24344E-06,9.63473E-06,0.00004332,-3.61144E-05,6.11534E-05
0.0016349,1.5885,0.67,5.1718,0.025113,-0.0045624,1.02,0.0004831,-0.00023062,0.00026488,0.0011669,-0.00094296,0.0016199,0.19062,0.0804,0.620616,5.90199E-05,0.00477147,-0.000866856,0.1938,1.74399E-05,-8.32538E-06,9.56217E-06,4.21251E-05,-3.40409E-05,5.84784E-05
0.0015933,1.5968,0.67,5.1718,0.025523,-0.0035777,1.0182,0.0005037,-0.00024256,0.00026727,0.0011627,-0.00086837,0.0015203,0.191616,0.0804,0.620616,5.75181E-05,0.00484937,-0.000679763,0.193458,1.81836E-05,-8.75642E-06,9.64845E-06,4.19735E-05,-3.13482E-05,5.48828E-05
0.0015572,1.605,0.67,5.1718,0.0258,-0.0019497,1.0148,0.00053279,-0.00026241,0.00025903,0.0011804,-0.00076599,0.0014012,0.1926,0.0804,0.620616,5.62149E-05,0.004902,-0.000370443,0.192812,1.92337E-05,-9.473E-06,9.35098E-06,4.26124E-05,-2.76522E-05,5.05833E-05
0.0015242,1.6133,0.67,5.1718,0.026045,0.00030637,1.0101,0.00056657,-0.00027811,0.00023091,0.0011933,-0.00062399,0.0012886,0.193596,0.0804,0.620616,5.50236E-05,0.00494855,5.82103E-05,0.191919,2.04532E-05,-1.00398E-05,8.33585E-06,4.30781E-05,-2.2526E-05,4.65185E-05
0.0014879,1.6215,0.67,5.1718,0.026327,0.0029029,1.0061,0.00060133,-0.00027605,0.0001926,0.0011737,-0.00046947,0.0012008,0.19458,0.0804,0.620616,5.37132E-05,0.00500213,0.000551551,0.191159,2.1708E-05,-9.96541E-06,6.95286E-06,4.23706E-05,-1.69479E-05,4.33489E-05
0.0014382,1.6298,0.67,5.1718,0.02657,0.0055045,1.0046,0.00064451,-0.00025984,0.00015413,0.0011274,-0.00034563,0.0011044,0.195576,0.0804,0.620616,5.1919E-05,0.0050483,0.001045855,0.190874,2.32668E-05,-9.38022E-06,5.56409E-06,4.06991E-05,-1.24772E-05,3.98688E-05
0.0013872,1.638,0.67,5.1718,0.026645,0.0079479,1.0063,0.00070754,-0.0002456,0.00010924,0.0010871,-0.00025025,0.00097972,0.19656,0.0804,0.620616,5.00779E-05,0.00506255,0.001510101,0.191197,2.55422E-05,-8.86616E-06,3.94356E-06,3.92443E-05,-9.03403E-06,3.53679E-05
0.0013552,1.6463,0.67,5.1718,0.026459,0.010116,1.0096,0.00079278,-0.00024138,7.10E-05,0.0010667,-0.00016588,0.00085098,0.197556,0.0804,0.620616,4.89227E-05,0.00502721,0.00192204,0.191824,2.86194E-05,-8.71382E-06,2.56469E-06,3.85079E-05,-5.98827E-06,3.07204E-05
0.0013501,1.6545,0.67,5.1718,0.026022,0.011723,1.0123,0.00089817,-0.00024302,6.97E-05,0.001051,-0.0001079,0.00075107,0.19854,0.0804,0.620616,4.87386E-05,0.00494418,0.00222737,0.192337,3.24239E-05,-8.77302E-06,2.51649E-06,3.79411E-05,-3.89519E-06,2.71136E-05
0.0013891,1.6628,0.67,5.1718,0.025445,0.012586,1.0137,0.0010264,-0.00024093,8.42E-05,0.0010279,-7.79E-05,0.00072377,0.199536,0.0804,0.620616,5.01465E-05,0.00483455,0.00239134,0.192603,3.7053E-05,-8.69757E-06,3.0398E-06,3.71072E-05,-2.81118E-06,2.61281E-05
0.0015095,1.6711,0.67,5.1718,0.024879,0.012991,1.0145,0.0011795,-0.00022785,9.58E-05,0.0010069,-6.55E-05,0.00083275,0.200532,0.0804,0.620616,5.4493E-05,0.00472701,0.00246829,0.192755,4.258E-05,-8.22539E-06,3.45704E-06,3.63491E-05,-2.36484E-06,3.00623E-05
0.001718,1.6793,0.67,5.1718,0.024434,0.013613,1.0153,0.0013551,-0.00021264,0.00013561,0.0010365,-9.26E-05,0.0010443,0.201516,0.0804,0.620616,6.20198E-05,0.00464246,0.00258647,0.192907,4.89191E-05,-7.6763E-06,4.89552E-06,3.74177E-05,-3.34134E-06,3.76992E-05
0.0019729,1.6876,0.67,5.1718,0.024154,0.014693,1.0165,0.0015503,-0.00021691,0.00021699,0.0011531,-0.00018257,0.0012423,0.202512,0.0804,0.620616,7.12217E-05,0.00458926,0.00279167,0.193135,5.59658E-05,-7.83045E-06,7.83334E-06,4.16269E-05,-6.59078E-06,4.4847E-05
0.0022361,1.6958,0.67,5.1718,0.0241,0.015576,1.0161,0.0017586,-0.00024132,0.0003357,0.0012456,-0.00036495,0.0014679,0.203496,0.0804,0.620616,8.07232E-05,0.004579,0.00295944,0.193059,6.34855E-05,-8.71165E-06,1.21188E-05,4.49662E-05,-1.31747E-05,5.29912E-05
0.0024235,1.7041,0.67,5.1718,0.024398,0.015658,1.0139,0.0019713,-0.00025642,0.00047762,0.0011859,-0.00052177,0.0016898,0.204492,0.0804,0.620616,8.74884E-05,0.00463562,0.00297502,0.192641,7.11639E-05,-9.25676E-06,1.72421E-05,4.2811E-05,-1.88359E-05,6.10018E-05
0.002403,1.7123,0.67,5.1718,0.025136,0.015119,1.013,0.0021713,-0.00024582,0.00056224,0.0010532,-0.0004801,0.0015814,0.205476,0.0804,0.620616,8.67483E-05,0.00477584,0.00287261,0.19247,7.83839E-05,-8.8741E-06,2.02969E-05,3.80205E-05,-1.73316E-05,5.70885E-05
0.0022583,1.7206,0.67,5.1718,0.02622,0.014269,1.0137,0.0023335,-0.0002291,0.00054545,0.00099103,-0.00033574,0.001192,0.206472,0.0804,0.620616,8.15246E-05,0.0049818,0.00271111,0.192603,8.42394E-05,-8.27051E-06,1.96907E-05,3.57762E-05,-1.21202E-05,4.30312E-05
0.002186,1.7289,0.67,5.1718,0.027393,0.013368,1.0147,0.0024419,-0.00024319,0.00048836,0.0010451,-0.00025474,0.00088496,0.207468,0.0804,0.620616,7.89146E-05,0.00520467,0.00253992,0.192793,8.81526E-05,-8.77916E-06,1.76298E-05,3.77281E-05,-9.19611E-06,3.19471E-05
0.0022031,1.7371,0.67,5.1718,0.028425,0.012872,1.0155,0.0024939,-0.00030373,0.00044529,0.0011689,-0.00024024,0.00074348,0.208452,0.0804,0.620616,7.95319E-05,0.00540075,0.00244568,0.192945,9.00298E-05,-1.09647E-05,1.6075E-05,4.21973E-05,-8.67266E-06,2.68396E-05
0.0022387,1.7454,0.67,5.1718,0.029238,0.013144,1.0163,0.002496,-0.00039424,0.00042521,0.001294,-0.00023281,0.00068732,0.209448,0.0804,0.620616,8.08171E-05,0.00555522,0.00249736,0.193097,9.01056E-05,-1.42321E-05,1.53501E-05,4.67134E-05,-8.40444E-06,2.48123E-05
0.0022657,1.7536,0.67,5.1718,0.029818,0.014256,1.0176,0.0024596,-0.00049775,0.00042146,0.001427,-0.00021044,0.00064477,0.210432,0.0804,0.620616,8.17918E-05,0.00566542,0.00270864,0.193344,8.87916E-05,-1.79688E-05,1.52147E-05,5.15147E-05,-7.59688E-06,2.32762E-05
0.0023042,1.7619,0.67,5.1718,0.030121,0.015509,1.019,0.0023968,-0.00060063,0.0004197,0.0015891,-0.00017486,0.00062249,0.211428,0.0804,0.620616,8.31816E-05,0.00572299,0.00294671,0.19361,8.65245E-05,-2.16827E-05,1.51512E-05,5.73665E-05,-6.31245E-06,2.24719E-05
0.0023364,1.7701,0.67,5.1718,0.030182,0.015857,1.0197,0.00232,-0.00067698,0.00042664,0.0017066,-0.0001657,0.00064621,0.212412,0.0804,0.620616,8.4344E-05,0.00573458,0.00301283,0.193743,0.000083752,-2.4439E-05,1.54017E-05,6.16083E-05,-5.98177E-06,2.33282E-05
0.0023329,1.7784,0.67,5.1718,0.030128,0.015135,1.0202,0.0022284,-0.00070174,0.00044718,0.0017161,-0.00021333,0.00072141,0.213408,0.0804,0.620616,8.42177E-05,0.00572432,0.00287565,0.193838,8.04452E-05,-2.53328E-05,1.61432E-05,6.19512E-05,-7.70121E-06,2.60429E-05
0.0023191,1.7866,0.67,5.1718,0.030082,0.013961,1.0216,0.0021228,-0.00068599,0.00047707,0.0016653,-0.0003023,0.00085012,0.214392,0.0804,0.620616,8.37195E-05,0.00571558,0.00265259,0.194104,7.66331E-05,-2.47642E-05,1.72222E-05,6.01173E-05,-1.0913E-05,3.06893E-05
0.00232,1.7949,0.67,5.1718,0.03016,0.012854,1.024,0.0020242,-0.00066731,0.00052535,0.0016185,-0.00041434,0.00099733,0.215388,0.0804,0.620616,0.000083752,0.0057304,0.00244226,0.19456,7.30736E-05,-2.40899E-05,1.89651E-05,5.84279E-05,-1.49577E-05,3.60036E-05
0.0023432,1.8032,0.67,5.1718,0.030442,0.011988,1.0264,0.0019491,-0.0006714,0.00060142,0.0016044,-0.00053114,0.0011329,0.216384,0.0804,0.620616,8.45895E-05,0.00578398,0.00227772,0.195016,7.03625E-05,-2.42375E-05,2.17113E-05,5.79188E-05,-1.91742E-05,4.08977E-05
0.0023976,1.8114,0.67,5.1718,0.030884,0.011431,1.0276,0.0018935,-0.0007081,0.00068829,0.0016341,-0.00065635,0.0012675,0.217368,0.0804,0.620616,8.65534E-05,0.00586796,0.00217189,0.195244,6.83554E-05,-2.55624E-05,2.48473E-05,5.8991E-05,-2.36942E-05,4.57568E-05
0.0024881,1.8197,0.67,5.1718,0.03137,0.011292,1.0274,0.0018494,-0.00077518,0.000756,0.0017234,-0.00079849,0.0014034,0.218364,0.0804,0.620616,8.98204E-05,0.0059603,0.00214548,0.195206,6.67633E-05,-2.7984E-05,2.72916E-05,6.22147E-05,-2.88255E-05,5.06627E-05
0.0026088,1.8279,0.67,5.1718,0.031819,0.01164,1.0264,0.0018094,-0.00085701,0.00079999,0.0018675,-0.00093719,0.0015407,0.219348,0.0804,0.620616,9.41777E-05,0.00604561,0.0022116,0.195016,6.53193E-05,-3.09381E-05,2.88796E-05,6.74168E-05,-3.38326E-05,5.56193E-05
0.002726,1.8362,0.67,5.1718,0.032266,0.0126,1.0252,0.0017623,-0.00092242,0.00083444,0.0019952,-0.0010505,0.0016946,0.220344,0.0804,0.620616,9.84086E-05,0.00613054,0.002394,0.194788,6.3619E-05,-3.32994E-05,3.01233E-05,7.20267E-05,-3.79231E-05,6.11751E-05
0.0027864,1.8446,0.67,5.1718,0.032845,0.013908,1.0243,0.0017014,-0.00095324,0.00085725,0.0020397,-0.0011226,0.0018318,0.221352,0.0804,0.620616,0.000100589,0.00624055,0.00264252,0.194617,6.14205E-05,-3.4412E-05,3.09467E-05,7.36332E-05,-4.05259E-05,6.6128E-05
0.0027727,1.8534,0.67,5.1718,0.033657,0.014777,1.0239,0.0016353,-0.00095485,0.0008535,0.0019851,-0.0011599,0.0019249,0.222408,0.0804,0.620616,0.000100094,0.00639483,0.00280763,0.194541,5.90343E-05,-3.44701E-05,3.08114E-05,7.16621E-05,-4.18724E-05,6.94889E-05
0.0027131,1.8626,0.67,5.1718,0.034639,0.014595,1.0243,0.0015782,-0.00093689,0.0008219,0.0018865,-0.0011524,0.0019614,0.223512,0.0804,0.620616,9.79429E-05,0.00658141,0.00277305,0.194617,5.6973E-05,-3.38217E-05,2.96706E-05,6.81027E-05,-4.16016E-05,7.08065E-05
0.0026438,1.8723,0.67,5.1718,0.03557,0.01369,1.0257,0.0015296,-0.00089546,0.00076618,0.0018069,-0.0011015,0.0019511,0.224676,0.0804,0.620616,9.54412E-05,0.0067583,0.0026011,0.194883,5.52186E-05,-3.23261E-05,2.76591E-05,6.52291E-05,-3.97642E-05,7.04347E-05
0.0025743,1.8824,0.67,5.1718,0.036226,0.013141,1.0282,0.0014669,-0.00080614,0.00068689,0.0017299,-0.0010559,0.0019518,0.225888,0.0804,0.620616,9.29322E-05,0.00688294,0.00249679,0.195358,5.29551E-05,-2.91017E-05,2.47967E-05,6.24494E-05,-3.8118E-05,7.046E-05
0.0025173,1.8931,0.67,5.1718,0.036582,0.012876,1.0303,0.0013658,-0.00066791,0.00059183,0.001637,-0.0010032,0.0020318,0.227172,0.0804,0.620616,9.08745E-05,0.00695058,0.00244644,0.195757,4.93054E-05,-2.41116E-05,2.13651E-05,5.90957E-05,-3.62155E-05,7.3348E-05
0.0024264,1.9042,0.67,5.1718,0.036925,0.012182,1.0304,0.0012441,-0.00051592,0.00045546,0.001501,-0.00088446,0.0021078,0.228504,0.0804,0.620616,8.7593E-05,0.00701575,0.00231458,0.195776,4.4912E-05,-1.86247E-05,1.64421E-05,5.41861E-05,-3.1929E-05,7.60916E-05
0.0022955,1.9159,0.67,5.1718,0.037611,0.011315,1.0296,0.0011539,-0.00036817,0.00031509,0.0013034,-0.00073792,0.0021337,0.229908,0.0804,0.620616,8.28676E-05,0.00714609,0.00214985,0.195624,4.16558E-05,-1.32909E-05,1.13747E-05,4.70527E-05,-2.66389E-05,7.70266E-05
0.0020458,1.9282,0.67,5.1718,0.038519,0.011213,1.0287,0.0011271,-0.00018759,0.00017757,0.0010658,-0.00054781,0.0018987,0.231384,0.0804,0.620616,7.38534E-05,0.00731861,0.00213047,0.195453,4.06883E-05,-6.772E-06,6.41028E-06,3.84754E-05,-1.97759E-05,6.85431E-05
0.001806,1.941,0.67,5.1718,0.039014,0.011457,1.0287,0.0011453,-1.07E-06,4.98E-05,0.00089504,-0.00032508,0.0015717,0.23292,0.0804,0.620616,6.51966E-05,0.00741266,0.00217683,0.195453,4.13453E-05,-3.87173E-08,1.7993E-06,3.23109E-05,-1.17354E-05,5.67384E-05
0.001682,1.9545,0.67,5.1718,0.038435,0.011212,1.0285,0.0011558,0.00011659,-7.61E-05,0.00083759,-0.0002224,0.0013705,0.23454,0.0804,0.620616,6.07202E-05,0.00730265,0.00213028,0.195415,4.17244E-05,4.2089E-06,-2.74786E-06,3.0237E-05,-8.02864E-06,4.94751E-05
0.0016345,1.9686,0.67,5.1718,0.037012,0.010629,1.0267,0.0011534,0.00014457,-0.00020239,0.00085424,-0.00020059,0.0012614,0.236232,0.0804,0.620616,5.90055E-05,0.00703228,0.00201951,0.195073,4.16377E-05,5.21898E-06,-7.30628E-06,3.08381E-05,-7.2413E-06,4.55365E-05
0.0016153,1.9833,0.67,5.1718,0.035799,0.0073188,1.0232,0.0011885,9.99E-05,-0.00024018,0.00081326,-0.0002232,0.0012288,0.237996,0.0804,0.620616,5.83123E-05,0.00680181,0.001390572,0.194408,4.29049E-05,3.60498E-06,-8.6705E-06,2.93587E-05,-8.05752E-06,4.43597E-05
0.0016969,1.9988,0.67,5.1718,0.034887,0.0021927,1.0193,0.0012578,3.29E-05,-0.00014946,0.00069046,-0.00013679,0.0014456,0.239856,0.0804,0.620616,6.12581E-05,0.00662853,0.000416613,0.193667,4.54066E-05,1.18737E-06,-5.39551E-06,2.49256E-05,-4.93812E-06,5.21862E-05
0.0021928,2.0149,0.67,5.1718,0.033229,-0.0012024,1.016,0.0013024,1.49E-05,7.83E-05,0.00060237,8.87E-05,0.0024808,0.241788,0.0804,0.620616,7.91601E-05,0.00631351,-0.000228456,0.19304,4.70166E-05,5.38323E-07,2.82656E-06,2.17456E-05,3.20258E-06,8.95569E-05
0.0026199,2.0319,0.67,5.1718,0.030818,-0.0038236,1.0095,0.0012666,6.98E-05,0.00036131,0.00060408,0.00021989,0.0033691,0.243828,0.0804,0.620616,9.45784E-05,0.00585542,-0.000726484,0.191805,4.57243E-05,2.51801E-06,1.30433E-05,2.18073E-05,7.93803E-06,0.000121625
0.0029054,2.0496,0.67,5.1718,0.028117,-0.0069596,1.0013,0.0012121,1.59E-05,0.00069199,0.00063123,6.81E-05,0.0039675,0.245952,0.0804,0.620616,0.000104885,0.00534223,-0.001322324,0.190247,4.37568E-05,5.74026E-07,2.49808E-05,2.27874E-05,2.46003E-06,0.000143227
0.0038516,2.0681,0.67,5.1718,0.02554,-0.0033389,0.98871,0.0012973,-0.0001837,0.0012817,0.00072853,-0.00021541,0.0056774,0.248172,0.0804,0.620616,0.000139043,0.0048526,-0.000634391,0.1878549,4.68325E-05,-6.63157E-06,4.62694E-05,2.62999E-05,-7.7763E-06,0.000204954
0.0050894,2.0875,0.67,5.1718,0.023687,0.0030875,0.98364,0.0015225,-0.00036033,0.0020775,0.00097079,-0.00083069,0.0076855,0.2505,0.0804,0.620616,0.000183727,0.00450053,0.000586625,0.1868916,5.49623E-05,-1.30079E-05,7.49978E-05,3.50455E-05,-2.99879E-05,0.000277447
0.0054731,2.1078,0.67,5.1718,0.023361,0.011522,0.97345,0.0017396,-0.00023125,0.0025234,0.0011017,-0.00090238,0.008105,0.252936,0.0804,0.620616,0.000197579,0.00443859,0.00218918,0.1849555,6.27996E-05,-8.34813E-06,9.10947E-05,3.97714E-05,-3.25759E-05,0.000292591
0.0051599,2.129,0.67,5.1718,0.025695,0.016261,0.96259,0.0018916,-0.00017718,0.002637,0.0010026,-0.00056245,0.0074255,0.25548,0.0804,0.620616,0.000186272,0.00488205,0.00308959,0.1828921,6.82868E-05,-6.3962E-06,9.51957E-05,3.61939E-05,-2.03044E-05,0.000268061
0.0043087,2.1511,0.67,5.1718,0.027928,0.015688,0.97103,0.0019493,-5.71E-05,0.0023834,0.00099509,-0.00021201,0.005673,0.258132,0.0804,0.620616,0.000155544,0.00530632,0.00298072,0.1844957,7.03697E-05,-2.06034E-06,8.60407E-05,3.59227E-05,-7.65356E-06,0.000204795
0.0034885,2.1743,0.67,5.1718,0.026689,0.019454,0.97032,0.0018361,0.00024871,0.0017009,0.0010547,0.00013836,0.0040863,0.260916,0.0804,0.620616,0.000125935,0.00507091,0.00369626,0.1843608,6.62832E-05,8.97843E-06,6.14025E-05,3.80747E-05,4.9948E-06,0.000147515
0.0033025,2.1984,0.67,5.1718,0.024095,0.023289,0.96164,0.0016132,0.00051382,0.0012845,0.0012034,0.0003884,0.0037884,0.263808,0.0804,0.620616,0.00011922,0.00457805,0.00442491,0.1827116,5.82365E-05,1.85489E-05,4.63705E-05,4.34427E-05,1.40212E-05,0.000136761
0.0037918,2.2237,0.67,5.1718,0.023513,0.022856,0.93773,0.0014158,0.00070548,0.0013671,0.001675,0.00098014,0.0044927,0.266844,0.0804,0.620616,0.000136884,0.00446747,0.00434264,0.1781687,5.11104E-05,2.54678E-05,4.93523E-05,6.04675E-05,3.53831E-05,0.000162186
0.0052277,2.2501,0.67,5.1718,0.022775,0.021653,0.91622,0.0012391,0.00038594,0.0015421,0.0020447,0.00085435,0.0071717,0.270012,0.0804,0.620616,0.00018872,0.00432725,0.00411407,0.1740818,4.47315E-05,1.39324E-05,5.56698E-05,7.38137E-05,3.0842E-05,0.000258898
0.0049416,2.2776,0.67,5.1718,0.018511,0.02698,0.90156,0.0011532,-4.40E-05,0.0012828,0.0019645,-4.05E-05,0.0067655,0.273312,0.0804,0.620616,0.000178392,0.00351709,0.0051262,0.1712964,4.16305E-05,-1.58948E-06,4.63091E-05,7.09185E-05,-1.46227E-06,0.000244235
0.005178,2.3063,0.67,5.1718,0.011659,0.037057,0.8921,0.0011947,-3.00E-06,0.0011495,0.0017534,-0.00074286,0.007408,0.276756,0.0804,0.620616,0.000186926,0.00221521,0.00704083,0.169499,4.31287E-05,-1.08329E-07,4.1497E-05,6.32977E-05,-2.68172E-05,0.000267429
0.0056586,2.3362,0.67,5.1718,0.0047721,0.048379,0.88312,0.0012806,0.00023627,0.0012938,0.0019092,-0.00074125,0.0081273,0.280344,0.0804,0.620616,0.000204275,0.000906699,0.00919201,0.1677928,4.62297E-05,8.52935E-06,4.67062E-05,6.89221E-05,-2.67591E-05,0.000293396
0.0050971,2.3674,0.67,5.1718,0.0016763,0.053937,0.85956,0.0014605,0.00019493,0.0011437,0.0025504,-0.00081669,0.0061832,0.284088,0.0804,0.620616,0.000184005,0.000318497,0.01024803,0.1633164,5.27241E-05,7.03697E-06,4.12876E-05,9.20694E-05,-2.94825E-05,0.000223214
0.0056145,2.3999,0.67,5.1718,0.0010005,0.062382,0.83657,0.0016311,0.00071033,0.0011546,0.0040502,0.00037484,0.0055477,0.287988,0.0804,0.620616,0.000202683,0.000190095,0.01185258,0.1589483,5.88827E-05,2.56429E-05,4.16811E-05,0.000146212,1.35317E-05,0.000200272
0.0054593,2.4338,0.67,5.1718,-0.00060018,0.062966,0.78755,0.0013032,0.00074353,0.0013977,0.0039278,0.0015274,0.0056876,0.292056,0.0804,0.620616,0.000197081,-0.000114034,0.01196354,0.1496345,4.70455E-05,2.68414E-05,5.0457E-05,0.000141794,5.51391E-05,0.000205322
0.004173,2.4691,0.67,5.1718,-0.00096244,0.049439,0.6705,0.00049595,0.00010068,0.00091311,0.0022079,0.0010311,0.0056421,0.296292,0.0804,0.620616,0.000150645,-0.000182864,0.00939341,0.127395,1.79038E-05,3.63455E-06,3.29633E-05,7.97052E-05,3.72227E-05,0.00020368
0.0015859,2.5058,0.67,5.1718,0.00023805,0.02173,0.29453,3.19E-05,1.74E-05,0.00016146,0.00084027,0.00041149,0.0022996,0.300696,0.0804,0.620616,5.7251E-05,4.52295E-05,0.0041287,0.0559607,1.15246E-06,6.27996E-07,5.82871E-06,3.03337E-05,1.48548E-05,8.30156E-05
4.23E-07,2.544,0.67,5.1718,0.00043567,9.24E-14,-1.00E-17,8.46E-07,1.79E-16,-2.15E-20,3.80E-26,-4.55E-30,7.53E-34,0.30528,0.0804,0.620616,1.52746E-08,8.27773E-05,1.75649E-14,-1.90304E-18,3.05493E-08,6.47598E-18,-7.74562E-22,1.37277E-27,-1.64313E-31,2.7188E-35
0,2.5837,0.67,5.1718,0,0,0,0,0,0,0,0,0,0.310044,0.0804,0.620616,0,0,0,0,0,0,0,0,0,0
0,2.625,0.67,5.1718,0,0,0,0,0,0,0,0,0,0.315,0.0804,0.620616,0,0,0,0,0,0,0,0,0,0
0,-0.125,0.67,5.2011,0,0,0,0,0,0,0,0,0,-0.015,0.0804,0.624132,0,0,0,0,0,0,0,0,0,0
0,-0.083719,0.67,5.2011,0,0,0,0,0,0,0,0,0,-0.01004628,0.0804,0.624132,0,0,0,0,0,0,0,0,0,0
3.01E-07,-0.044001,0.67,5.2011,-4.30E-05,-1.20E-14,-3.79E-18,6.02E-07,1.66E-16,8.86E-21,4.60E-26,2.45E-30,5.55E-34,-0.00528012,0.0804,0.624132,1.08683E-08,-8.16335E-06,-2.27373E-15,-7.20784E-19,2.17362E-08,6.00524E-18,3.19814E-22,1.65908E-27,8.8297E-32,2.00485E-35
0.00099507,-0.0058053,0.67,5.2011,-0.0016994,0.023692,0.37164,1.33E-05,-2.72E-05,-3.18E-05,0.00077933,-0.00013904,0.0011975,-0.000696636,0.0804,0.624132,3.5922E-05,-0.000322886,0.00450148,0.0706116,4.79155E-07,-9.81884E-07,-1.14888E-06,2.81338E-05,-5.01934E-06,4.32298E-05
0.0026105,0.030909,0.67,5.2011,-0.0080626,0.053679,0.84185,0.0002022,-0.00015985,-0.00018215,0.0020285,-0.00036008,0.0029902,0.00370908,0.0804,0.624132,9.42391E-05,-0.001531894,0.01019901,0.1599515,7.29942E-06,-5.77059E-06,-6.57562E-06,7.32289E-05,-1.29989E-05,0.000107946
0.0029979,0.066184,0.67,5.2011,-0.017072,0.049191,0.9516,0.00055162,-0.00020806,-0.00025193,0.0017501,-0.00037916,0.0036941,0.00794208,0.0804,0.624132,0.000108224,-0.00324368,0.00934629,0.180804,1.99135E-05,-7.51097E-06,-9.09467E-06,6.31786E-05,-1.36877E-05,0.000133357
0.0031727,0.10006,0.67,5.2011,-0.025197,0.037672,0.98162,0.0006298,-0.00025566,-0.00016005,0.0014114,-0.00042644,0.0043041,0.0120072,0.0804,0.624132,0.000114534,-0.00478743,0.00715768,0.1865078,2.27358E-05,-9.22933E-06,-5.77781E-06,5.09515E-05,-1.53945E-05,0.000155378
0.003286,0.13258,0.67,5.2011,-0.030184,0.029055,1.0096,0.00046205,-0.00019541,-6.51E-06,0.0014103,-0.00076986,0.0046998,0.0159096,0.0804,0.624132,0.000118625,-0.00573496,0.00552045,0.191824,1.668E-05,-7.0543E-06,-2.34849E-07,5.09118E-05,-2.77919E-05,0.000169663
0.002619,0.16379,0.67,5.2011,-0.030649,0.014336,1.0288,0.00044207,-3.40E-05,-4.88E-05,0.00091771,-0.00055239,0.0038782,0.0196548,0.0804,0.624132,9.45459E-05,-0.00582331,0.00272384,0.195472,1.59587E-05,-1.22628E-06,-1.76222E-06,3.31293E-05,-1.99413E-05,0.000140003
0.0022484,0.19372,0.67,5.2011,-0.029507,0.0094018,1.0313,0.00059009,6.73E-05,-0.00015867,0.00088348,-0.00025526,0.0030232,0.0232464,0.0804,0.624132,8.11672E-05,-0.00560633,0.001786342,0.195947,2.13022E-05,2.43083E-06,-5.72799E-06,3.18936E-05,-9.21489E-06,0.000109138
0.0032718,0.22242,0.67,5.2011,-0.028447,0.014818,1.0358,0.0008207,8.27E-05,-0.00080067,0.0011051,-0.00055942,0.0046178,0.0266904,0.0804,0.624132,0.000118112,-0.00540493,0.00281542,0.196802,2.96273E-05,2.98388E-06,-2.89042E-05,3.98941E-05,-2.01951E-05,0.000166703
0.0032643,0.24993,0.67,5.2011,-0.029131,0.020942,1.0453,0.0010881,-2.14E-05,-0.0012308,0.0011619,-0.00027046,0.0042786,0.0299916,0.0804,0.624132,0.000117841,-0.00553489,0.00397898,0.198607,3.92804E-05,-7.73515E-07,-4.44319E-05,4.19446E-05,-9.76361E-06,0.000154457
0.0023425,0.27629,0.67,5.2011,-0.032254,0.023871,1.0508,0.0012105,8.05E-05,-0.0010935,0.0010581,-4.52E-05,0.0024164,0.0331548,0.0804,0.624132,8.45643E-05,-0.00612826,0.00453549,0.199652,4.36991E-05,2.9071E-06,-3.94754E-05,3.81974E-05,-1.6314E-06,8.7232E-05
0.0028792,0.30154,0.67,5.2011,-0.034523,0.023462,1.0473,0.0011999,0.00015031,-0.00085451,0.0012588,-0.0004458,0.0032996,0.0361848,0.0804,0.624132,0.000103939,-0.00655937,0.00445778,0.198987,4.33164E-05,5.42619E-06,-3.08478E-05,4.54427E-05,-1.60934E-05,0.000119116
0.0037907,0.32572,0.67,5.2011,-0.0351,0.016621,1.0505,0.0012171,6.57E-05,-0.00080158,0.0017759,-0.0010571,0.0045884,0.0390864,0.0804,0.624132,0.000136844,-0.006669,0.00315799,0.199595,4.39373E-05,2.37307E-06,-2.8937E-05,6.411E-05,-3.81613E-05,0.000165641
0.0035667,0.34887,0.67,5.2011,-0.036311,0.011718,1.0634,0.0013193,3.65E-05,-0.00080886,0.0017484,-0.0012346,0.0040657,0.0418644,0.0804,0.624132,0.000128758,-0.00689909,0.00222642,0.202046,4.76267E-05,1.31895E-06,-2.91998E-05,6.31172E-05,-4.45691E-05,0.000146772
0.0027265,0.37102,0.67,5.2011,-0.038228,0.015752,1.0633,0.001413,0.00021464,-0.00052363,0.0014194,-0.00075253,0.0026207,0.0445224,0.0804,0.624132,9.84267E-05,-0.00726332,0.00299288,0.202027,5.10093E-05,7.7485E-06,-1.8903E-05,5.12403E-05,-2.71663E-05,9.46073E-05
0.0023106,0.39221,0.67,5.2011,-0.040278,0.024177,1.0592,0.0013913,0.00033964,-0.00045348,0.0013058,-0.00035571,0.0019241,0.0470652,0.0804,0.624132,8.34127E-05,-0.00765282,0.00459363,0.201248,5.02259E-05,1.2261E-05,-1.63706E-05,4.71394E-05,-1.28411E-05,6.946E-05
0.0020287,0.41248,0.67,5.2011,-0.042866,0.031422,1.0551,0.0013385,0.00015654,-0.00018264,0.0011779,-0.00038388,0.0015409,0.0494976,0.0804,0.624132,7.32361E-05,-0.00814454,0.00597018,0.200469,4.83199E-05,5.65109E-06,-6.5933E-06,4.25222E-05,-1.38581E-05,5.56265E-05
0.0022215,0.43187,0.67,5.2011,-0.045233,0.034252,1.0545,0.0013067,5.41E-05,-0.00012773,0.0011405,-0.00066117,0.0019958,0.0518244,0.0804,0.624132,8.01962E-05,-0.00859427,0.00650788,0.200355,4.71719E-05,1.95254E-06,-4.61105E-06,4.11721E-05,-2.38682E-05,7.20484E-05
0.0026732,0.4504,0.67,5.2011,-0.046764,0.036399,1.0494,0.001353,0.00018165,-0.00044703,0.0012277,-0.00091823,0.0027657,0.054048,0.0804,0.624132,9.65025E-05,-0.00888516,0.00691581,0.199386,4.88433E-05,6.55757E-06,-1.61378E-05,4.432E-05,-3.31481E-05,9.98418E-05
0.0031014,0.46812,0.67,5.2011,-0.047715,0.036586,1.0475,0.0014342,0.00035052,-0.00055529,0.0014972,-0.0013209,0.0032715,0.0561744,0.0804,0.624132,0.000111961,-0.00906585,0.00695134,0.199025,5.17746E-05,1.26538E-05,-2.0046E-05,5.40489E-05,-4.76845E-05,0.000118101
0.0032976,0.48504,0.67,5.2011,-0.048348,0.035987,1.0511,0.0013973,0.00036294,-0.00038036,0.0016929,-0.0015847,0.0035051,0.0582048,0.0804,0.624132,0.000119043,-0.00918612,0.00683753,0.199709,5.04425E-05,1.31021E-05,-1.3731E-05,6.11137E-05,-5.72077E-05,0.000126534
0.003186,0.50122,0.67,5.2011,-0.049027,0.03657,1.0543,0.0012782,0.00023054,-0.00019638,0.0019062,-0.0015151,0.0031876,0.0601464,0.0804,0.624132,0.000115015,-0.00931513,0.0069483,0.200317,4.6143E-05,8.32249E-06,-7.08932E-06,6.88138E-05,-5.46951E-05,0.000115072
0.0027471,0.51667,0.67,5.2011,-0.049955,0.035853,1.0555,0.0011942,0.00011963,-9.86E-05,0.0019536,-0.0012007,0.0023464,0.0620004,0.0804,0.624132,9.91703E-05,-0.00949145,0.00681207,0.200545,4.31106E-05,4.31864E-06,-3.56108E-06,7.0525E-05,-4.33453E-05,8.4705E-05
0.0023541,0.53142,0.67,5.2011,-0.050637,0.033011,1.0567,0.001147,4.69E-05,-5.50E-05,0.0017255,-0.00097191,0.0018358,0.0637704,0.0804,0.624132,8.4983E-05,-0.00962103,0.00627209,0.200773,4.14067E-05,1.69305E-06,-1.9842E-06,6.22906E-05,-3.5086E-05,6.62724E-05
0.0021568,0.54551,0.67,5.2011,-0.050956,0.030655,1.0592,0.0010783,1.38E-05,-7.93E-05,0.0015308,-0.00083058,0.0017044,0.0654612,0.0804,0.624132,7.78605E-05,-0.00968164,0.00582445,0.201248,3.89266E-05,4.99516E-07,-2.86435E-06,5.52619E-05,-2.99839E-05,6.15288E-05
0.0019325,0.55896,0.67,5.2011,-0.051636,0.028443,1.0598,0.00098247,1.07E-05,-0.00019485,0.0013732,-0.0004773,0.0015094,0.0670752,0.0804,0.624132,6.97633E-05,-0.00981084,0.00540417,0.201362,3.54672E-05,3.86306E-07,-7.03409E-06,4.95725E-05,-1.72305E-05,5.44893E-05
0.0018882,0.5718,0.67,5.2011,-0.052859,0.024421,1.0591,0.00092372,9.42E-06,-0.00034972,0.001344,-0.00014047,0.0015086,0.068616,0.0804,0.624132,6.8164E-05,-0.01004321,0.00463999,0.201229,3.33463E-05,3.39918E-07,-1.26249E-05,4.85184E-05,-5.07097E-06,5.44605E-05
0.0019936,0.58405,0.67,5.2011,-0.054046,0.020827,1.0617,0.00094142,7.33E-05,-0.00049767,0.0015288,-7.24E-05,0.001517,0.070086,0.0804,0.624132,7.1969E-05,-0.01026874,0.00395713,0.201723,3.39853E-05,2.64638E-06,-1.79659E-05,5.51897E-05,-2.61429E-06,5.47637E-05
0.0021048,0.59575,0.67,5.2011,-0.054846,0.018968,1.0649,0.0010144,0.00021545,-0.00063714,0.0016929,-0.00013949,0.0015023,0.07149,0.0804,0.624132,7.59833E-05,-0.01042074,0.00360392,0.202331,3.66198E-05,7.77775E-06,-2.30008E-05,6.11137E-05,-5.03559E-06,5.4233E-05
0.0022447,0.6069,0.67,5.2011,-0.055396,0.017661,1.0667,0.0011088,0.00032591,-0.00075749,0.001795,-0.00013941,0.0015856,0.072828,0.0804,0.624132,8.10337E-05,-0.01052524,0.00335559,0.202673,4.00277E-05,1.17654E-05,-2.73454E-05,6.47995E-05,-5.0327E-06,5.72402E-05
0.0024031,0.61755,0.67,5.2011,-0.055854,0.015688,1.069,0.0012009,0.00037293,-0.0008343,0.0018543,-7.03E-05,0.001751,0.074106,0.0804,0.624132,8.67519E-05,-0.01061226,0.00298072,0.20311,4.33525E-05,1.34628E-05,-3.01182E-05,6.69402E-05,-2.53841E-06,6.32111E-05
0.0024938,0.6277,0.67,5.2011,-0.056234,0.012302,1.0707,0.0012691,0.00038233,-0.00084185,0.001808,2.79E-05,0.0019106,0.075324,0.0804,0.624132,9.00262E-05,-0.01068446,0.00233738,0.203433,4.58145E-05,1.38021E-05,-3.03908E-05,6.52688E-05,1.00607E-06,6.89727E-05
0.0024387,0.63738,0.67,5.2011,-0.056597,0.0080217,1.0723,0.0012941,0.00037292,-0.00075709,0.0017159,0.0001141,0.0018674,0.0764856,0.0804,0.624132,8.80371E-05,-0.01075343,0.001524123,0.203737,4.6717E-05,1.34624E-05,-2.73309E-05,6.1944E-05,4.11901E-06,6.74131E-05
0.0022712,0.64661,0.67,5.2011,-0.057101,0.0037763,1.0757,0.0012645,0.00034909,-0.00061839,0.0016045,0.00010815,0.0016734,0.0775932,0.0804,0.624132,8.19903E-05,-0.01084919,0.000717497,0.204383,4.56485E-05,1.26021E-05,-2.23239E-05,5.79225E-05,3.90422E-06,6.04097E-05
0.0020572,0.65542,0.67,5.2011,-0.057848,0.00024193,1.0805,0.0011813,0.00031046,-0.00046653,0.0014703,2.23E-05,0.0014629,0.0786504,0.0804,0.624132,7.42649E-05,-0.01099112,4.59667E-05,0.205295,4.26449E-05,1.12076E-05,-1.68417E-05,5.30778E-05,8.05174E-07,5.28107E-05
0.0018811,0.66381,0.67,5.2011,-0.058882,-0.0025968,1.0861,0.0010591,0.00027093,-0.00034198,0.001344,-9.41E-05,0.0013591,0.0796572,0.0804,0.624132,6.79077E-05,-0.01118758,-0.000493392,0.206359,3.82335E-05,9.78057E-06,-1.23455E-05,4.85184E-05,-3.39773E-06,4.90635E-05
0.00171,0.67207,0.67,5.2011,-0.060219,-0.0048972,1.0921,0.00091528,0.00023727,-0.00022777,0.0012436,-0.00023393,0.0012611,0.0806484,0.0804,0.624132,0.000061731,-0.01144161,-0.000930468,0.207499,3.30416E-05,8.56545E-06,-8.2225E-06,4.4894E-05,-8.44487E-06,4.55257E-05
0.001536,0.68032,0.67,5.2011,-0.061806,-0.0066069,1.0981,0.00076663,0.00020639,-0.00014806,0.0011564,-0.00037967,0.0011491,0.0816384,0.0804,0.624132,5.54496E-05,-0.01174314,-0.001255311,0.208639,2.76753E-05,7.45068E-06,-5.34497E-06,4.1746E-05,-1.37061E-05,4.14825E-05
0.0013699,0.68858,0.67,5.2011,-0.063473,-0.0076685,1.1026,0.00063541,0.00016955,-0.00011039,0.0010739,-0.00049144,0.0010305,0.0826296,0.0804,0.624132,4.94534E-05,-0.01205987,-0.001457015,0.209494,2.29383E-05,6.12076E-06,-3.98508E-06,3.87678E-05,-1.7741E-05,3.72011E-05
0.0012416,0.69683,0.67,5.2011,-0.064992,-0.0084218,1.1053,0.00053837,0.00012301,-8.41E-05,0.00099356,-0.00055129,0.00095118,0.0836196,0.0804,0.624132,4.48218E-05,-0.01234848,-0.001600142,0.210007,1.94352E-05,4.44066E-06,-3.03662E-06,3.58675E-05,-1.99016E-05,3.43376E-05
0.0011829,0.70509,0.67,5.2011,-0.066283,-0.0093359,1.1073,0.00048151,7.28E-05,-5.41E-05,0.00090832,-0.00059424,0.00097596,0.0846108,0.0804,0.624132,4.27027E-05,-0.01259377,-0.001773821,0.210387,1.73825E-05,2.62736E-06,-1.95276E-06,3.27904E-05,-2.14521E-05,3.52322E-05
0.0011865,0.71335,0.67,5.2011,-0.067471,-0.010502,1.1095,0.00046304,2.10E-05,-2.94E-05,0.00081719,-0.00063385,0.0010928,0.085602,0.0804,0.624132,4.28327E-05,-0.01281949,-0.00199538,0.210805,1.67157E-05,7.56764E-07,-1.06004E-06,2.95006E-05,-2.2882E-05,3.94501E-05
0.0012055,0.7216,0.67,5.2011,-0.068643,-0.011812,1.1111,0.00047572,-3.62E-05,-7.19E-06,0.00073547,-0.00065188,0.0011998,0.086592,0.0804,0.624132,4.35186E-05,-0.01304217,-0.00224428,0.211109,1.71735E-05,-1.30639E-06,-2.59729E-07,2.65505E-05,-2.35329E-05,4.33128E-05
0.0012112,0.72986,0.67,5.2011,-0.069684,-0.013317,1.1118,0.00050895,-9.30E-05,1.24E-05,0.00068125,-0.00064175,0.0012322,0.0875832,0.0804,0.624132,4.37243E-05,-0.01323996,-0.00253023,0.211242,1.83731E-05,-3.35762E-06,4.46377E-07,2.45931E-05,-2.31672E-05,4.44824E-05
0.0012195,0.73811,0.67,5.2011,-0.07047,-0.014856,1.1115,0.00055102,-0.00014043,2.40E-05,0.00066137,-0.00061955,0.0012266,0.0885732,0.0804,0.624132,4.4024E-05,-0.0133893,-0.00282264,0.211185,1.98918E-05,-5.06952E-06,8.64739E-07,2.38755E-05,-2.23658E-05,4.42803E-05
0.0012406,0.74637,0.67,5.2011,-0.071008,-0.016006,1.11,0.00059217,-0.00017326,2.20E-05,0.00067978,-0.00059584,0.0012092,0.0895644,0.0804,0.624132,4.47857E-05,-0.01349152,-0.00304114,0.2109,2.13773E-05,-6.25469E-06,7.95355E-07,2.45401E-05,-2.15098E-05,4.36521E-05
0.0012784,0.75463,0.67,5.2011,-0.071247,-0.016473,1.1071,0.00062567,-0.00018737,-2.31E-06,0.00074385,-0.00058385,0.0011872,0.0905556,0.0804,0.624132,4.61502E-05,-0.01353693,-0.00312987,0.210349,2.25867E-05,-6.76406E-06,-8.3373E-08,2.6853E-05,-2.1077E-05,4.28579E-05
0.001341,0.76288,0.67,5.2011,-0.071086,-0.016168,1.103,0.00064976,-0.000183,-4.54E-05,0.00085515,-0.00058869,0.001177,0.0915456,0.0804,0.624132,4.84101E-05,-0.01350634,-0.00307192,0.20957,2.34563E-05,-6.6063E-06,-1.64035E-06,3.08709E-05,-2.12517E-05,4.24897E-05
0.0014286,0.77114,0.67,5.2011,-0.070652,-0.015248,1.0984,0.00066816,-0.00016187,-8.35E-05,0.0010051,-0.00060659,0.0011839,0.0925368,0.0804,0.624132,5.15725E-05,-0.01342388,-0.00289712,0.208696,2.41206E-05,-5.84351E-06,-3.01388E-06,3.62841E-05,-2.18979E-05,4.27388E-05
0.0015402,0.7794,0.67,5.2011,-0.070163,-0.014006,1.0939,0.00068548,-0.00012401,-9.54E-05,0.001178,-0.00064324,0.0012169,0.093528,0.0804,0.624132,5.56012E-05,-0.01333097,-0.00266114,0.207841,2.47458E-05,-4.47676E-06,-3.44297E-06,4.25258E-05,-2.3221E-05,4.39301E-05
0.0016649,0.78765,0.67,5.2011,-0.069666,-0.012531,1.0898,0.00070382,-7.27E-05,-8.66E-05,0.0013492,-0.00071376,0.0012768,0.094518,0.0804,0.624132,6.01029E-05,-0.01323654,-0.00238089,0.207062,2.54079E-05,-2.6244E-06,-3.12687E-06,4.87061E-05,-2.57667E-05,4.60925E-05
0.0017769,0.79591,0.67,5.2011,-0.069186,-0.010589,1.0865,0.00072219,-1.78E-05,-7.94E-05,0.0014972,-0.00081891,0.0013344,0.0955092,0.0804,0.624132,6.41461E-05,-0.01314534,-0.00201191,0.206435,2.60711E-05,-6.41064E-07,-2.86724E-06,5.40489E-05,-2.95627E-05,4.81718E-05
0.0018877,0.80416,0.67,5.2011,-0.068736,-0.0079585,1.0839,0.00074254,3.11E-05,-9.25E-05,0.0016208,-0.00093843,0.001412,0.0964992,0.0804,0.624132,6.8146E-05,-0.01305984,-0.001512115,0.205941,2.68057E-05,1.12289E-06,-3.33986E-06,5.85109E-05,-3.38773E-05,5.09732E-05
0.0020174,0.81242,0.67,5.2011,-0.068172,-0.0047228,1.0811,0.00077086,6.49E-05,-0.00011622,0.001733,-0.001039,0.0015309,0.0974904,0.0804,0.624132,7.28281E-05,-0.01295268,-0.000897332,0.205409,2.7828E-05,2.34249E-06,-4.19554E-06,6.25613E-05,-3.75079E-05,5.52655E-05
0.0021472,0.82068,0.67,5.2011,-0.067482,-0.0012398,1.0779,0.00080381,6.56E-05,-0.00011011,0.0018392,-0.0010882,0.0016514,0.0984816,0.0804,0.624132,7.75139E-05,-0.01282158,-0.000235562,0.204801,2.90175E-05,2.36906E-06,-3.97497E-06,6.63951E-05,-3.9284E-05,5.96155E-05
0.0022708,0.82893,0.67,5.2011,-0.066895,0.0020877,1.0747,0.00083452,1.41E-05,-6.57E-05,0.0019328,-0.0010792,0.0017743,0.0994716,0.0804,0.624132,8.19759E-05,-0.01271005,0.000396663,0.204193,3.01262E-05,5.10129E-07,-2.37296E-06,6.97741E-05,-3.89591E-05,6.40522E-05
0.0024027,0.83719,0.67,5.2011,-0.066572,0.0049827,1.0717,0.00085269,-9.13E-05,1.66E-05,0.0020088,-0.0010444,0.0019438,0.1004628,0.0804,0.624132,8.67375E-05,-0.01264868,0.000946713,0.203623,3.07821E-05,-3.29557E-06,5.99693E-07,7.25177E-05,-3.77028E-05,7.01712E-05
0.0025551,0.84544,0.67,5.2011,-0.066522,0.007429,1.0681,0.000844,-0.00023312,0.00016385,0.0020885,-0.0010516,0.0021776,0.1014528,0.0804,0.624132,9.22391E-05,-0.01263918,0.00141151,0.202939,3.04684E-05,-8.41563E-06,5.91499E-06,7.53949E-05,-3.79628E-05,7.86114E-05
0.0027474,0.8537,0.67,5.2011,-0.06671,0.0097708,1.0636,0.00081531,-0.00039464,0.00034696,0.002226,-0.0011406,0.0024534,0.102444,0.0804,0.624132,9.91811E-05,-0.0126749,0.001856452,0.202084,2.94327E-05,-1.42465E-05,1.25253E-05,8.03586E-05,-4.11757E-05,8.85677E-05
0.0029414,0.86196,0.67,5.2011,-0.067145,0.012332,1.059,0.00079101,-0.00056221,0.00048164,0.0024475,-0.0012761,0.0026443,0.1034352,0.0804,0.624132,0.000106185,-0.01275755,0.00234308,0.20121,2.85555E-05,-2.02958E-05,1.73872E-05,8.83548E-05,-4.60672E-05,9.54592E-05
0.0030287,0.87021,0.67,5.2011,-0.067809,0.014898,1.0547,0.00078806,-0.00070194,0.00053663,0.0026642,-0.0013854,0.0026052,0.1044252,0.0804,0.624132,0.000109336,-0.01288371,0.00283062,0.200393,2.8449E-05,-2.534E-05,1.93723E-05,9.61776E-05,-5.00129E-05,9.40477E-05
0.0029486,0.87847,0.67,5.2011,-0.068552,0.016903,1.0503,0.00081501,-0.00077939,0.0005374,0.0027251,-0.0014014,0.0023571,0.1054164,0.0804,0.624132,0.000106444,-0.01302488,0.00321157,0.199557,2.94219E-05,-2.8136E-05,1.94001E-05,9.83761E-05,-5.05905E-05,8.50913E-05
0.0027691,0.88672,0.67,5.2011,-0.069173,0.018066,1.0452,0.00087119,-0.00079953,0.00054695,0.0025992,-0.0013287,0.0020678,0.1064064,0.0804,0.624132,9.99645E-05,-0.01314287,0.00343254,0.198588,3.145E-05,-2.8863E-05,1.97449E-05,9.38311E-05,-4.79661E-05,7.46476E-05
0.0026055,0.89498,0.67,5.2011,-0.069502,0.018484,1.0398,0.00094276,-0.00079002,0.00061158,0.0023843,-0.0012474,0.0018839,0.1073976,0.0804,0.624132,9.40586E-05,-0.01320538,0.00351196,0.197562,3.40336E-05,-2.85197E-05,2.2078E-05,8.60732E-05,-4.50311E-05,6.80088E-05
0.0024803,0.90324,0.67,5.2011,-0.069556,0.018332,1.0355,0.0010237,-0.00076597,0.00070277,0.0021742,-0.0011855,0.0017626,0.1083888,0.0804,0.624132,8.95388E-05,-0.01321564,0.00348308,0.196745,3.69556E-05,-2.76515E-05,2.537E-05,7.84886E-05,-4.27966E-05,6.36299E-05
0.002383,0.91149,0.67,5.2011,-0.069487,0.017805,1.0331,0.0011239,-0.00072361,0.00075727,0.0019989,-0.001118,0.0016431,0.1093788,0.0804,0.624132,8.60263E-05,-0.01320253,0.00338295,0.196289,4.05728E-05,-2.61223E-05,2.73374E-05,7.21603E-05,-4.03598E-05,5.93159E-05
0.002303,0.91975,0.67,5.2011,-0.069212,0.017118,1.0313,0.0012436,-0.00065886,0.00076101,0.0018356,-0.0010276,0.0015269,0.11037,0.0804,0.624132,8.31383E-05,-0.01315028,0.00325242,0.195947,4.4894E-05,-2.37848E-05,2.74725E-05,6.62652E-05,-3.70964E-05,5.51211E-05
0.0022172,0.92801,0.67,5.2011,-0.068591,0.016295,1.0293,0.0013636,-0.00058563,0.00071968,0.0016601,-0.00091781,0.0014107,0.1113612,0.0804,0.624132,8.00409E-05,-0.01303229,0.00309605,0.195567,4.9226E-05,-2.11412E-05,2.59804E-05,5.99296E-05,-3.31329E-05,5.09263E-05
0.0021274,0.93626,0.67,5.2011,-0.067652,0.015046,1.027,0.0014605,-0.00052407,0.00066239,0.0014705,-0.00083933,0.0013238,0.1123512,0.0804,0.624132,7.67991E-05,-0.01285388,0.00285874,0.19513,5.27241E-05,-1.89189E-05,2.39123E-05,5.30851E-05,-3.02998E-05,4.77892E-05
0.0020703,0.94452,0.67,5.2011,-0.066523,0.013163,1.0245,0.0015303,-0.00048798,0.00061712,0.001291,-0.00083171,0.0013194,0.1133424,0.0804,0.624132,7.47378E-05,-0.01263937,0.00250097,0.194655,5.52438E-05,-1.76161E-05,2.2278E-05,4.66051E-05,-3.00247E-05,4.76303E-05
0.0020597,0.95277,0.67,5.2011,-0.065401,0.0109,1.0219,0.0015897,-0.00048123,0.00058146,0.00117,-0.00087917,0.0013599,0.1143324,0.0804,0.624132,7.43552E-05,-0.01242619,0.002071,0.194161,5.73882E-05,-1.73724E-05,2.09907E-05,0.000042237,-3.1738E-05,4.90924E-05
0.002109,0.96103,0.67,5.2011,-0.064318,0.008807,1.0189,0.0016511,-0.00048804,0.00055633,0.0011347,-0.00094431,0.0014323,0.1153236,0.0804,0.624132,7.61349E-05,-0.01222042,0.00167333,0.193591,5.96047E-05,-1.76182E-05,2.00835E-05,4.09627E-05,-3.40896E-05,5.1706E-05
0.0022181,0.96929,0.67,5.2011,-0.063146,0.0074166,1.0149,0.0017137,-0.00048831,0.00055344,0.0011681,-0.0010002,0.0015544,0.1163148,0.0804,0.624132,8.00734E-05,-0.01199774,0.001409154,0.192831,6.18646E-05,-1.7628E-05,1.99792E-05,4.21684E-05,-3.61072E-05,5.61138E-05
0.0023432,0.97754,0.67,5.2011,-0.061947,0.0070098,1.0093,0.0017785,-0.00047592,0.00057728,0.0012263,-0.0010233,0.0016816,0.1173048,0.0804,0.624132,8.45895E-05,-0.01176993,0.001331862,0.191767,6.42039E-05,-1.71807E-05,2.08398E-05,4.42694E-05,-3.69411E-05,6.07058E-05
0.0024348,0.9858,0.67,5.2011,-0.060744,0.0076401,1.0019,0.0018588,-0.00044975,0.00062028,0.0012538,-0.0010015,0.001757,0.118296,0.0804,0.624132,8.78963E-05,-0.01154136,0.001451619,0.190361,6.71027E-05,-1.6236E-05,2.23921E-05,4.52622E-05,-3.61542E-05,6.34277E-05
0.0024423,0.99405,0.67,5.2011,-0.059575,0.0090388,0.99337,0.0019639,-0.00040498,0.00066003,0.001227,-0.00094312,0.0016938,0.119286,0.0804,0.624132,8.8167E-05,-0.01131925,0.001717372,0.1887403,7.08968E-05,-1.46198E-05,2.38271E-05,4.42947E-05,-3.40466E-05,6.11462E-05
0.0023969,1.0023,0.67,5.2011,-0.058703,0.010502,0.9849,0.0020882,-0.00034066,0.00066385,0.001184,-0.00084979,0.0015217,0.120276,0.0804,0.624132,8.65281E-05,-0.01115357,0.00199538,0.187131,7.5384E-05,-1.22978E-05,2.3965E-05,4.27424E-05,-3.06774E-05,5.49334E-05
0.0023685,1.0106,0.67,5.2011,-0.058047,0.01154,0.97707,0.0022234,-0.00026264,0.00062702,0.0011851,-0.00074333,0.0013285,0.121272,0.0804,0.624132,8.55029E-05,-0.01102893,0.0021926,0.1856433,8.02647E-05,-9.4813E-06,2.26354E-05,4.27821E-05,-2.68342E-05,4.79589E-05
0.0023866,1.0188,0.67,5.2011,-0.057265,0.012473,0.97052,0.0023667,-0.0001679,0.00056067,0.0012493,-0.000658,0.0011573,0.122256,0.0804,0.624132,8.61563E-05,-0.01088035,0.00236987,0.1843988,8.54379E-05,-6.06119E-06,2.02402E-05,4.50997E-05,-2.37538E-05,4.17785E-05
0.0024365,1.0271,0.67,5.2011,-0.056145,0.013848,0.96588,0.0025142,-5.00E-05,0.00050443,0.0013297,-0.00061401,0.0010291,0.123252,0.0804,0.624132,8.79577E-05,-0.01066755,0.00263112,0.1835172,9.07626E-05,-1.80561E-06,1.82099E-05,4.80022E-05,-2.21658E-05,3.71505E-05
0.0025007,1.0353,0.67,5.2011,-0.054601,0.015546,0.96278,0.0026527,8.60E-05,0.00045979,0.0013765,-0.00059221,0.0009723,0.124236,0.0804,0.624132,9.02753E-05,-0.01037419,0.00295374,0.1829282,9.57625E-05,3.10467E-06,1.65984E-05,4.96917E-05,-2.13788E-05,3.51E-05
0.0025899,1.0436,0.67,5.2011,-0.052772,0.016913,0.96044,0.0027782,0.00022656,0.00042116,0.0013929,-0.00054557,0.0010088,0.125232,0.0804,0.624132,9.34954E-05,-0.01002668,0.00321347,0.1824836,0.000100293,8.17882E-06,1.52039E-05,5.02837E-05,-1.96951E-05,3.64177E-05
0.0026903,1.0518,0.67,5.2011,-0.050947,0.017526,0.9583,0.0028906,0.00034471,0.00038477,0.0013868,-0.00049407,0.0011033,0.126216,0.0804,0.624132,9.71198E-05,-0.00967993,0.00332994,0.182077,0.000104351,1.2444E-05,1.38902E-05,5.00635E-05,-1.78359E-05,3.98291E-05
0.0027797,1.0601,0.67,5.2011,-0.049413,0.017541,0.95609,0.0029727,0.00041048,0.00032673,0.001344,-0.00047523,0.0012426,0.127212,0.0804,0.624132,0.000100347,-0.00938847,0.00333279,0.1816571,0.000107314,1.48183E-05,1.1795E-05,4.85184E-05,-1.71558E-05,4.48579E-05
0.0028451,1.0684,0.67,5.2011,-0.048325,0.017372,0.95384,0.0030058,0.00040683,0.00025624,0.0012615,-0.00049349,0.0014229,0.128208,0.0804,0.624132,0.000102708,-0.00918175,0.00330068,0.1812296,0.000108509,1.46866E-05,9.25026E-06,4.55402E-05,-1.7815E-05,5.13667E-05
0.0028767,1.0766,0.67,5.2011,-0.047644,0.017254,0.95148,0.0029792,0.00034542,0.00018136,0.0011644,-0.00054471,0.0016098,0.129192,0.0804,0.624132,0.000103849,-0.00905236,0.00327826,0.1807812,0.000107549,1.24697E-05,6.5471E-06,4.20348E-05,-1.9664E-05,5.81138E-05
0.0028889,1.0849,0.67,5.2011,-0.04722,0.017192,0.9491,0.0028994,0.00026298,0.00012032,0.0010894,-0.00062252,0.001789,0.130188,0.0804,0.624132,0.000104289,-0.0089718,0.00326648,0.180329,0.000104668,9.49358E-06,4.34355E-06,3.93273E-05,-2.2473E-05,6.45829E-05
0.0028907,1.0931,0.67,5.2011,-0.046956,0.017224,0.94686,0.0027759,0.00018503,6.87E-05,0.0010568,-0.00073423,0.0019487,0.131172,0.0804,0.624132,0.000104354,-0.00892164,0.00327256,0.1799034,0.00010021,6.67958E-06,2.47855E-06,3.81505E-05,-2.65057E-05,7.03481E-05
0.0029245,1.1014,0.67,5.2011,-0.046752,0.017501,0.94463,0.0026232,0.00012141,2.02E-05,0.0010596,-0.00087993,0.0021662,0.132168,0.0804,0.624132,0.000105574,-0.00888288,0.00332519,0.1794797,9.46975E-05,4.3829E-06,7.27993E-07,3.82516E-05,-3.17655E-05,7.81998E-05
0.0030153,1.1096,0.67,5.2011,-0.046422,0.018033,0.94177,0.0024649,7.14E-05,-1.18E-05,0.0010766,-0.0010498,0.0024891,0.133152,0.0804,0.624132,0.000108852,-0.00882018,0.00342627,0.1789363,8.89829E-05,2.57747E-06,-4.2598E-07,3.88653E-05,-3.78978E-05,8.98565E-05
0.0031256,1.1179,0.67,5.2011,-0.045803,0.018654,0.93802,0.0023105,2.72E-05,-4.28E-05,0.0010932,-0.00121,0.0028475,0.134148,0.0804,0.624132,0.000112834,-0.00870257,0.00354426,0.1782238,8.34091E-05,9.8062E-07,-1.54353E-06,3.94645E-05,-0.000043681,0.000102795
0.003215,1.1262,0.67,5.2011,-0.044797,0.019301,0.934,0.0021626,-1.58E-05,-7.29E-05,0.0011011,-0.0013365,0.0031663,0.135144,0.0804,0.624132,0.000116062,-0.00851143,0.00366719,0.17746,7.80699E-05,-5.69369E-07,-2.63295E-06,3.97497E-05,-4.82477E-05,0.000114303
0.0032696,1.1344,0.67,5.2011,-0.043494,0.020098,0.93025,0.0020258,-5.56E-05,-9.93E-05,0.0010943,-0.0014261,0.0034192,0.136128,0.0804,0.624132,0.000118033,-0.00826386,0.00381862,0.1767475,7.31314E-05,-2.00593E-06,-3.58563E-06,3.95042E-05,-5.14822E-05,0.000123433
0.003328,1.1427,0.67,5.2011,-0.042066,0.021223,0.92697,0.0019085,-8.36E-05,-9.98E-05,0.0010884,-0.0014786,0.0036589,0.137124,0.0804,0.624132,0.000120141,-0.00799254,0.00403237,0.1761243,6.88969E-05,-3.01673E-06,-3.60372E-06,3.92912E-05,-5.33775E-05,0.000132086
0.0034126,1.1509,0.67,5.2011,-0.0406,0.022703,0.92425,0.0018096,-9.51E-05,-5.35E-05,0.0011273,-0.0015174,0.0038883,0.138108,0.0804,0.624132,0.000123195,-0.007714,0.00431357,0.1756075,6.53266E-05,-3.43398E-06,-1.93038E-06,4.06955E-05,-5.47781E-05,0.000140368
0.0035125,1.1592,0.67,5.2011,-0.039045,0.024332,0.92231,0.0017157,-0.00010014,9.61E-06,0.0012426,-0.0015787,0.0040666,0.139104,0.0804,0.624132,0.000126801,-0.00741855,0.00462308,0.1752389,6.19368E-05,-3.61505E-06,3.46824E-07,4.48579E-05,-5.69911E-05,0.000146804
0.0035968,1.1674,0.67,5.2011,-0.037279,0.025712,0.92119,0.001634,-0.00011298,5.64E-05,0.0014311,-0.0016792,0.0041286,0.140088,0.0804,0.624132,0.000129844,-0.00708301,0.00488528,0.1750261,5.89874E-05,-4.07858E-06,2.03766E-06,5.16627E-05,-6.06191E-05,0.000149042
0.0036386,1.1757,0.67,5.2011,-0.03532,0.026477,0.92047,0.001581,-0.00012816,7.98E-05,0.0016562,-0.0017933,0.00404,0.141084,0.0804,0.624132,0.000131353,-0.0067108,0.00503063,0.1748893,5.70741E-05,-4.62658E-06,2.88103E-06,5.97888E-05,-6.47381E-05,0.000145844
0.00363,1.1839,0.67,5.2011,-0.03332,0.026624,0.91985,0.0015573,-0.00012875,7.50E-05,0.0018435,-0.0018977,0.0038592,0.142068,0.0804,0.624132,0.000131043,-0.0063308,0.00505856,0.1747715,5.62185E-05,-4.64788E-06,2.70844E-06,6.65504E-05,-6.8507E-05,0.000139317
0.003594,1.1922,0.67,5.2011,-0.031454,0.026526,0.91972,0.0015469,-0.00011276,3.97E-05,0.0019238,-0.0019884,0.0037174,0.143064,0.0804,0.624132,0.000129743,-0.00597626,0.00503994,0.1747468,5.58431E-05,-4.07064E-06,1.43292E-06,6.94492E-05,-7.17812E-05,0.000134198
0.0035617,1.2005,0.67,5.2011,-0.029794,0.026455,0.92019,0.0015256,-9.28E-05,-3.29E-05,0.001866,-0.0020534,0.0037317,0.14406,0.0804,0.624132,0.000128577,-0.00566086,0.00502645,0.1748361,5.50742E-05,-3.35152E-06,-1.18863E-06,6.73626E-05,-7.41277E-05,0.000134714
0.0035275,1.2087,0.67,5.2011,-0.028281,0.026475,0.92116,0.0014873,-8.38E-05,-0.00010612,0.0016724,-0.0020475,0.0038954,0.145044,0.0804,0.624132,0.000127343,-0.00537339,0.00503025,0.1750204,5.36915E-05,-3.02691E-06,-3.83093E-06,6.03736E-05,-7.39148E-05,0.000140624
0.0034304,1.217,0.67,5.2011,-0.026812,0.026592,0.92291,0.0014357,-9.55E-05,-0.0001327,0.0014089,-0.0019402,0.0040162,0.14604,0.0804,0.624132,0.000123837,-0.00509428,0.00505248,0.1753529,5.18288E-05,-3.44719E-06,-4.79047E-06,5.08613E-05,-7.00412E-05,0.000144985
0.003245,1.2252,0.67,5.2011,-0.025329,0.0267,0.92572,0.0013606,-0.00012034,-0.00010168,0.0011851,-0.0017732,0.0039442,0.147024,0.0804,0.624132,0.000117145,-0.00481251,0.005073,0.1758868,4.91177E-05,-4.34427E-06,-3.67065E-06,4.27821E-05,-6.40125E-05,0.000142386
0.0030013,1.2335,0.67,5.2011,-0.023819,0.026651,0.92956,0.0012686,-0.00013338,-4.82E-06,0.0010716,-0.0016153,0.0036623,0.14802,0.0804,0.624132,0.000108347,-0.00452561,0.00506369,0.1766164,4.57965E-05,-4.81502E-06,-1.74027E-07,3.86848E-05,-5.83123E-05,0.000132209
0.0027357,1.2417,0.67,5.2011,-0.022267,0.026325,0.93405,0.0011872,-0.00012492,0.00012481,0.0010656,-0.0014819,0.0032185,0.149004,0.0804,0.624132,9.87588E-05,-0.00423073,0.00500175,0.1774695,4.28579E-05,-4.50961E-06,4.50564E-06,3.84682E-05,-5.34966E-05,0.000116188
0.0024904,1.25,0.67,5.2011,-0.020644,0.025579,0.93829,0.0011315,-0.00011041,0.0002102,0.0011109,-0.0013222,0.0027385,0.15,0.0804,0.624132,8.99034E-05,-0.00392236,0.00486001,0.1782751,4.08472E-05,-3.9858E-06,7.58822E-06,4.01035E-05,-4.77314E-05,9.88599E-05
0.0022927,1.2583,0.67,5.2011,-0.018861,0.024184,0.94175,0.0011038,-0.00010702,0.00021901,0.0011492,-0.0011092,0.0023324,0.150996,0.0804,0.624132,8.27665E-05,-0.00358359,0.00459496,0.1789325,3.98472E-05,-3.86342E-06,7.90626E-06,4.14861E-05,-4.00421E-05,8.41996E-05
0.0021343,1.2665,0.67,5.2011,-0.016879,0.022092,0.94466,0.0010981,-0.00012211,0.0002062,0.0011715,-0.00089875,0.0019989,0.15198,0.0804,0.624132,7.70482E-05,-0.00320701,0.00419748,0.1794854,3.96414E-05,-4.40817E-06,7.44382E-06,4.22912E-05,-3.24449E-05,7.21603E-05
0.0020206,1.2748,0.67,5.2011,-0.014835,0.019516,0.94714,0.0011033,-0.00014565,0.00019274,0.0011978,-0.00073577,0.0017402,0.152976,0.0804,0.624132,7.29437E-05,-0.00281865,0.00370804,0.1799566,3.98291E-05,-5.25797E-06,6.95791E-06,4.32406E-05,-2.65613E-05,6.28212E-05
0.0019839,1.283,0.67,5.2011,-0.012963,0.01685,0.94903,0.0011135,-0.00015871,0.00015948,0.0012292,-0.0006088,0.0016253,0.15396,0.0804,0.624132,7.16188E-05,-0.00246297,0.0032015,0.1803157,4.01974E-05,-5.72943E-06,5.75723E-06,4.43741E-05,-2.19777E-05,5.86733E-05
0.001986,1.2913,0.67,5.2011,-0.011437,0.01463,0.95054,0.0011145,-0.00015751,0.00013057,0.001269,-0.00048725,0.0015886,0.154956,0.0804,0.624132,7.16946E-05,-0.00217303,0.0027797,0.1806026,4.02335E-05,-5.68611E-06,4.71358E-06,4.58109E-05,-1.75897E-05,5.73485E-05
0.0019724,1.2995,0.67,5.2011,-0.010238,0.013154,0.95155,0.0010998,-0.00015406,0.00011996,0.0013135,-0.0003425,0.0015315,0.15594,0.0804,0.624132,7.12036E-05,-0.00194522,0.00249926,0.1807945,3.97028E-05,-5.56157E-06,4.33056E-06,4.74174E-05,-1.23643E-05,5.52872E-05
0.0019401,1.3078,0.67,5.2011,-0.0092144,0.012263,0.9517,0.0010843,-0.00015036,0.00010759,0.0013148,-0.00018369,0.001481,0.156936,0.0804,0.624132,7.00376E-05,-0.001750736,0.00232997,0.180823,3.91432E-05,-5.428E-06,3.884E-06,4.74643E-05,-6.63121E-06,5.34641E-05
0.0018798,1.316,0.67,5.2011,-0.0082297,0.011644,0.95123,0.0010747,-0.00013407,8.02E-05,0.0012166,-4.39E-05,0.0014683,0.15792,0.0804,0.624132,6.78608E-05,-0.001563643,0.00221236,0.1807337,3.87967E-05,-4.83993E-06,2.8937E-06,4.39193E-05,-1.58421E-06,5.30056E-05
0.001765,1.3243,0.67,5.2011,-0.0072314,0.01127,0.95052,0.0010619,-0.00010676,4.81E-05,0.0010323,6.14E-05,0.0014357,0.158916,0.0804,0.624132,6.37165E-05,-0.001373966,0.0021413,0.1805988,3.83346E-05,-3.85404E-06,1.73728E-06,3.7266E-05,2.21506E-06,5.18288E-05
0.0016479,1.3326,0.67,5.2011,-0.0062083,0.011255,0.94935,0.0010345,-8.41E-05,2.41E-05,0.00084379,0.00012883,0.0014174,0.159912,0.0804,0.624132,5.94892E-05,-0.001179577,0.00213845,0.1803765,3.73455E-05,-3.03659E-06,8.68999E-07,3.04608E-05,4.65076E-06,5.11681E-05
0.0015552,1.3408,0.67,5.2011,-0.0051511,0.011351,0.94747,0.001007,-7.29E-05,-9.86E-06,0.00069865,0.00014114,0.0014047,0.160896,0.0804,0.624132,5.61427E-05,-0.000978709,0.00215669,0.1800193,3.63527E-05,-2.63252E-06,-3.55881E-07,2.52213E-05,5.09515E-06,5.07097E-05
0.0014263,1.3491,0.67,5.2011,-0.0039961,0.011092,0.9451,0.00098307,-6.75E-05,-6.53E-05,0.00059338,9.60E-05,0.0012761,0.161892,0.0804,0.624132,5.14894E-05,-0.000759259,0.00210748,0.179569,3.54888E-05,-2.43751E-06,-2.35859E-06,2.1421E-05,3.46542E-06,4.60672E-05
0.0012868,1.3573,0.67,5.2011,-0.0026406,0.010312,0.94279,0.0009294,-6.49E-05,-8.88E-05,0.00052607,2.26E-05,0.0011182,0.162876,0.0804,0.624132,4.64535E-05,-0.000501714,0.00195928,0.1791301,3.35513E-05,-2.34155E-06,-3.20586E-06,1.89911E-05,8.14163E-07,4.0367E-05
0.0011968,1.3656,0.67,5.2011,-0.0011344,0.0091251,0.94152,0.00086003,-6.38E-05,-9.57E-05,0.00050003,-5.04E-05,0.0010334,0.163872,0.0804,0.624132,4.32045E-05,-0.000215536,0.001733769,0.1788888,3.10471E-05,-2.3035E-06,-3.45401E-06,1.80511E-05,-1.82067E-06,3.73057E-05
0.0011107,1.3738,0.67,5.2011,0.00039074,0.0077785,0.94156,0.00081121,-6.17E-05,-0.00011361,0.00050097,-0.0001173,0.00090918,0.164856,0.0804,0.624132,4.00963E-05,7.42406E-05,0.001477915,0.1788964,2.92847E-05,-2.22607E-06,-4.10132E-06,1.8085E-05,-4.23453E-06,3.28214E-05
0.0010674,1.3821,0.67,5.2011,0.0018599,0.0065984,0.94227,0.00077934,-5.89E-05,-0.00011326,0.00051358,-0.0001602,0.00084187,0.165852,0.0804,0.624132,3.85331E-05,0.000353381,0.001253696,0.1790313,2.81342E-05,-2.12698E-06,-4.08869E-06,1.85402E-05,-5.78322E-06,3.03915E-05
0.0011076,1.3903,0.67,5.2011,0.0032519,0.0059418,0.94314,0.00077651,-5.77E-05,-0.00012583,0.00054043,-0.00018336,0.00089821,0.166836,0.0804,0.624132,3.99844E-05,0.000617861,0.001128942,0.1791966,2.8032E-05,-2.08225E-06,-4.54246E-06,1.95095E-05,-6.6193E-06,3.24254E-05
0.0011026,1.3986,0.67,5.2011,0.0046013,0.00579,0.94422,0.00077618,-5.70E-05,-9.39E-05,0.00058381,-0.00020818,0.00084513,0.167832,0.0804,0.624132,3.98039E-05,0.000874247,0.0011001,0.1794018,2.80201E-05,-2.05593E-06,-3.38882E-06,2.10755E-05,-7.5153E-06,3.05092E-05
0.0011297,1.4069,0.67,5.2011,0.0059132,0.0058024,0.94558,0.000758,-6.06E-05,-3.22E-05,0.00064011,-0.00022707,0.00086126,0.168828,0.0804,0.624132,4.07822E-05,0.001123508,0.001102456,0.1796602,2.73638E-05,-2.18719E-06,-1.1613E-06,2.3108E-05,-8.19723E-06,3.10915E-05
0.0011757,1.4151,0.67,5.2011,0.0071792,0.0057718,0.94771,0.0007519,-7.16E-05,-7.51E-06,0.00071034,-0.00024837,0.00088915,0.169812,0.0804,0.624132,4.24428E-05,0.001364048,0.001096642,0.1800649,2.71436E-05,-2.58653E-06,-2.71219E-07,2.56433E-05,-8.96616E-06,3.20983E-05
0.0012355,1.4234,0.67,5.2011,0.0083854,0.005588,0.95082,0.00075021,-8.54E-05,2.29E-05,0.00079892,-0.00027089,0.00092192,0.170808,0.0804,0.624132,4.46016E-05,0.001593226,0.00106172,0.1806558,2.70826E-05,-3.08348E-06,8.27195E-07,2.8841E-05,-9.77913E-06,3.32813E-05
0.0013632,1.4316,0.67,5.2011,0.0094837,0.0052435,0.95468,0.00075089,-0.00010308,3.36E-05,0.00091474,-0.00028394,0.0010607,0.171792,0.0804,0.624132,4.92115E-05,0.001801903,0.000996265,0.1813892,2.71071E-05,-3.72119E-06,1.21426E-06,3.30221E-05,-1.02502E-05,3.82913E-05
0.001467,1.4399,0.67,5.2011,0.010406,0.0045202,0.95926,0.00075279,-0.00012545,2.88E-05,0.0010583,-0.00028924,0.001123,0.172788,0.0804,0.624132,5.29587E-05,0.00197714,0.000858838,0.1822594,2.71757E-05,-4.52875E-06,1.03899E-06,3.82046E-05,-1.04416E-05,4.05403E-05
0.001582,1.4481,0.67,5.2011,0.011126,0.0032245,0.96448,0.00074935,-0.00015316,2.49E-05,0.0012085,-0.00028204,0.0012062,0.173772,0.0804,0.624132,5.71102E-05,0.00211394,0.000612655,0.1832512,2.70515E-05,-5.52908E-06,8.97699E-07,4.36269E-05,-1.01816E-05,4.35438E-05
0.0016739,1.4564,0.67,5.2011,0.01169,0.0013808,0.97035,0.000745,-0.00018479,3.53E-05,0.0013388,-0.0002878,0.0012641,0.174768,0.0804,0.624132,6.04278E-05,0.0022211,0.000262352,0.1843665,2.68945E-05,-6.67092E-06,1.27278E-06,4.83307E-05,-1.03896E-05,4.5634E-05
0.001739,1.4647,0.67,5.2011,0.012185,-0.00098364,0.97638,0.00073727,-0.00021569,6.10E-05,0.0014306,-0.00032877,0.0013101,0.175764,0.0804,0.624132,6.27779E-05,0.00231515,-0.000186892,0.1855122,2.66154E-05,-7.78641E-06,2.20315E-06,5.16447E-05,-1.18686E-05,4.72946E-05
0.0017756,1.4729,0.67,5.2011,0.012675,-0.0035779,0.98176,0.00072143,-0.00024182,8.30E-05,0.0014762,-0.00039448,0.0013536,0.176748,0.0804,0.624132,6.40992E-05,0.00240825,-0.000679801,0.1865344,2.60436E-05,-8.7297E-06,2.99746E-06,5.32908E-05,-1.42407E-05,4.8865E-05
0.0017806,1.4812,0.67,5.2011,0.013217,-0.0059983,0.98607,0.00069674,-0.00025855,0.00010208,0.0014656,-0.00049638,0.0013989,0.177744,0.0804,0.624132,6.42797E-05,0.00251123,-0.001139677,0.1873533,2.51523E-05,-9.33366E-06,3.68509E-06,5.29082E-05,-1.79193E-05,5.05003E-05
0.0017841,1.4894,0.67,5.2011,0.013909,-0.0077197,0.98944,0.00067034,-0.00026409,0.00012409,0.0014017,-0.00062661,0.0014962,0.178728,0.0804,0.624132,6.4406E-05,0.00264271,-0.001466743,0.1879936,2.41993E-05,-9.53365E-06,4.47965E-06,5.06014E-05,-2.26206E-05,5.40128E-05
0.0018169,1.4977,0.67,5.2011,0.014784,-0.0081943,0.99259,0.00064902,-0.00025994,0.00016642,0.001336,-0.00075665,0.0016488,0.179724,0.0804,0.624132,6.55901E-05,0.00280896,-0.001556917,0.1885921,2.34296E-05,-9.38383E-06,6.00776E-06,4.82296E-05,-2.73151E-05,5.95217E-05
0.0018817,1.5059,0.67,5.2011,0.01581,-0.0074282,0.99642,0.00063234,-0.00025577,0.00023562,0.0013268,-0.00087534,0.0018042,0.180708,0.0804,0.624132,6.79294E-05,0.0030039,-0.001411358,0.1893198,2.28275E-05,-9.2333E-06,8.50588E-06,4.78975E-05,-3.15998E-05,6.51316E-05
0.0019533,1.5142,0.67,5.2011,0.016972,-0.0061774,1.0007,0.00061028,-0.00025923,0.00032515,0.0013728,-0.0009697,0.0019235,0.181704,0.0804,0.624132,7.05141E-05,0.00322468,-0.001173706,0.190133,2.20311E-05,-9.3582E-06,1.17379E-05,4.95581E-05,-3.50062E-05,6.94384E-05
0.0019976,1.5224,0.67,5.2011,0.018282,-0.0054278,1.0047,0.00057609,-0.00026753,0.00039312,0.0014237,-0.0010323,0.0019954,0.182688,0.0804,0.624132,7.21134E-05,0.00347358,-0.001031282,0.190893,2.07968E-05,-9.65783E-06,1.41916E-05,5.13956E-05,-3.7266E-05,7.20339E-05
0.0019856,1.5307,0.67,5.2011,0.01974,-0.0054653,1.0081,0.00053433,-0.00027222,0.00041633,0.0014368,-0.0010567,0.0020001,0.183684,0.0804,0.624132,7.16802E-05,0.0037506,-0.001038407,0.191539,1.92893E-05,-9.82714E-06,1.50295E-05,5.18685E-05,-3.81469E-05,7.22036E-05
0.0019347,1.539,0.67,5.2011,0.02131,-0.0060444,1.0109,0.00049478,-0.00026809,0.00040593,0.0014143,-0.0010545,0.0019603,0.18468,0.0804,0.624132,6.98427E-05,0.0040489,-0.001148436,0.192071,1.78616E-05,-9.67805E-06,1.46541E-05,5.10562E-05,-3.80675E-05,7.07668E-05
0.00187,1.5472,0.67,5.2011,0.022929,-0.0065875,1.0132,0.00046509,-0.00026024,0.00038137,0.0013846,-0.0010467,0.0018903,0.185664,0.0804,0.624132,0.000067507,0.00435651,-0.001251625,0.192508,1.67897E-05,-9.39466E-06,1.37675E-05,4.99841E-05,-3.77859E-05,6.82398E-05
0.0018147,1.5555,0.67,5.2011,0.024453,-0.0065695,1.0146,0.00045039,-0.00025189,0.00035097,0.0013539,-0.001044,0.001825,0.18666,0.0804,0.624132,6.55107E-05,0.00464607,-0.001248205,0.192774,1.62591E-05,-9.09323E-06,1.267E-05,4.88758E-05,-3.76884E-05,6.58825E-05
0.0017718,1.5637,0.67,5.2011,0.025725,-0.0061798,1.0151,0.00045084,-0.00024293,0.00032062,0.0013094,-0.001043,0.0017835,0.187644,0.0804,0.624132,6.3962E-05,0.00488775,-0.001174162,0.192869,1.62753E-05,-8.76977E-06,1.15744E-05,4.72693E-05,-3.76523E-05,6.43844E-05
0.0017345,1.572,0.67,5.2011,0.026753,-0.0057509,1.0148,0.00045982,-0.00023626,0.00029566,0.0012505,-0.0010274,0.0017587,0.18864,0.0804,0.624132,6.26155E-05,0.00508307,-0.001092671,0.192812,1.65995E-05,-8.52899E-06,1.06733E-05,4.51431E-05,-3.70891E-05,6.34891E-05
0.0016933,1.5802,0.67,5.2011,0.027633,-0.0053374,1.0143,0.00047179,-0.00023423,0.00027737,0.0011936,-0.00099197,0.0017213,0.189624,0.0804,0.624132,6.11281E-05,0.00525027,-0.001014106,0.192717,1.70316E-05,-8.4557E-06,1.00131E-05,4.3089E-05,-3.58101E-05,6.21389E-05
0.0016471,1.5885,0.67,5.2011,0.028316,-0.0047759,1.0136,0.00048611,-0.0002382,0.00026851,0.0011594,-0.00093935,0.0016487,0.19062,0.0804,0.624132,5.94603E-05,0.00538004,-0.000907421,0.192584,1.75486E-05,-8.59902E-06,9.69321E-06,4.18543E-05,-3.39105E-05,5.95181E-05
0.0016031,1.5968,0.67,5.2011,0.028746,-0.0037849,1.0121,0.00050554,-0.00024873,0.00026542,0.001156,-0.00087238,0.0015445,0.191616,0.0804,0.624132,5.78719E-05,0.00546174,-0.000719131,0.192299,1.825E-05,-8.97915E-06,9.58166E-06,4.17316E-05,-3.14929E-05,5.57565E-05
0.0015702,1.605,0.67,5.2011,0.029036,-0.0021783,1.0089,0.00053421,-0.00026549,0.00026101,0.0011758,-0.00078055,0.0014305,0.1926,0.0804,0.624132,5.66842E-05,0.00551684,-0.000413877,0.191691,1.9285E-05,-9.58419E-06,9.42246E-06,4.24464E-05,-2.81779E-05,5.16411E-05
0.001545,1.6133,0.67,5.2011,0.029328,7.82E-06,1.0044,0.00057154,-0.00028185,0.00024134,0.0011945,-0.00064737,0.0013239,0.193596,0.0804,0.624132,5.57745E-05,0.00557232,1.48652E-06,0.190836,2.06326E-05,-1.01748E-05,8.71237E-06,4.31215E-05,-2.33701E-05,4.77928E-05
0.0015174,1.6215,0.67,5.2011,0.029661,0.0025277,1.0003,0.00061594,-0.00028528,0.00020361,0.0011823,-0.00049136,0.0012366,0.19458,0.0804,0.624132,5.47781E-05,0.00563559,0.000480263,0.190057,2.22354E-05,-1.02986E-05,7.35032E-06,4.2681E-05,-1.77381E-05,4.46413E-05
0.0014712,1.6298,0.67,5.2011,0.029954,0.005108,0.9987,0.00067041,-0.00027321,0.00015652,0.0011407,-0.00035966,0.0011314,0.195576,0.0804,0.624132,5.31103E-05,0.00569126,0.00097052,0.189753,2.42018E-05,-9.86288E-06,5.65037E-06,4.11793E-05,-1.29837E-05,4.08435E-05
0.0014143,1.638,0.67,5.2011,0.030063,0.0075904,1.0002,0.00073373,-0.00025738,0.00010385,0.0011004,-0.00026199,0.00099451,0.19656,0.0804,0.624132,5.10562E-05,0.00571197,0.001442176,0.190038,2.64877E-05,-9.29142E-06,3.74899E-06,3.97244E-05,-9.45784E-06,3.59018E-05
0.0013723,1.6463,0.67,5.2011,0.02993,0.0098126,1.0033,0.00080522,-0.00024814,6.42E-05,0.0010748,-0.00018431,0.00086452,0.197556,0.0804,0.624132,4.954E-05,0.0056867,0.001864394,0.190627,2.90684E-05,-8.95785E-06,2.31867E-06,3.88003E-05,-6.65359E-06,3.12092E-05
0.0013627,1.6545,0.67,5.2011,0.029567,0.011465,1.0062,0.0008976,-0.00024548,6.37E-05,0.0010536,-0.00013351,0.00077416,0.19854,0.0804,0.624132,4.91935E-05,0.00561773,0.00217835,0.191178,3.24034E-05,-8.86183E-06,2.30098E-06,3.8035E-05,-4.81971E-06,2.79472E-05
0.0013979,1.6628,0.67,5.2011,0.029042,0.012366,1.0079,0.0010217,-0.00024203,7.64E-05,0.0010289,-0.00010591,0.00074529,0.199536,0.0804,0.624132,5.04642E-05,0.00551798,0.00234954,0.191501,3.68834E-05,-8.73728E-06,2.75912E-06,3.71433E-05,-3.82335E-06,2.6905E-05
0.001511,1.6711,0.67,5.2011,0.028493,0.01278,1.0089,0.0011743,-0.00022679,8.49E-05,0.0010083,-8.99E-05,0.00083934,0.200532,0.0804,0.624132,5.45471E-05,0.00541367,0.0024282,0.191691,4.23922E-05,-8.18712E-06,3.06568E-06,3.63996E-05,-3.24575E-06,3.03002E-05
0.0017157,1.6793,0.67,5.2011,0.028067,0.013363,1.0099,0.0013514,-0.00020229,0.00012566,0.0010352,-0.0001051,0.0010449,0.201516,0.0804,0.624132,6.19368E-05,0.00533273,0.00253897,0.191881,4.87855E-05,-7.30267E-06,4.53633E-06,3.73707E-05,-3.79411E-06,3.77209E-05
0.0019669,1.6876,0.67,5.2011,0.027826,0.014405,1.0114,0.0015471,-0.00019476,0.00020866,0.0011419,-0.00017635,0.0012447,0.202512,0.0804,0.624132,7.10051E-05,0.00528694,0.00273695,0.192166,5.58503E-05,-7.03084E-06,7.53263E-06,4.12226E-05,-6.36624E-06,4.49337E-05
0.0022224,1.6958,0.67,5.2011,0.027796,0.015307,1.0112,0.0017486,-0.00021868,0.0003271,0.0012321,-0.00034089,0.0014643,0.203496,0.0804,0.624132,8.02286E-05,0.00528124,0.00290833,0.192128,6.31245E-05,-7.89435E-06,1.18083E-05,4.44788E-05,-1.23061E-05,5.28612E-05
0.0024105,1.7041,0.67,5.2011,0.028094,0.015444,1.0091,0.0019472,-0.00024485,0.00046422,0.0011832,-0.00049555,0.0016907,0.204492,0.0804,0.624132,8.70191E-05,0.00533786,0.00293436,0.191729,7.02939E-05,-8.83909E-06,1.67583E-05,4.27135E-05,-1.78894E-05,6.10343E-05
0.0024049,1.7123,0.67,5.2011,0.028847,0.014977,1.0081,0.0021391,-0.00024371,0.00055266,0.0010545,-0.00046789,0.0016162,0.205476,0.0804,0.624132,8.68169E-05,0.00548093,0.00284563,0.191539,7.72215E-05,-8.79793E-06,1.9951E-05,3.80675E-05,-1.68908E-05,5.83448E-05
0.0022657,1.7206,0.67,5.2011,0.029975,0.014236,1.009,0.0023038,-0.00022791,0.00055041,0.00098399,-0.00033159,0.0012437,0.206472,0.0804,0.624132,8.17918E-05,0.00569525,0.00270484,0.19171,8.31672E-05,-8.22755E-06,1.98698E-05,3.5522E-05,-1.19704E-05,4.48976E-05
0.0021811,1.7289,0.67,5.2011,0.031229,0.013444,1.0101,0.0024153,-0.0002348,0.00049537,0.0010284,-0.00024432,0.00091842,0.207468,0.0804,0.624132,7.87377E-05,0.00593351,0.00255436,0.191919,8.71923E-05,-8.47628E-06,1.78829E-05,3.71252E-05,-8.81995E-06,3.3155E-05
0.0021905,1.7371,0.67,5.2011,0.032368,0.012984,1.0109,0.0024715,-0.00028654,0.00044868,0.0011491,-0.00022694,0.00076039,0.208452,0.0804,0.624132,7.90771E-05,0.00614992,0.00246696,0.192071,8.92212E-05,-1.03441E-05,1.61973E-05,4.14825E-05,-8.19253E-06,2.74501E-05
0.0022323,1.7454,0.67,5.2011,0.033261,0.013218,1.0118,0.0024832,-0.00037319,0.00042835,0.0012765,-0.00022696,0.00070494,0.209448,0.0804,0.624132,8.0586E-05,0.00631959,0.00251142,0.192242,8.96435E-05,-1.34722E-05,1.54634E-05,4.60817E-05,-8.19326E-06,2.54483E-05
0.0022639,1.7536,0.67,5.2011,0.033887,0.014286,1.0131,0.0024598,-0.00047658,0.00042411,0.001409,-0.00021333,0.00065898,0.210432,0.0804,0.624132,8.17268E-05,0.00643853,0.00271434,0.192489,8.87988E-05,-1.72045E-05,1.53104E-05,5.08649E-05,-7.70121E-06,2.37892E-05
0.0022986,1.7619,0.67,5.2011,0.034254,0.015543,1.0146,0.0024093,-0.00058047,0.00042713,0.0015681,-0.0001781,0.00061988,0.211428,0.0804,0.624132,8.29795E-05,0.00650826,0.00295317,0.192774,8.69757E-05,-2.0955E-05,1.54194E-05,5.66084E-05,-6.42941E-06,2.23777E-05
0.002334,1.7701,0.67,5.2011,0.034386,0.015908,1.0154,0.0023382,-0.0006612,0.00043265,0.0016892,-0.00016263,0.00064061,0.212412,0.0804,0.624132,8.42574E-05,0.00653334,0.00302252,0.192926,8.4409E-05,-2.38693E-05,1.56187E-05,6.09801E-05,-5.87094E-06,2.3126E-05
0.0023374,1.7784,0.67,5.2011,0.03438,0.015163,1.0159,0.0022506,-0.00069326,0.00044755,0.0017063,-0.00020868,0.00071793,0.213408,0.0804,0.624132,8.43801E-05,0.0065322,0.00288097,0.193021,8.12467E-05,-2.50267E-05,1.61566E-05,6.15974E-05,-7.53335E-06,2.59173E-05
0.00232,1.7866,0.67,5.2011,0.034352,0.013981,1.0174,0.0021486,-0.00068061,0.00047154,0.0016597,-0.00029224,0.00083171,0.214392,0.0804,0.624132,0.000083752,0.00652688,0.00265639,0.193306,7.75645E-05,-2.457E-05,1.70226E-05,5.99152E-05,-1.05499E-05,3.00247E-05
0.0023111,1.7949,0.67,5.2011,0.034398,0.012929,1.0198,0.0020461,-0.00065941,0.00050776,0.0016154,-0.00039117,0.00096068,0.215388,0.0804,0.624132,8.34307E-05,0.00653562,0.00245651,0.193762,7.38642E-05,-2.38047E-05,1.83301E-05,5.83159E-05,-1.41212E-05,3.46805E-05
0.0023295,1.8032,0.67,5.2011,0.034597,0.01214,1.0224,0.0019617,-0.00065913,0.00057728,0.0016041,-0.00050039,0.0010933,0.216384,0.0804,0.624132,8.4095E-05,0.00657343,0.0023066,0.194256,7.08174E-05,-2.37946E-05,2.08398E-05,5.7908E-05,-1.80641E-05,3.94681E-05
0.0023873,1.8114,0.67,5.2011,0.034943,0.01164,1.024,0.0018989,-0.00068901,0.00067068,0.0016344,-0.00062531,0.0012413,0.217368,0.0804,0.624132,8.61815E-05,0.00663917,0.0022116,0.19456,6.85503E-05,-2.48733E-05,2.42115E-05,5.90018E-05,-2.25737E-05,4.48109E-05
0.0024796,1.8197,0.67,5.2011,0.035354,0.011524,1.0243,0.0018492,-0.00074773,0.00075282,0.0017179,-0.00077103,0.0013921,0.218364,0.0804,0.624132,8.95136E-05,0.00671726,0.00218956,0.194617,6.67561E-05,-2.69931E-05,2.71768E-05,6.20162E-05,-2.78342E-05,5.02548E-05
0.0025989,1.8279,0.67,5.2011,0.035762,0.011822,1.0235,0.0018056,-0.00082822,0.00080695,0.0018542,-0.00091652,0.0015378,0.219348,0.0804,0.624132,9.38203E-05,0.00679478,0.00224618,0.194465,6.51822E-05,-2.98987E-05,2.91309E-05,6.69366E-05,-3.30864E-05,5.55146E-05
0.0027136,1.8362,0.67,5.2011,0.03618,0.012665,1.0225,0.0017613,-0.00090445,0.00084487,0.0019801,-0.0010345,0.0016857,0.220344,0.0804,0.624132,9.7961E-05,0.0068742,0.00240635,0.194275,6.35829E-05,-3.26506E-05,3.04998E-05,7.14816E-05,-3.73455E-05,6.08538E-05
0.0027718,1.8446,0.67,5.2011,0.036704,0.013899,1.0216,0.001707,-0.0009497,0.00086441,0.0020273,-0.0011048,0.0018094,0.221352,0.0804,0.624132,0.000100062,0.00697376,0.00264081,0.194104,6.16227E-05,-3.42842E-05,3.12052E-05,7.31855E-05,-3.98833E-05,6.53193E-05
0.0027544,1.8534,0.67,5.2011,0.037414,0.014809,1.0213,0.0016462,-0.00095897,0.00085271,0.001975,-0.0011364,0.0018876,0.222408,0.0804,0.624132,9.94338E-05,0.00710866,0.00281371,0.194047,5.94278E-05,-3.46188E-05,3.07828E-05,7.12975E-05,-4.1024E-05,6.81424E-05
0.0026943,1.8626,0.67,5.2011,0.038279,0.014727,1.0216,0.0015935,-0.00094364,0.00081514,0.0018743,-0.0011302,0.0019208,0.223512,0.0804,0.624132,9.72642E-05,0.00727301,0.00279813,0.194104,5.75254E-05,-3.40654E-05,2.94266E-05,6.76622E-05,-4.08002E-05,6.93409E-05
0.0026423,1.8723,0.67,5.2011,0.039124,0.013849,1.0229,0.0015541,-0.00091001,0.00076325,0.0017983,-0.0010915,0.0019322,0.224676,0.0804,0.624132,9.5387E-05,0.00743356,0.00263131,0.194351,5.6103E-05,-3.28514E-05,2.75533E-05,6.49186E-05,-3.94032E-05,6.97524E-05
0.0026025,1.8824,0.67,5.2011,0.039734,0.013291,1.0254,0.001506,-0.00083581,0.00069339,0.0017395,-0.0010634,0.0019595,0.225888,0.0804,0.624132,9.39503E-05,0.00754946,0.00252529,0.194826,5.43666E-05,-3.01727E-05,2.50314E-05,6.2796E-05,-3.83887E-05,7.0738E-05
0.0025726,1.8931,0.67,5.2011,0.040047,0.013154,1.0277,0.0014177,-0.00071192,0.00060886,0.0016681,-0.0010356,0.0020595,0.227172,0.0804,0.624132,9.28709E-05,0.00760893,0.00249926,0.195263,5.1179E-05,-2.57003E-05,2.19798E-05,6.02184E-05,-3.73852E-05,7.4348E-05
0.0025002,1.9042,0.67,5.2011,0.040301,0.012642,1.0281,0.0013001,-0.00056679,0.00048269,0.0015453,-0.0009352,0.0021551,0.228504,0.0804,0.624132,9.02572E-05,0.00765719,0.00240198,0.195339,4.69336E-05,-2.04611E-05,1.74251E-05,5.57853E-05,-3.37607E-05,7.77991E-05
0.0023828,1.9159,0.67,5.2011,0.040867,0.01176,1.0274,0.0012082,-0.0004208,0.00034479,0.0013541,-0.00078845,0.0022033,0.229908,0.0804,0.624132,8.60191E-05,0.00776473,0.0022344,0.195206,4.3616E-05,-1.51909E-05,1.24469E-05,4.8883E-05,-2.8463E-05,7.95391E-05
0.0021324,1.9282,0.67,5.2011,0.041711,0.011469,1.0266,0.001177,-0.0002374,0.00020185,0.0011117,-0.00059194,0.001976,0.231384,0.0804,0.624132,7.69796E-05,0.00792509,0.00217911,0.195054,4.24897E-05,-8.57014E-06,7.28679E-06,4.01324E-05,-2.1369E-05,7.13336E-05
0.0018695,1.941,0.67,5.2011,0.042251,0.011656,1.0269,0.0011876,-3.84E-05,5.97E-05,0.00092753,-0.00035713,0.001624,0.23292,0.0804,0.624132,6.7489E-05,0.00802769,0.00221464,0.195111,4.28724E-05,-1.38454E-06,2.15488E-06,3.34838E-05,-1.28924E-05,5.86264E-05
0.0017234,1.9545,0.67,5.2011,0.041765,0.011509,1.0272,0.001192,9.84E-05,-7.80E-05,0.00085868,-0.00023995,0.0013962,0.23454,0.0804,0.624132,6.22147E-05,0.00793535,0.00218671,0.195168,4.30312E-05,3.55238E-06,-2.81497E-06,3.09983E-05,-8.6622E-06,5.04028E-05
0.0016722,1.9686,0.67,5.2011,0.040357,0.011139,1.0258,0.0011862,0.00014401,-0.00021376,0.00086861,-0.00020488,0.0012896,0.236232,0.0804,0.624132,6.03664E-05,0.00766783,0.00211641,0.194902,4.28218E-05,5.19876E-06,-7.71674E-06,3.13568E-05,-7.39617E-06,4.65546E-05
0.0016502,1.9833,0.67,5.2011,0.039065,0.0081425,1.0223,0.0012144,0.00011235,-0.00025719,0.00083518,-0.00022486,0.0012507,0.237996,0.0804,0.624132,5.95722E-05,0.00742235,0.001547075,0.194237,4.38398E-05,4.05584E-06,-9.28456E-06,3.015E-05,-8.11745E-06,4.51503E-05
0.0017105,1.9988,0.67,5.2011,0.038141,0.0031382,1.0183,0.0012747,4.76E-05,-0.00017949,0.00071867,-0.00015376,0.0014277,0.239856,0.0804,0.624132,6.17491E-05,0.00724679,0.000596258,0.193477,4.60167E-05,1.71829E-06,-6.47959E-06,2.5944E-05,-5.55074E-06,5.154E-05
0.002189,2.0149,0.67,5.2011,0.036585,-0.00043307,1.0151,0.001318,1.69E-05,3.80E-05,0.0006146,7.61E-05,0.0024454,0.241788,0.0804,0.624132,7.90229E-05,0.00695115,-8.22833E-05,0.192869,4.75798E-05,6.09621E-07,1.37057E-06,2.21871E-05,2.74811E-06,8.82789E-05
0.0026192,2.0319,0.67,5.2011,0.034274,-0.0030886,1.0089,0.0012895,6.86E-05,0.00033871,0.00060421,0.00023744,0.0033447,0.243828,0.0804,0.624132,9.45531E-05,0.00651206,-0.000586834,0.191691,4.6551E-05,2.47754E-06,1.22274E-05,2.1812E-05,8.57158E-06,0.000120744
0.0029234,2.0496,0.67,5.2011,0.031574,-0.0062652,1.001,0.0012377,2.16E-05,0.00068966,0.0006319,8.86E-05,0.0039772,0.245952,0.0804,0.624132,0.000105535,0.00599906,-0.001190388,0.19019,4.4681E-05,7.79435E-07,2.48967E-05,2.28116E-05,3.19893E-06,0.000143577
0.0038549,2.0681,0.67,5.2011,0.028874,-0.0028965,0.98824,0.0013204,-0.00017665,0.0012653,0.00072509,-0.00019776,0.0056642,0.248172,0.0804,0.624132,0.000139162,0.00548606,-0.000550335,0.1877656,4.76664E-05,-6.37707E-06,4.56773E-05,2.61757E-05,-7.13914E-06,0.000204478
0.0050955,2.0875,0.67,5.2011,0.026825,0.0029665,0.98345,0.0015497,-0.00035683,0.0020712,0.00095142,-0.00080526,0.0076899,0.2505,0.0804,0.624132,0.000183948,0.00509675,0.000563635,0.1868555,5.59442E-05,-1.28816E-05,7.47703E-05,3.43463E-05,-2.90699E-05,0.000277605
0.0055023,2.1078,0.67,5.2011,0.026149,0.01122,0.97411,0.0017653,-0.00022785,0.002554,0.0010752,-0.00086183,0.0081642,0.252936,0.0804,0.624132,0.000198633,0.00496831,0.0021318,0.1850809,6.37273E-05,-8.22539E-06,9.21994E-05,3.88147E-05,-3.11121E-05,0.000294728
0.0051567,2.129,0.67,5.2011,0.028123,0.016447,0.96277,0.0019073,-0.00016888,0.0026339,0.00098681,-0.00050836,0.0074194,0.25548,0.0804,0.624132,0.000186157,0.00534337,0.00312493,0.1829263,6.88535E-05,-6.09657E-06,9.50838E-05,3.56238E-05,-1.83518E-05,0.00026784
0.0043238,2.1511,0.67,5.2011,0.030321,0.015876,0.9712,0.0019571,-5.78E-05,0.0023767,0.00099217,-0.00018587,0.0056983,0.258132,0.0804,0.624132,0.000156089,0.00576099,0.00301644,0.184528,7.06513E-05,-2.08564E-06,8.57989E-05,3.58173E-05,-6.70991E-06,0.000205709
0.0035188,2.1743,0.67,5.2011,0.029056,0.019483,0.97139,0.0018405,0.00023096,0.0017282,0.0010641,0.00012862,0.0041329,0.260916,0.0804,0.624132,0.000127029,0.00552064,0.00370177,0.1845641,6.64421E-05,8.33766E-06,6.2388E-05,3.8414E-05,4.64318E-06,0.000149198
0.0033066,2.1984,0.67,5.2011,0.026233,0.023398,0.96229,0.0016145,0.0004904,0.0013045,0.0011949,0.00037272,0.0038037,0.263808,0.0804,0.624132,0.000119368,0.00498427,0.00444562,0.1828351,5.82835E-05,1.77034E-05,4.70925E-05,4.31359E-05,1.34552E-05,0.000137314
0.0038123,2.2237,0.67,5.2011,0.025579,0.023264,0.93774,0.0014256,0.00069597,0.0013958,0.0016669,0.00098874,0.004532,0.266844,0.0804,0.624132,0.000137624,0.00486001,0.00442016,0.1781706,5.14642E-05,2.51245E-05,5.03884E-05,6.01751E-05,3.56935E-05,0.000163605
0.0052435,2.2501,0.67,5.2011,0.024918,0.02221,0.91673,0.001276,0.0003971,0.0015655,0.002028,0.00087922,0.007183,0.270012,0.0804,0.624132,0.00018929,0.00473442,0.0042199,0.1741787,4.60636E-05,1.43353E-05,5.65146E-05,7.32108E-05,3.17398E-05,0.000259306
0.0049348,2.2776,0.67,5.2011,0.020576,0.027144,0.90302,0.0012019,-3.43E-05,0.0012786,0.0019226,-3.38E-05,0.0067452,0.273312,0.0804,0.624132,0.000178146,0.00390944,0.00515736,0.1715738,4.33886E-05,-1.23884E-06,4.61575E-05,6.94059E-05,-1.21931E-06,0.000243502
0.0051722,2.3063,0.67,5.2011,0.013539,0.037008,0.89362,0.0012447,-7.29E-06,0.0011469,0.0017256,-0.00074677,0.0073741,0.276756,0.0804,0.624132,0.000186716,0.00257241,0.00703152,0.1697878,4.49337E-05,-2.63227E-07,4.14031E-05,6.22942E-05,-2.69584E-05,0.000266205
0.0057252,2.3362,0.67,5.2011,0.0065423,0.048837,0.88425,0.0013362,0.00024294,0.0013242,0.001915,-0.00072402,0.0081992,0.280344,0.0804,0.624132,0.00020668,0.001243037,0.00927903,0.1680075,4.82368E-05,8.77013E-06,4.78036E-05,6.91315E-05,-2.61371E-05,0.000295991
0.0051304,2.3674,0.67,5.2011,0.0033612,0.054646,0.86049,0.001519,0.00022186,0.0011424,0.0025857,-0.00075421,0.0061562,0.284088,0.0804,0.624132,0.000185207,0.000638628,0.01038274,0.1634931,5.48359E-05,8.00915E-06,4.12406E-05,9.33438E-05,-2.7227E-05,0.000222239
0.0056016,2.3999,0.67,5.2011,0.0022004,0.062739,0.83723,0.0016907,0.00076711,0.0011521,0.0041242,0.00038783,0.0053882,0.287988,0.0804,0.624132,0.000202218,0.000418076,0.01192041,0.1590737,6.10343E-05,2.76927E-05,4.15908E-05,0.000148884,1.40007E-05,0.000194514
0.0055223,2.4338,0.67,5.2011,-0.00023557,0.063678,0.78867,0.001339,0.00079436,0.0014558,0.0039939,0.0014978,0.0057118,0.292056,0.0804,0.624132,0.000199355,-4.47583E-05,0.01209882,0.1498473,4.83379E-05,2.86764E-05,5.25544E-05,0.00014418,5.40706E-05,0.000206196
0.0042425,2.4691,0.67,5.2011,-0.00098826,0.05054,0.67196,0.00050291,0.00011293,0.00095264,0.0022272,0.001037,0.005755,0.296292,0.0804,0.624132,0.000153154,-0.000187769,0.0096026,0.1276724,1.81551E-05,4.07677E-06,3.43903E-05,8.04019E-05,3.74357E-05,0.000207756
0.001614,2.5058,0.67,5.2011,-0.00019255,0.022214,0.29518,3.27E-05,1.95E-05,0.00016842,0.00084764,0.00041438,0.0023476,0.300696,0.0804,0.624132,5.82654E-05,-3.65845E-05,0.00422066,0.0560842,1.18022E-06,7.03156E-07,6.07996E-06,3.05998E-05,1.49591E-05,8.47484E-05
5.90E-07,2.544,0.67,5.2011,1.04E-05,2.26E-15,-2.31E-18,1.18E-06,2.50E-16,-3.15E-20,5.31E-26,-6.69E-30,9.75E-34,0.30528,0.0804,0.624132,2.12907E-08,1.9722E-06,4.29628E-16,-4.38558E-19,4.258E-08,9.03691E-18,-1.13766E-21,1.91788E-27,-2.4148E-31,3.51961E-35
0,2.5837,0.67,5.2011,0,0,0,0,0,0,0,0,0,0.310044,0.0804,0.624132,0,0,0,0,0,0,0,0,0,0
0,2.625,0.67,5.2011,0,0,0,0,0,0,0,0,0,0.315,0.0804,0.624132,0,0,0,0,0,0,0,0,0,0
0,-0.125,0.67,5.2294,0,0,0,0,0,0,0,0,0,-0.015,0.0804,0.627528,0,0,0,0,0,0,0,0,0,0
0,-0.083719,0.67,5.2294,0,0,0,0,0,0,0,0,0,-0.01004628,0.0804,0.627528,0,0,0,0,0,0,0,0,0,0
9.75E-08,-0.044001,0.67,5.2294,3.83E-05,1.05E-14,-3.77E-18,1.95E-07,5.39E-17,-3.41E-21,1.49E-26,-9.41E-31,1.59E-34,-0.00528012,0.0804,0.627528,3.52007E-09,0.000007277,1.99405E-15,-7.17174E-19,7.04022E-09,1.94738E-18,-1.23141E-22,5.38648E-28,-3.39856E-32,5.73304E-36
0.00098645,-0.0058053,0.67,5.2294,-0.001616,0.023853,0.37281,1.27E-05,-2.59E-05,-3.29E-05,0.00077848,-0.00014301,0.0011817,-0.000696636,0.0804,0.627528,3.56108E-05,-0.00030704,0.00453207,0.0708339,4.59734E-07,-9.36651E-07,-1.18614E-06,2.81031E-05,-5.16266E-06,4.26594E-05
0.0025883,0.030909,0.67,5.2294,-0.0080519,0.054041,0.84446,0.00020012,-0.00015246,-0.00018807,0.0020262,-0.00037006,0.0029503,0.00370908,0.0804,0.627528,9.34376E-05,-0.001529861,0.01026779,0.1604474,7.22433E-06,-5.50381E-06,-6.78933E-06,7.31458E-05,-1.33592E-05,0.000106506
0.0029814,0.066184,0.67,5.2294,-0.017161,0.049544,0.95426,0.00054499,-0.00019968,-0.00025088,0.0017452,-0.00039993,0.0036726,0.00794208,0.0804,0.627528,0.000107629,-0.00326059,0.00941336,0.1813094,1.96741E-05,-7.20845E-06,-9.05677E-06,6.30017E-05,-1.44375E-05,0.000132581
0.0031,0.10006,0.67,5.2294,-0.025762,0.038007,0.98478,0.00061864,-0.0002579,-0.00014634,0.0014192,-0.00043261,0.0041622,0.0120072,0.0804,0.627528,0.00011191,-0.00489478,0.00722133,0.1871082,2.23329E-05,-9.31019E-06,-5.28287E-06,5.12331E-05,-1.56172E-05,0.000150255
0.00322,0.13258,0.67,5.2294,-0.0313,0.029389,1.0128,0.00045269,-0.00020347,5.43E-06,0.0014153,-0.00074757,0.0045721,0.0159096,0.0804,0.627528,0.000116242,-0.005947,0.00558391,0.192432,1.63421E-05,-7.34527E-06,1.96185E-07,5.10923E-05,-2.69873E-05,0.000165053
0.0026049,0.16379,0.67,5.2294,-0.031898,0.014728,1.0311,0.00044068,-4.26E-05,-4.91E-05,0.00091078,-0.00053626,0.0038583,0.0196548,0.0804,0.627528,9.40369E-05,-0.00606062,0.00279832,0.195909,1.59085E-05,-1.53837E-06,-1.77182E-06,3.28792E-05,-1.9359E-05,0.000139285
0.0022433,0.19372,0.67,5.2294,-0.030742,0.0099498,1.0338,0.00059489,5.93E-05,-0.00016106,0.00088618,-0.00025915,0.0030056,0.0232464,0.0804,0.627528,8.09831E-05,-0.00584098,0.001890462,0.196422,2.14755E-05,2.13907E-06,-5.81427E-06,3.19911E-05,-9.35532E-06,0.000108502
0.0033115,0.22242,0.67,5.2294,-0.029798,0.015564,1.0383,0.00083271,7.49E-05,-0.00080372,0.001116,-0.00056768,0.0046744,0.0266904,0.0804,0.627528,0.000119545,-0.00566162,0.00295716,0.197277,3.00608E-05,2.7045E-06,-2.90143E-05,4.02876E-05,-2.04932E-05,0.000168746
0.0032925,0.24993,0.67,5.2294,-0.030672,0.021516,1.0473,0.0011055,-1.26E-05,-0.0012393,0.0011685,-0.00026857,0.0043109,0.0299916,0.0804,0.627528,0.000118859,-0.00582768,0.00408804,0.198987,3.99086E-05,-4.55582E-07,-4.47387E-05,4.21829E-05,-9.69538E-06,0.000155623
0.0023282,0.27629,0.67,5.2294,-0.033958,0.024127,1.0525,0.0012238,9.43E-05,-0.0010899,0.0010603,-4.80E-05,0.0023722,0.0331548,0.0804,0.627528,8.4048E-05,-0.00645202,0.00458413,0.199975,4.41792E-05,3.40582E-06,-3.93454E-05,3.82768E-05,-1.73414E-06,8.56364E-05
0.0028708,0.30154,0.67,5.2294,-0.036391,0.023623,1.0489,0.0012097,0.00014024,-0.00084926,0.0012911,-0.00047704,0.0032406,0.0361848,0.0804,0.627528,0.000103636,-0.00691429,0.00448837,0.199291,4.36702E-05,5.06266E-06,-3.06583E-05,4.66087E-05,-1.72211E-05,0.000116986
0.0038273,0.32572,0.67,5.2294,-0.037236,0.016759,1.0524,0.0012381,5.13E-05,-0.0008087,0.0018093,-0.0011016,0.0046072,0.0390864,0.0804,0.627528,0.000138166,-0.00707484,0.00318421,0.199956,4.46954E-05,1.85067E-06,-2.91941E-05,6.53157E-05,-3.97678E-05,0.00016632
0.0035696,0.34887,0.67,5.2294,-0.038715,0.011962,1.0647,0.0013466,3.13E-05,-0.00078595,0.0017396,-0.0012485,0.004053,0.0418644,0.0804,0.627528,0.000128863,-0.00735585,0.00227278,0.202293,4.86123E-05,1.12888E-06,-2.83728E-05,6.27996E-05,-4.50709E-05,0.000146313
0.0026868,0.37102,0.67,5.2294,-0.040746,0.016098,1.0642,0.0014284,0.00020994,-0.00049479,0.0013962,-0.00072942,0.0025491,0.0445224,0.0804,0.627528,9.69935E-05,-0.00774174,0.00305862,0.202198,5.15652E-05,7.57883E-06,-1.78619E-05,5.04028E-05,-2.63321E-05,9.20225E-05
0.0022878,0.39221,0.67,5.2294,-0.042846,0.024639,1.0603,0.0013955,0.00032278,-0.00042875,0.0012842,-0.00033964,0.0018959,0.0470652,0.0804,0.627528,8.25896E-05,-0.00814074,0.00468141,0.201457,5.03776E-05,1.16524E-05,-1.54779E-05,4.63596E-05,-1.2261E-05,6.8442E-05
0.0020215,0.41248,0.67,5.2294,-0.045541,0.031855,1.0562,0.001334,0.00014365,-0.00015735,0.0011632,-0.00039795,0.0015457,0.0494976,0.0804,0.627528,7.29762E-05,-0.00865279,0.00605245,0.200678,4.81574E-05,5.18577E-06,-5.68034E-06,4.19915E-05,-1.4366E-05,5.57998E-05
0.0022597,0.43187,0.67,5.2294,-0.048019,0.034596,1.0555,0.0013119,6.62E-05,-0.00014725,0.0011386,-0.00067968,0.0020688,0.0518244,0.0804,0.627528,8.15752E-05,-0.00912361,0.00657324,0.200545,4.73596E-05,2.39004E-06,-5.31573E-06,4.11035E-05,-2.45364E-05,7.46837E-05
0.0027282,0.4504,0.67,5.2294,-0.049581,0.036675,1.0501,0.0013842,0.0002094,-0.00047994,0.0012388,-0.00093608,0.0028335,0.054048,0.0804,0.627528,9.8488E-05,-0.00942039,0.00696825,0.199519,4.99696E-05,7.55934E-06,-1.73258E-05,4.47207E-05,-3.37925E-05,0.000102289
0.0031718,0.46812,0.67,5.2294,-0.050493,0.036803,1.0481,0.0014702,0.00037683,-0.00056751,0.0015134,-0.0013578,0.0033601,0.0561744,0.0804,0.627528,0.000114502,-0.00959367,0.00699257,0.199139,5.30742E-05,1.36036E-05,-2.04871E-05,5.46337E-05,-4.90166E-05,0.0001213
0.0033835,0.48504,0.67,5.2294,-0.051171,0.036412,1.0513,0.0014248,0.00037241,-0.00037038,0.0017113,-0.0016179,0.0036311,0.0582048,0.0804,0.627528,0.000122144,-0.00972249,0.00691828,0.199747,5.14353E-05,1.3444E-05,-1.33707E-05,6.17779E-05,-5.84062E-05,0.000131083
0.0032032,0.50122,0.67,5.2294,-0.052072,0.036977,1.0546,0.0013002,0.00022936,-0.00017306,0.0019168,-0.0015061,0.0031894,0.0601464,0.0804,0.627528,0.000115636,-0.00989368,0.00702563,0.200374,4.69372E-05,8.2799E-06,-6.24747E-06,6.91965E-05,-5.43702E-05,0.000115137
0.0027114,0.51667,0.67,5.2294,-0.053292,0.035856,1.0557,0.0012048,0.00011208,-6.75E-05,0.0019293,-0.0011703,0.0022887,0.0620004,0.0804,0.627528,9.78815E-05,-0.01012548,0.00681264,0.200583,4.34933E-05,4.04609E-06,-2.43614E-06,6.96477E-05,-4.22478E-05,8.26221E-05
0.0023281,0.53142,0.67,5.2294,-0.054178,0.032891,1.0567,0.001143,3.13E-05,-2.91E-05,0.0016877,-0.00096078,0.0018255,0.0637704,0.0804,0.627528,8.40444E-05,-0.01029382,0.00624929,0.200773,4.12623E-05,1.13025E-06,-1.04982E-06,6.0926E-05,-3.46842E-05,6.59006E-05
0.0021413,0.54551,0.67,5.2294,-0.054632,0.030556,1.0594,0.0010719,5.62E-07,-7.35E-05,0.0015012,-0.00081288,0.0017096,0.0654612,0.0804,0.627528,7.73009E-05,-0.01038008,0.00580564,0.201286,3.86956E-05,2.02777E-08,-2.65447E-06,5.41933E-05,-2.9345E-05,6.17166E-05
0.0019339,0.55896,0.67,5.2294,-0.055456,0.02817,1.0602,0.00098823,4.33E-06,-0.00020427,0.0013523,-0.00043966,0.0015273,0.0670752,0.0804,0.627528,6.98138E-05,-0.01053664,0.0053523,0.201438,3.56751E-05,1.56407E-07,-7.37415E-06,4.8818E-05,-1.58717E-05,5.51355E-05
0.0019163,0.5718,0.67,5.2294,-0.056797,0.024075,1.0597,0.00094345,9.86E-06,-0.00036607,0.0013474,-0.00012249,0.0015418,0.068616,0.0804,0.627528,6.91784E-05,-0.01079143,0.00457425,0.201343,3.40585E-05,3.55885E-07,-1.32151E-05,4.86411E-05,-4.42189E-06,5.5659E-05
0.0020306,0.58405,0.67,5.2294,-0.058028,0.020583,1.0624,0.00097086,8.24E-05,-0.00052239,0.0015383,-8.12E-05,0.0015521,0.070086,0.0804,0.627528,7.33047E-05,-0.01102532,0.00391077,0.201856,3.5048E-05,2.97388E-06,-1.88583E-05,5.55326E-05,-2.93157E-06,5.60308E-05
0.0021422,0.59575,0.67,5.2294,-0.05881,0.018792,1.0653,0.0010519,0.0002291,-0.00067105,0.0016909,-0.00015517,0.0015416,0.07149,0.0804,0.627528,7.73334E-05,-0.0111739,0.00357048,0.202407,3.79736E-05,8.27051E-06,-2.42249E-05,6.10415E-05,-5.60164E-06,5.56518E-05
0.0022915,0.6069,0.67,5.2294,-0.059332,0.017481,1.0669,0.0011528,0.00033773,-0.0008,0.0017921,-0.0001548,0.0016381,0.072828,0.0804,0.627528,8.27232E-05,-0.01127308,0.00332139,0.202711,4.16161E-05,1.21921E-05,-0.00002888,6.46948E-05,-5.58828E-06,5.91354E-05
0.0024566,0.61755,0.67,5.2294,-0.059815,0.015379,1.069,0.0012468,0.00038296,-0.00088182,0.0018482,-8.60E-05,0.0018182,0.074106,0.0804,0.627528,8.86833E-05,-0.01136485,0.00292201,0.20311,4.50095E-05,1.38249E-05,-3.18337E-05,6.672E-05,-3.10334E-06,6.5637E-05
0.0025377,0.6277,0.67,5.2294,-0.06029,0.011829,1.0703,0.0013113,0.00039188,-0.00088432,0.0017979,1.17E-05,0.0019663,0.075324,0.0804,0.627528,9.1611E-05,-0.0114551,0.00224751,0.203357,4.73379E-05,1.41469E-05,-3.1924E-05,6.49042E-05,4.21612E-07,7.09834E-05
0.0024649,0.63738,0.67,5.2294,-0.060804,0.0074623,1.0718,0.0013287,0.00038171,-0.0007936,0.0017048,8.79E-05,0.0018962,0.0764856,0.0804,0.627528,8.89829E-05,-0.01155276,0.001417837,0.203642,4.79661E-05,1.37797E-05,-2.8649E-05,6.15433E-05,3.17326E-06,6.84528E-05
0.0022905,0.64661,0.67,5.2294,-0.061474,0.00322,1.0755,0.0012905,0.00035498,-0.00065433,0.0015892,6.58E-05,0.0017013,0.0775932,0.0804,0.627528,8.26871E-05,-0.01168006,0.0006118,0.204345,4.65871E-05,1.28148E-05,-2.36213E-05,5.73701E-05,2.37635E-06,6.14169E-05
0.0020813,0.65542,0.67,5.2294,-0.062355,-0.00027769,1.0805,0.0011996,0.00031366,-0.00050247,0.0014532,-2.81E-05,0.0015098,0.0786504,0.0804,0.627528,7.51349E-05,-0.01184745,-5.27611E-05,0.205295,4.33056E-05,1.13231E-05,-1.81392E-05,5.24605E-05,-1.0138E-06,5.45038E-05
0.0019096,0.66381,0.67,5.2294,-0.06349,-0.0030714,1.0862,0.0010696,0.00027308,-0.00037539,0.0013296,-0.00014817,0.00142,0.0796572,0.0804,0.627528,6.89366E-05,-0.0120631,-0.000583566,0.206378,3.86126E-05,9.85819E-06,-1.35516E-05,4.79986E-05,-5.34894E-06,0.000051262
0.0017387,0.67207,0.67,5.2294,-0.064928,-0.0052894,1.0922,0.00091929,0.00023614,-0.00025894,0.0012303,-0.00028666,0.0013278,0.0806484,0.0804,0.627528,6.27671E-05,-0.01233632,-0.001004986,0.207518,3.31864E-05,8.52465E-06,-9.34773E-06,4.44138E-05,-1.03484E-05,4.79336E-05
0.001554,0.68032,0.67,5.2294,-0.066624,-0.0068786,1.0981,0.00076963,0.00019854,-0.00017173,0.0011418,-0.0004211,0.0011966,0.0816384,0.0804,0.627528,5.60994E-05,-0.01265856,-0.001306934,0.208639,2.77836E-05,7.16729E-06,-6.19945E-06,4.1219E-05,-1.52017E-05,4.31973E-05
0.0013753,0.68858,0.67,5.2294,-0.068389,-0.0078374,1.1022,0.00064004,0.00015481,-0.00011789,0.0010604,-0.0005168,0.0010503,0.0826296,0.0804,0.627528,4.96483E-05,-0.01299391,-0.001489106,0.209418,2.31054E-05,5.58864E-06,-4.25583E-06,3.82804E-05,-1.86565E-05,3.79158E-05
0.0012475,0.69683,0.67,5.2294,-0.07003,-0.0085803,1.1046,0.0005445,0.00010465,-7.72E-05,0.0009815,-0.00056697,0.00096904,0.0836196,0.0804,0.627528,4.50348E-05,-0.0133057,-0.001630257,0.209874,1.96565E-05,3.77787E-06,-2.78836E-06,3.54322E-05,-2.04676E-05,3.49823E-05
0.0011967,0.70509,0.67,5.2294,-0.071511,-0.0095383,1.1066,0.00049216,5.42E-05,-4.25E-05,0.00089501,-0.00060806,0.0010062,0.0846108,0.0804,0.627528,4.32009E-05,-0.01358709,-0.001812277,0.210254,1.7767E-05,1.95579E-06,-1.53291E-06,3.23099E-05,-2.1951E-05,3.63238E-05
0.0012069,0.71335,0.67,5.2294,-0.072838,-0.010724,1.1088,0.00048145,2.39E-06,-1.80E-05,0.00080283,-0.00064339,0.0011295,0.085602,0.0804,0.627528,4.35691E-05,-0.01383922,-0.00203756,0.210672,1.73803E-05,8.63223E-08,-6.49475E-07,2.89822E-05,-2.32264E-05,4.0775E-05
0.0012289,0.7216,0.67,5.2294,-0.073979,-0.012046,1.1102,0.00050105,-5.39E-05,4.15E-06,0.00072529,-0.00065545,0.0012314,0.086592,0.0804,0.627528,4.43633E-05,-0.01405601,-0.00228874,0.210938,1.80879E-05,-1.94731E-06,1.49927E-07,2.6183E-05,-2.36617E-05,4.44535E-05
0.001238,0.72986,0.67,5.2294,-0.074955,-0.013561,1.1107,0.00053856,-0.00010622,2.37E-05,0.00067967,-0.00064322,0.0012578,0.0875832,0.0804,0.627528,4.46918E-05,-0.01424145,-0.00257659,0.211033,1.9442E-05,-3.83454E-06,8.56364E-07,2.45361E-05,-2.32202E-05,4.54066E-05
0.0012509,0.73811,0.67,5.2294,-0.075759,-0.015061,1.1101,0.00058403,-0.00014727,3.35E-05,0.00066982,-0.00062094,0.001248,0.0885732,0.0804,0.627528,4.51575E-05,-0.01439421,-0.00286159,0.210919,2.10835E-05,-5.31645E-06,1.21007E-06,2.41805E-05,-2.24159E-05,4.50528E-05
0.0012752,0.74637,0.67,5.2294,-0.07623,-0.016099,1.1082,0.00062826,-0.00017403,2.61E-05,0.00070091,-0.00059904,0.0012213,0.0895644,0.0804,0.627528,4.60347E-05,-0.0144837,-0.00305881,0.210558,2.26802E-05,-6.28248E-06,9.40983E-07,2.53029E-05,-2.16253E-05,4.40889E-05
0.0013192,0.75463,0.67,5.2294,-0.076294,-0.016373,1.1049,0.00066343,-0.00018225,-7.19E-06,0.00078018,-0.00059324,0.0011948,0.0905556,0.0804,0.627528,4.76231E-05,-0.01449586,-0.00311087,0.209931,2.39498E-05,-6.57923E-06,-2.59422E-07,2.81645E-05,-2.1416E-05,4.31323E-05
0.0013874,0.76288,0.67,5.2294,-0.076081,-0.01587,1.1006,0.0006861,-0.00017274,-5.35E-05,0.00090511,-0.00060307,0.0011836,0.0915456,0.0804,0.627528,5.00851E-05,-0.01445539,-0.0030153,0.209114,2.47682E-05,-6.23591E-06,-1.93182E-06,3.26745E-05,-2.17708E-05,4.2728E-05
0.0014799,0.77114,0.67,5.2294,-0.075686,-0.014844,1.0958,0.0006986,-0.00014703,-8.45E-05,0.0010631,-0.00062486,0.0011981,0.0925368,0.0804,0.627528,5.34244E-05,-0.01438034,-0.00282036,0.208202,2.52195E-05,-5.30778E-06,-3.04872E-06,3.83779E-05,-2.25574E-05,4.32514E-05
0.0015983,0.7794,0.67,5.2294,-0.075182,-0.013532,1.0911,0.00070953,-0.00010618,-9.52E-05,0.0012344,-0.00067058,0.0012527,0.093528,0.0804,0.627528,5.76986E-05,-0.01428458,-0.00257108,0.207309,2.5614E-05,-3.8331E-06,-3.43788E-06,4.45618E-05,-2.42079E-05,4.52225E-05
0.0017197,0.78765,0.67,5.2294,-0.074755,-0.011916,1.087,0.0007242,-5.80E-05,-9.37E-05,0.0013962,-0.00074961,0.001319,0.094518,0.0804,0.627528,6.20812E-05,-0.01420345,-0.00226404,0.20653,2.61436E-05,-2.09409E-06,-3.38362E-06,5.04028E-05,-2.70609E-05,4.76159E-05
0.0018341,0.79591,0.67,5.2294,-0.074405,-0.0097683,1.0836,0.00074495,-1.11E-05,-9.57E-05,0.0015363,-0.00085726,0.001387,0.0955092,0.0804,0.627528,6.6211E-05,-0.01413695,-0.001855977,0.205884,2.68927E-05,-3.99555E-07,-3.45574E-06,5.54604E-05,-3.09471E-05,5.00707E-05
0.0019633,0.80416,0.67,5.2294,-0.073945,-0.0069369,1.0807,0.00077463,3.01E-05,-0.00011587,0.0016584,-0.00097239,0.0014936,0.0964992,0.0804,0.627528,7.08751E-05,-0.01404955,-0.001318011,0.205333,2.79641E-05,1.08643E-06,-4.18291E-06,5.98682E-05,-3.51033E-05,5.3919E-05
0.0020989,0.81242,0.67,5.2294,-0.073353,-0.0035774,1.0776,0.00080914,5.36E-05,-0.00012535,0.0017726,-0.0010575,0.001616,0.0974904,0.0804,0.627528,7.57703E-05,-0.01393707,-0.000679706,0.204744,2.921E-05,1.93648E-06,-4.52514E-06,6.39909E-05,-3.81758E-05,5.83376E-05
0.0022256,0.82068,0.67,5.2294,-0.072731,-0.00010121,1.0741,0.00084209,4.00E-05,-9.98E-05,0.0018799,-0.0010888,0.0017293,0.0984816,0.0804,0.627528,8.03442E-05,-0.01381889,-1.92299E-05,0.204079,3.03994E-05,1.44256E-06,-3.60148E-06,6.78644E-05,-3.93057E-05,6.24277E-05
0.0023548,0.82893,0.67,5.2294,-0.072211,0.0030896,1.0708,0.00086872,-2.25E-05,-4.67E-05,0.001969,-0.0010756,0.0018719,0.0994716,0.0804,0.627528,8.50083E-05,-0.01372009,0.000587024,0.203452,3.13608E-05,-8.12214E-07,-1.68544E-06,7.10809E-05,-3.88292E-05,6.75756E-05
0.002496,0.83719,0.67,5.2294,-0.071965,0.0058091,1.0675,0.00087802,-0.00013268,5.69E-05,0.0020405,-0.0010596,0.0020735,0.1004628,0.0804,0.627528,9.01056E-05,-0.01367335,0.001103729,0.202825,3.16965E-05,-4.78975E-06,2.0551E-06,7.36621E-05,-3.82516E-05,7.48534E-05
0.0026677,0.84544,0.67,5.2294,-0.072011,0.0082058,1.0634,0.00086293,-0.00028159,0.00023136,0.002135,-0.0010965,0.0023375,0.1014528,0.0804,0.627528,9.6304E-05,-0.01368209,0.001559102,0.202046,3.11518E-05,-1.01654E-05,8.3521E-06,7.70735E-05,-3.95837E-05,8.43838E-05
0.002873,0.8537,0.67,5.2294,-0.072275,0.010648,1.0588,0.00083509,-0.00045184,0.00041515,0.0023088,-0.0012015,0.0026021,0.102444,0.0804,0.627528,0.000103715,-0.01373225,0.00202312,0.201172,3.01467E-05,-1.63114E-05,1.49869E-05,8.33477E-05,-4.33742E-05,9.39358E-05
0.0030394,0.86196,0.67,5.2294,-0.072779,0.013212,1.0545,0.00081866,-0.00061308,0.00052492,0.002546,-0.0013248,0.0027141,0.1034352,0.0804,0.627528,0.000109722,-0.01382801,0.00251028,0.200355,2.95536E-05,-2.21322E-05,1.89496E-05,9.19106E-05,-4.78253E-05,9.7979E-05
0.0030633,0.87021,0.67,5.2294,-0.073536,0.015499,1.0505,0.00083498,-0.00073151,0.00054621,0.0027115,-0.0013857,0.0025801,0.1044252,0.0804,0.627528,0.000110585,-0.01397184,0.00294481,0.199595,3.01428E-05,-2.64075E-05,1.97182E-05,9.78852E-05,-5.00238E-05,9.31416E-05
0.0029193,0.87847,0.67,5.2294,-0.074347,0.017103,1.046,0.00087938,-0.00079044,0.00053676,0.0026833,-0.0013475,0.0022759,0.1054164,0.0804,0.627528,0.000105387,-0.01412593,0.00324957,0.19874,3.17456E-05,-2.85349E-05,1.9377E-05,9.68671E-05,-4.86448E-05,8.216E-05
0.0027255,0.88672,0.67,5.2294,-0.074862,0.017975,1.0404,0.00093574,-0.00079782,0.00056709,0.0025017,-0.0012667,0.0020136,0.1064064,0.0804,0.627528,9.83906E-05,-0.01422378,0.00341525,0.197676,3.37802E-05,-2.88013E-05,2.04719E-05,9.03114E-05,-4.57279E-05,7.2691E-05
0.0025811,0.89498,0.67,5.2294,-0.075058,0.018216,1.0349,0.0010065,-0.0007758,0.00064934,0.0022798,-0.0012053,0.0018759,0.1073976,0.0804,0.627528,9.31777E-05,-0.01426102,0.00346104,0.196631,3.63347E-05,-2.80064E-05,2.34412E-05,8.23008E-05,-4.35113E-05,6.772E-05
0.0024701,0.90324,0.67,5.2294,-0.075136,0.017921,1.031,0.001103,-0.00073957,0.00072934,0.002079,-0.0011497,0.0017582,0.1083888,0.0804,0.627528,8.91706E-05,-0.01427584,0.00340499,0.19589,3.98183E-05,-2.66985E-05,2.63292E-05,7.50519E-05,-4.15042E-05,6.3471E-05
0.0023703,0.91149,0.67,5.2294,-0.075041,0.017293,1.0288,0.0012213,-0.00068751,0.0007637,0.0019068,-0.0010727,0.0016125,0.1093788,0.0804,0.627528,8.55678E-05,-0.01425779,0.00328567,0.195472,4.40889E-05,-2.48191E-05,2.75696E-05,6.88355E-05,-3.87245E-05,5.82113E-05
0.002284,0.91975,0.67,5.2294,-0.074654,0.016566,1.0269,0.0013412,-0.00061844,0.00074942,0.0017453,-0.00097863,0.0014815,0.11037,0.0804,0.627528,8.24524E-05,-0.01418426,0.00314754,0.195111,4.84173E-05,-2.23257E-05,2.70541E-05,6.30053E-05,-3.53285E-05,5.34822E-05
0.0021963,0.92801,0.67,5.2294,-0.073926,0.015745,1.0246,0.0014427,-0.00054644,0.00069544,0.0015787,-0.00088377,0.0013711,0.1113612,0.0804,0.627528,7.92864E-05,-0.01404594,0.00299155,0.194674,5.20815E-05,-1.97265E-05,2.51054E-05,5.69911E-05,-3.19041E-05,4.94967E-05
0.0021254,0.93626,0.67,5.2294,-0.072868,0.01451,1.022,0.001522,-0.00049183,0.00063313,0.0014052,-0.00083403,0.0013236,0.1123512,0.0804,0.627528,7.67269E-05,-0.01384492,0.0027569,0.19418,5.49442E-05,-1.77551E-05,2.2856E-05,5.07277E-05,-3.01085E-05,4.7782E-05
0.002086,0.94452,0.67,5.2294,-0.071668,0.012666,1.0193,0.0015916,-0.00047279,0.00058254,0.0012508,-0.00084489,0.0013297,0.1133424,0.0804,0.627528,7.53046E-05,-0.01361692,0.00240654,0.193667,5.74568E-05,-1.70677E-05,2.10297E-05,4.51539E-05,-3.05005E-05,4.80022E-05
0.002098,0.95277,0.67,5.2294,-0.070495,0.010494,1.0165,0.0016628,-0.00048455,0.0005421,0.00116,-0.0008936,0.0013732,0.1143324,0.0804,0.627528,7.57378E-05,-0.01339405,0.00199386,0.193135,6.00271E-05,-1.74923E-05,1.95698E-05,0.000041876,-3.2259E-05,4.95725E-05
0.0021788,0.96103,0.67,5.2294,-0.069385,0.0085125,1.0133,0.0017371,-0.00049812,0.00052666,0.001153,-0.00096192,0.0014675,0.1153236,0.0804,0.627528,7.86547E-05,-0.01318315,0.001617375,0.192527,6.27093E-05,-1.79821E-05,1.90124E-05,4.16233E-05,-3.47253E-05,5.29768E-05
0.0023223,0.96929,0.67,5.2294,-0.068245,0.0071902,1.0088,0.0018128,-0.00049546,0.00054394,0.0012037,-0.0010191,0.0016281,0.1163148,0.0804,0.627528,8.3835E-05,-0.01296655,0.001366138,0.191672,6.54421E-05,-1.78861E-05,1.96362E-05,4.34536E-05,-3.67895E-05,5.87744E-05
0.00246,0.97754,0.67,5.2294,-0.066889,0.0068272,1.0025,0.0018913,-0.00047459,0.0005884,0.0012555,-0.0010383,0.0017732,0.1173048,0.0804,0.627528,0.000088806,-0.01270891,0.001297168,0.190475,6.82759E-05,-1.71327E-05,2.12412E-05,4.53236E-05,-3.74826E-05,6.40125E-05
0.0025238,0.9858,0.67,5.2294,-0.065551,0.0075016,0.99454,0.0019748,-0.00043819,0.0006451,0.0012559,-0.0010067,0.0018169,0.118296,0.0804,0.627528,9.11092E-05,-0.01245469,0.001425304,0.1889626,7.12903E-05,-1.58187E-05,2.32881E-05,4.5338E-05,-3.63419E-05,6.55901E-05
0.0025032,0.99405,0.67,5.2294,-0.064621,0.0088238,0.98592,0.0020774,-0.00038434,0.00069475,0.001206,-0.00092555,0.001723,0.119286,0.0804,0.627528,9.03655E-05,-0.01227799,0.001676522,0.1873248,7.49941E-05,-1.38747E-05,2.50805E-05,4.35366E-05,-3.34124E-05,6.22003E-05
0.0024387,1.0023,0.67,5.2294,-0.063911,0.010116,0.9775,0.0022054,-0.00031571,0.00070194,0.0011602,-0.000809,0.0015119,0.120276,0.0804,0.627528,8.80371E-05,-0.01214309,0.00192204,0.185725,7.96149E-05,-1.13971E-05,2.534E-05,4.18832E-05,-2.92049E-05,5.45796E-05
0.0024163,1.0106,0.67,5.2294,-0.063112,0.01106,0.9698,0.0023456,-0.00023316,0.0006565,0.0011687,-0.00068981,0.0013183,0.121272,0.0804,0.627528,8.72284E-05,-0.01199128,0.0021014,0.184262,8.46762E-05,-8.41708E-06,2.36997E-05,4.21901E-05,-2.49021E-05,4.75906E-05
0.002434,1.0188,0.67,5.2294,-0.062085,0.012012,0.96344,0.0024858,-0.0001304,0.00058233,0.0012349,-0.00060783,0.0011473,0.122256,0.0804,0.627528,8.78674E-05,-0.01179615,0.00228228,0.1830536,8.97374E-05,-4.70744E-06,2.10221E-05,4.45799E-05,-2.19427E-05,4.14175E-05
0.0024877,1.0271,0.67,5.2294,-0.060754,0.013459,0.95893,0.002627,-4.66E-06,0.00051164,0.0013192,-0.00057433,0.0010291,0.123252,0.0804,0.627528,8.9806E-05,-0.01154326,0.00255721,0.1821967,9.48347E-05,-1.68327E-07,1.84702E-05,4.76231E-05,-2.07333E-05,3.71505E-05
0.0025724,1.0353,0.67,5.2294,-0.059157,0.015147,0.95587,0.0027714,0.00013522,0.00046761,0.0013801,-0.00055373,0.00099331,0.124236,0.0804,0.627528,9.28636E-05,-0.01123983,0.00287793,0.1816153,0.000100048,4.88144E-06,1.68807E-05,4.98216E-05,-1.99897E-05,3.58585E-05
0.0026732,1.0436,0.67,5.2294,-0.057368,0.016396,0.95346,0.0029005,0.00026948,0.00042212,0.001412,-0.00051509,0.0010339,0.125232,0.0804,0.627528,9.65025E-05,-0.01089992,0.00311524,0.1811574,0.000104708,9.72823E-06,1.52385E-05,5.09732E-05,-1.85947E-05,3.73238E-05
0.0027834,1.0518,0.67,5.2294,-0.055556,0.016921,0.95114,0.0030033,0.00037585,0.00037442,0.0014145,-0.00047689,0.0011491,0.126216,0.0804,0.627528,0.000100481,-0.01055564,0.00321499,0.1807166,0.000108419,1.35682E-05,1.35166E-05,5.10635E-05,-1.72157E-05,4.14825E-05
0.0028701,1.0601,0.67,5.2294,-0.053971,0.016933,0.94877,0.0030704,0.00042649,0.0003113,0.0013677,-0.00047294,0.0013021,0.127212,0.0804,0.627528,0.000103611,-0.01025449,0.00321727,0.1802663,0.000110841,1.53963E-05,1.12379E-05,4.9374E-05,-1.70731E-05,4.70058E-05
0.0029218,1.0684,0.67,5.2294,-0.052765,0.01678,0.94634,0.0030881,0.00040647,0.00023749,0.0012727,-0.00049765,0.0014828,0.128208,0.0804,0.627528,0.000105477,-0.01002535,0.0031882,0.1798046,0.00011148,1.46736E-05,8.57339E-06,4.59445E-05,-1.79652E-05,5.35291E-05
0.0029395,1.0766,0.67,5.2294,-0.051945,0.016627,0.94381,0.0030479,0.00032885,0.00017147,0.0011664,-0.00055312,0.0016647,0.129192,0.0804,0.627528,0.000106116,-0.00986955,0.00315913,0.1793239,0.000110029,1.18715E-05,6.19007E-06,4.2107E-05,-1.99676E-05,6.00957E-05
0.0029423,1.0849,0.67,5.2294,-0.051423,0.016505,0.94122,0.0029551,0.00023105,0.0001034,0.0010947,-0.00063866,0.0018348,0.130188,0.0804,0.627528,0.000106217,-0.00977037,0.00313595,0.1788318,0.000106679,8.34091E-06,3.73274E-06,3.95187E-05,-2.30556E-05,6.62363E-05
0.0029577,1.0931,0.67,5.2294,-0.051073,0.016521,0.93878,0.0028323,0.0001436,5.90E-05,0.0010702,-0.00075565,0.0020129,0.131172,0.0804,0.627528,0.000106773,-0.00970387,0.00313899,0.1783682,0.000102246,5.18396E-06,2.13004E-06,3.86342E-05,-2.7279E-05,7.26657E-05
0.0030051,1.1014,0.67,5.2294,-0.050808,0.016804,0.93626,0.0026803,7.61E-05,1.89E-05,0.001074,-0.0009111,0.0022558,0.132168,0.0804,0.627528,0.000108484,-0.00965352,0.00319276,0.1778894,9.67588E-05,2.74887E-06,6.8229E-07,3.87714E-05,-3.28907E-05,8.14344E-05
0.0031026,1.1096,0.67,5.2294,-0.050454,0.017345,0.933,0.0025037,2.68E-05,-1.40E-05,0.0010903,-0.0010839,0.0026113,0.133152,0.0804,0.627528,0.000112004,-0.00958626,0.00329555,0.17727,9.03836E-05,9.67336E-07,-5.0457E-07,3.93598E-05,-3.91288E-05,9.42679E-05
0.0032045,1.1179,0.67,5.2294,-0.049767,0.017989,0.92897,0.0023229,-1.50E-05,-4.54E-05,0.0011077,-0.0012394,0.0029785,0.134148,0.0804,0.627528,0.000115682,-0.00945573,0.00341791,0.1765043,8.38567E-05,-5.4298E-07,-1.63919E-06,3.9988E-05,-4.47423E-05,0.000107524
0.0032773,1.1262,0.67,5.2294,-0.048718,0.018666,0.92479,0.0021565,-5.60E-05,-8.67E-05,0.0011112,-0.0013566,0.0032868,0.135144,0.0804,0.627528,0.000118311,-0.00925642,0.00354654,0.1757101,7.78497E-05,-2.02207E-06,-3.13038E-06,4.01143E-05,-4.89733E-05,0.000118653
0.0033289,1.1344,0.67,5.2294,-0.047422,0.019498,0.92088,0.0020159,-9.00E-05,-0.0001083,0.0010992,-0.0014407,0.0035426,0.136128,0.0804,0.627528,0.000120173,-0.00901018,0.00370462,0.1749672,7.2774E-05,-3.24849E-06,-3.90963E-06,3.96811E-05,-5.20093E-05,0.000127888
0.0033942,1.1427,0.67,5.2294,-0.045979,0.020711,0.91734,0.0019033,-0.00010614,-0.00010221,0.0010982,-0.0014914,0.0037868,0.137124,0.0804,0.627528,0.000122531,-0.00873601,0.00393509,0.1742946,6.87091E-05,-3.83165E-06,-3.68978E-06,3.9645E-05,-5.38395E-05,0.000136703
0.0035023,1.1509,0.67,5.2294,-0.044396,0.022328,0.91442,0.0018161,-0.0001084,-4.98E-05,0.0011503,-0.0015288,0.0040382,0.138108,0.0804,0.627528,0.000126433,-0.00843524,0.00424232,0.1737398,6.55612E-05,-3.91324E-06,-1.79735E-06,4.15258E-05,-5.51897E-05,0.000145779
0.0036134,1.1592,0.67,5.2294,-0.042621,0.024065,0.91249,0.0017441,-0.00011196,1.02E-05,0.0012763,-0.0015937,0.0042064,0.139104,0.0804,0.627528,0.000130444,-0.00809799,0.00457235,0.1733731,6.2962E-05,-4.04176E-06,3.68545E-07,4.60744E-05,-5.75326E-05,0.000151851
0.0036853,1.1674,0.67,5.2294,-0.040634,0.025457,0.91138,0.0016842,-0.00012418,3.94E-05,0.0014701,-0.0017019,0.0042162,0.140088,0.0804,0.627528,0.000133039,-0.00772046,0.00483683,0.1731622,6.07996E-05,-4.4829E-06,1.42075E-06,5.30706E-05,-6.14386E-05,0.000152205
0.003704,1.1757,0.67,5.2294,-0.038469,0.026107,0.91049,0.001638,-0.00013464,4.48E-05,0.001695,-0.0018209,0.0040751,0.141084,0.0804,0.627528,0.000133714,-0.00730911,0.00496033,0.1729931,5.91318E-05,-4.8605E-06,1.61789E-06,6.11895E-05,-6.57345E-05,0.000147111
0.0036748,1.1839,0.67,5.2294,-0.036328,0.026088,0.90976,0.0016027,-0.00012776,3.64E-05,0.0018739,-0.0019244,0.003873,0.142068,0.0804,0.627528,0.00013266,-0.00690232,0.00495672,0.1728544,5.78575E-05,-4.61214E-06,1.31335E-06,6.76478E-05,-6.94708E-05,0.000139815
0.0036393,1.1922,0.67,5.2294,-0.034393,0.02588,0.90968,0.0015773,-0.00010438,3.41E-06,0.0019399,-0.0020143,0.0037614,0.143064,0.0804,0.627528,0.000131379,-0.00653467,0.0049172,0.1728392,5.69405E-05,-3.76812E-06,1.23047E-07,7.00304E-05,-7.27162E-05,0.000135787
0.0036066,1.2005,0.67,5.2294,-0.032673,0.025771,0.91028,0.0015566,-7.98E-05,-5.82E-05,0.0018649,-0.0020731,0.0037916,0.14406,0.0804,0.627528,0.000130198,-0.00620787,0.00489649,0.1729532,5.61933E-05,-2.88157E-06,-2.10048E-06,6.73229E-05,-7.48389E-05,0.000136877
0.0035503,1.2087,0.67,5.2294,-0.031075,0.025778,0.91131,0.001524,-7.16E-05,-0.00013304,0.0016564,-0.0020521,0.0039203,0.145044,0.0804,0.627528,0.000128166,-0.00590425,0.00489782,0.1731489,5.50164E-05,-2.58328E-06,-4.80274E-06,5.9796E-05,-7.40808E-05,0.000141523
0.0034407,1.217,0.67,5.2294,-0.029495,0.025862,0.913,0.0014703,-8.48E-05,-0.00017178,0.0013896,-0.0019332,0.0040214,0.14604,0.0804,0.627528,0.000124209,-0.00560405,0.00491378,0.17347,5.30778E-05,-3.06189E-06,-6.20126E-06,5.01646E-05,-6.97885E-05,0.000145173
0.0032533,1.2252,0.67,5.2294,-0.027871,0.025894,0.91569,0.0013954,-0.00010772,-0.00012844,0.001175,-0.0017696,0.0039363,0.147024,0.0804,0.627528,0.000117444,-0.00529549,0.00491986,0.1739811,5.03739E-05,-3.88869E-06,-4.63668E-06,4.24175E-05,-6.38826E-05,0.0001421
0.0030056,1.2335,0.67,5.2294,-0.026207,0.025762,0.9194,0.0013054,-0.00011942,-2.38E-05,0.0010772,-0.0016224,0.0036285,0.14802,0.0804,0.627528,0.000108502,-0.00497933,0.00489478,0.174686,4.71249E-05,-4.31106E-06,-8.59E-07,3.88869E-05,-5.85686E-05,0.000130989
0.0027469,1.2417,0.67,5.2294,-0.024544,0.025422,0.9238,0.0012201,-0.00011115,9.81E-05,0.0010852,-0.0014892,0.0031886,0.149004,0.0804,0.627528,9.91631E-05,-0.00466336,0.00483018,0.175522,4.40456E-05,-4.01252E-06,3.54163E-06,3.91757E-05,-5.37601E-05,0.000115108
0.0025134,1.25,0.67,5.2294,-0.022813,0.024742,0.92815,0.0011608,-9.71E-05,0.00018808,0.0011344,-0.0013265,0.0027317,0.15,0.0804,0.627528,9.07337E-05,-0.00433447,0.00470098,0.1763485,4.19049E-05,-3.50459E-06,6.78969E-06,4.09518E-05,-4.78867E-05,9.86144E-05
0.0022933,1.2583,0.67,5.2294,-0.020891,0.023425,0.93185,0.0011318,-9.28E-05,0.00022016,0.0011682,-0.0011136,0.0022866,0.150996,0.0804,0.627528,8.27881E-05,-0.00396929,0.00445075,0.1770515,4.0858E-05,-3.35163E-06,7.94778E-06,4.2172E-05,-4.0201E-05,8.25463E-05
0.0021234,1.2665,0.67,5.2294,-0.018758,0.02136,0.935,0.0011274,-0.00010738,0.00020117,0.0011856,-0.00089278,0.0019338,0.15198,0.0804,0.627528,7.66547E-05,-0.00356402,0.0040584,0.17765,4.06991E-05,-3.87642E-06,7.26224E-06,4.28002E-05,-3.22294E-05,6.98102E-05
0.0020507,1.2748,0.67,5.2294,-0.016558,0.01874,0.93768,0.0011501,-0.00013744,0.00015252,0.0012092,-0.00071854,0.0017422,0.152976,0.0804,0.627528,7.40303E-05,-0.00314602,0.0035606,0.1781592,4.15186E-05,-4.96158E-06,5.50597E-06,4.36521E-05,-2.59393E-05,6.28934E-05
0.0020292,1.283,0.67,5.2294,-0.014516,0.015992,0.93964,0.0011844,-0.00015952,0.00010245,0.0012384,-0.00058812,0.0016356,0.15396,0.0804,0.627528,7.32541E-05,-0.00275804,0.00303848,0.1785316,4.27568E-05,-5.75867E-06,3.69845E-06,4.47062E-05,-2.12311E-05,5.90452E-05
0.0020027,1.2913,0.67,5.2294,-0.012801,0.013731,0.94103,0.0011831,-0.0001602,9.04E-05,0.0012769,-0.000466,0.0015455,0.154956,0.0804,0.627528,7.22975E-05,-0.00243219,0.00260889,0.1787957,4.27099E-05,-5.78322E-06,3.26438E-06,4.60961E-05,-1.68226E-05,5.57926E-05
0.0019877,1.2995,0.67,5.2294,-0.011426,0.012294,0.94188,0.0011477,-0.00015509,9.85E-05,0.0013219,-0.00031765,0.0015057,0.15594,0.0804,0.627528,7.1756E-05,-0.00217094,0.00233586,0.1789572,4.1432E-05,-5.59875E-06,3.55701E-06,4.77206E-05,-1.14672E-05,5.43558E-05
0.0019743,1.3078,0.67,5.2294,-0.010238,0.011475,0.94197,0.0011187,-0.00015063,8.81E-05,0.0013256,-0.00015855,0.0015043,0.156936,0.0804,0.627528,7.12722E-05,-0.00194522,0.00218025,0.1789743,4.03851E-05,-5.43774E-06,3.17918E-06,4.78542E-05,-5.72366E-06,5.43052E-05
0.001897,1.316,0.67,5.2294,-0.0090771,0.010912,0.94147,0.0010943,-0.00013472,6.82E-05,0.0012292,-2.42E-05,0.0014706,0.15792,0.0804,0.627528,6.84817E-05,-0.001724649,0.00207328,0.1788793,3.95042E-05,-4.86339E-06,2.4618E-06,4.43741E-05,-8.75317E-07,5.30887E-05
0.0017853,1.3243,0.67,5.2294,-0.0079023,0.010574,0.94067,0.0010636,-0.00010931,4.67E-05,0.0010439,7.98E-05,0.0014631,0.158916,0.0804,0.627528,6.44493E-05,-0.001501437,0.00200906,0.1787273,3.8396E-05,-3.94609E-06,1.68764E-06,3.76848E-05,2.87995E-06,5.28179E-05
0.0016771,1.3326,0.67,5.2294,-0.0067298,0.010583,0.93943,0.0010335,-8.78E-05,7.99E-06,0.00085164,0.00014482,0.001469,0.159912,0.0804,0.627528,6.05433E-05,-0.001278662,0.00201077,0.1784917,3.73094E-05,-3.17102E-06,2.88316E-07,3.07442E-05,5.228E-06,5.30309E-05
0.0015462,1.3408,0.67,5.2294,-0.0055231,0.010701,0.93756,0.00099627,-7.54E-05,-3.28E-05,0.00070383,0.00015199,0.0013922,0.160896,0.0804,0.627528,5.58178E-05,-0.001049389,0.00203319,0.1781364,3.59653E-05,-2.72068E-06,-1.18426E-06,2.54083E-05,5.48684E-06,5.02584E-05
0.0014188,1.3491,0.67,5.2294,-0.0041892,0.010463,0.93512,0.00095901,-6.78E-05,-7.07E-05,0.00059938,0.00010465,0.0012791,0.161892,0.0804,0.627528,5.12187E-05,-0.000795948,0.00198797,0.1776728,3.46203E-05,-2.44845E-06,-2.55169E-06,2.16376E-05,3.77787E-06,4.61755E-05
0.0013274,1.3573,0.67,5.2294,-0.0027039,0.0097254,0.93275,0.00093239,-6.41E-05,-0.00013165,0.00053419,3.31E-05,0.0011881,0.162876,0.0804,0.627528,4.79191E-05,-0.000513741,0.001847826,0.1772225,3.36593E-05,-2.31228E-06,-4.75257E-06,1.92843E-05,1.19578E-06,4.28904E-05
0.0012129,1.3656,0.67,5.2294,-0.0010803,0.0085798,0.9315,0.0008858,-6.25E-05,-0.00015033,0.00050758,-3.89E-05,0.0010323,0.163872,0.0804,0.627528,4.37857E-05,-0.000205257,0.001630162,0.176985,3.19774E-05,-2.25528E-06,-5.42691E-06,1.83236E-05,-1.40397E-06,3.7266E-05
0.0011112,1.3738,0.67,5.2294,0.0006243,0.0072714,0.93155,0.00082508,-6.05E-05,-0.00012012,0.00050707,-0.00010703,0.0008903,0.164856,0.0804,0.627528,4.01143E-05,0.000118617,0.001381566,0.1769945,2.97854E-05,-2.18354E-06,-4.33633E-06,1.83052E-05,-3.86378E-06,3.21398E-05
0.0010795,1.3821,0.67,5.2294,0.0022783,0.0061279,0.9324,0.00078811,-5.79E-05,-0.00011442,0.00052106,-0.00015443,0.00084993,0.165852,0.0804,0.627528,3.897E-05,0.000432877,0.001164301,0.177156,2.84508E-05,-2.09171E-06,-4.13056E-06,1.88103E-05,-5.57492E-06,3.06825E-05
0.0010626,1.3903,0.67,5.2294,0.0038461,0.0054761,0.93335,0.00077134,-5.20E-05,-0.00011634,0.00055094,-0.00018253,0.00080286,0.166836,0.0804,0.627528,3.83599E-05,0.000730759,0.001040459,0.1773365,2.78454E-05,-1.87778E-06,-4.19987E-06,1.98889E-05,-6.58933E-06,2.89832E-05
0.0010987,1.3986,0.67,5.2294,0.0053998,0.0053385,0.93429,0.00075642,-4.69E-05,-8.10E-05,0.0005948,-0.0002154,0.00084612,0.167832,0.0804,0.627528,3.96631E-05,0.001025962,0.001014315,0.1775151,2.73068E-05,-1.69367E-06,-2.92406E-06,2.14723E-05,-7.77594E-06,3.05449E-05
0.001143,1.4069,0.67,5.2294,0.0069208,0.0053721,0.93577,0.00074688,-5.34E-05,-5.06E-05,0.00064812,-0.00023126,0.00089107,0.168828,0.0804,0.627528,4.12623E-05,0.001314952,0.001020699,0.1777963,2.69624E-05,-1.92622E-06,-1.82717E-06,2.33971E-05,-8.34849E-06,3.21676E-05
0.0011725,1.4151,0.67,5.2294,0.0083395,0.0053503,0.93799,0.00074545,-6.91E-05,-2.06E-05,0.0007153,-0.00025079,0.00088432,0.169812,0.0804,0.627528,4.23273E-05,0.001584505,0.001016557,0.1782181,2.69107E-05,-2.4935E-06,-7.44887E-07,2.58223E-05,-9.05352E-06,3.1924E-05
0.0012632,1.4234,0.67,5.2294,0.0096484,0.0051795,0.94111,0.00074824,-8.84E-05,4.05E-06,0.00080273,-0.00027461,0.00097548,0.170808,0.0804,0.627528,4.56015E-05,0.001833196,0.000984105,0.1788109,2.70115E-05,-3.19149E-06,1.4631E-07,2.89786E-05,-9.91342E-06,3.52148E-05
0.0013547,1.4316,0.67,5.2294,0.010809,0.0048493,0.94509,0.00075343,-0.00010994,1.22E-05,0.00091775,-0.00028394,0.0010382,0.171792,0.0804,0.627528,4.89047E-05,0.00205371,0.000921367,0.1795671,2.71988E-05,-3.96883E-06,4.40889E-07,3.31308E-05,-1.02502E-05,3.7479E-05
0.0014693,1.4399,0.67,5.2294,0.011803,0.0041359,0.94972,0.00075569,-0.00013402,2.48E-05,0.0010599,-0.00028799,0.0011229,0.172788,0.0804,0.627528,5.30417E-05,0.00224257,0.000785821,0.1804468,2.72804E-05,-4.83812E-06,8.94305E-07,3.82624E-05,-1.03964E-05,4.05367E-05
0.0015826,1.4481,0.67,5.2294,0.012641,0.0028483,0.95502,0.00075774,-0.00016271,1.56E-05,0.0012082,-0.00028138,0.0011993,0.173772,0.0804,0.627528,5.71319E-05,0.00240179,0.000541177,0.1814538,2.73544E-05,-5.87383E-06,5.64351E-07,4.3616E-05,-1.01578E-05,4.32947E-05
0.0016671,1.4564,0.67,5.2294,0.013384,0.0010361,0.96094,0.00075565,-0.00019163,2.33E-05,0.0013344,-0.00028909,0.0012441,0.174768,0.0804,0.627528,6.01823E-05,0.00254296,0.000196859,0.1825786,2.7279E-05,-6.91784E-06,8.42177E-07,4.81718E-05,-1.04361E-05,4.4912E-05
0.0017347,1.4647,0.67,5.2294,0.014101,-0.001279,0.96708,0.00074379,-0.00021922,4.69E-05,0.0014228,-0.00032211,0.0013027,0.175764,0.0804,0.627528,6.26227E-05,0.00267919,-0.00024301,0.1837452,2.68508E-05,-7.91384E-06,1.69172E-06,5.13631E-05,-1.16282E-05,4.70275E-05
0.0017732,1.4729,0.67,5.2294,0.014827,-0.0038341,0.97262,0.0007239,-0.00024549,7.31E-05,0.001468,-0.000385,0.0013545,0.176748,0.0804,0.627528,6.40125E-05,0.00281713,-0.000728479,0.1847978,2.61328E-05,-8.86219E-06,2.64039E-06,5.29948E-05,-1.38985E-05,4.88975E-05
0.0017846,1.4812,0.67,5.2294,0.015571,-0.006264,0.9771,0.00069865,-0.00026545,0.00010023,0.0014598,-0.00048508,0.0014107,0.177744,0.0804,0.627528,6.44241E-05,0.00295849,-0.00119016,0.185649,2.52213E-05,-9.58275E-06,3.6183E-06,5.26988E-05,-1.75114E-05,5.09263E-05
0.0017841,1.4894,0.67,5.2294,0.016342,-0.0080664,0.9806,0.00067307,-0.00027444,0.00012986,0.0014007,-0.00061468,0.0014945,0.178728,0.0804,0.627528,6.4406E-05,0.00310498,-0.001532616,0.186314,2.42978E-05,-9.90728E-06,4.68795E-06,5.05653E-05,-2.21899E-05,5.39515E-05
0.001812,1.4977,0.67,5.2294,0.017254,-0.0086658,0.98379,0.00065256,-0.00027069,0.00017373,0.0013358,-0.00075257,0.0016358,0.179724,0.0804,0.627528,6.54132E-05,0.00327826,-0.001646502,0.1869201,2.35574E-05,-9.77191E-06,6.27165E-06,4.82224E-05,-2.71678E-05,5.90524E-05
0.0018666,1.5059,0.67,5.2294,0.01836,-0.0080055,0.98761,0.00063412,-0.00026131,0.00024394,0.0013199,-0.00087778,0.0017792,0.180708,0.0804,0.627528,6.73843E-05,0.0034884,-0.001521045,0.1876459,2.28917E-05,-9.43329E-06,8.80623E-06,4.76484E-05,-3.16879E-05,6.42291E-05
0.0019461,1.5142,0.67,5.2294,0.019627,-0.0067697,0.99198,0.00061154,-0.00025989,0.00032826,0.0013621,-0.00097611,0.0019186,0.181704,0.0804,0.627528,7.02542E-05,0.00372913,-0.001286243,0.1884762,2.20766E-05,-9.38203E-06,1.18502E-05,4.91718E-05,-3.52376E-05,6.92615E-05
0.0020109,1.5224,0.67,5.2294,0.021076,-0.0059309,0.99624,0.0005828,-0.00026936,0.00039978,0.0014182,-0.001038,0.0020209,0.182688,0.0804,0.627528,7.25935E-05,0.00400444,-0.001126871,0.1892856,2.10391E-05,-9.7239E-06,1.44321E-05,5.1197E-05,-3.74718E-05,7.29545E-05
0.0020184,1.5307,0.67,5.2294,0.022721,-0.0058178,0.99996,0.00054971,-0.0002797,0.00042992,0.0014399,-0.001063,0.0020472,0.183684,0.0804,0.627528,7.28642E-05,0.00431699,-0.001105382,0.1899924,1.98445E-05,-1.00972E-05,1.55201E-05,5.19804E-05,-3.83743E-05,7.39039E-05
0.0019672,1.539,0.67,5.2294,0.024469,-0.0062708,1.003,0.00051347,-0.00028016,0.0004203,0.0014205,-0.0010638,0.0020004,0.18468,0.0804,0.627528,7.10159E-05,0.00464911,-0.001191452,0.19057,1.85363E-05,-1.01138E-05,1.51728E-05,5.12801E-05,-3.84032E-05,7.22144E-05
0.001895,1.5472,0.67,5.2294,0.026129,-0.0067837,1.0055,0.00047748,-0.00027035,0.00039639,0.0013865,-0.0010515,0.0019259,0.185664,0.0804,0.627528,6.84095E-05,0.00496451,-0.001288903,0.191045,1.7237E-05,-9.75964E-06,1.43097E-05,5.00527E-05,-3.79592E-05,6.9525E-05
0.0018317,1.5555,0.67,5.2294,0.027616,-0.0068167,1.0072,0.00045334,-0.00025853,0.00036442,0.0013512,-0.001043,0.0018589,0.18666,0.0804,0.627528,6.61244E-05,0.00524704,-0.001295173,0.191368,1.63656E-05,-9.33293E-06,1.31556E-05,4.87783E-05,-3.76523E-05,6.71063E-05
0.0017844,1.5637,0.67,5.2294,0.028975,-0.0064836,1.0078,0.00044727,-0.00025011,0.00033136,0.0013045,-0.0010386,0.0018171,0.187644,0.0804,0.627528,6.44168E-05,0.00550525,-0.001231884,0.191482,1.61464E-05,-9.02897E-06,1.19621E-05,4.70925E-05,-3.74935E-05,6.55973E-05
0.0017464,1.572,0.67,5.2294,0.030162,-0.0060657,1.0078,0.00045503,-0.00024458,0.00029956,0.0012468,-0.0010216,0.0017909,0.18864,0.0804,0.627528,6.3045E-05,0.00573078,-0.001152483,0.191482,1.64266E-05,-8.82934E-06,1.08141E-05,4.50095E-05,-3.68798E-05,6.46515E-05
0.0017098,1.5802,0.67,5.2294,0.031083,-0.0056275,1.0074,0.00047085,-0.00024176,0.00028092,0.0011911,-0.00098493,0.0017575,0.189624,0.0804,0.627528,6.17238E-05,0.00590577,-0.001069225,0.191406,1.69977E-05,-8.72754E-06,1.01412E-05,4.29987E-05,-3.5556E-05,6.34458E-05
0.00167,1.5885,0.67,5.2294,0.031787,-0.0050574,1.0068,0.00049209,-0.00024368,0.00027604,0.0011542,-0.00093524,0.0016937,0.19062,0.0804,0.627528,0.000060287,0.00603953,-0.000960906,0.191292,1.77644E-05,-8.79685E-06,9.96504E-06,4.16666E-05,-3.37622E-05,6.11426E-05
0.0016296,1.5968,0.67,5.2294,0.032335,-0.0040893,1.0055,0.00051766,-0.00025377,0.00027594,0.0011493,-0.00087829,0.0015923,0.191616,0.0804,0.627528,5.88286E-05,0.00614365,-0.000776967,0.191045,1.86875E-05,-9.1611E-06,9.96143E-06,4.14897E-05,-3.17063E-05,5.7482E-05
0.0015987,1.605,0.67,5.2294,0.032734,-0.0025179,1.0027,0.00055095,-0.00027381,0.00026766,0.0011735,-0.00079694,0.001473,0.1926,0.0804,0.627528,5.77131E-05,0.00621946,-0.000478401,0.190513,1.98893E-05,-9.88454E-06,9.66253E-06,4.23634E-05,-2.87695E-05,5.31753E-05
0.001573,1.6133,0.67,5.2294,0.033063,-0.00037762,0.99837,0.00059186,-0.00029273,0.0002418,0.001199,-0.00066819,0.0013552,0.193596,0.0804,0.627528,5.67853E-05,0.00628197,-7.17478E-05,0.1896903,2.13661E-05,-1.05676E-05,8.72898E-06,4.32839E-05,-2.41217E-05,4.89227E-05
0.0015385,1.6215,0.67,5.2294,0.033398,0.0020984,0.99429,0.000634,-0.00029539,0.00019883,0.0011943,-0.00050911,0.0012488,0.19458,0.0804,0.627528,5.55399E-05,0.00634562,0.000398696,0.1889151,2.28874E-05,-1.06636E-05,7.17776E-06,4.31142E-05,-1.83789E-05,4.50817E-05
0.0014873,1.6298,0.67,5.2294,0.033709,0.0046588,0.99252,0.00067882,-0.0002822,0.00015094,0.001158,-0.00037491,0.0011377,0.195576,0.0804,0.627528,5.36915E-05,0.00640471,0.000885172,0.1885788,2.45054E-05,-1.01874E-05,5.44893E-06,4.18038E-05,-1.35343E-05,4.1071E-05
0.0014317,1.638,0.67,5.2294,0.033895,0.0071381,0.99377,0.00073513,-0.00026492,9.80E-05,0.0011174,-0.00028114,0.0010109,0.19656,0.0804,0.627528,5.16844E-05,0.00644005,0.001356239,0.1888163,2.65382E-05,-9.56361E-06,3.53928E-06,4.03381E-05,-1.01492E-05,3.64935E-05
0.0013952,1.6463,0.67,5.2294,0.033831,0.0093813,0.99686,0.00080742,-0.00025232,5.53E-05,0.0010903,-0.00020829,0.00089259,0.197556,0.0804,0.627528,5.03667E-05,0.00642789,0.001782447,0.1894034,2.91479E-05,-9.10875E-06,1.99582E-06,3.93598E-05,-7.51927E-06,3.22225E-05
0.0013858,1.6545,0.67,5.2294,0.033479,0.01111,0.99979,0.00090131,-0.00024586,4.77E-05,0.0010676,-0.00015723,0.00080272,0.19854,0.0804,0.627528,5.00274E-05,0.00636101,0.0021109,0.1899601,3.25373E-05,-8.87555E-06,1.72211E-06,3.85404E-05,-5.676E-06,2.89782E-05
0.001416,1.6628,0.67,5.2294,0.032942,0.012089,1.0018,0.0010245,-0.00023964,5.77E-05,0.0010403,-0.00012895,0.00076728,0.199536,0.0804,0.627528,5.11176E-05,0.00625898,0.00229691,0.190342,3.69845E-05,-8.651E-06,2.08257E-06,3.75548E-05,-4.6551E-06,2.76988E-05
0.001517,1.6711,0.67,5.2294,0.032394,0.012497,1.0031,0.001175,-0.00022463,7.01E-05,0.0010156,-0.00011252,0.00084343,0.200532,0.0804,0.627528,5.47637E-05,0.00615486,0.00237443,0.190589,4.24175E-05,-8.10914E-06,2.53216E-06,3.66632E-05,-4.06197E-06,3.04478E-05
0.0017099,1.6793,0.67,5.2294,0.031985,0.013019,1.0043,0.0013478,-0.00020481,0.00011334,0.0010319,-0.0001217,0.0010402,0.201516,0.0804,0.627528,6.17274E-05,0.00607715,0.00247361,0.190817,4.86556E-05,-7.39364E-06,4.09157E-06,3.72516E-05,-4.39337E-06,3.75512E-05
0.0019531,1.6876,0.67,5.2294,0.031778,0.014041,1.0059,0.0015355,-0.00020038,0.00019616,0.0011265,-0.00017762,0.0012442,0.202512,0.0804,0.627528,7.05069E-05,0.00603782,0.00266779,0.191121,5.54316E-05,-7.23372E-06,7.08138E-06,4.06667E-05,-6.41208E-06,4.49156E-05
0.0022022,1.6958,0.67,5.2294,0.031791,0.014982,1.0061,0.0017261,-0.00022066,0.00031127,0.0012179,-0.00032002,0.0014604,0.203496,0.0804,0.627528,7.94994E-05,0.00604029,0.00284658,0.191159,6.23122E-05,-7.96583E-06,1.12368E-05,4.39662E-05,-1.15527E-05,5.27204E-05
0.0023959,1.7041,0.67,5.2294,0.032114,0.015186,1.0042,0.0019108,-0.00024453,0.0004464,0.0011847,-0.00047126,0.0016964,0.204492,0.0804,0.627528,8.6492E-05,0.00610166,0.00288534,0.190798,6.89799E-05,-8.82753E-06,1.6115E-05,4.27677E-05,-1.70125E-05,6.124E-05
0.0024033,1.7123,0.67,5.2294,0.032891,0.014806,1.0031,0.0020867,-0.00024491,0.00053704,0.0010666,-0.00045834,0.0016533,0.205476,0.0804,0.627528,8.67591E-05,0.00624929,0.00281314,0.190589,7.53299E-05,-8.84125E-06,1.93871E-05,3.85043E-05,-1.65461E-05,5.96841E-05
0.002268,1.7206,0.67,5.2294,0.03409,0.014153,1.004,0.0022488,-0.0002262,0.00054176,0.00098895,-0.00033036,0.0012984,0.206472,0.0804,0.627528,8.18748E-05,0.0064771,0.00268907,0.19076,8.11817E-05,-8.16582E-06,1.95575E-05,3.57011E-05,-1.1926E-05,4.68722E-05
0.0021794,1.7289,0.67,5.2294,0.035427,0.013431,1.0053,0.0023777,-0.00022189,0.00049488,0.0010193,-0.00024046,0.00096169,0.207468,0.0804,0.627528,7.86763E-05,0.00673113,0.00255189,0.191007,8.5835E-05,-8.01023E-06,1.78652E-05,3.67967E-05,-8.68061E-06,3.4717E-05
0.0021843,1.7371,0.67,5.2294,0.036628,0.013012,1.0062,0.0024532,-0.00025772,0.0004488,0.0011351,-0.00021747,0.00078027,0.208452,0.0804,0.627528,7.88532E-05,0.00695932,0.00247228,0.191178,8.85605E-05,-9.30369E-06,1.62017E-05,4.09771E-05,-7.85067E-06,2.81677E-05
0.0022278,1.7454,0.67,5.2294,0.037607,0.013242,1.0071,0.0024738,-0.0003332,0.00042469,0.0012636,-0.00021828,0.00071816,0.209448,0.0804,0.627528,8.04236E-05,0.00714533,0.00251598,0.191349,8.93042E-05,-1.20285E-05,1.53313E-05,4.5616E-05,-7.87991E-06,2.59256E-05
0.0022651,1.7536,0.67,5.2294,0.038356,0.014267,1.0084,0.0024566,-0.00043634,0.00041677,0.0013891,-0.00020999,0.00068451,0.210432,0.0804,0.627528,8.17701E-05,0.00728764,0.00271073,0.191596,8.86833E-05,-1.57519E-05,1.50454E-05,5.01465E-05,-7.58064E-06,2.47108E-05
0.0022992,1.7619,0.67,5.2294,0.038815,0.015509,1.01,0.0024205,-0.00054729,0.0004246,0.0015401,-0.00017878,0.0006378,0.211428,0.0804,0.627528,8.30011E-05,0.00737485,0.00294671,0.1919,8.73801E-05,-1.97572E-05,1.53281E-05,5.55976E-05,-6.45396E-06,2.30246E-05
0.0023313,1.7701,0.67,5.2294,0.038967,0.015919,1.0111,0.0023615,-0.00063678,0.00043441,0.0016682,-0.0001571,0.0006329,0.212412,0.0804,0.627528,8.41599E-05,0.00740373,0.00302461,0.192109,8.52502E-05,-2.29878E-05,1.56822E-05,6.0222E-05,-5.67131E-06,2.28477E-05
0.0023351,1.7784,0.67,5.2294,0.038924,0.015212,1.0116,0.0022697,-0.00068104,0.00043858,0.0017036,-0.00019508,0.00069682,0.213408,0.0804,0.627528,8.42971E-05,0.00739556,0.00289028,0.192204,8.19362E-05,-2.45855E-05,1.58327E-05,6.15E-05,-7.04239E-06,2.51552E-05
0.0023207,1.7866,0.67,5.2294,0.038839,0.01401,1.0131,0.0021622,-0.00067983,0.00045252,0.0016705,-0.00027695,0.00080872,0.214392,0.0804,0.627528,8.37773E-05,0.00737941,0.0026619,0.192489,7.80554E-05,-2.45419E-05,1.6336E-05,6.03051E-05,-9.9979E-06,2.91948E-05
0.0023133,1.7949,0.67,5.2294,0.038832,0.012932,1.0156,0.0020623,-0.00065761,0.00048719,0.0016291,-0.00036823,0.00093528,0.215388,0.0804,0.627528,8.35101E-05,0.00737808,0.00245708,0.192964,7.4449E-05,-2.37397E-05,1.75876E-05,5.88105E-05,-1.32931E-05,3.37636E-05
0.0023281,1.8032,0.67,5.2294,0.038986,0.012176,1.0184,0.0019784,-0.00064455,0.00055527,0.0016174,-0.00046606,0.0010604,0.216384,0.0804,0.627528,8.40444E-05,0.00740734,0.00231344,0.193496,7.14202E-05,-2.32683E-05,2.00452E-05,5.83881E-05,-1.68248E-05,3.82804E-05
0.0023816,1.8114,0.67,5.2294,0.039298,0.011756,1.0204,0.0019121,-0.00066104,0.0006477,0.0016463,-0.00058729,0.0012049,0.217368,0.0804,0.627528,8.59758E-05,0.00746662,0.00223364,0.193876,6.90268E-05,-2.38635E-05,2.3382E-05,5.94314E-05,-2.12012E-05,4.34969E-05
0.0024737,1.8197,0.67,5.2294,0.039686,0.011706,1.021,0.0018599,-0.00071031,0.00073941,0.0017206,-0.00073663,0.0013669,0.218364,0.0804,0.627528,8.93006E-05,0.00754034,0.00222414,0.19399,6.71424E-05,-2.56422E-05,2.66927E-05,6.21137E-05,-2.65923E-05,4.93451E-05
0.0025905,1.8279,0.67,5.2294,0.040067,0.011993,1.0206,0.0018139,-0.00078743,0.00080379,0.0018434,-0.00088693,0.0015238,0.219348,0.0804,0.627528,9.35171E-05,0.00761273,0.00227867,0.193914,6.54818E-05,-2.84262E-05,2.90168E-05,6.65467E-05,-3.20182E-05,5.50092E-05
0.0026989,1.8362,0.67,5.2294,0.040431,0.012727,1.0197,0.0017662,-0.0008697,0.0008445,0.0019657,-0.0010074,0.0016659,0.220344,0.0804,0.627528,9.74303E-05,0.00768189,0.00241813,0.193743,6.37598E-05,-3.13962E-05,3.04865E-05,7.09618E-05,-3.63671E-05,6.0139E-05
0.0027559,1.8446,0.67,5.2294,0.040868,0.013873,1.019,0.0017116,-0.00092552,0.000864,0.0020193,-0.0010773,0.0017808,0.221352,0.0804,0.627528,9.9488E-05,0.00776492,0.00263587,0.19361,6.17888E-05,-3.34113E-05,3.11904E-05,7.28967E-05,-3.88905E-05,6.42869E-05
0.0027391,1.8534,0.67,5.2294,0.041472,0.01482,1.0187,0.0016534,-0.00094393,0.00085439,0.0019722,-0.0011078,0.0018526,0.222408,0.0804,0.627528,9.88815E-05,0.00787968,0.0028158,0.193553,5.96877E-05,-3.40759E-05,3.08435E-05,7.11964E-05,-3.99916E-05,6.68789E-05
0.0026775,1.8626,0.67,5.2294,0.042234,0.014845,1.019,0.0016027,-0.00093602,0.00081612,0.0018686,-0.0011064,0.0018838,0.223512,0.0804,0.627528,9.66578E-05,0.00802446,0.00282055,0.19361,5.78575E-05,-3.37903E-05,2.94619E-05,6.74565E-05,-3.9941E-05,6.80052E-05
0.002633,1.8723,0.67,5.2294,0.043004,0.01399,1.0202,0.0015665,-0.00091173,0.00076275,0.0017903,-0.0010795,0.0019092,0.224676,0.0804,0.627528,9.50513E-05,0.00817076,0.0026581,0.193838,5.65507E-05,-3.29135E-05,2.75353E-05,6.46298E-05,-3.897E-05,6.89221E-05
0.0026154,1.8824,0.67,5.2294,0.043569,0.013396,1.0225,0.0015279,-0.00085152,0.00069527,0.0017427,-0.0010652,0.0019602,0.225888,0.0804,0.627528,9.44159E-05,0.00827811,0.00254524,0.194275,5.51572E-05,-3.07399E-05,2.50992E-05,6.29115E-05,-3.84537E-05,7.07632E-05
0.002614,1.8931,0.67,5.2294,0.043829,0.013365,1.0251,0.0014533,-0.00074297,0.00061683,0.0016934,-0.001061,0.0020812,0.227172,0.0804,0.627528,9.43654E-05,0.00832751,0.00253935,0.194769,5.24641E-05,-2.68212E-05,2.22676E-05,6.11317E-05,-3.83021E-05,7.51313E-05
0.0025627,1.9042,0.67,5.2294,0.043967,0.013051,1.0257,0.0013459,-0.00060923,0.00050047,0.0015875,-0.00098122,0.0021921,0.228504,0.0804,0.627528,9.25135E-05,0.00835373,0.00247969,0.194883,4.8587E-05,-2.19932E-05,1.8067E-05,5.73088E-05,-3.5422E-05,7.91348E-05
0.0024653,1.9159,0.67,5.2294,0.044376,0.012191,1.0252,0.0012594,-0.0004702,0.00037048,0.0014045,-0.0008364,0.0022666,0.229908,0.0804,0.627528,8.89973E-05,0.00843144,0.00231629,0.194788,4.54643E-05,-1.69742E-05,1.33743E-05,5.07025E-05,-3.0194E-05,8.18243E-05
0.0022271,1.9282,0.67,5.2294,0.045116,0.011722,1.0246,0.0012297,-0.0002884,0.00023338,0.0011597,-0.00063507,0.0020648,0.231384,0.0804,0.627528,8.03983E-05,0.00857204,0.00222718,0.194674,4.43922E-05,-1.04112E-05,8.42502E-06,4.18652E-05,-2.2926E-05,7.45393E-05
0.0019434,1.941,0.67,5.2294,0.045666,0.011836,1.025,0.0012345,-8.27E-05,8.10E-05,0.00096267,-0.00039163,0.0016896,0.23292,0.0804,0.627528,7.01567E-05,0.00867654,0.00224884,0.19475,4.45655E-05,-2.98648E-06,2.92424E-06,3.47524E-05,-1.41378E-05,6.09946E-05
0.00177,1.9545,0.67,5.2294,0.045253,0.011767,1.0258,0.0012292,6.91E-05,-7.28E-05,0.00088136,-0.00026333,0.0014294,0.23454,0.0804,0.627528,0.000063897,0.00859807,0.00223573,0.194902,4.43741E-05,2.49523E-06,-2.62721E-06,3.18171E-05,-9.50621E-06,5.16013E-05
0.0017121,1.9686,0.67,5.2294,0.043854,0.011592,1.0248,0.0012189,0.00013552,-0.00022164,0.00088293,-0.00021311,0.0013223,0.236232,0.0804,0.627528,6.18068E-05,0.00833226,0.00220248,0.194712,4.40023E-05,4.89227E-06,-8.0012E-06,3.18738E-05,-7.69327E-06,4.7735E-05
0.0016874,1.9833,0.67,5.2294,0.04248,0.0089208,1.0215,0.0012453,0.00012226,-0.00027022,0.00085693,-0.0002255,0.0012726,0.237996,0.0804,0.627528,6.09151E-05,0.0080712,0.001694952,0.194085,4.49553E-05,4.41359E-06,-9.75494E-06,3.09352E-05,-8.14055E-06,4.59409E-05
0.0017298,1.9988,0.67,5.2294,0.041528,0.0040864,1.0174,0.0012986,6.23E-05,-0.00020307,0.00074945,-0.00016893,0.0014115,0.239856,0.0804,0.627528,6.24458E-05,0.00789032,0.000776416,0.193306,4.68795E-05,2.25037E-06,-7.33083E-06,2.70551E-05,-6.09837E-06,5.09552E-05
0.0021866,2.0149,0.67,5.2294,0.040061,0.00034826,1.0143,0.0013376,2.03E-05,1.41E-06,0.00062991,6.11E-05,0.0024057,0.241788,0.0804,0.627528,7.89363E-05,0.00761159,6.61694E-05,0.192717,4.82874E-05,7.33227E-07,5.07927E-08,2.27398E-05,2.20748E-06,8.68458E-05
0.002617,2.0319,0.67,5.2294,0.037845,-0.0023606,1.0084,0.0013163,6.76E-05,0.0003159,0.00060633,0.00025057,0.0033113,0.243828,0.0804,0.627528,9.44737E-05,0.00719055,-0.000448514,0.191596,4.75184E-05,2.44043E-06,1.1404E-05,2.18885E-05,9.04558E-06,0.000119538
0.0029413,2.0496,0.67,5.2294,0.035148,-0.0055923,1.0008,0.0012688,2.63E-05,0.00068943,0.00063243,0.00010828,0.0039813,0.245952,0.0804,0.627528,0.000106181,0.00667812,-0.001062537,0.190152,4.58037E-05,9.50621E-07,2.48884E-05,2.28307E-05,3.90891E-06,0.000143725
0.0038562,2.0681,0.67,5.2294,0.03232,-0.0024698,0.98789,0.0013465,-0.00016846,0.0012499,0.0007206,-0.00017768,0.0056452,0.248172,0.0804,0.627528,0.000139209,0.0061408,-0.000469262,0.1876991,4.86087E-05,-6.08141E-06,4.51214E-05,2.60137E-05,-6.41425E-06,0.000203792
0.0050932,2.0875,0.67,5.2294,0.030072,0.0028521,0.98326,0.0015775,-0.00035272,0.0020608,0.00093165,-0.00077733,0.0076771,0.2505,0.0804,0.627528,0.000183865,0.00571368,0.000541899,0.1868194,5.69478E-05,-1.27332E-05,7.43949E-05,3.36326E-05,-2.80616E-05,0.000277143
0.0055277,2.1078,0.67,5.2294,0.029061,0.010883,0.97488,0.0017946,-0.00022771,0.0025849,0.0010457,-0.00082335,0.0082152,0.252936,0.0804,0.627528,0.00019955,0.00552159,0.00206777,0.1852272,6.47851E-05,-8.22033E-06,9.33149E-05,3.77498E-05,-2.97229E-05,0.000296569
0.0051578,2.129,0.67,5.2294,0.030664,0.016592,0.9631,0.0019279,-0.0001641,0.0026359,0.0009688,-0.00046117,0.007419,0.25548,0.0804,0.627528,0.000186197,0.00582616,0.00315248,0.182989,6.95972E-05,-5.92401E-06,9.5156E-05,3.49737E-05,-1.66482E-05,0.000267826
0.0043406,2.1511,0.67,5.2294,0.032805,0.016065,0.9713,0.0019689,-5.82E-05,0.0023703,0.00098805,-0.0001627,0.0057243,0.258132,0.0804,0.627528,0.000156696,0.00623295,0.00305235,0.184547,7.10773E-05,-2.10088E-06,8.55678E-05,3.56686E-05,-5.87347E-06,0.000206647
0.0035524,2.1743,0.67,5.2294,0.031518,0.019504,0.97244,0.0018491,0.0002148,0.0017559,0.0010718,0.00012275,0.004184,0.260916,0.0804,0.627528,0.000128242,0.00598842,0.00370576,0.1847636,6.67525E-05,7.75428E-06,6.3388E-05,3.8692E-05,4.43128E-06,0.000151042
0.0033133,2.1984,0.67,5.2294,0.028449,0.023492,0.96306,0.0016181,0.00046715,0.0013297,0.0011862,0.00035835,0.0038222,0.263808,0.0804,0.627528,0.00011961,0.00540531,0.00446348,0.1829814,5.84134E-05,1.68641E-05,4.80022E-05,4.28218E-05,1.29364E-05,0.000137981
0.0038292,2.2237,0.67,5.2294,0.027667,0.023682,0.93791,0.0014353,0.00068805,0.0014221,0.0016625,0.00099897,0.0045606,0.266844,0.0804,0.627528,0.000138234,0.00525673,0.00449958,0.1782029,5.18143E-05,2.48386E-05,5.13378E-05,6.00163E-05,3.60628E-05,0.000164638
0.005259,2.2501,0.67,5.2294,0.027065,0.022801,0.91745,0.001314,0.00041163,0.0015859,0.0020175,0.00090916,0.0071866,0.270012,0.0804,0.627528,0.00018985,0.00514235,0.00433219,0.1743155,4.74354E-05,1.48598E-05,5.7251E-05,7.28318E-05,3.28207E-05,0.000259436
0.0049328,2.2776,0.67,5.2294,0.022675,0.027333,0.90463,0.0012552,-2.10E-05,0.0012811,0.0018844,-2.15E-05,0.006726,0.273312,0.0804,0.627528,0.000178074,0.00430825,0.00519327,0.1718797,4.53127E-05,-7.58894E-07,4.62477E-05,6.80268E-05,-7.75933E-07,0.000242809
0.0051669,2.3063,0.67,5.2294,0.015482,0.036941,0.89522,0.0012997,-8.64E-06,0.0011501,0.0016975,-0.0007466,0.0073367,0.276756,0.0804,0.627528,0.000186525,0.00294158,0.00701879,0.1700918,4.69192E-05,-3.11731E-07,4.15186E-05,6.12798E-05,-2.69523E-05,0.000264855
0.0057886,2.3362,0.67,5.2294,0.0083571,0.049255,0.88554,0.0013999,0.00025089,0.0013572,0.0019196,-0.00070541,0.0082577,0.280344,0.0804,0.627528,0.000208968,0.001587849,0.00935845,0.1682526,5.05364E-05,9.05713E-06,4.89949E-05,6.92976E-05,-2.54653E-05,0.000298103
0.0051667,2.3674,0.67,5.2294,0.0049889,0.055325,0.86166,0.0015937,0.00024952,0.0011472,0.0026211,-0.00068724,0.0061187,0.284088,0.0804,0.627528,0.000186518,0.000947891,0.01051175,0.1637154,5.75326E-05,9.00767E-06,4.14139E-05,9.46217E-05,-2.48094E-05,0.000220885
0.0055967,2.3999,0.67,5.2294,0.0032948,0.063006,0.83805,0.0017611,0.00081368,0.0011512,0.0041853,0.00040399,0.0052471,0.287988,0.0804,0.627528,0.000202041,0.000626012,0.01197114,0.1592295,6.35757E-05,2.93738E-05,4.15583E-05,0.000151089,1.4584E-05,0.00018942
0.0055825,2.4338,0.67,5.2294,9.30E-05,0.064324,0.78986,0.0013737,0.00083101,0.001502,0.0040451,0.0014656,0.0057462,0.292056,0.0804,0.627528,0.000201528,1.76687E-05,0.01222156,0.1500734,4.95906E-05,2.99995E-05,5.42222E-05,0.000146028,5.29082E-05,0.000207438
0.0043008,2.4691,0.67,5.2294,-0.0010074,0.051655,0.67347,0.00050776,0.00012068,0.00098109,0.0022422,0.0010382,0.0058516,0.296292,0.0804,0.627528,0.000155259,-0.000191406,0.00981445,0.1279593,1.83301E-05,4.35655E-06,3.54173E-05,8.09434E-05,3.7479E-05,0.000211243
0.0016368,2.5058,0.67,5.2294,-0.00070948,0.022706,0.29586,3.33E-05,2.08E-05,0.00017332,0.00085341,0.00041522,0.0023869,0.300696,0.0804,0.627528,5.90885E-05,-0.000134801,0.00431414,0.0562134,1.20296E-06,7.50663E-07,6.25685E-06,3.08081E-05,1.49894E-05,8.61671E-05
7.53E-07,2.544,0.67,5.2294,-0.00050261,-1.07E-13,8.91E-18,1.51E-06,3.20E-16,-3.04E-20,6.80E-26,-6.46E-30,7.15E-34,0.30528,0.0804,0.627528,2.71703E-08,-9.54959E-05,-2.02825E-14,1.69334E-18,5.43413E-08,1.15459E-17,-1.09726E-21,2.45314E-27,-2.33311E-31,2.58003E-35
0,2.5837,0.67,5.2294,0,0,0,0,0,0,0,0,0,0.310044,0.0804,0.627528,0,0,0,0,0,0,0,0,0,0
0,2.625,0.67,5.2294,0,0,0,0,0,0,0,0,0,0.315,0.0804,0.627528,0,0,0,0,0,0,0,0,0,0
0,-0.125,0.67,5.2567,0,0,0,0,0,0,0,0,0,-0.015,0.0804,0.630804,0,0,0,0,0,0,0,0,0,0
0,-0.083719,0.67,5.2567,0,0,0,0,0,0,0,0,0,-0.01004628,0.0804,0.630804,0,0,0,0,0,0,0,0,0,0
4.47E-08,-0.044001,0.67,5.2567,1.80E-05,4.91E-15,-2.86E-18,8.94E-08,2.47E-17,-7.63E-22,6.84E-27,-2.10E-31,4.03E-35,-0.00528012,0.0804,0.630804,1.61443E-09,3.42874E-06,9.32634E-16,-5.43248E-19,3.22886E-09,8.93042E-19,-2.7553E-23,2.46993E-28,-7.59364E-33,1.45425E-36
0.00097938,-0.0058053,0.67,5.2567,-0.001636,0.024008,0.37394,1.25E-05,-2.46E-05,-3.37E-05,0.0007784,-0.00014842,0.0011678,-0.000696636,0.0804,0.630804,3.53556E-05,-0.00031084,0.00456152,0.0710486,4.52116E-07,-8.88674E-07,-1.21632E-06,2.81002E-05,-5.35796E-06,4.21576E-05
0.0025699,0.030909,0.67,5.2567,-0.0080508,0.054389,0.84698,0.00019843,-0.00014461,-0.00019287,0.0020258,-0.00038373,0.0029155,0.00370908,0.0804,0.630804,9.27734E-05,-0.001529652,0.01033391,0.1609262,7.16332E-06,-5.22042E-06,-6.96261E-06,7.31314E-05,-1.38527E-05,0.00010525
0.0029627,0.066184,0.67,5.2567,-0.017275,0.049882,0.95691,0.00053803,-0.00019106,-0.00024979,0.0017417,-0.0004204,0.0036457,0.00794208,0.0804,0.630804,0.000106953,-0.00328225,0.00947758,0.1818129,1.94229E-05,-6.89727E-06,-9.01742E-06,6.28754E-05,-1.51764E-05,0.00013161
0.0030333,0.10006,0.67,5.2567,-0.02635,0.038301,0.98794,0.00060751,-0.00025884,-0.00013574,0.001426,-0.00043742,0.004033,0.0120072,0.0804,0.630804,0.000109502,-0.0050065,0.00727719,0.1877086,2.19311E-05,-9.34412E-06,-4.90021E-06,5.14786E-05,-1.57909E-05,0.000145591
0.003167,0.13258,0.67,5.2567,-0.032407,0.029684,1.0158,0.00044629,-0.00020987,1.39E-05,0.0014201,-0.00072798,0.0044677,0.0159096,0.0804,0.630804,0.000114329,-0.00615733,0.00563996,0.193002,1.61111E-05,-7.57631E-06,5.01934E-07,5.12656E-05,-2.62801E-05,0.000161284
0.0025928,0.16379,0.67,5.2567,-0.033129,0.015104,1.0334,0.00044319,-5.05E-05,-5.25E-05,0.00090581,-0.00052216,0.0038367,0.0196548,0.0804,0.630804,9.36001E-05,-0.00629451,0.00286976,0.196346,1.59992E-05,-1.82395E-06,-1.89424E-06,3.26997E-05,-1.885E-05,0.000138505
0.0022382,0.19372,0.67,5.2567,-0.031971,0.010494,1.0363,0.00060226,5.19E-05,-0.0001685,0.00089029,-0.00026388,0.0029839,0.0232464,0.0804,0.630804,8.0799E-05,-0.00607449,0.00199386,0.196897,2.17416E-05,1.87251E-06,-6.08285E-06,3.21395E-05,-9.52607E-06,0.000107719
0.0033507,0.22242,0.67,5.2567,-0.031157,0.016289,1.0407,0.00084682,6.86E-05,-0.00080969,0.0011249,-0.00057499,0.0047297,0.0266904,0.0804,0.630804,0.00012096,-0.00591983,0.00309491,0.197733,3.05702E-05,2.47769E-06,-2.92298E-05,4.06089E-05,-2.07571E-05,0.000170742
0.0033177,0.24993,0.67,5.2567,-0.032233,0.022044,1.0494,0.0011241,-3.38E-06,-0.001245,0.0011729,-0.00026852,0.0043382,0.0299916,0.0804,0.630804,0.000119769,-0.00612427,0.00418836,0.199386,4.058E-05,-1.21975E-07,-4.49445E-05,4.23417E-05,-9.69357E-06,0.000156609
0.0023153,0.27629,0.67,5.2567,-0.035686,0.024359,1.0542,0.001236,0.0001059,-0.0010841,0.0010634,-5.48E-05,0.0023311,0.0331548,0.0804,0.630804,8.35823E-05,-0.00678034,0.00462821,0.200298,4.46196E-05,3.82299E-06,-3.9136E-05,3.83887E-05,-1.97972E-06,8.41527E-05
0.002862,0.30154,0.67,5.2567,-0.038284,0.023759,1.0506,0.0012191,0.0001295,-0.00084357,0.0013255,-0.00050912,0.0031792,0.0361848,0.0804,0.630804,0.000103318,-0.00727396,0.00451421,0.199614,4.40095E-05,4.67495E-06,-3.04529E-05,4.78506E-05,-1.83792E-05,0.000114769
0.0038549,0.32572,0.67,5.2567,-0.039403,0.016866,1.0543,0.0012576,3.84E-05,-0.00081632,0.0018392,-0.0011438,0.004613,0.0390864,0.0804,0.630804,0.000139162,-0.00748657,0.00320454,0.200317,4.53994E-05,1.38693E-06,-2.94692E-05,6.63951E-05,-4.12912E-05,0.000166529
0.0035671,0.34887,0.67,5.2567,-0.041144,0.012186,1.0661,0.0013718,2.68E-05,-0.00076399,0.0017255,-0.0012567,0.0040369,0.0418644,0.0804,0.630804,0.000128772,-0.00781736,0.00231534,0.202559,4.9522E-05,9.673E-07,-2.758E-05,6.22906E-05,-4.53669E-05,0.000145732
0.0026443,0.37102,0.67,5.2567,-0.043284,0.016449,1.0652,0.0014417,0.00020375,-0.00046434,0.0013739,-0.0007065,0.0024729,0.0445224,0.0804,0.630804,9.54592E-05,-0.00822396,0.00312531,0.202388,5.20454E-05,7.35538E-06,-1.67627E-05,4.95978E-05,-2.55047E-05,8.92717E-05
0.0022638,0.39221,0.67,5.2567,-0.04545,0.025112,1.0614,0.0013927,0.00030529,-0.00040162,0.001265,-0.00033056,0.00187,0.0470652,0.0804,0.630804,8.17232E-05,-0.0086355,0.00477128,0.201666,5.02765E-05,1.1021E-05,-1.44985E-05,4.56665E-05,-1.19332E-05,0.000067507
0.0020156,0.41248,0.67,5.2567,-0.048269,0.032273,1.0574,0.0013273,0.00013327,-0.00013723,0.0011502,-0.00041544,0.0015537,0.0494976,0.0804,0.630804,7.27632E-05,-0.00917111,0.00613187,0.200906,4.79155E-05,4.81105E-06,-4.954E-06,4.15222E-05,-1.49974E-05,5.60886E-05
0.0023,0.43187,0.67,5.2567,-0.050858,0.034922,1.0566,0.0013232,8.07E-05,-0.00017715,0.0011382,-0.00069784,0.0021386,0.0518244,0.0804,0.630804,0.00008303,-0.00966302,0.00663518,0.200754,4.77675E-05,2.91352E-06,-6.39512E-06,4.1089E-05,-2.5192E-05,7.72035E-05
0.0027809,0.4504,0.67,5.2567,-0.05243,0.036937,1.0508,0.0014178,0.00023828,-0.00050627,0.0012518,-0.00095182,0.0028922,0.054048,0.0804,0.630804,0.00010039,-0.0099617,0.00701803,0.199652,5.11826E-05,8.60191E-06,-1.82763E-05,4.519E-05,-3.43607E-05,0.000104408
0.0032459,0.46812,0.67,5.2567,-0.053299,0.037021,1.0487,0.0015067,0.00040343,-0.00057211,0.0015319,-0.0013971,0.0034532,0.0561744,0.0804,0.630804,0.000117177,-0.01012681,0.00703399,0.199253,5.43919E-05,1.45638E-05,-2.06532E-05,5.53016E-05,-5.04353E-05,0.000124661
0.0034665,0.48504,0.67,5.2567,-0.054059,0.03682,1.0517,0.0014542,0.00038214,-0.00036243,0.0017316,-0.0016464,0.0037471,0.0582048,0.0804,0.630804,0.000125141,-0.01027121,0.0069958,0.199823,5.24966E-05,1.37953E-05,-1.30837E-05,6.25108E-05,-5.9435E-05,0.00013527
0.0032018,0.50122,0.67,5.2567,-0.055223,0.037286,1.0549,0.0013193,0.00022639,-0.00014552,0.0019236,-0.0014848,0.0031606,0.0601464,0.0804,0.630804,0.000115585,-0.01049237,0.00708434,0.200431,4.76267E-05,8.17268E-06,-5.25327E-06,6.9442E-05,-5.36013E-05,0.000114098
0.0026703,0.51667,0.67,5.2567,-0.056741,0.035765,1.056,0.0012116,0.00010077,-3.28E-05,0.0019014,-0.0011382,0.0022276,0.0620004,0.0804,0.630804,9.63978E-05,-0.01078079,0.00679535,0.20064,4.37388E-05,3.6378E-06,-1.18578E-06,6.86405E-05,-4.1089E-05,8.04164E-05
0.0023064,0.53142,0.67,5.2567,-0.057828,0.032731,1.0568,0.0011438,1.45E-05,-7.43E-06,0.001651,-0.00094924,0.0018181,0.0637704,0.0804,0.630804,8.3261E-05,-0.01098732,0.00621889,0.200792,4.12912E-05,5.241E-07,-2.68212E-07,5.96011E-05,-3.42676E-05,6.56334E-05
0.002134,0.54551,0.67,5.2567,-0.058429,0.030409,1.0598,0.001072,-1.30E-05,-7.65E-05,0.0014729,-0.00079012,0.0017231,0.0654612,0.0804,0.630804,7.70374E-05,-0.01110151,0.00577771,0.201362,3.86992E-05,-4.70058E-07,-2.76071E-06,5.31717E-05,-2.85233E-05,6.22039E-05
0.0019401,0.55896,0.67,5.2567,-0.059399,0.027841,1.0607,0.00098803,-5.94E-06,-0.00021606,0.0013339,-0.00039678,0.0015582,0.0670752,0.0804,0.630804,7.00376E-05,-0.01128581,0.00528979,0.201533,3.56679E-05,-2.1456E-07,-7.79977E-06,4.81538E-05,-1.43238E-05,5.6251E-05
0.0019417,0.5718,0.67,5.2567,-0.060844,0.023689,1.0604,0.00094672,5.56E-06,-0.00037918,0.0013532,-0.00010287,0.0015835,0.068616,0.0804,0.630804,7.00954E-05,-0.01156036,0.00450091,0.201476,3.41766E-05,2.00629E-07,-1.36884E-05,4.88505E-05,-3.71361E-06,5.71644E-05
0.0020623,0.58405,0.67,5.2567,-0.062112,0.020304,1.0631,0.00098826,8.99E-05,-0.00054459,0.0015478,-9.01E-05,0.0015886,0.070086,0.0804,0.630804,7.4449E-05,-0.01180128,0.00385776,0.201989,3.56762E-05,3.24705E-06,-1.96597E-05,5.58756E-05,-3.25185E-06,5.73485E-05
0.0021786,0.59575,0.67,5.2567,-0.06288,0.018588,1.0657,0.001087,0.00024142,-0.00070471,0.0016897,-0.00016921,0.0015805,0.07149,0.0804,0.630804,7.86475E-05,-0.0119472,0.00353172,0.202483,3.92407E-05,8.71526E-06,-2.544E-05,6.09982E-05,-6.10848E-06,5.70561E-05
0.0023455,0.6069,0.67,5.2567,-0.063394,0.017256,1.0671,0.0012,0.00034841,-0.00084533,0.0017904,-0.00016923,0.0017006,0.072828,0.0804,0.630804,8.46726E-05,-0.01204486,0.00327864,0.202749,0.00004332,1.25776E-05,-3.05164E-05,6.46334E-05,-6.1092E-06,6.13917E-05
0.0025135,0.61755,0.67,5.2567,-0.063929,0.014987,1.0689,0.001299,0.00039411,-0.00092881,0.0018413,-0.0001026,0.0018866,0.074106,0.0804,0.630804,9.07374E-05,-0.01214651,0.00284753,0.203091,4.68939E-05,1.42274E-05,-3.353E-05,6.64709E-05,-3.70386E-06,6.81063E-05
0.0025795,0.6277,0.67,5.2567,-0.064515,0.01125,1.0699,0.0013616,0.00040207,-0.00092296,0.0017871,-4.89E-06,0.0020104,0.075324,0.0804,0.630804,9.312E-05,-0.01225785,0.0021375,0.203281,4.91538E-05,1.45147E-05,-3.33189E-05,6.45143E-05,-1.76522E-07,7.25754E-05
0.0024923,0.63738,0.67,5.2567,-0.06517,0.0068058,1.0715,0.0013718,0.00038844,-0.00082906,0.0016929,6.13E-05,0.0019199,0.0764856,0.0804,0.630804,8.9972E-05,-0.0123823,0.001293102,0.203585,4.9522E-05,1.40227E-05,-2.99291E-05,6.11137E-05,2.21163E-06,6.93084E-05
0.0023128,0.64661,0.67,5.2567,-0.065994,0.0025934,1.0754,0.0013226,0.00035783,-0.00069317,0.001572,2.20E-05,0.0017311,0.0775932,0.0804,0.630804,8.34921E-05,-0.01253886,0.000492746,0.204326,4.77459E-05,1.29177E-05,-2.50234E-05,5.67492E-05,7.93009E-07,6.24927E-05
0.0021066,0.65542,0.67,5.2567,-0.067053,-0.00084865,1.0806,0.0012199,0.00031344,-0.00054832,0.0014333,-7.84E-05,0.0015601,0.0786504,0.0804,0.630804,7.60483E-05,-0.01274007,-0.000161244,0.205314,4.40384E-05,1.13152E-05,-1.97944E-05,5.17421E-05,-2.83093E-06,5.63196E-05
0.0019402,0.66381,0.67,5.2567,-0.068392,-0.0035853,1.0864,0.0010834,0.00027022,-0.00042774,0.0013115,-0.00019722,0.0014855,0.0796572,0.0804,0.630804,7.00412E-05,-0.01299448,-0.000681207,0.206416,3.91107E-05,9.75494E-06,-1.54414E-05,4.73452E-05,-7.11964E-06,5.36266E-05
0.0017689,0.67207,0.67,5.2567,-0.070018,-0.0057024,1.0924,0.00093396,0.0002316,-0.00031628,0.0012117,-0.00033382,0.0013921,0.0806484,0.0804,0.630804,6.38573E-05,-0.01330342,-0.001083456,0.207556,3.3716E-05,8.36076E-06,-1.14177E-05,4.37424E-05,-1.20509E-05,5.02548E-05
0.0015701,0.68032,0.67,5.2567,-0.071836,-0.0071607,1.0981,0.00078667,0.00019201,-0.00022007,0.0011211,-0.00045695,0.0012325,0.0816384,0.0804,0.630804,5.66806E-05,-0.01364884,-0.001360533,0.208639,2.83988E-05,6.93156E-06,-7.94453E-06,4.04717E-05,-1.64959E-05,4.44933E-05
0.0013826,0.68858,0.67,5.2567,-0.073657,-0.0080549,1.1017,0.00065852,0.00014503,-0.00014356,0.0010401,-0.00053473,0.0010666,0.0826296,0.0804,0.630804,4.99119E-05,-0.01399483,-0.001530431,0.209323,2.37726E-05,5.23558E-06,-5.18252E-06,3.75476E-05,-1.93038E-05,3.85043E-05
0.0012588,0.69683,0.67,5.2567,-0.0753,-0.0088466,1.1039,0.00056752,9.32E-05,-8.68E-05,0.0009621,-0.00057697,0.00098803,0.0836196,0.0804,0.630804,4.54427E-05,-0.014307,-0.001680854,0.209741,2.04875E-05,3.3629E-06,-3.13485E-06,3.47318E-05,-2.08286E-05,3.56679E-05
0.001217,0.70509,0.67,5.2567,-0.076731,-0.0098414,1.1061,0.00051941,4.17E-05,-4.46E-05,0.00087732,-0.0006174,0.0010373,0.0846108,0.0804,0.630804,4.39337E-05,-0.01457889,-0.001869866,0.210159,1.87507E-05,1.5044E-06,-1.60876E-06,3.16713E-05,-2.22881E-05,3.74465E-05
0.001234,0.71335,0.67,5.2567,-0.078044,-0.010993,1.1082,0.00050996,-1.29E-05,-1.56E-05,0.00078941,-0.00064857,0.0011687,0.085602,0.0804,0.630804,4.45474E-05,-0.01482836,-0.00208867,0.210558,1.84096E-05,-4.65257E-07,-5.63557E-07,2.84977E-05,-2.34134E-05,4.21901E-05
0.0012549,0.7216,0.67,5.2567,-0.079294,-0.012328,1.1094,0.00053042,-7.09E-05,8.48E-06,0.00071776,-0.00065431,0.0012617,0.086592,0.0804,0.630804,4.53019E-05,-0.01506586,-0.00234232,0.210786,1.91482E-05,-2.55862E-06,3.0611E-07,2.59111E-05,-2.36206E-05,4.55474E-05
0.0012621,0.72986,0.67,5.2567,-0.080355,-0.013895,1.1095,0.00056792,-0.00012213,2.72E-05,0.00067947,-0.00063906,0.0012768,0.0875832,0.0804,0.630804,4.55618E-05,-0.01526745,-0.00264005,0.210805,2.05019E-05,-4.40889E-06,9.80187E-07,2.45289E-05,-2.30701E-05,4.60925E-05
0.0012749,0.73811,0.67,5.2567,-0.081079,-0.015324,1.1086,0.00061013,-0.00016093,3.50E-05,0.00068074,-0.0006176,0.001259,0.0885732,0.0804,0.630804,4.60239E-05,-0.01540501,-0.00291156,0.210634,2.20257E-05,-5.80957E-06,1.26476E-06,2.45747E-05,-2.22954E-05,4.54499E-05
0.0013019,0.74637,0.67,5.2567,-0.081493,-0.016166,1.1063,0.00064839,-0.00018321,2.31E-05,0.00072746,-0.00060201,0.001228,0.0895644,0.0804,0.630804,4.69986E-05,-0.01548367,-0.00307154,0.210197,2.34069E-05,-6.61388E-06,8.35101E-07,2.62613E-05,-2.17326E-05,4.43308E-05
0.0013507,0.75463,0.67,5.2567,-0.081614,-0.016242,1.1026,0.00067858,-0.00018532,-1.31E-05,0.00082247,-0.00060323,0.0012004,0.0905556,0.0804,0.630804,4.87603E-05,-0.01550666,-0.00308598,0.209494,2.44967E-05,-6.69005E-06,-4.71719E-07,2.96912E-05,-2.17766E-05,4.33344E-05
0.0014254,0.76288,0.67,5.2567,-0.081371,-0.015596,1.098,0.00070044,-0.00016949,-5.27E-05,0.00095814,-0.00061663,0.0011922,0.0915456,0.0804,0.630804,5.14569E-05,-0.01546049,-0.00296324,0.20862,2.52859E-05,-6.11859E-06,-1.90355E-06,3.45889E-05,-2.22603E-05,4.30384E-05
0.0015333,0.77114,0.67,5.2567,-0.080917,-0.014457,1.093,0.00071889,-0.00013726,-7.63E-05,0.00112,-0.00064486,0.0012276,0.0925368,0.0804,0.630804,5.53521E-05,-0.01537423,-0.00274683,0.20767,2.59519E-05,-4.95509E-06,-2.75414E-06,0.000040432,-2.32794E-05,4.43164E-05
0.001662,0.7794,0.67,5.2567,-0.080514,-0.013036,1.0882,0.0007399,-9.36E-05,-8.50E-05,0.0012885,-0.00069767,0.0012956,0.093528,0.0804,0.630804,5.99982E-05,-0.01529766,-0.00247684,0.206758,2.67104E-05,-3.37777E-06,-3.06911E-06,4.65149E-05,-2.51859E-05,4.67712E-05
0.0017852,0.78765,0.67,5.2567,-0.080158,-0.011272,1.0841,0.00076357,-4.79E-05,-9.07E-05,0.0014428,-0.00078075,0.0013641,0.094518,0.0804,0.630804,6.44457E-05,-0.01523002,-0.00214168,0.205979,2.75649E-05,-1.72998E-06,-3.27528E-06,5.20851E-05,-2.81851E-05,4.9244E-05
0.0019074,0.79591,0.67,5.2567,-0.079782,-0.0089072,1.0807,0.00079149,-5.77E-06,-0.00011703,0.001576,-0.00089085,0.0014473,0.0955092,0.0804,0.630804,6.88571E-05,-0.01515858,-0.001692368,0.205333,2.85728E-05,-2.08145E-07,-4.22478E-06,5.68936E-05,-3.21597E-05,5.22475E-05
0.0020358,0.80416,0.67,5.2567,-0.079376,-0.0058702,1.0775,0.00081931,2.65E-05,-0.00014648,0.0016978,-0.00099797,0.0015545,0.0964992,0.0804,0.630804,7.34924E-05,-0.01508144,-0.001115338,0.204725,2.95771E-05,9.55748E-07,-5.28793E-06,6.12906E-05,-3.60267E-05,5.61175E-05
0.0021675,0.81242,0.67,5.2567,-0.078824,-0.0024273,1.074,0.00084114,3.55E-05,-0.00013529,0.0018157,-0.0010674,0.0016782,0.0974904,0.0804,0.630804,7.82468E-05,-0.01497656,-0.000461187,0.20406,3.03652E-05,1.27982E-06,-4.88397E-06,6.55468E-05,-3.85331E-05,6.0583E-05
0.0023052,0.82068,0.67,5.2567,-0.078192,0.00098134,1.0702,0.00086492,7.70E-06,-8.82E-05,0.0019219,-0.0010906,0.0018236,0.0984816,0.0804,0.630804,8.32177E-05,-0.01485648,0.000186455,0.203338,3.12236E-05,2.78031E-07,-3.18341E-06,6.93806E-05,-3.93707E-05,6.5832E-05
0.002447,0.82893,0.67,5.2567,-0.077772,0.0039983,1.0667,0.00089057,-6.48E-05,-1.11E-05,0.0020034,-0.0010811,0.0019999,0.0994716,0.0804,0.630804,8.83367E-05,-0.01477668,0.000759677,0.202673,3.21496E-05,-2.33748E-06,-4.00891E-07,7.23227E-05,-3.90277E-05,7.21964E-05
0.0026004,0.83719,0.67,5.2567,-0.077657,0.0065713,1.063,0.00090094,-0.00018335,0.00012321,0.0020763,-0.0010819,0.0022234,0.1004628,0.0804,0.630804,9.38744E-05,-0.01475483,0.001248547,0.20197,3.25239E-05,-6.61894E-06,4.44788E-06,7.49544E-05,-3.90566E-05,8.02647E-05
0.0027899,0.84544,0.67,5.2567,-0.077772,0.008981,1.0586,0.00088322,-0.00033853,0.00030757,0.0021977,-0.0011443,0.0024988,0.1014528,0.0804,0.630804,0.000100715,-0.01477668,0.00170639,0.201134,3.18842E-05,-1.22209E-05,1.11033E-05,7.9337E-05,-4.13092E-05,9.02067E-05
0.0029904,0.8537,0.67,5.2567,-0.078133,0.011497,1.0541,0.00085582,-0.00050804,0.00046428,0.0024048,-0.0012608,0.0027203,0.102444,0.0804,0.630804,0.000107953,-0.01484527,0.00218443,0.200279,3.08951E-05,-1.83402E-05,1.67605E-05,8.68133E-05,-4.55149E-05,9.82028E-05
0.0031124,0.86196,0.67,5.2567,-0.078802,0.013948,1.0502,0.00085886,-0.00066175,0.00053807,0.0026279,-0.0013523,0.002738,0.1034352,0.0804,0.630804,0.000112358,-0.01497238,0.00265012,0.199538,3.10048E-05,-2.38892E-05,1.94243E-05,9.48672E-05,-4.8818E-05,9.88418E-05
0.0030653,0.87021,0.67,5.2567,-0.079653,0.015892,1.0463,0.00090429,-0.00076273,0.00055036,0.002714,-0.0013531,0.0025124,0.1044252,0.0804,0.630804,0.000110657,-0.01513407,0.00301948,0.198797,3.26449E-05,-2.75346E-05,1.9868E-05,9.79754E-05,-4.88469E-05,9.06976E-05
0.0028844,0.87847,0.67,5.2567,-0.08038,0.017128,1.0413,0.00096556,-0.00079298,0.0005615,0.0026043,-0.0012856,0.002199,0.1054164,0.0804,0.630804,0.000104127,-0.0152722,0.00325432,0.197847,3.48567E-05,-2.86266E-05,2.02702E-05,9.40152E-05,-4.64102E-05,7.93839E-05
0.0027054,0.88672,0.67,5.2567,-0.080849,0.01775,1.0354,0.0010263,-0.00077854,0.0006042,0.0023925,-0.0012193,0.0019919,0.1064064,0.0804,0.630804,9.76649E-05,-0.01536131,0.0033725,0.196726,3.70494E-05,-2.81053E-05,2.18116E-05,8.63693E-05,-4.40167E-05,7.19076E-05
0.0025747,0.89498,0.67,5.2567,-0.081077,0.017838,1.03,0.001101,-0.00075147,0.00067904,0.0021749,-0.0011675,0.0018734,0.1073976,0.0804,0.630804,9.29467E-05,-0.01540463,0.00338922,0.1957,3.97461E-05,-2.71281E-05,2.45133E-05,7.85139E-05,-4.21468E-05,6.76297E-05
0.0024602,0.90324,0.67,5.2567,-0.081079,0.017417,1.0265,0.0012044,-0.0007125,0.00074462,0.001983,-0.0011009,0.001733,0.1083888,0.0804,0.630804,8.88132E-05,-0.01540501,0.00330923,0.195035,4.34788E-05,-2.57213E-05,2.68808E-05,7.15863E-05,-3.97425E-05,6.25613E-05
0.0023587,0.91149,0.67,5.2567,-0.080897,0.016699,1.0244,0.0013241,-0.00064863,0.00076908,0.0018168,-0.0010215,0.0015765,0.1093788,0.0804,0.630804,8.51491E-05,-0.01537043,0.00317281,0.194636,4.78E-05,-2.34155E-05,2.77638E-05,6.55865E-05,-3.68762E-05,5.69117E-05
0.0022732,0.91975,0.67,5.2567,-0.080408,0.015983,1.0223,0.0014318,-0.00056707,0.00073388,0.0016645,-0.00093903,0.0014501,0.11037,0.0804,0.630804,8.20625E-05,-0.01527752,0.00303677,0.194237,5.1688E-05,-2.04712E-05,2.64931E-05,6.00885E-05,-3.3899E-05,5.23486E-05
0.0021913,0.92801,0.67,5.2567,-0.079518,0.01521,1.0197,0.0015175,-0.00049879,0.00065944,0.0015114,-0.00086283,0.0013538,0.1113612,0.0804,0.630804,7.91059E-05,-0.01510842,0.0028899,0.193743,5.47818E-05,-1.80063E-05,2.38058E-05,5.45615E-05,-3.11482E-05,4.88722E-05
0.0021353,0.93626,0.67,5.2567,-0.078365,0.014004,1.0168,0.0015933,-0.00046936,0.00059106,0.0013536,-0.00083048,0.0013238,0.1123512,0.0804,0.630804,7.70843E-05,-0.01488935,0.00266076,0.193192,5.75181E-05,-1.69439E-05,2.13373E-05,4.8865E-05,-2.99803E-05,4.77892E-05
0.0021184,0.94452,0.67,5.2567,-0.077128,0.012205,1.0139,0.0016706,-0.00047659,0.00054852,0.0012245,-0.00085657,0.0013418,0.1133424,0.0804,0.630804,7.64742E-05,-0.01465432,0.00231895,0.192641,6.03087E-05,-1.72049E-05,1.98016E-05,4.42045E-05,-3.09222E-05,4.8439E-05
0.0021509,0.95277,0.67,5.2567,-0.075956,0.010048,1.011,0.0017451,-0.00049437,0.00051917,0.0011665,-0.00091301,0.0013902,0.1143324,0.0804,0.630804,7.76475E-05,-0.01443164,0.00190912,0.19209,6.29981E-05,-1.78468E-05,1.8742E-05,4.21107E-05,-3.29597E-05,5.01862E-05
0.0022558,0.96103,0.67,5.2567,-0.074779,0.0080646,1.0073,0.0018129,-0.00050104,0.00051812,0.0011821,-0.00098378,0.0015167,0.1153236,0.0804,0.630804,8.14344E-05,-0.01420801,0.001532274,0.191387,6.54457E-05,-1.80875E-05,1.87041E-05,4.26738E-05,-3.55145E-05,5.47529E-05
0.0024097,0.96929,0.67,5.2567,-0.073444,0.0068205,1.0021,0.0018814,-0.00049357,0.00055836,0.0012345,-0.0010395,0.0017035,0.1163148,0.0804,0.630804,8.69902E-05,-0.01395436,0.001295895,0.190399,6.79185E-05,-1.78179E-05,2.01568E-05,4.45655E-05,-3.7526E-05,6.14964E-05
0.0025449,0.97754,0.67,5.2567,-0.072154,0.0065608,0.99516,0.0019653,-0.00047133,0.00063124,0.0012672,-0.0010481,0.0018572,0.1173048,0.0804,0.630804,9.18709E-05,-0.01370926,0.001246552,0.1890804,7.09473E-05,-1.7015E-05,2.27878E-05,4.57459E-05,-3.78364E-05,6.70449E-05
0.0025876,0.9858,0.67,5.2567,-0.071035,0.0072243,0.98691,0.0020694,-0.00042961,0.00071216,0.0012416,-0.0010001,0.0018641,0.118296,0.0804,0.630804,9.34124E-05,-0.01349665,0.001372617,0.1875129,7.47053E-05,-1.55089E-05,2.5709E-05,4.48218E-05,-3.61036E-05,6.7294E-05
0.0025465,0.99405,0.67,5.2567,-0.069985,0.0084358,0.97816,0.0021909,-0.0003679,0.00075028,0.0011803,-0.00089071,0.0017218,0.119286,0.0804,0.630804,9.19287E-05,-0.01329715,0.001602802,0.1858504,7.90915E-05,-1.32812E-05,2.70851E-05,4.26088E-05,-3.21546E-05,6.2157E-05
0.0024855,1.0023,0.67,5.2567,-0.069124,0.0095966,0.9698,0.0023279,-0.00029102,0.00073353,0.0011379,-0.00075116,0.0015052,0.120276,0.0804,0.630804,8.97266E-05,-0.01313356,0.001823354,0.184262,8.40372E-05,-1.05058E-05,2.64804E-05,4.10782E-05,-2.71169E-05,5.43377E-05
0.0024693,1.0106,0.67,5.2567,-0.068357,0.010483,0.96224,0.0024736,-0.00019999,0.00066492,0.0011529,-0.0006272,0.001312,0.121272,0.0804,0.630804,8.91417E-05,-0.01298783,0.00199177,0.1828256,8.9297E-05,-7.21964E-06,2.40036E-05,4.16197E-05,-2.26419E-05,4.73632E-05
0.0025032,1.0188,0.67,5.2567,-0.067373,0.01154,0.95609,0.0026275,-9.27E-05,0.00058656,0.0012245,-0.0005567,0.0011543,0.122256,0.0804,0.630804,9.03655E-05,-0.01280087,0.0021926,0.1816571,9.48528E-05,-3.34499E-06,2.11748E-05,4.42045E-05,-2.00969E-05,4.16702E-05
0.0025614,1.0271,0.67,5.2567,-0.066019,0.013085,0.95173,0.002777,3.15E-05,0.00051941,0.0013149,-0.0005386,0.0010309,0.123252,0.0804,0.630804,9.24665E-05,-0.01254361,0.00248615,0.1808287,0.00010025,1.13668E-06,1.87507E-05,4.74679E-05,-1.94435E-05,3.72155E-05
0.0026577,1.0353,0.67,5.2567,-0.064229,0.014711,0.94863,0.0029102,0.00017215,0.00047533,0.0013904,-0.00052105,0.0010149,0.124236,0.0804,0.630804,9.5943E-05,-0.01220351,0.00279509,0.1802397,0.000105058,6.21462E-06,1.71594E-05,5.01934E-05,-1.88099E-05,3.66379E-05
0.0027677,1.0436,0.67,5.2567,-0.062183,0.015821,0.94611,0.0030224,0.00030944,0.00044011,0.001438,-0.00048875,0.0010749,0.125232,0.0804,0.630804,9.9914E-05,-0.01181477,0.00300599,0.1797609,0.000109109,1.11708E-05,1.5888E-05,5.19118E-05,-1.76439E-05,3.88039E-05
0.0028725,1.0518,0.67,5.2567,-0.060232,0.016254,0.94363,0.0031057,0.00041093,0.00038351,0.0014435,-0.00046415,0.0011958,0.126216,0.0804,0.630804,0.000103697,-0.01144408,0.00308826,0.1792897,0.000112116,1.48346E-05,1.38447E-05,5.21104E-05,-1.67558E-05,4.31684E-05
0.0029541,1.0601,0.67,5.2567,-0.058636,0.016262,0.94108,0.0031545,0.00044359,0.00031147,0.0013882,-0.00047014,0.0013655,0.127212,0.0804,0.630804,0.000106643,-0.01114084,0.00308978,0.1788052,0.000113877,1.60136E-05,1.12441E-05,5.0114E-05,-1.69721E-05,4.92946E-05
0.002993,1.0684,0.67,5.2567,-0.057485,0.016115,0.93845,0.0031577,0.00039996,0.00022521,0.0012844,-0.00050348,0.001544,0.128208,0.0804,0.630804,0.000108047,-0.01092215,0.00306185,0.1783055,0.000113993,1.44386E-05,8.13008E-06,4.63668E-05,-1.81756E-05,5.57384E-05
0.003007,1.0766,0.67,5.2567,-0.056694,0.015924,0.93571,0.0031086,0.00031007,0.0001531,0.0011777,-0.0005621,0.0017278,0.129192,0.0804,0.630804,0.000108553,-0.01077186,0.00302556,0.1777849,0.00011222,1.11935E-05,5.52691E-06,4.2515E-05,-2.02918E-05,6.23736E-05
0.0029986,1.0849,0.67,5.2567,-0.056127,0.015736,0.93291,0.0029978,0.0002079,9.26E-05,0.0011056,-0.00065896,0.0018937,0.130188,0.0804,0.630804,0.000108249,-0.01066413,0.00298984,0.1772529,0.000108221,7.50519E-06,3.34427E-06,3.99122E-05,-2.37885E-05,6.83626E-05
0.0030032,1.0931,0.67,5.2567,-0.055722,0.01571,0.93016,0.002838,0.00011714,3.99E-05,0.0010767,-0.00079094,0.0020917,0.131172,0.0804,0.630804,0.000108416,-0.01058718,0.0029849,0.1767304,0.000102452,4.22875E-06,1.44061E-06,3.88689E-05,-2.85529E-05,7.55104E-05
0.0030628,1.1014,0.67,5.2567,-0.055347,0.016014,0.92728,0.0026652,4.48E-05,8.77E-06,0.0010807,-0.0009569,0.0023797,0.132168,0.0804,0.630804,0.000110567,-0.01051593,0.00304266,0.1761832,9.62137E-05,1.61558E-06,3.16774E-07,3.90133E-05,-3.45441E-05,8.59072E-05
0.0031779,1.1096,0.67,5.2567,-0.054801,0.016597,0.92364,0.0025002,-1.18E-05,-2.09E-05,0.0010988,-0.0011306,0.0027569,0.133152,0.0804,0.630804,0.000114722,-0.01041219,0.00315343,0.1754916,9.02572E-05,-4.2468E-07,-7.53154E-07,3.96667E-05,-4.08147E-05,9.95241E-05
0.0033023,1.1179,0.67,5.2567,-0.053961,0.017236,0.9194,0.0023504,-5.73E-05,-5.25E-05,0.0011135,-0.0012741,0.0031407,0.134148,0.0804,0.630804,0.000119213,-0.01025259,0.00327484,0.174686,8.48494E-05,-2.07005E-06,-1.89399E-06,4.01974E-05,-4.5995E-05,0.000113379
0.0033809,1.1262,0.67,5.2567,-0.052791,0.017897,0.91509,0.0022158,-9.38E-05,-9.07E-05,0.0011145,-0.0013776,0.0034314,0.135144,0.0804,0.630804,0.00012205,-0.01003029,0.00340043,0.1738671,7.99904E-05,-3.38589E-06,-3.27597E-06,4.02335E-05,-4.97314E-05,0.000123874
0.0034433,1.1344,0.67,5.2567,-0.05138,0.018787,0.91098,0.0020975,-0.00011853,-0.00012087,0.001105,-0.0014559,0.0036841,0.136128,0.0804,0.630804,0.000124303,-0.0097622,0.00356953,0.1730862,7.57198E-05,-4.27893E-06,-4.36341E-06,3.98905E-05,-5.2558E-05,0.000132996
0.0035151,1.1427,0.67,5.2567,-0.049837,0.020119,0.9072,0.0019919,-0.00012632,-0.00011688,0.0011104,-0.0015072,0.0039278,0.137124,0.0804,0.630804,0.000126895,-0.00946903,0.00382261,0.172368,7.19076E-05,-4.56015E-06,-4.21937E-06,4.00854E-05,-5.44099E-05,0.000141794
0.0036046,1.1509,0.67,5.2567,-0.048186,0.021887,0.90416,0.0018878,-0.00012,-8.14E-05,0.001172,-0.0015423,0.0041494,0.138108,0.0804,0.630804,0.000130126,-0.00915534,0.00415853,0.1717904,6.81496E-05,-0.000004332,-2.93897E-06,4.23092E-05,-5.5677E-05,0.000149793
0.0037015,1.1592,0.67,5.2567,-0.046335,0.023747,0.90221,0.0017905,-0.00011674,-2.96E-05,0.0013114,-0.0016139,0.0043011,0.139104,0.0804,0.630804,0.000133624,-0.00880365,0.00451193,0.1714199,6.46371E-05,-4.21431E-06,-1.06737E-06,4.73415E-05,-5.82618E-05,0.00015527
0.0037672,1.1674,0.67,5.2567,-0.044189,0.025093,0.90098,0.0017224,-0.00012321,2.50E-05,0.0015156,-0.0017277,0.0042963,0.140088,0.0804,0.630804,0.000135996,-0.00839591,0.00476767,0.1711862,6.21786E-05,-4.44788E-06,9.02536E-07,5.47132E-05,-6.237E-05,0.000155096
0.0037753,1.1757,0.67,5.2567,-0.041897,0.025545,0.8999,0.0016842,-0.00012226,5.98E-05,0.001736,-0.0018472,0.0041304,0.141084,0.0804,0.630804,0.000136288,-0.00796043,0.00485355,0.170981,6.07996E-05,-4.41359E-06,2.15994E-06,6.26696E-05,-6.66839E-05,0.000149107
0.0037357,1.1839,0.67,5.2567,-0.039684,0.025375,0.89913,0.0016575,-0.00010289,5.23E-05,0.0018983,-0.0019544,0.0039156,0.142068,0.0804,0.630804,0.000134859,-0.00753996,0.00482125,0.1708347,5.98358E-05,-3.71433E-06,1.88821E-06,6.85286E-05,-7.05538E-05,0.000141353
0.0036882,1.1922,0.67,5.2567,-0.037682,0.02512,0.89916,0.0016365,-7.56E-05,-5.21E-06,0.0019451,-0.002043,0.0037947,0.143064,0.0804,0.630804,0.000133144,-0.00715958,0.0047728,0.1708404,5.90777E-05,-2.72837E-06,-1.88207E-07,7.02181E-05,-7.37523E-05,0.000136989
0.0036577,1.2005,0.67,5.2567,-0.03587,0.024984,0.89984,0.0016225,-5.70E-05,-8.15E-05,0.0018527,-0.0020891,0.0038401,0.14406,0.0804,0.630804,0.000132043,-0.0068153,0.00474696,0.1709696,5.85723E-05,-2.05608E-06,-2.94197E-06,6.68825E-05,-7.54165E-05,0.000138628
0.0035939,1.2087,0.67,5.2567,-0.034154,0.024952,0.90096,0.0015984,-5.73E-05,-0.00015301,0.0016351,-0.002054,0.0039543,0.145044,0.0804,0.630804,0.00012974,-0.00648926,0.00474088,0.1711824,5.77022E-05,-2.06817E-06,-5.52366E-06,5.90271E-05,-7.41494E-05,0.00014275
0.0034558,1.217,0.67,5.2567,-0.032434,0.024988,0.90259,0.0015343,-7.57E-05,-0.00019675,0.0013725,-0.0019303,0.0040048,0.14604,0.0804,0.630804,0.000124754,-0.00616246,0.00474772,0.1714921,5.53882E-05,-2.73425E-06,-7.10268E-06,4.95473E-05,-6.96838E-05,0.000144573
0.0032685,1.2252,0.67,5.2567,-0.03063,0.024958,0.90504,0.0014439,-9.97E-05,-0.00015738,0.0011715,-0.0017699,0.0039215,0.147024,0.0804,0.630804,0.000117993,-0.0058197,0.00474202,0.1719576,5.21248E-05,-3.60036E-06,-5.68142E-06,4.22912E-05,-6.38934E-05,0.000141566
0.0030367,1.2335,0.67,5.2567,-0.028783,0.024764,0.90862,0.0013635,-0.00010899,-4.90E-05,0.0010882,-0.0016279,0.0036218,0.14802,0.0804,0.630804,0.000109625,-0.00546877,0.00470516,0.1726378,4.92224E-05,-3.93454E-06,-1.7671E-06,3.9284E-05,-5.87672E-05,0.000130747
0.0027754,1.2417,0.67,5.2567,-0.02696,0.024408,0.91301,0.0012921,-9.53E-05,5.88E-05,0.0011035,-0.0014942,0.0031552,0.149004,0.0804,0.630804,0.000100192,-0.0051224,0.00463752,0.1734719,4.66448E-05,-3.44188E-06,2.12355E-06,3.98364E-05,-5.39406E-05,0.000113903
0.0025267,1.25,0.67,5.2567,-0.025091,0.023768,0.91738,0.0012255,-7.43E-05,0.00013512,0.0011514,-0.0013251,0.0026764,0.15,0.0804,0.630804,9.12139E-05,-0.00476729,0.00451592,0.1743022,4.42406E-05,-2.68089E-06,4.87783E-06,4.15655E-05,-4.78361E-05,9.6618E-05
0.0023137,1.2583,0.67,5.2567,-0.023018,0.022495,0.92125,0.00119,-6.62E-05,0.000176,0.0011829,-0.0011083,0.0022545,0.150996,0.0804,0.630804,8.35246E-05,-0.00437342,0.00427405,0.1750375,0.000042959,-2.39141E-06,6.3536E-06,4.27027E-05,-4.00096E-05,8.13875E-05
0.0021551,1.2665,0.67,5.2567,-0.02073,0.020452,0.92473,0.0011907,-8.22E-05,0.0001598,0.0012016,-0.00088135,0.0019178,0.15198,0.0804,0.630804,7.77991E-05,-0.0039387,0.00388588,0.1756987,4.29843E-05,-2.96749E-06,5.76878E-06,4.33778E-05,-3.18167E-05,6.92326E-05
0.00207,1.2748,0.67,5.2567,-0.018375,0.017802,0.9276,0.0011953,-0.00011648,0.00011299,0.0012262,-0.00069575,0.0017185,0.152976,0.0804,0.630804,0.000074727,-0.00349125,0.00338238,0.176244,4.31503E-05,-4.20493E-06,4.07894E-06,4.42658E-05,-2.51166E-05,6.20379E-05
0.0020152,1.283,0.67,5.2567,-0.016139,0.014986,0.92952,0.0011907,-0.000144,0.00010634,0.0012537,-0.00056812,0.0015862,0.15396,0.0804,0.630804,7.27487E-05,-0.00306641,0.00284734,0.1766088,4.29843E-05,-5.1984E-06,3.83887E-06,4.52586E-05,-2.05091E-05,5.72618E-05
0.0019907,1.2913,0.67,5.2567,-0.014232,0.012708,0.9308,0.0011825,-0.00015238,0.0001176,0.0012908,-0.00044987,0.0015081,0.154956,0.0804,0.630804,7.18643E-05,-0.00270408,0.00241452,0.176852,4.26883E-05,-5.50092E-06,4.24536E-06,4.65979E-05,-1.62403E-05,5.44424E-05
0.002009,1.2995,0.67,5.2567,-0.012713,0.011334,0.93159,0.0011731,-0.00015455,0.00010046,0.0013359,-0.00029875,0.001509,0.15594,0.0804,0.630804,7.25249E-05,-0.00241547,0.00215346,0.1770021,4.23489E-05,-5.57926E-06,3.62661E-06,4.8226E-05,-1.07849E-05,5.44749E-05
0.0020002,1.3078,0.67,5.2567,-0.011402,0.010594,0.93161,0.0011554,-0.0001539,7.78E-05,0.001338,-0.00013956,0.0015071,0.156936,0.0804,0.630804,7.22072E-05,-0.00216638,0.00201286,0.1770059,4.17099E-05,-5.55579E-06,2.81028E-06,4.83018E-05,-5.03812E-06,5.44063E-05
0.0019269,1.316,0.67,5.2567,-0.010098,0.010082,0.93102,0.0011258,-0.00014213,6.55E-05,0.0012388,-5.20E-06,0.0014893,0.15792,0.0804,0.630804,6.95611E-05,-0.00191862,0.00191558,0.1768938,4.06414E-05,-5.13089E-06,2.36469E-06,4.47207E-05,-1.8781E-07,5.37637E-05
0.0018329,1.3243,0.67,5.2567,-0.0087543,0.00977,0.93015,0.0010977,-0.00011995,3.81E-05,0.0010524,0.00010009,0.0015158,0.158916,0.0804,0.630804,6.61677E-05,-0.001663317,0.0018563,0.1767285,3.9627E-05,-4.3302E-06,1.3766E-06,3.79916E-05,3.61325E-06,5.47204E-05
0.001717,1.3326,0.67,5.2567,-0.0073835,0.0097888,0.92887,0.0010726,-9.76E-05,6.72E-06,0.00086136,0.0001645,0.0015,0.159912,0.0804,0.630804,6.19837E-05,-0.001402865,0.001859872,0.1764853,3.87209E-05,-3.52267E-06,2.42747E-07,3.10951E-05,5.93845E-06,0.00005415
0.001577,1.3408,0.67,5.2567,-0.0059362,0.0099192,0.92689,0.0010302,-8.16E-05,-1.42E-05,0.00071414,0.00017057,0.0014098,0.160896,0.0804,0.630804,5.69297E-05,-0.001127878,0.001884648,0.1761091,3.71902E-05,-2.94645E-06,-5.11898E-07,2.57805E-05,6.15758E-06,5.08938E-05
0.0014688,1.3491,0.67,5.2567,-0.0043846,0.0097081,0.92449,0.0009921,-7.11E-05,-4.90E-05,0.00060934,0.00012362,0.0013361,0.161892,0.0804,0.630804,5.30237E-05,-0.000833074,0.001844539,0.1756531,3.58148E-05,-2.56512E-06,-1.7698E-06,2.19972E-05,4.46268E-06,4.82332E-05
0.0013447,1.3573,0.67,5.2567,-0.0026982,0.0090162,0.92215,0.00096761,-6.18E-05,-0.00010461,0.00054487,4.64E-05,0.001177,0.162876,0.0804,0.630804,4.85437E-05,-0.000512658,0.001713078,0.1752085,3.49307E-05,-2.23015E-06,-3.77642E-06,1.96698E-05,1.67594E-06,4.24897E-05
0.0012063,1.3656,0.67,5.2567,-0.00085227,0.0079131,0.92075,0.00090217,-5.26E-05,-0.00011168,0.00051864,-2.98E-05,0.00099169,0.163872,0.0804,0.630804,4.35474E-05,-0.000161931,0.001503489,0.1749425,3.25683E-05,-1.89897E-06,-4.03165E-06,1.87229E-05,-1.07491E-06,3.58E-05
0.0011258,1.3738,0.67,5.2567,0.0010369,0.006636,0.92084,0.00082105,-4.60E-05,-9.86E-05,0.00051661,-9.38E-05,0.0009139,0.164856,0.0804,0.630804,4.06414E-05,0.000197011,0.00126084,0.1749596,2.96399E-05,-1.6602E-06,-3.55892E-06,1.86496E-05,-3.38531E-06,3.29918E-05
0.0010639,1.3821,0.67,5.2567,0.0028457,0.0055272,0.92185,0.00077586,-3.95E-05,-0.00010926,0.00052794,-0.00014884,0.0008241,0.165852,0.0804,0.630804,3.84068E-05,0.000540683,0.001050168,0.1751515,2.80085E-05,-1.42613E-06,-3.94429E-06,1.90586E-05,-5.37312E-06,2.975E-05
0.0010539,1.3903,0.67,5.2567,0.0045921,0.0048857,0.92281,0.00076012,-3.28E-05,-0.00010715,0.00055499,-0.00018911,0.00079275,0.166836,0.0804,0.630804,3.80458E-05,0.000872499,0.000928283,0.1753339,2.74403E-05,-1.18538E-06,-3.86812E-06,2.00351E-05,-6.82687E-06,2.86183E-05
0.0011222,1.3986,0.67,5.2567,0.0062676,0.0047603,0.92379,0.00076605,-3.27E-05,-0.00012122,0.00059811,-0.00021603,0.00088023,0.167832,0.0804,0.630804,4.05114E-05,0.001190844,0.000904457,0.1755201,2.76544E-05,-1.18148E-06,-4.37604E-06,2.15918E-05,-7.79868E-06,3.17763E-05
0.0011348,1.4069,0.67,5.2567,0.0078766,0.0048044,0.92532,0.00076469,-4.30E-05,-8.66E-05,0.0006524,-0.00023375,0.00085248,0.168828,0.0804,0.630804,4.09663E-05,0.001496554,0.000912836,0.1758108,2.76053E-05,-1.55248E-06,-3.12464E-06,2.35516E-05,-8.43838E-06,3.07745E-05
0.0011797,1.4151,0.67,5.2567,0.0094718,0.004785,0.92758,0.00075432,-6.00E-05,-3.43E-05,0.00072197,-0.00025362,0.00088308,0.169812,0.0804,0.630804,4.25872E-05,0.001799642,0.00090915,0.1762402,2.7231E-05,-2.16445E-06,-1.23942E-06,2.60631E-05,-9.15568E-06,3.18792E-05
0.0012617,1.4234,0.67,5.2567,0.010983,0.0046236,0.93082,0.00075383,-8.12E-05,-1.41E-05,0.00081318,-0.00027366,0.0009563,0.170808,0.0804,0.630804,4.55474E-05,0.00208677,0.000878484,0.1768558,2.72133E-05,-2.93291E-06,-5.07927E-07,2.93558E-05,-9.87913E-06,3.45224E-05
0.0013479,1.4316,0.67,5.2567,0.012374,0.004309,0.93484,0.0007514,-0.0001042,7.62E-06,0.00092813,-0.00029108,0.0010163,0.171792,0.0804,0.630804,4.86592E-05,0.00235106,0.00081871,0.1776196,2.71255E-05,-3.76162E-06,2.75255E-07,3.35055E-05,-1.0508E-05,3.66884E-05
0.0014754,1.4399,0.67,5.2567,0.013594,0.0036118,0.93956,0.0007482,-0.00013175,2.25E-06,0.0010647,-0.00029139,0.0011379,0.172788,0.0804,0.630804,5.32619E-05,0.00258286,0.000686242,0.1785164,2.701E-05,-4.75618E-06,8.11636E-08,3.84357E-05,-1.05192E-05,4.10782E-05
0.0015664,1.4481,0.67,5.2567,0.014591,0.0023309,0.94496,0.00074872,-0.00016569,-7.21E-07,0.0012026,-0.00028168,0.0011815,0.173772,0.0804,0.630804,5.6547E-05,0.00277229,0.000442871,0.1795424,2.70288E-05,-5.98141E-06,-2.60191E-08,4.34139E-05,-1.01686E-05,4.26522E-05
0.0016491,1.4564,0.67,5.2567,0.01544,0.00055882,0.95091,0.00074718,-0.00019848,9.64E-06,0.0013195,-0.00028739,0.0012315,0.174768,0.0804,0.630804,5.95325E-05,0.0029336,0.000106176,0.1806729,2.69732E-05,-7.16513E-06,3.48112E-07,4.7634E-05,-1.03748E-05,4.44572E-05
0.0017165,1.4647,0.67,5.2567,0.016241,-0.0016765,0.95716,0.00074238,-0.00022738,3.74E-05,0.0014044,-0.00031392,0.0012863,0.175764,0.0804,0.630804,6.19657E-05,0.00308579,-0.000318535,0.1818604,2.67999E-05,-8.20842E-06,1.34891E-06,5.06988E-05,-1.13325E-05,4.64354E-05
0.001765,1.4729,0.67,5.2567,0.017054,-0.0041523,0.96287,0.00073292,-0.00025218,7.00E-05,0.0014522,-0.00037796,0.0013448,0.176748,0.0804,0.630804,6.37165E-05,0.00324026,-0.000788937,0.1829453,2.64584E-05,-9.1037E-06,2.52631E-06,5.24244E-05,-1.36444E-05,4.85473E-05
0.0017844,1.4812,0.67,5.2567,0.017919,-0.0065718,0.96753,0.0007147,-0.00027091,0.00010542,0.0014521,-0.00047962,0.0014019,0.177744,0.0804,0.630804,6.44168E-05,0.00340461,-0.001248642,0.1838307,2.58007E-05,-9.77985E-06,3.80566E-06,5.24208E-05,-1.73143E-05,5.06086E-05
0.0017882,1.4894,0.67,5.2567,0.018912,-0.008461,0.97119,0.00068914,-0.00028102,0.00013931,0.001401,-0.00061254,0.0014863,0.178728,0.0804,0.630804,6.4554E-05,0.00359328,-0.00160759,0.1845261,2.4878E-05,-1.01448E-05,5.02909E-06,5.05761E-05,-2.21127E-05,5.36554E-05
0.0018139,1.4977,0.67,5.2567,0.020066,-0.0092162,0.97443,0.0006639,-0.00027913,0.00018124,0.0013364,-0.0007589,0.0016275,0.179724,0.0804,0.630804,6.54818E-05,0.00381254,-0.001751078,0.1851417,2.39668E-05,-1.00766E-05,6.54276E-06,4.8244E-05,-2.73963E-05,5.87528E-05
0.0018736,1.5059,0.67,5.2567,0.021368,-0.0086926,0.97826,0.00064485,-0.00027033,0.00024597,0.0013123,-0.00088717,0.0017901,0.180708,0.0804,0.630804,6.7637E-05,0.00405992,-0.001651594,0.1858694,2.32791E-05,-9.75891E-06,8.87952E-06,4.7374E-05,-3.20268E-05,6.46226E-05
0.0019499,1.5142,0.67,5.2567,0.022786,-0.0074703,0.98275,0.00062432,-0.00026759,0.0003219,0.001345,-0.00098613,0.0019304,0.181704,0.0804,0.630804,7.03914E-05,0.00432934,-0.001419357,0.1867225,2.2538E-05,-9.66E-06,1.16206E-05,4.85545E-05,-3.55993E-05,6.96874E-05
0.0020124,1.5224,0.67,5.2567,0.024308,-0.0065038,0.98726,0.00059239,-0.00027319,0.00039503,0.0014013,-0.0010452,0.0020312,0.182688,0.0804,0.630804,7.26476E-05,0.00461852,-0.001235722,0.1875794,2.13853E-05,-9.86216E-06,1.42606E-05,5.05869E-05,-3.77317E-05,7.33263E-05
0.0020319,1.5307,0.67,5.2567,0.025944,-0.0062233,0.99128,0.00055376,-0.0002792,0.00043419,0.0014354,-0.001071,0.0020746,0.183684,0.0804,0.630804,7.33516E-05,0.00492936,-0.001182427,0.1883432,1.99907E-05,-1.00791E-05,1.56743E-05,5.18179E-05,-3.86631E-05,7.48931E-05
0.0019974,1.539,0.67,5.2567,0.027694,-0.0065908,0.99459,0.00051328,-0.00027786,0.000437,0.0014305,-0.0010749,0.0020511,0.18468,0.0804,0.630804,7.21061E-05,0.00526186,-0.001252252,0.1889721,1.85294E-05,-1.00307E-05,1.57757E-05,5.16411E-05,-3.88039E-05,7.40447E-05
0.0019337,1.5472,0.67,5.2567,0.029515,-0.0071027,0.99732,0.00047634,-0.00027129,0.00041212,0.0014035,-0.001063,0.0019876,0.185664,0.0804,0.630804,6.98066E-05,0.00560785,-0.001349513,0.1894908,1.71959E-05,-9.79357E-06,1.48775E-05,5.06664E-05,-3.83743E-05,7.17524E-05
0.001871,1.5555,0.67,5.2567,0.031236,-0.0071526,0.9993,0.00045426,-0.00026528,0.000376,0.0013672,-0.0010505,0.0019205,0.18666,0.0804,0.630804,6.75431E-05,0.00593484,-0.001358994,0.189867,1.63988E-05,-9.57661E-06,1.35736E-05,4.93559E-05,-3.79231E-05,6.93301E-05
0.001823,1.5637,0.67,5.2567,0.032666,-0.0068257,1.0002,0.00045423,-0.00026015,0.00033927,0.0013156,-0.00104,0.0018762,0.187644,0.0804,0.630804,6.58103E-05,0.00620654,-0.001296883,0.190038,1.63977E-05,-9.39142E-06,1.22476E-05,4.74932E-05,-0.000037544,6.77308E-05
0.0017781,1.572,0.67,5.2567,0.033836,-0.0064258,1.0004,0.00046676,-0.0002547,0.00030359,0.0012519,-0.0010214,0.0018376,0.18864,0.0804,0.630804,6.41894E-05,0.00642884,-0.001220902,0.190076,1.685E-05,-9.19467E-06,1.09596E-05,4.51936E-05,-3.68725E-05,6.63374E-05
0.0017318,1.5802,0.67,5.2567,0.034861,-0.0060156,1.0001,0.00048011,-0.00024842,0.00027579,0.0011912,-0.00098378,0.0017923,0.189624,0.0804,0.630804,6.2518E-05,0.00662359,-0.001142964,0.190019,1.7332E-05,-8.96796E-06,9.95602E-06,4.30023E-05,-3.55145E-05,6.4702E-05
0.0016867,1.5885,0.67,5.2567,0.035685,-0.0054527,0.99967,0.000495,-0.00024578,0.00026474,0.0011514,-0.00093403,0.0017269,0.19062,0.0804,0.630804,6.08899E-05,0.00678015,-0.001036013,0.1899373,1.78695E-05,-8.87266E-06,9.55711E-06,4.15655E-05,-3.37185E-05,6.23411E-05
0.0016512,1.5968,0.67,5.2567,0.036251,-0.0044708,0.99866,0.00051763,-0.00025462,0.00026806,0.0011458,-0.0008792,0.0016389,0.191616,0.0804,0.630804,5.96083E-05,0.00688769,-0.000849452,0.1897454,1.86864E-05,-9.19178E-06,9.67697E-06,4.13634E-05,-3.17391E-05,5.91643E-05
0.0016249,1.605,0.67,5.2567,0.036667,-0.0029203,0.99615,0.00055256,-0.00027602,0.00027124,0.0011705,-0.00080655,0.0015267,0.1926,0.0804,0.630804,5.86589E-05,0.00696673,-0.000554857,0.1892685,1.99474E-05,-9.96432E-06,9.79176E-06,4.22551E-05,-2.91165E-05,5.51139E-05
0.0015958,1.6133,0.67,5.2567,0.037057,-0.00086858,0.9921,0.00059425,-0.00029819,0.00025448,0.0012003,-0.00068831,0.0013971,0.193596,0.0804,0.630804,5.76084E-05,0.00704083,-0.00016503,0.188499,2.14524E-05,-1.07647E-05,9.18673E-06,4.33308E-05,-2.4848E-05,5.04353E-05
0.0015524,1.6215,0.67,5.2567,0.037464,0.00151,0.98807,0.00063494,-0.00030205,0.0002092,0.001202,-0.00053084,0.0012679,0.19458,0.0804,0.630804,5.60416E-05,0.00711816,0.0002869,0.1877333,2.29213E-05,-1.0904E-05,7.55212E-06,4.33922E-05,-1.91633E-05,4.57712E-05
0.0014953,1.6298,0.67,5.2567,0.037828,0.0040494,0.98613,0.00067822,-0.00028417,0.0001462,0.0011691,-0.00038989,0.0011433,0.195576,0.0804,0.630804,5.39803E-05,0.00718732,0.000769386,0.1873647,2.44837E-05,-1.02585E-05,5.27782E-06,4.22045E-05,-1.4075E-05,4.12731E-05
0.0014419,1.638,0.67,5.2567,0.038036,0.0065883,0.98714,0.00073428,-0.00026468,7.97E-05,0.0011276,-0.00029501,0.001022,0.19656,0.0804,0.630804,5.20526E-05,0.00722684,0.001251777,0.1875566,2.65075E-05,-9.55495E-06,2.87807E-06,4.07064E-05,-1.06499E-05,3.68942E-05
0.0014141,1.6463,0.67,5.2567,0.038028,0.0088896,0.9901,0.00081054,-0.00025596,3.90E-05,0.0010976,-0.0002289,0.00092011,0.197556,0.0804,0.630804,5.1049E-05,0.00722532,0.001689024,0.188119,2.92605E-05,-9.24016E-06,1.40631E-06,3.96234E-05,-8.26329E-06,3.3216E-05
0.0014101,1.6545,0.67,5.2567,0.03777,0.010643,0.99315,0.00090925,-0.00025064,4.27E-05,0.0010744,-0.00018317,0.00083649,0.19854,0.0804,0.630804,5.09046E-05,0.0071763,0.00202217,0.1886985,3.28239E-05,-9.0481E-06,1.53985E-06,3.87858E-05,-6.61244E-06,3.01973E-05
0.0014331,1.6628,0.67,5.2567,0.037292,0.011661,0.99549,0.0010288,-0.00023996,5.48E-05,0.0010469,-0.00015226,0.00079038,0.199536,0.0804,0.630804,5.17349E-05,0.00708548,0.00221559,0.1891431,3.71397E-05,-8.66256E-06,1.97846E-06,3.77931E-05,-5.49659E-06,2.85327E-05
0.0015208,1.6711,0.67,5.2567,0.036761,0.012114,0.99708,0.0011702,-0.00021966,6.19E-05,0.0010201,-0.00012885,0.00085134,0.200532,0.0804,0.630804,5.49009E-05,0.00698459,0.00230166,0.1894452,4.22442E-05,-7.92973E-06,2.23343E-06,3.68256E-05,-4.65149E-06,3.07334E-05
0.0016992,1.6793,0.67,5.2567,0.036362,0.012622,0.99836,0.0013326,-0.00019556,9.23E-05,0.0010297,-0.00012923,0.001036,0.201516,0.0804,0.630804,6.13411E-05,0.00690878,0.00239818,0.1896884,4.81069E-05,-7.05972E-06,3.33196E-06,3.71722E-05,-4.6652E-06,3.73996E-05
0.0019336,1.6876,0.67,5.2567,0.036179,0.013597,1.0001,0.0015051,-0.00018768,0.00016207,0.0011132,-0.00017438,0.0012489,0.202512,0.0804,0.630804,6.9803E-05,0.00687401,0.00258343,0.190019,5.43341E-05,-6.77525E-06,5.85073E-06,4.01865E-05,-6.29512E-06,4.50853E-05
0.0021758,1.6958,0.67,5.2567,0.036208,0.014567,1.0007,0.001682,-0.00020744,0.00027171,0.0012029,-0.00029781,0.0014668,0.203496,0.0804,0.630804,7.85464E-05,0.00687952,0.00276773,0.190133,6.07202E-05,-7.48858E-06,9.80873E-06,4.34247E-05,-1.07509E-05,5.29515E-05
0.0023788,1.7041,0.67,5.2567,0.036529,0.014871,0.99903,0.0018717,-0.00023633,0.00041625,0.00118,-0.00044392,0.0017061,0.204492,0.0804,0.630804,8.58747E-05,0.00694051,0.00282549,0.1898157,6.75684E-05,-8.53151E-06,1.50266E-05,0.000042598,-1.60255E-05,6.15902E-05
0.0024133,1.7123,0.67,5.2567,0.037285,0.014575,0.99799,0.0020649,-0.00024093,0.00052872,0.0010688,-0.00044535,0.0016929,0.205476,0.0804,0.630804,8.71201E-05,0.00708415,0.00276925,0.1896181,7.45429E-05,-8.69757E-06,1.90868E-05,3.85837E-05,-1.60771E-05,6.11137E-05
0.0022856,1.7206,0.67,5.2567,0.038462,0.013998,0.9989,0.0022305,-0.00021741,0.00053944,0.00098737,-0.00032068,0.0013533,0.206472,0.0804,0.630804,8.25102E-05,0.00730778,0.00265962,0.189791,8.05211E-05,-7.8485E-06,1.94738E-05,3.56441E-05,-1.15765E-05,4.88541E-05
0.0021848,1.7289,0.67,5.2567,0.039846,0.013353,1.0003,0.0023548,-0.00020493,0.00048932,0.0010087,-0.00022706,0.0010061,0.207468,0.0804,0.630804,7.88713E-05,0.00757074,0.00253707,0.190057,8.50083E-05,-7.39797E-06,1.76645E-05,3.64141E-05,-8.19687E-06,3.63202E-05
0.0021815,1.7371,0.67,5.2567,0.041164,0.012964,1.0014,0.0024372,-0.00023666,0.00044675,0.0011183,-0.00020421,0.00080741,0.208452,0.0804,0.630804,7.87522E-05,0.00782116,0.00246316,0.190266,8.79829E-05,-8.54343E-06,1.61277E-05,4.03706E-05,-7.37198E-06,2.91475E-05
0.0022204,1.7454,0.67,5.2567,0.042219,0.01318,1.0023,0.0024703,-0.00030961,0.00042522,0.0012451,-0.0002056,0.0007255,0.209448,0.0804,0.630804,8.01564E-05,0.00802161,0.0025042,0.190437,8.91778E-05,-1.11769E-05,1.53504E-05,4.49481E-05,-7.42216E-06,2.61906E-05
0.0022562,1.7536,0.67,5.2567,0.042987,0.014191,1.0036,0.0024561,-0.00041016,0.0004189,0.0013685,-0.00019923,0.00068768,0.210432,0.0804,0.630804,8.14488E-05,0.00816753,0.00269629,0.190684,8.86652E-05,-1.48068E-05,1.51223E-05,4.94029E-05,-7.1922E-06,2.48252E-05
0.0022936,1.7619,0.67,5.2567,0.043497,0.015462,1.0053,0.0024175,-0.00052372,0.0004248,0.0015175,-0.0001751,0.00065214,0.211428,0.0804,0.630804,8.2799E-05,0.00826443,0.00293778,0.191007,8.72718E-05,-1.89063E-05,1.53353E-05,5.47818E-05,-6.32111E-06,2.35423E-05
0.0023306,1.7701,0.67,5.2567,0.04375,0.015923,1.0066,0.0023665,-0.00062132,0.00043666,0.0016527,-0.00015466,0.00064191,0.212412,0.0804,0.630804,8.41347E-05,0.0083125,0.00302537,0.191254,8.54307E-05,-2.24297E-05,1.57634E-05,5.96625E-05,-5.58323E-06,2.3173E-05
0.0023367,1.7784,0.67,5.2567,0.043795,0.015233,1.0073,0.0022892,-0.00067299,0.00044084,0.0017023,-0.00018076,0.00068197,0.213408,0.0804,0.630804,8.43549E-05,0.00832105,0.00289427,0.191387,8.26401E-05,-2.42949E-05,1.59143E-05,6.1453E-05,-6.52544E-06,2.46191E-05
0.0023197,1.7866,0.67,5.2567,0.043736,0.014012,1.0088,0.002185,-0.00067691,0.00044269,0.0016814,-0.00025281,0.00077305,0.214392,0.0804,0.630804,8.37412E-05,0.00830984,0.00266228,0.191672,7.88785E-05,-2.44365E-05,1.59811E-05,6.06985E-05,-9.12644E-06,2.79071E-05
0.0023092,1.7949,0.67,5.2567,0.043689,0.012922,1.0113,0.0020785,-0.00065826,0.00046617,0.0016455,-0.00034077,0.0008945,0.215388,0.0804,0.630804,8.33621E-05,0.00830091,0.00245518,0.192147,7.50339E-05,-2.37632E-05,1.68287E-05,5.94026E-05,-1.23018E-05,3.22915E-05
0.0023234,1.8032,0.67,5.2567,0.043755,0.012179,1.0143,0.0019882,-0.00064335,0.00053158,0.0016303,-0.00043271,0.0010282,0.216384,0.0804,0.630804,8.38747E-05,0.00831345,0.00231401,0.192717,7.1774E-05,-2.32249E-05,1.919E-05,5.88538E-05,-1.56208E-05,3.7118E-05
0.0023714,1.8114,0.67,5.2567,0.043959,0.011788,1.0166,0.0019171,-0.00065202,0.00063021,0.00165,-0.00054378,0.0011756,0.217368,0.0804,0.630804,8.56075E-05,0.00835221,0.00223972,0.193154,6.92073E-05,-2.35379E-05,2.27506E-05,0.000059565,-1.96305E-05,4.24392E-05
0.0024554,1.8197,0.67,5.2567,0.04426,0.011778,1.0177,0.0018606,-0.00069295,0.00073088,0.0017119,-0.00069006,0.0013382,0.218364,0.0804,0.630804,8.86399E-05,0.0084094,0.00223782,0.193363,6.71677E-05,-2.50155E-05,2.63848E-05,6.17996E-05,-2.49112E-05,4.8309E-05
0.0025682,1.8279,0.67,5.2567,0.044593,0.012079,1.0176,0.0018133,-0.0007651,0.00080486,0.0018211,-0.00084662,0.0015021,0.219348,0.0804,0.630804,9.2712E-05,0.00847267,0.00229501,0.193344,6.54601E-05,-2.76201E-05,2.90554E-05,6.57417E-05,-3.0563E-05,5.42258E-05
0.0026755,1.8362,0.67,5.2567,0.044936,0.012739,1.017,0.0017671,-0.00084756,0.00084883,0.0019377,-0.00097535,0.0016461,0.220344,0.0804,0.630804,9.65856E-05,0.00853784,0.00242041,0.19323,6.37923E-05,-3.05969E-05,3.06428E-05,6.9951E-05,-3.52101E-05,5.94242E-05
0.0027324,1.8446,0.67,5.2567,0.045333,0.013786,1.0164,0.001715,-0.00090711,0.00086149,0.0019996,-0.0010494,0.0017502,0.221352,0.0804,0.630804,9.86396E-05,0.00861327,0.00261934,0.193116,6.19115E-05,-3.27467E-05,3.10998E-05,7.21856E-05,-3.78833E-05,6.31822E-05
0.0027189,1.8534,0.67,5.2567,0.045852,0.014741,1.0162,0.0016591,-0.00092789,0.00084638,0.0019648,-0.0010809,0.0018139,0.222408,0.0804,0.630804,9.81523E-05,0.00871188,0.00280079,0.193078,5.98935E-05,-3.34968E-05,3.05543E-05,7.09293E-05,-3.90205E-05,6.54818E-05
0.0026616,1.8626,0.67,5.2567,0.046507,0.014889,1.0164,0.0016111,-0.00092144,0.00080752,0.0018643,-0.0010822,0.0018479,0.223512,0.0804,0.630804,9.60838E-05,0.00883633,0.00282891,0.193116,5.81607E-05,-3.3264E-05,2.91515E-05,6.73012E-05,-3.90674E-05,6.67092E-05
0.0026274,1.8723,0.67,5.2567,0.047182,0.014104,1.0175,0.0015787,-0.00090492,0.00075946,0.0017873,-0.0010651,0.0018888,0.224676,0.0804,0.630804,9.48491E-05,0.00896458,0.00267976,0.193325,5.69911E-05,-3.26676E-05,2.74165E-05,6.45215E-05,-3.84501E-05,6.81857E-05
0.0026294,1.8824,0.67,5.2567,0.047686,0.013482,1.0198,0.0015487,-0.000861,0.00069832,0.0017488,-0.0010642,0.0019613,0.225888,0.0804,0.630804,9.49213E-05,0.00906034,0.00256158,0.193762,5.59081E-05,-3.10821E-05,2.52094E-05,6.31317E-05,-3.84176E-05,7.08029E-05
0.0026505,1.8931,0.67,5.2567,0.047887,0.013523,1.0225,0.0014867,-0.00076987,0.00062692,0.0017161,-0.0010806,0.0020981,0.227172,0.0804,0.630804,9.56831E-05,0.00909853,0.00256937,0.194275,5.36699E-05,-2.77923E-05,2.26318E-05,6.19512E-05,-3.90097E-05,7.57414E-05
0.0026181,1.9042,0.67,5.2567,0.047905,0.013394,1.0235,0.0013884,-0.00064773,0.00051701,0.0016271,-0.0010222,0.0022206,0.228504,0.0804,0.630804,9.45134E-05,0.00910195,0.00254486,0.194465,5.01212E-05,-2.33831E-05,1.86641E-05,5.87383E-05,-3.69014E-05,8.01637E-05
0.0025393,1.9159,0.67,5.2567,0.04813,0.012582,1.0231,0.0013062,-0.00051723,0.00038953,0.0014543,-0.00088305,0.0023182,0.229908,0.0804,0.630804,9.16687E-05,0.0091447,0.00239058,0.194389,4.71538E-05,-1.8672E-05,1.4062E-05,5.25002E-05,-3.18781E-05,8.3687E-05
0.0023204,1.9282,0.67,5.2567,0.048727,0.011959,1.0225,0.0012786,-0.00034041,0.00026091,0.0012093,-0.0006786,0.0021529,0.231384,0.0804,0.630804,8.37664E-05,0.00925813,0.00227221,0.194275,4.61575E-05,-1.22888E-05,9.41885E-06,4.36557E-05,-2.44975E-05,7.77197E-05
0.0020268,1.941,0.67,5.2567,0.049255,0.011998,1.0231,0.001284,-0.00012956,0.00010747,0.0010012,-0.00042676,0.0017684,0.23292,0.0804,0.630804,7.31675E-05,0.00935845,0.00227962,0.194389,4.63524E-05,-4.67712E-06,3.87967E-06,3.61433E-05,-1.5406E-05,6.38392E-05
0.0018263,1.9545,0.67,5.2567,0.048895,0.011993,1.0243,0.0012739,3.48E-05,-5.87E-05,0.00090612,-0.00028898,0.0014726,0.23454,0.0804,0.630804,6.59294E-05,0.00929005,0.00227867,0.194617,4.59878E-05,1.25563E-06,-2.11943E-06,3.27109E-05,-1.04322E-05,5.31609E-05
0.0017527,1.9686,0.67,5.2567,0.047491,0.011989,1.0238,0.0012536,0.00011749,-0.00022587,0.00089661,-0.0002267,0.0013552,0.236232,0.0804,0.630804,6.32725E-05,0.00902329,0.00227791,0.194522,4.5255E-05,4.24139E-06,-8.15391E-06,3.23676E-05,-8.18387E-06,4.89227E-05
0.0017208,1.9833,0.67,5.2567,0.046024,0.0096487,1.0208,0.0012723,0.00012262,-0.00028321,0.00087665,-0.00022822,0.0012927,0.237996,0.0804,0.630804,6.21209E-05,0.00874456,0.001833253,0.193952,4.593E-05,4.42658E-06,-1.02239E-05,3.16471E-05,-8.23874E-06,4.66665E-05
0.0017505,1.9988,0.67,5.2567,0.045032,0.0050304,1.0166,0.0013219,7.25E-05,-0.00022329,0.00078131,-0.00018236,0.0013977,0.239856,0.0804,0.630804,6.31931E-05,0.00855608,0.000955776,0.193154,4.77206E-05,2.61732E-06,-8.06077E-06,2.82053E-05,-6.5832E-06,5.0457E-05
0.0021848,2.0149,0.67,5.2567,0.043638,0.0011443,1.0135,0.0013577,2.39E-05,-3.00E-05,0.00064866,4.35E-05,0.0023633,0.241788,0.0804,0.630804,7.88713E-05,0.00829122,0.000217417,0.192565,4.9013E-05,8.63332E-07,-1.08419E-06,2.34166E-05,1.57111E-06,8.53151E-05
0.0026113,2.0319,0.67,5.2567,0.041513,-0.001629,1.0078,0.0013403,6.77E-05,0.00029227,0.00061204,0.00025853,0.0032702,0.243828,0.0804,0.630804,9.42679E-05,0.00788747,-0.00030951,0.191482,4.83848E-05,2.44346E-06,1.05509E-05,2.20946E-05,9.33293E-06,0.000118054
0.002956,2.0496,0.67,5.2567,0.038829,-0.0049335,1.0007,0.0012965,3.15E-05,0.00068934,0.00063445,0.00012619,0.0039811,0.245952,0.0804,0.630804,0.000106712,0.00737751,-0.000937365,0.190133,4.68037E-05,1.13794E-06,2.48852E-05,2.29036E-05,4.55546E-06,0.000143718
0.0038508,2.0681,0.67,5.2567,0.035869,-0.0020564,0.98769,0.0013663,-0.00015894,0.0012352,0.00071673,-0.00015655,0.0056186,0.248172,0.0804,0.630804,0.000139014,0.00681511,-0.000390716,0.1876611,4.93234E-05,-5.73773E-06,4.45907E-05,2.5874E-05,-5.65146E-06,0.000202831
0.0050748,2.0875,0.67,5.2567,0.033414,0.0027466,0.98309,0.0015945,-0.00034806,0.0020439,0.00091341,-0.0007486,0.0076417,0.2505,0.0804,0.630804,0.0001832,0.00634866,0.000521854,0.1867871,5.75615E-05,-1.2565E-05,7.37848E-05,3.29741E-05,-2.70245E-05,0.000275865
0.0055442,2.1078,0.67,5.2567,0.03208,0.010518,0.97574,0.0018136,-0.00023094,0.0026123,0.0010168,-0.00078863,0.0082579,0.252936,0.0804,0.630804,0.000200146,0.0060952,0.00199842,0.1853906,6.5471E-05,-8.33693E-06,9.4304E-05,3.67065E-05,-2.84695E-05,0.00029811
0.0051616,2.129,0.67,5.2567,0.03331,0.0167,0.9636,0.0019418,-0.00016338,0.0026414,0.00095214,-0.00042156,0.0074294,0.25548,0.0804,0.630804,0.000186334,0.0063289,0.003173,0.183084,7.0099E-05,-5.89802E-06,9.53545E-05,3.43723E-05,-1.52183E-05,0.000268201
0.0043558,2.1511,0.67,5.2567,0.03537,0.016255,0.97136,0.0019762,-6.06E-05,0.0023655,0.00098337,-0.00014452,0.005752,0.258132,0.0804,0.630804,0.000157244,0.0067203,0.00308845,0.1845584,7.13408E-05,-2.18611E-06,8.53946E-05,3.54997E-05,-5.21717E-06,0.000207647
0.0035849,2.1743,0.67,5.2567,0.034062,0.019523,0.97348,0.0018549,0.00019858,0.001787,0.0010791,0.00011715,0.0042358,0.260916,0.0804,0.630804,0.000129415,0.00647178,0.00370937,0.1849612,6.69619E-05,7.16874E-06,6.45107E-05,3.89555E-05,4.22912E-06,0.000152912
0.0033219,2.1984,0.67,5.2567,0.030733,0.023573,0.96396,0.0016197,0.00044379,0.0013612,0.0011806,0.00034384,0.0038436,0.263808,0.0804,0.630804,0.000119921,0.00583927,0.00447887,0.1831524,5.84712E-05,1.60208E-05,4.91393E-05,4.26197E-05,1.24126E-05,0.000138754
0.0038427,2.2237,0.67,5.2567,0.029766,0.024105,0.93826,0.0014423,0.000679,0.0014453,0.0016638,0.0010102,0.0045793,0.266844,0.0804,0.630804,0.000138721,0.00565554,0.00457995,0.1782694,5.2067E-05,2.45119E-05,5.21753E-05,6.00632E-05,3.64682E-05,0.000165313
0.0052719,2.2501,0.67,5.2567,0.029199,0.023422,0.91833,0.0013479,0.0004252,0.0016037,0.0020146,0.00094224,0.0071812,0.270012,0.0804,0.630804,0.000190316,0.00554781,0.00445018,0.1744827,4.86592E-05,1.53497E-05,5.78936E-05,7.27271E-05,3.40149E-05,0.000259241
0.0049324,2.2776,0.67,5.2567,0.024791,0.027548,0.90637,0.0013056,-6.44E-06,0.0012877,0.0018511,-6.88E-06,0.0067081,0.273312,0.0804,0.630804,0.00017806,0.00471029,0.00523412,0.1722103,4.71322E-05,-2.32426E-07,4.6486E-05,6.68247E-05,-2.48263E-07,0.000242162
0.00516,2.3063,0.67,5.2567,0.017475,0.036865,0.89688,0.0013558,-7.63E-06,0.0011541,0.0016683,-0.00074467,0.0072958,0.276756,0.0804,0.630804,0.000186276,0.00332025,0.00700435,0.1704072,4.89444E-05,-2.75353E-07,4.1663E-05,6.02256E-05,-2.68826E-05,0.000263378
0.0058461,2.3362,0.67,5.2567,0.010195,0.049638,0.88696,0.0014701,0.00025887,0.0013898,0.0019216,-0.00068564,0.0083006,0.280344,0.0804,0.630804,0.000211044,0.00193705,0.00943122,0.1685224,5.30706E-05,9.34521E-06,5.01718E-05,6.93698E-05,-2.47516E-05,0.000299652
0.0052015,2.3674,0.67,5.2567,0.0065339,0.055972,0.86306,0.0016783,0.00027493,0.0011597,0.0026551,-0.00061618,0.0060695,0.284088,0.0804,0.630804,0.000187774,0.001241441,0.01063468,0.1639814,6.05866E-05,9.92497E-06,4.18652E-05,9.58491E-05,-2.22441E-05,0.000219109
0.0055937,2.3999,0.67,5.2567,0.0042791,0.063208,0.83898,0.0018334,0.00084788,0.0011542,0.0042336,0.00042107,0.0051203,0.287988,0.0804,0.630804,0.000201933,0.000813029,0.01200952,0.1594062,6.61857E-05,3.06085E-05,4.16666E-05,0.000152833,1.52006E-05,0.000184843
0.0056329,2.4338,0.67,5.2567,0.00040214,0.06494,0.79114,0.0014031,0.00085479,0.0015359,0.0040804,0.0014286,0.0057823,0.292056,0.0804,0.630804,0.000203348,7.64066E-05,0.0123386,0.1503166,5.06519E-05,3.08579E-05,5.5446E-05,0.000147302,5.15725E-05,0.000208741
0.0043432,2.4691,0.67,5.2567,-0.0010065,0.052807,0.67508,0.00051033,0.00012581,0.00099835,0.0022507,0.0010345,0.0059254,0.296292,0.0804,0.630804,0.00015679,-0.000191235,0.01003333,0.1282652,1.84229E-05,4.54174E-06,3.60404E-05,8.12503E-05,3.73455E-05,0.000213907
0.0016528,2.5058,0.67,5.2567,-0.0010439,0.023213,0.29658,3.34E-05,2.17E-05,0.00017617,0.00085672,0.0004139,0.0024155,0.300696,0.0804,0.630804,5.96661E-05,-0.000198341,0.00441047,0.0563502,1.2065E-06,7.82034E-07,6.35974E-06,3.09276E-05,1.49418E-05,8.71996E-05
7.21E-07,2.544,0.67,5.2567,-0.00083725,-1.78E-13,1.89E-17,1.44E-06,3.07E-16,-3.19E-20,6.52E-26,-6.78E-30,8.36E-34,0.30528,0.0804,0.630804,2.60324E-08,-0.000159078,-3.38276E-14,3.58397E-18,5.20634E-08,1.1073E-17,-1.14989E-21,2.35502E-27,-2.44668E-31,3.01951E-35
0,2.5837,0.67,5.2567,0,0,0,0,0,0,0,0,0,0.310044,0.0804,0.630804,0,0,0,0,0,0,0,0,0,0
0,2.625,0.67,5.2567,0,0,0,0,0,0,0,0,0,0.315,0.0804,0.630804,0,0,0,0,0,0,0,0,0,0
0,-0.125,0.67,5.2831,0,0,0,0,0,0,0,0,0,-0.015,0.0804,0.633972,0,0,0,0,0,0,0,0,0,0
0,-0.083719,0.67,5.2831,0,0,0,0,0,0,0,0,0,-0.01004628,0.0804,0.633972,0,0,0,0,0,0,0,0,0,0
1.38E-07,-0.044001,0.67,5.2831,-6.54E-05,-1.82E-14,-1.40E-18,2.77E-07,7.66E-17,-6.93E-22,2.12E-26,-1.91E-31,3.81E-35,-0.00528012,0.0804,0.633972,4.99696E-09,-1.24192E-05,-3.45192E-15,-2.66247E-19,9.99429E-09,2.76392E-18,-2.50133E-23,7.64381E-28,-6.89366E-33,1.37458E-36
0.00097273,-0.0058053,0.67,5.2831,-0.0017218,0.024153,0.37505,1.27E-05,-2.34E-05,-3.46E-05,0.00077892,-0.00015419,0.0011539,-0.000696636,0.0804,0.633972,3.51156E-05,-0.000327142,0.00458907,0.0712595,4.56701E-07,-8.43152E-07,-1.24874E-06,2.8119E-05,-5.56626E-06,4.16558E-05
0.0025525,0.030909,0.67,5.2831,-0.0080624,0.054714,0.84943,0.00019748,-0.00013716,-0.00019802,0.002027,-0.00039834,0.0028804,0.00370908,0.0804,0.633972,9.21453E-05,-0.001531856,0.01039566,0.1613917,7.12903E-06,-4.95148E-06,-7.14852E-06,7.31747E-05,-1.43801E-05,0.000103982
0.0029404,0.066184,0.67,5.2831,-0.017419,0.050196,0.95955,0.00053073,-0.00018305,-0.00024779,0.0017385,-0.00043852,0.0036115,0.00794208,0.0804,0.633972,0.000106148,-0.00330961,0.00953724,0.1823145,1.91594E-05,-6.60811E-06,-8.94522E-06,6.27599E-05,-1.58306E-05,0.000130375
0.0029721,0.10006,0.67,5.2831,-0.026961,0.038553,0.99107,0.00059509,-0.00025777,-0.00012648,0.0014293,-0.00044059,0.0039199,0.0120072,0.0804,0.633972,0.000107293,-0.00512259,0.00732507,0.1883033,2.14827E-05,-9.3055E-06,-4.56593E-06,5.15977E-05,-1.59053E-05,0.000141508
0.0031254,0.13258,0.67,5.2831,-0.033506,0.029939,1.0187,0.00044126,-0.00021339,1.89E-05,0.0014225,-0.00071077,0.004387,0.0159096,0.0804,0.633972,0.000112827,-0.00636614,0.00568841,0.193553,1.59295E-05,-7.70338E-06,6.83987E-07,5.13523E-05,-2.56588E-05,0.000158371
0.0025841,0.16379,0.67,5.2831,-0.03434,0.015463,1.0357,0.00044642,-5.69E-05,-5.78E-05,0.00090292,-0.00051096,0.0038188,0.0196548,0.0804,0.633972,9.3286E-05,-0.0065246,0.00293797,0.196783,1.61158E-05,-2.05319E-06,-2.08607E-06,3.25954E-05,-1.84457E-05,0.000137859
0.0022328,0.19372,0.67,5.2831,-0.03319,0.011029,1.0389,0.0006084,4.56E-05,-0.00017911,0.00089706,-0.00027035,0.0029602,0.0232464,0.0804,0.633972,8.06041E-05,-0.0063061,0.00209551,0.197391,2.19632E-05,1.64486E-06,-6.46587E-06,3.23839E-05,-9.75964E-06,0.000106863
0.0033857,0.22242,0.67,5.2831,-0.032516,0.016988,1.0433,0.00086097,6.30E-05,-0.00081764,0.0011334,-0.00058179,0.0047769,0.0266904,0.0804,0.633972,0.000122224,-0.00617804,0.00322772,0.198227,3.1081E-05,2.2734E-06,-2.95168E-05,4.09157E-05,-2.10026E-05,0.000172446
0.0033398,0.24993,0.67,5.2831,-0.033803,0.022527,1.0515,0.0011433,4.61E-06,-0.0012468,0.0011766,-0.00026947,0.0043597,0.0299916,0.0804,0.633972,0.000120567,-0.00642257,0.00428013,0.199785,4.12731E-05,1.66259E-07,-4.50095E-05,4.24753E-05,-9.72787E-06,0.000157385
0.0023042,0.27629,0.67,5.2831,-0.037426,0.024564,1.0559,0.0012475,0.00011521,-0.0010748,0.0010682,-6.50E-05,0.0022927,0.0331548,0.0804,0.633972,8.31816E-05,-0.00711094,0.00466716,0.200621,4.50348E-05,4.15908E-06,-3.88003E-05,3.8562E-05,-2.34509E-06,8.27665E-05
0.0028542,0.30154,0.67,5.2831,-0.040192,0.023864,1.0524,0.0012263,0.0001187,-0.00083692,0.0013622,-0.0005418,0.0031198,0.0361848,0.0804,0.633972,0.000103037,-0.00763648,0.00453416,0.199956,4.42694E-05,4.28507E-06,-3.02128E-05,4.91754E-05,-1.9559E-05,0.000112625
0.0038764,0.32572,0.67,5.2831,-0.041588,0.016939,1.0564,0.0012768,2.56E-05,-0.00082256,0.001865,-0.0011807,0.004611,0.0390864,0.0804,0.633972,0.000139938,-0.00790172,0.00321841,0.200716,4.60925E-05,9.23438E-07,-2.96944E-05,6.73265E-05,-4.26233E-05,0.000166457
0.0035635,0.34887,0.67,5.2831,-0.043582,0.012391,1.0675,0.0013975,2.28E-05,-0.00074107,0.0017059,-0.0012591,0.0040237,0.0418644,0.0804,0.633972,0.000128642,-0.00828058,0.00235429,0.202825,5.04498E-05,8.24488E-07,-2.67526E-05,6.1583E-05,-4.54535E-05,0.000145256
0.0026002,0.37102,0.67,5.2831,-0.045824,0.016809,1.0662,0.0014524,0.00019801,-0.0004286,0.0013515,-0.00068491,0.0023965,0.0445224,0.0804,0.633972,9.38672E-05,-0.00870656,0.00319371,0.202578,5.24316E-05,7.14816E-06,-1.54725E-05,4.87892E-05,-2.47253E-05,8.65137E-05
0.0022406,0.39221,0.67,5.2831,-0.048077,0.025596,1.0626,0.0013889,0.00028784,-0.00037608,0.0012478,-0.00032641,0.0018444,0.0470652,0.0804,0.633972,8.08857E-05,-0.00913463,0.00486324,0.201894,5.01393E-05,1.0391E-05,-1.35765E-05,4.50456E-05,-1.17834E-05,6.65828E-05
0.0020155,0.41248,0.67,5.2831,-0.051047,0.032674,1.0587,0.0013273,0.00012378,-0.00012196,0.0011387,-0.00043278,0.001565,0.0494976,0.0804,0.633972,7.27596E-05,-0.00969893,0.00620806,0.201153,4.79155E-05,4.46846E-06,-4.40276E-06,4.11071E-05,-1.56234E-05,5.64965E-05
0.0023395,0.43187,0.67,5.2831,-0.053741,0.035228,1.0577,0.0013351,9.52E-05,-0.00020638,0.0011391,-0.00071417,0.0022047,0.0518244,0.0804,0.633972,8.4456E-05,-0.01021079,0.00669332,0.200963,4.81971E-05,3.43567E-06,-7.45032E-06,4.11215E-05,-2.57815E-05,7.95897E-05
0.0028294,0.4504,0.67,5.2831,-0.055298,0.037184,1.0516,0.0014452,0.00026618,-0.00053211,0.0012673,-0.00096937,0.0029462,0.054048,0.0804,0.633972,0.000102141,-0.01050662,0.00706496,0.199804,5.21717E-05,9.6091E-06,-1.92092E-05,4.57495E-05,-3.49943E-05,0.000106358
0.003322,0.46812,0.67,5.2831,-0.056131,0.037235,1.0494,0.0015414,0.00042642,-0.0005738,0.0015527,-0.001441,0.0035499,0.0561744,0.0804,0.633972,0.000119924,-0.01066489,0.00707465,0.199386,5.56445E-05,1.53938E-05,-2.07142E-05,5.60525E-05,-5.20201E-05,0.000128151
0.0035375,0.48504,0.67,5.2831,-0.057014,0.0372,1.0521,0.0014774,0.00038337,-0.00034656,0.0017519,-0.001668,0.0038458,0.0582048,0.0804,0.633972,0.000127704,-0.01083266,0.007068,0.199899,5.33341E-05,1.38397E-05,-1.25108E-05,6.32436E-05,-6.02148E-05,0.000138833
0.0031788,0.50122,0.67,5.2831,-0.058471,0.037498,1.0554,0.00133,0.00021353,-0.00010734,0.0019238,-0.0014524,0.0031038,0.0601464,0.0804,0.633972,0.000114755,-0.01110949,0.00712462,0.200526,0.000048013,7.70843E-06,-3.87497E-06,6.94492E-05,-5.24316E-05,0.000112047
0.002628,0.51667,0.67,5.2831,-0.060292,0.035593,1.0563,0.0012151,8.29E-05,3.07E-06,0.0018678,-0.0011083,0.0021731,0.0620004,0.0804,0.633972,9.48708E-05,-0.01145548,0.00676267,0.200697,4.38651E-05,2.99139E-06,1.10733E-07,6.74276E-05,-4.00096E-05,7.84489E-05
0.0022877,0.53142,0.67,5.2831,-0.061578,0.032539,1.0572,0.00114,-6.43E-06,1.10E-05,0.0016154,-0.00093702,0.00182,0.0637704,0.0804,0.633972,8.2586E-05,-0.01169982,0.00618241,0.200868,0.000041154,-2.32062E-07,3.98364E-07,5.83159E-05,-3.38264E-05,0.000065702
0.0021246,0.54551,0.67,5.2831,-0.062329,0.030213,1.0604,0.001059,-3.09E-05,-7.74E-05,0.0014468,-0.00075926,0.0017434,0.0654612,0.0804,0.633972,7.66981E-05,-0.01184251,0.00574047,0.201476,3.82299E-05,-1.11574E-06,-2.79587E-06,5.22295E-05,-2.74093E-05,6.29367E-05
0.0019463,0.55896,0.67,5.2831,-0.063451,0.027463,1.0613,0.00097572,-1.83E-05,-0.00022406,0.001318,-0.00035032,0.0015989,0.0670752,0.0804,0.633972,7.02614E-05,-0.01205569,0.00521797,0.201647,3.52235E-05,-6.62038E-07,-8.08857E-06,4.75798E-05,-1.26466E-05,5.77203E-05
0.0019714,0.5718,0.67,5.2831,-0.065001,0.02327,1.0613,0.00095494,3.24E-06,-0.00039252,0.0013611,-8.52E-05,0.0016266,0.068616,0.0804,0.633972,7.11675E-05,-0.01235019,0.0044213,0.201647,3.44733E-05,1.16809E-07,-1.417E-05,4.91357E-05,-3.0754E-06,5.87203E-05
0.0021013,0.58405,0.67,5.2831,-0.066297,0.020002,1.064,0.0010208,9.99E-05,-0.00057132,0.0015581,-0.00010017,0.0016237,0.070086,0.0804,0.633972,7.58569E-05,-0.01259643,0.00380038,0.20216,3.68509E-05,3.60686E-06,-2.06247E-05,5.62474E-05,-3.61614E-06,5.86156E-05
0.0022261,0.59575,0.67,5.2831,-0.067038,0.018365,1.0662,0.0011341,0.00025602,-0.00074384,0.0016897,-0.00018456,0.0016283,0.07149,0.0804,0.633972,8.03622E-05,-0.01273722,0.00348935,0.202578,4.0941E-05,9.24232E-06,-2.68526E-05,6.09982E-05,-6.66262E-06,5.87816E-05
0.0024071,0.6069,0.67,5.2831,-0.067545,0.016989,1.0673,0.0012542,0.00036266,-0.00089641,0.0017898,-0.00018581,0.0017703,0.072828,0.0804,0.633972,8.68963E-05,-0.01283355,0.00322791,0.202787,4.52766E-05,1.3092E-05,-3.23604E-05,6.46118E-05,-6.70774E-06,6.39078E-05
0.0025713,0.61755,0.67,5.2831,-0.068144,0.014523,1.0689,0.0013561,0.00040666,-0.00098176,0.0018348,-0.00011825,0.0019518,0.074106,0.0804,0.633972,9.28239E-05,-0.01294736,0.00275937,0.203091,4.89552E-05,1.46804E-05,-3.54415E-05,6.62363E-05,-4.26883E-06,7.046E-05
0.0026237,0.6277,0.67,5.2831,-0.068856,0.010599,1.0695,0.001416,0.00041069,-0.00097216,0.0017756,-2.09E-05,0.0020558,0.075324,0.0804,0.633972,9.47156E-05,-0.01308264,0.00201381,0.203205,5.11176E-05,1.48259E-05,-3.5095E-05,6.40992E-05,-7.55573E-07,7.42144E-05
0.0025226,0.63738,0.67,5.2831,-0.069681,0.0060838,1.0713,0.0014182,0.00039443,-0.00087851,0.0016771,3.17E-05,0.0019499,0.0764856,0.0804,0.633972,9.10659E-05,-0.01323939,0.001155922,0.203547,5.1197E-05,1.42389E-05,-3.17142E-05,6.05433E-05,1.14477E-06,7.03914E-05
0.002337,0.64661,0.67,5.2831,-0.070689,0.0018934,1.0755,0.0013588,0.00036152,-0.0007449,0.0015502,-2.37E-05,0.001765,0.0775932,0.0804,0.633972,8.43657E-05,-0.01343091,0.000359746,0.204345,4.90527E-05,1.30509E-05,-2.68909E-05,5.59622E-05,-8.56112E-07,6.37165E-05
0.0021378,0.65542,0.67,5.2831,-0.071904,-0.001499,1.0808,0.0012477,0.00031425,-0.00060327,0.0014116,-0.00012716,0.0016164,0.0786504,0.0804,0.633972,7.71746E-05,-0.01366176,-0.00028481,0.205352,4.5042E-05,1.13444E-05,-2.1778E-05,5.09588E-05,-4.59048E-06,5.8352E-05
0.0019755,0.66381,0.67,5.2831,-0.073365,-0.0041601,1.0867,0.0011055,0.00027005,-0.00048039,0.001293,-0.00024713,0.0015525,0.0796572,0.0804,0.633972,7.13156E-05,-0.01393935,-0.000790419,0.206473,3.99086E-05,9.74881E-06,-1.73421E-05,4.66773E-05,-8.92139E-06,5.60453E-05
0.0017919,0.67207,0.67,5.2831,-0.075098,-0.0061525,1.0927,0.00095093,0.00023052,-0.00035947,0.0011939,-0.0003821,0.0014389,0.0806484,0.0804,0.633972,6.46876E-05,-0.01426862,-0.001168975,0.207613,3.43286E-05,8.32177E-06,-1.29769E-05,4.30998E-05,-1.37938E-05,5.19443E-05
0.0015792,0.68032,0.67,5.2831,-0.077014,-0.0074812,1.098,0.0008006,0.00018527,-0.00024493,0.0011046,-0.00048772,0.0012532,0.0816384,0.0804,0.633972,5.70091E-05,-0.01463266,-0.001421428,0.20862,2.89017E-05,6.68825E-06,-8.84197E-06,3.98761E-05,-1.76067E-05,4.52405E-05
0.0013901,0.68858,0.67,5.2831,-0.078924,-0.0083161,1.1012,0.00067445,0.00013239,-0.00014786,0.0010274,-0.00054979,0.0010784,0.0826296,0.0804,0.633972,5.01826E-05,-0.01499556,-0.001580059,0.209228,2.43476E-05,4.77928E-06,-5.33775E-06,3.70891E-05,-1.98474E-05,3.89302E-05
0.0012721,0.69683,0.67,5.2831,-0.080697,-0.0091216,1.1034,0.00058736,7.92E-05,-7.82E-05,0.00095187,-0.00058915,0.0010049,0.0836196,0.0804,0.633972,4.59228E-05,-0.01533243,-0.001733104,0.209646,2.12037E-05,2.85775E-06,-2.8232E-06,3.43625E-05,-2.12683E-05,3.62769E-05
0.0012416,0.70509,0.67,5.2831,-0.082337,-0.010129,1.1056,0.00054331,2.77E-05,-3.23E-05,0.00086601,-0.00062692,0.001074,0.0846108,0.0804,0.633972,4.48218E-05,-0.01564403,-0.00192451,0.210064,1.96135E-05,1.00141E-06,-1.16596E-06,3.1263E-05,-2.26318E-05,3.87714E-05
0.0012638,0.71335,0.67,5.2831,-0.083815,-0.0113,1.1076,0.00053992,-2.67E-05,-3.82E-06,0.00077697,-0.00065037,0.0012106,0.085602,0.0804,0.633972,4.56232E-05,-0.01592485,-0.002147,0.210444,1.94911E-05,-9.63076E-07,-1.37898E-07,2.80486E-05,-2.34784E-05,4.37027E-05
0.0012829,0.7216,0.67,5.2831,-0.085029,-0.012683,1.1085,0.00056582,-8.25E-05,2.14E-05,0.00071039,-0.00064889,0.0012895,0.086592,0.0804,0.633972,4.63127E-05,-0.01615551,-0.00240977,0.210615,2.04261E-05,-2.97652E-06,7.73262E-07,2.56451E-05,-2.34249E-05,4.6551E-05
0.0012908,0.72986,0.67,5.2831,-0.085984,-0.014237,1.1083,0.00060457,-0.00013004,4.08E-05,0.0006835,-0.00063195,0.0012935,0.0875832,0.0804,0.633972,4.65979E-05,-0.01633696,-0.00270503,0.210577,2.1825E-05,-4.69444E-06,1.47237E-06,2.46744E-05,-2.28134E-05,4.66954E-05
0.0013086,0.73811,0.67,5.2831,-0.086714,-0.015554,1.107,0.00064636,-0.00016527,4.49E-05,0.00069863,-0.00061327,0.0012721,0.0885732,0.0804,0.633972,4.72405E-05,-0.01647566,-0.00295526,0.21033,2.33336E-05,-5.96625E-06,1.61912E-06,2.52205E-05,-2.2139E-05,4.59228E-05
0.0013413,0.74637,0.67,5.2831,-0.087089,-0.016241,1.1043,0.00068695,-0.00018375,2.38E-05,0.0007598,-0.00060404,0.0012358,0.0895644,0.0804,0.633972,4.84209E-05,-0.01654691,-0.00308579,0.209817,2.47989E-05,-6.63338E-06,8.58963E-07,2.74288E-05,-2.18058E-05,4.46124E-05
0.0013956,0.75463,0.67,5.2831,-0.087038,-0.016121,1.1003,0.00071913,-0.00018178,-1.77E-05,0.00086788,-0.00061097,0.0012042,0.0905556,0.0804,0.633972,5.03812E-05,-0.01653722,-0.00306299,0.209057,2.59606E-05,-6.56226E-06,-6.38862E-07,3.13305E-05,-2.2056E-05,4.34716E-05
0.0014803,0.76288,0.67,5.2831,-0.086763,-0.015294,1.0953,0.00073938,-0.00016182,-5.58E-05,0.0010128,-0.00062981,0.0012084,0.0915456,0.0804,0.633972,5.34388E-05,-0.01648497,-0.00290586,0.208107,2.66916E-05,-5.8417E-06,-2.0155E-06,3.65621E-05,-2.27361E-05,4.36232E-05
0.0015944,0.77114,0.67,5.2831,-0.086426,-0.014065,1.0902,0.00075294,-0.00012817,-7.82E-05,0.0011775,-0.00066393,0.0012584,0.0925368,0.0804,0.633972,5.75578E-05,-0.01642094,-0.00267235,0.207138,2.71811E-05,-4.62694E-06,-2.82223E-06,4.25078E-05,-2.39679E-05,4.54282E-05
0.0017206,0.7794,0.67,5.2831,-0.08605,-0.01255,1.0853,0.000767,-8.74E-05,-8.55E-05,0.0013397,-0.00072155,0.0013344,0.093528,0.0804,0.633972,6.21137E-05,-0.0163495,-0.0023845,0.206207,2.76887E-05,-3.15655E-06,-3.08586E-06,4.83632E-05,-2.6048E-05,4.81718E-05
0.0018487,0.78765,0.67,5.2831,-0.085754,-0.010586,1.0812,0.00079103,-4.62E-05,-9.89E-05,0.0014847,-0.00081122,0.0014217,0.094518,0.0804,0.633972,6.67381E-05,-0.01629326,-0.00201134,0.205428,2.85562E-05,-1.66833E-06,-3.57134E-06,5.35977E-05,-2.9285E-05,5.13234E-05
0.0019779,0.79591,0.67,5.2831,-0.085507,-0.0079842,1.0777,0.00082777,-1.01E-05,-0.00013195,0.0016159,-0.00092069,0.001512,0.0955092,0.0804,0.633972,7.14022E-05,-0.01624633,-0.001516998,0.204763,2.98825E-05,-3.66343E-07,-4.7634E-06,5.8334E-05,-3.32369E-05,5.45832E-05
0.0021094,0.80416,0.67,5.2831,-0.085068,-0.004781,1.0741,0.00086192,1.28E-05,-0.00014821,0.0017416,-0.0010151,0.0016152,0.0964992,0.0804,0.633972,7.61493E-05,-0.01616292,-0.00090839,0.204079,3.11153E-05,4.63596E-07,-5.35038E-06,6.28718E-05,-3.66451E-05,5.83087E-05
0.0022511,0.81242,0.67,5.2831,-0.084479,-0.001302,1.0702,0.00088336,1.11E-05,-0.00012758,0.0018619,-0.0010741,0.001757,0.0974904,0.0804,0.633972,8.12647E-05,-0.01605101,-0.00024738,0.203338,3.18893E-05,4.02298E-07,-4.60564E-06,6.72146E-05,-3.8775E-05,6.34277E-05
0.0023952,0.82068,0.67,5.2831,-0.083987,0.0019872,1.0663,0.00089954,-2.78E-05,-7.40E-05,0.0019638,-0.0010941,0.001927,0.0984816,0.0804,0.633972,8.64667E-05,-0.01595753,0.000377568,0.202597,3.24734E-05,-1.00261E-06,-2.67079E-06,7.08932E-05,-3.9497E-05,6.95647E-05
0.0025395,0.82893,0.67,5.2831,-0.0837,0.004812,1.0625,0.00091403,-0.00011151,2.88E-05,0.0020387,-0.0010918,0.0021262,0.0994716,0.0804,0.633972,9.1676E-05,-0.015903,0.00091428,0.201875,3.29965E-05,-4.02551E-06,1.03885E-06,7.35971E-05,-3.9414E-05,7.67558E-05
0.0027142,0.83719,0.67,5.2831,-0.083659,0.0072999,1.0584,0.00091682,-0.00023935,0.00019614,0.0021231,-0.001118,0.0023885,0.1004628,0.0804,0.633972,9.79826E-05,-0.01589521,0.001386981,0.201096,3.30972E-05,-8.64054E-06,7.08065E-06,7.66439E-05,-4.03598E-05,8.62249E-05
0.0029252,0.84544,0.67,5.2831,-0.083881,0.0097775,1.0538,0.00090473,-0.00039921,0.00038254,0.002279,-0.0012045,0.0026666,0.1014528,0.0804,0.633972,0.0001056,-0.01593739,0.001857725,0.200222,3.26608E-05,-1.44115E-05,1.38097E-05,8.22719E-05,-4.34825E-05,9.62643E-05
0.0030992,0.8537,0.67,5.2831,-0.084393,0.012305,1.0497,0.00089991,-0.00056904,0.00050847,0.0025041,-0.001302,0.0027945,0.102444,0.0804,0.633972,0.000111881,-0.01603467,0.00233795,0.199443,3.24868E-05,-2.05423E-05,1.83558E-05,9.0398E-05,-4.70022E-05,0.000100881
0.0031391,0.86196,0.67,5.2831,-0.085179,0.014503,1.0461,0.00092043,-0.00070942,0.00055724,0.0026796,-0.0013376,0.0026781,0.1034352,0.0804,0.633972,0.000113322,-0.01618401,0.00275557,0.198759,3.32275E-05,-2.56101E-05,2.01164E-05,9.67336E-05,-4.82874E-05,9.66794E-05
0.0030222,0.87021,0.67,5.2831,-0.08606,0.01604,1.0419,0.00096016,-0.00077919,0.0005696,0.0026748,-0.0013045,0.0024094,0.1044252,0.0804,0.633972,0.000109101,-0.0163514,0.0030476,0.197961,3.46618E-05,-2.81288E-05,2.05626E-05,9.65603E-05,-4.70925E-05,8.69793E-05
0.0028416,0.87847,0.67,5.2831,-0.086768,0.016981,1.0364,0.0010164,-0.00078432,0.0005867,0.0025052,-0.0012398,0.0021617,0.1054164,0.0804,0.633972,0.000102582,-0.01648592,0.00322639,0.196916,3.6692E-05,-2.8314E-05,2.11799E-05,9.04377E-05,-4.47568E-05,7.80374E-05
0.0026883,0.88672,0.67,5.2831,-0.087105,0.017458,1.0302,0.0010946,-0.00076437,0.0006433,0.0022828,-0.0011766,0.0019991,0.1064064,0.0804,0.633972,9.70476E-05,-0.01654995,0.00331702,0.195738,3.95151E-05,-2.75938E-05,2.32231E-05,8.24091E-05,-4.24753E-05,7.21675E-05
0.0025638,0.89498,0.67,5.2831,-0.087192,0.017392,1.0251,0.0011942,-0.00073322,0.00072237,0.0020727,-0.0011151,0.0018608,0.1073976,0.0804,0.633972,9.25532E-05,-0.01656648,0.00330448,0.194769,4.31106E-05,-2.64692E-05,2.60776E-05,7.48245E-05,-4.02551E-05,6.71749E-05
0.0024464,0.90324,0.67,5.2831,-0.087207,0.016812,1.022,0.0013047,-0.00067629,0.00076902,0.0018898,-0.0010478,0.0016982,0.1083888,0.0804,0.633972,8.8315E-05,-0.01656933,0.00319428,0.19418,4.70997E-05,-2.44141E-05,2.77616E-05,6.82218E-05,-3.78256E-05,6.1305E-05
0.0023554,0.91149,0.67,5.2831,-0.086953,0.016073,1.0198,0.0014148,-0.00059485,0.00075935,0.0017348,-0.00098157,0.0015612,0.1093788,0.0804,0.633972,8.50299E-05,-0.01652107,0.00305387,0.193762,5.10743E-05,-2.14741E-05,2.74125E-05,6.26263E-05,-3.54347E-05,5.63593E-05
0.0022756,0.91975,0.67,5.2831,-0.086301,0.015435,1.0174,0.001519,-0.00051781,0.00070376,0.0015943,-0.00090407,0.0014379,0.11037,0.0804,0.633972,8.21492E-05,-0.01639719,0.00293265,0.193306,5.48359E-05,-1.86929E-05,2.54057E-05,5.75542E-05,-3.26369E-05,5.19082E-05
0.0022033,0.92801,0.67,5.2831,-0.085331,0.014728,1.0145,0.0016122,-0.0004699,0.00062726,0.0014519,-0.00084065,0.0013425,0.1113612,0.0804,0.633972,7.95391E-05,-0.01621289,0.00279832,0.192755,5.82004E-05,-1.69634E-05,2.26441E-05,5.24136E-05,-3.03475E-05,4.84643E-05
0.0021544,0.93626,0.67,5.2831,-0.084133,0.013541,1.0114,0.0016846,-0.00045669,0.0005651,0.0013141,-0.00083334,0.0013101,0.1123512,0.0804,0.633972,7.77738E-05,-0.01598527,0.00257279,0.192166,6.08141E-05,-1.64865E-05,2.04001E-05,4.7439E-05,-3.00836E-05,4.72946E-05
0.0021508,0.94452,0.67,5.2831,-0.082883,0.011688,1.0084,0.0017425,-0.00047009,0.00051947,0.0012148,-0.00087325,0.0013444,0.1133424,0.0804,0.633972,7.76439E-05,-0.01574777,0.00222072,0.191596,6.29043E-05,-1.69702E-05,1.87529E-05,4.38543E-05,-3.15243E-05,4.85328E-05
0.0022062,0.95277,0.67,5.2831,-0.081659,0.009481,1.0052,0.0018086,-0.00049022,0.00049996,0.0011804,-0.00093464,0.0014234,0.1143324,0.0804,0.633972,7.96438E-05,-0.01551521,0.00180139,0.190988,6.52905E-05,-1.76969E-05,1.80486E-05,4.26124E-05,-3.37405E-05,5.13847E-05
0.0023418,0.96103,0.67,5.2831,-0.080438,0.0075426,1.0009,0.0018897,-0.00049989,0.00052408,0.0012078,-0.0010065,0.0015861,0.1153236,0.0804,0.633972,8.4539E-05,-0.01528322,0.001433094,0.190171,6.82182E-05,-1.8046E-05,1.89193E-05,4.36016E-05,-3.63347E-05,5.72582E-05
0.0025109,0.96929,0.67,5.2831,-0.079222,0.0063493,0.99504,0.0019799,-0.00049126,0.00058906,0.0012581,-0.0010595,0.0017839,0.1163148,0.0804,0.633972,9.06435E-05,-0.01505218,0.001206367,0.1890576,7.14744E-05,-1.77345E-05,2.12651E-05,4.54174E-05,-3.8248E-05,6.43988E-05
0.0026318,0.97754,0.67,5.2831,-0.077877,0.0060993,0.98749,0.002074,-0.00046043,0.00066977,0.00127,-0.0010535,0.0019196,0.1173048,0.0804,0.633972,9.5008E-05,-0.01479663,0.001158867,0.1876231,7.48714E-05,-1.66215E-05,2.41787E-05,0.000045847,-3.80314E-05,6.92976E-05
0.0026572,0.9858,0.67,5.2831,-0.076587,0.0067977,0.97888,0.0021839,-0.00041073,0.00074302,0.0012217,-0.00097522,0.0019086,0.118296,0.0804,0.633972,9.59249E-05,-0.01455153,0.001291563,0.1859872,7.88388E-05,-1.48274E-05,2.6823E-05,4.41034E-05,-3.52054E-05,6.89005E-05
0.0025935,0.99405,0.67,5.2831,-0.075753,0.0079683,0.97018,0.0023199,-0.00034702,0.00076911,0.0011543,-0.00083747,0.0017129,0.119286,0.0804,0.633972,9.36254E-05,-0.01439307,0.001513977,0.1843342,8.37484E-05,-1.25274E-05,2.77649E-05,4.16702E-05,-3.02327E-05,6.18357E-05
0.0025426,1.0023,0.67,5.2831,-0.075089,0.0090052,0.96189,0.0024738,-0.00026667,0.00073617,0.0011165,-0.00068233,0.0014948,0.120276,0.0804,0.633972,9.17879E-05,-0.01426691,0.001710988,0.1827591,8.93042E-05,-9.62679E-06,2.65757E-05,4.03057E-05,-2.46321E-05,5.39623E-05
0.0025359,1.0106,0.67,5.2831,-0.074165,0.0098873,0.95444,0.0026282,-0.0001698,0.00067269,0.0011395,-0.00056485,0.0013041,0.121272,0.0804,0.633972,9.1546E-05,-0.01409135,0.001878587,0.1813436,9.4878E-05,-6.12978E-06,2.42841E-05,4.1136E-05,-2.03911E-05,4.7078E-05
0.0025701,1.0188,0.67,5.2831,-0.072883,0.011045,0.94845,0.0027705,-5.68E-05,0.00059718,0.0012231,-0.00051262,0.0011465,0.122256,0.0804,0.633972,9.27806E-05,-0.01384777,0.00209855,0.1802055,0.000100015,-2.0499E-06,2.15582E-05,4.41539E-05,-1.85056E-05,4.13887E-05
0.0026342,1.0271,0.67,5.2831,-0.071236,0.012631,0.94419,0.0028999,7.27E-05,0.00054397,0.001324,-0.00050778,0.0010446,0.123252,0.0804,0.633972,9.50946E-05,-0.01353484,0.00239989,0.1793961,0.000104686,2.62534E-06,1.96373E-05,4.77964E-05,-1.83309E-05,3.77101E-05
0.0027304,1.0353,0.67,5.2831,-0.069367,0.014167,0.94107,0.0030137,0.00021516,0.00049221,0.001409,-0.00049587,0.0010381,0.124236,0.0804,0.633972,9.85674E-05,-0.01317973,0.00269173,0.1788033,0.000108795,7.76728E-06,1.77688E-05,5.08649E-05,-1.79009E-05,3.74754E-05
0.0028569,1.0436,0.67,5.2831,-0.067413,0.015155,0.93844,0.0031157,0.00034657,0.00044365,0.0014652,-0.00046324,0.0011329,0.125232,0.0804,0.633972,0.000103134,-0.01280847,0.00287945,0.1783036,0.000112477,1.25112E-05,1.60158E-05,5.28937E-05,-1.6723E-05,4.08977E-05
0.0029702,1.0518,0.67,5.2831,-0.065521,0.015553,0.9358,0.0032013,0.00043195,0.00038044,0.0014699,-0.00045175,0.0012692,0.126216,0.0804,0.633972,0.000107224,-0.01244899,0.00295507,0.177802,0.000115567,1.55934E-05,1.37339E-05,5.30634E-05,-1.63082E-05,4.58181E-05
0.0030454,1.0601,0.67,5.2831,-0.063899,0.01558,0.93306,0.0032492,0.00044778,0.00029026,0.001407,-0.00046955,0.0014347,0.127212,0.0804,0.633972,0.000109939,-0.01214081,0.0029602,0.1772814,0.000117296,1.61649E-05,1.04784E-05,5.07927E-05,-1.69508E-05,5.17927E-05
0.0030685,1.0684,0.67,5.2831,-0.062633,0.01539,0.93019,0.0032322,0.00039093,0.00020253,0.0012958,-0.000515,0.0016091,0.128208,0.0804,0.633972,0.000110773,-0.01190027,0.0029241,0.1767361,0.000116682,1.41126E-05,7.31133E-06,4.67784E-05,-1.85915E-05,5.80885E-05
0.0030598,1.0766,0.67,5.2831,-0.061676,0.015102,0.92712,0.0031452,0.00028909,0.00012824,0.0011848,-0.00058528,0.0017896,0.129192,0.0804,0.633972,0.000110459,-0.01171844,0.00286938,0.1761528,0.000113542,1.04361E-05,4.62946E-06,4.27713E-05,-2.11286E-05,6.46046E-05
0.0030591,1.0849,0.67,5.2831,-0.060966,0.014857,0.92404,0.0030201,0.00017523,9.05E-05,0.0011124,-0.00069103,0.0019858,0.130188,0.0804,0.633972,0.000110434,-0.01158354,0.00282283,0.1755676,0.000109026,6.3258E-06,3.26723E-06,4.01576E-05,-2.49462E-05,7.16874E-05
0.0030821,1.0931,0.67,5.2831,-0.060454,0.014849,0.92104,0.0028716,7.44E-05,5.19E-05,0.0010882,-0.00083985,0.0022045,0.131172,0.0804,0.633972,0.000111264,-0.01148626,0.00282131,0.1749976,0.000103665,2.68663E-06,1.87254E-06,3.9284E-05,-3.03186E-05,7.95825E-05
0.003168,1.1014,0.67,5.2831,-0.060034,0.015189,0.91776,0.0027065,-2.66E-07,1.71E-05,0.0010972,-0.0010117,0.0025325,0.132168,0.0804,0.633972,0.000114365,-0.01140646,0.00288591,0.1743744,9.77047E-05,-9.58455E-09,6.16371E-07,3.96089E-05,-3.65224E-05,9.14233E-05
0.0032948,1.1096,0.67,5.2831,-0.059482,0.015762,0.91378,0.0025366,-5.17E-05,-8.28E-06,0.0011141,-0.0011782,0.0029389,0.133152,0.0804,0.633972,0.000118942,-0.01130158,0.00299478,0.1736182,9.15713E-05,-1.86594E-06,-2.98811E-07,4.0219E-05,-4.2533E-05,0.000106094
0.0034007,1.1179,0.67,5.2831,-0.058578,0.016371,0.90931,0.0023739,-8.74E-05,-4.79E-05,0.0011236,-0.0013083,0.0033038,0.134148,0.0804,0.633972,0.000122765,-0.01112982,0.00311049,0.1727689,8.56978E-05,-3.15337E-06,-1.72876E-06,4.0562E-05,-4.72296E-05,0.000119267
0.0034673,1.1262,0.67,5.2831,-0.057341,0.017034,0.90485,0.0022307,-0.00011161,-7.87E-05,0.0011186,-0.0014017,0.0035853,0.135144,0.0804,0.633972,0.00012517,-0.01089479,0.00323646,0.1719215,8.05283E-05,-4.02912E-06,-2.84089E-06,4.03815E-05,-5.06014E-05,0.000129429
0.0035256,1.1344,0.67,5.2831,-0.055897,0.017982,0.90051,0.0021082,-0.00012574,-0.00010301,0.0011094,-0.00147,0.0038336,0.136128,0.0804,0.633972,0.000127274,-0.01062043,0.00341658,0.1710969,7.6106E-05,-4.53921E-06,-3.71866E-06,4.00493E-05,-0.000053067,0.000138393
0.0036167,1.1427,0.67,5.2831,-0.054272,0.019439,0.89651,0.0020132,-0.00013046,-8.97E-05,0.0011278,-0.0015137,0.0040925,0.137124,0.0804,0.633972,0.000130563,-0.01031168,0.00369341,0.1703369,7.26765E-05,-4.70961E-06,-3.23987E-06,4.07136E-05,-5.46446E-05,0.000147739
0.0037167,1.1509,0.67,5.2831,-0.05242,0.021357,0.89344,0.0019305,-0.00012647,-5.47E-05,0.0012054,-0.001552,0.0042975,0.138108,0.0804,0.633972,0.000134173,-0.0099598,0.00405783,0.1697536,6.96911E-05,-4.56557E-06,-1.97319E-06,4.35149E-05,-5.60272E-05,0.00015514
0.0037892,1.1592,0.67,5.2831,-0.050303,0.023279,0.89146,0.0018376,-0.00012027,-2.49E-05,0.0013561,-0.0016315,0.0043848,0.139104,0.0804,0.633972,0.00013679,-0.00955757,0.00442301,0.1693774,6.63374E-05,-4.34175E-06,-8.97121E-07,4.89552E-05,-5.88972E-05,0.000158291
0.0038245,1.1674,0.67,5.2831,-0.04796,0.024529,0.89,0.0017512,-0.00011762,5.33E-06,0.001565,-0.0017556,0.0043327,0.140088,0.0804,0.633972,0.000138064,-0.0091124,0.00466051,0.1691,6.32183E-05,-4.24608E-06,1.92247E-07,5.64965E-05,-6.33772E-05,0.00015641
0.0038196,1.1757,0.67,5.2831,-0.045499,0.024807,0.88869,0.0016969,-0.00010553,3.08E-05,0.0017772,-0.0018785,0.0041649,0.141084,0.0804,0.633972,0.000137888,-0.00864481,0.00471333,0.1688511,6.12581E-05,-3.80963E-06,1.11332E-06,6.41569E-05,-6.78139E-05,0.000150353
0.003785,1.1839,0.67,5.2831,-0.043153,0.024513,0.88795,0.0016748,-7.75E-05,2.80E-05,0.0019198,-0.0019857,0.0039753,0.142068,0.0804,0.633972,0.000136639,-0.00819907,0.00465747,0.1687105,6.04603E-05,-2.79706E-06,1.01087E-06,6.93048E-05,-7.16838E-05,0.000143508
0.0037325,1.1922,0.67,5.2831,-0.041065,0.024197,0.88814,0.0016622,-4.48E-05,-1.59E-05,0.001945,-0.0020711,0.0038579,0.143064,0.0804,0.633972,0.000134743,-0.00780235,0.00459743,0.1687466,6.00054E-05,-1.61652E-06,-5.73088E-07,7.02145E-05,-7.47667E-05,0.00013927
0.003671,1.2005,0.67,5.2831,-0.039185,0.024029,0.88893,0.0016373,-2.31E-05,-9.65E-05,0.0018349,-0.0020991,0.0038699,0.14406,0.0804,0.633972,0.000132523,-0.00744515,0.00456551,0.1688967,5.91065E-05,-8.33044E-07,-3.48264E-06,6.62399E-05,-7.57775E-05,0.000139703
0.0035883,1.2087,0.67,5.2831,-0.037353,0.023983,0.89005,0.0015982,-2.75E-05,-0.00017368,0.0016097,-0.0020455,0.0039686,0.145044,0.0804,0.633972,0.000129538,-0.00709707,0.00455677,0.1691095,5.7695E-05,-9.91234E-07,-6.26985E-06,5.81102E-05,-7.38426E-05,0.000143266
0.0034567,1.217,0.67,5.2831,-0.035444,0.023989,0.89157,0.0015393,-5.39E-05,-0.0001991,0.0013537,-0.0019186,0.0040204,0.14604,0.0804,0.633972,0.000124787,-0.00673436,0.00455791,0.1693983,5.55687E-05,-1.94705E-06,-7.18751E-06,4.88686E-05,-6.92615E-05,0.000145136
0.0032706,1.2252,0.67,5.2831,-0.033469,0.023883,0.89384,0.0014576,-8.13E-05,-0.00016285,0.0011678,-0.0017633,0.0039157,0.147024,0.0804,0.633972,0.000118069,-0.00635911,0.00453777,0.1698296,5.26194E-05,-2.93525E-06,-5.87889E-06,4.21576E-05,-6.36551E-05,0.000141357
0.0030464,1.2335,0.67,5.2831,-0.031474,0.023618,0.89724,0.0013783,-9.09E-05,-6.22E-05,0.0010985,-0.0016269,0.003616,0.14802,0.0804,0.633972,0.000109975,-0.00598006,0.00448742,0.1704756,4.97566E-05,-3.28091E-06,-2.24473E-06,3.96559E-05,-5.87311E-05,0.000130538
0.0027977,1.2417,0.67,5.2831,-0.029486,0.023248,0.90157,0.0013153,-7.73E-05,6.00E-05,0.0011213,-0.0014958,0.0031587,0.149004,0.0804,0.633972,0.000100997,-0.00560234,0.00441712,0.1712983,4.74823E-05,-2.78981E-06,2.1656E-06,4.04789E-05,-5.39984E-05,0.000114029
0.0025424,1.25,0.67,5.2831,-0.02745,0.022648,0.906,0.0012622,-5.41E-05,0.00014077,0.0011703,-0.0013218,0.0026523,0.15,0.0804,0.633972,9.17806E-05,-0.0052155,0.00430312,0.17214,4.55654E-05,-1.95438E-06,5.0818E-06,4.22478E-05,-4.7717E-05,9.5748E-05
0.0023263,1.2583,0.67,5.2831,-0.025253,0.021427,0.91006,0.0012294,-4.25E-05,0.00015412,0.0011995,-0.001099,0.0022238,0.150996,0.0804,0.633972,8.39794E-05,-0.00479807,0.00407113,0.1729114,4.43813E-05,-1.53461E-06,5.56373E-06,4.3302E-05,-3.96739E-05,8.02792E-05
0.0021633,1.2665,0.67,5.2831,-0.022813,0.019407,0.91381,0.001224,-5.59E-05,0.00013755,0.0012159,-0.00086726,0.0018868,0.15198,0.0804,0.633972,7.80951E-05,-0.00433447,0.00368733,0.1736239,4.41864E-05,-2.01702E-06,4.96556E-06,4.3894E-05,-3.13081E-05,6.81135E-05
0.0020496,1.2748,0.67,5.2831,-0.020235,0.016727,0.91682,0.0012181,-8.73E-05,0.0001258,0.0012393,-0.00067606,0.0016419,0.152976,0.0804,0.633972,7.39906E-05,-0.00384465,0.00317813,0.1741958,4.39734E-05,-3.15023E-06,4.54138E-06,4.47387E-05,-2.44058E-05,5.92726E-05
0.0020022,1.283,0.67,5.2831,-0.017802,0.013862,0.91872,0.0012144,-0.00011499,0.0001141,0.0012659,-0.00054427,0.0015242,0.15396,0.0804,0.633972,7.22794E-05,-0.00338238,0.00263378,0.1745568,4.38398E-05,-4.15114E-06,4.11901E-06,4.5699E-05,-1.96481E-05,5.50236E-05
0.0020259,1.2913,0.67,5.2831,-0.01575,0.011582,0.91997,0.0012362,-0.00013048,8.07E-05,0.0013044,-0.00042248,0.0015111,0.154956,0.0804,0.633972,7.3135E-05,-0.0029925,0.00220058,0.1747943,4.46268E-05,-4.71033E-06,2.91406E-06,4.70888E-05,-1.52515E-05,5.45507E-05
0.0020593,1.2995,0.67,5.2831,-0.014055,0.01026,0.92065,0.0012489,-0.00013943,6.06E-05,0.0013508,-0.00027316,0.001519,0.15594,0.0804,0.633972,7.43407E-05,-0.00267045,0.0019494,0.1749235,4.50853E-05,-5.03342E-06,2.18903E-06,4.87639E-05,-9.86108E-06,5.48359E-05
0.0020466,1.3078,0.67,5.2831,-0.012511,0.0095912,0.92054,0.0012198,-0.00014352,6.73E-05,0.0013517,-0.00011588,0.0015217,0.156936,0.0804,0.633972,7.38823E-05,-0.00237709,0.001822328,0.1749026,4.40348E-05,-5.18107E-06,2.42985E-06,4.87964E-05,-4.18327E-06,5.49334E-05
0.0019885,1.316,0.67,5.2831,-0.010984,0.0091382,0.91989,0.0011775,-0.0001373,5.18E-05,0.0012517,2.02E-05,0.0015478,0.15792,0.0804,0.633972,7.17849E-05,-0.00208696,0.001736258,0.1747791,4.25078E-05,-4.95653E-06,1.87045E-06,4.51864E-05,7.29581E-07,5.58756E-05
0.0018701,1.3243,0.67,5.2831,-0.0094502,0.0088699,0.91898,0.0011339,-0.00011995,2.96E-05,0.001065,0.00011888,0.0015413,0.158916,0.0804,0.633972,6.75106E-05,-0.001795538,0.001685281,0.1746062,4.09338E-05,-4.3302E-06,1.06993E-06,3.84465E-05,4.29157E-06,5.56409E-05
0.0017368,1.3326,0.67,5.2831,-0.0078829,0.0089125,0.91757,0.0010841,-9.99E-05,1.51E-05,0.00087211,0.00017412,0.0015175,0.159912,0.0804,0.633972,6.26985E-05,-0.001497751,0.001693375,0.1743383,3.9136E-05,-3.60708E-06,5.44424E-07,3.14832E-05,6.28573E-06,5.47818E-05
0.0016153,1.3408,0.67,5.2831,-0.0062686,0.0090556,0.91554,0.001043,-8.37E-05,-2.25E-05,0.00072156,0.00017988,0.0014661,0.160896,0.0804,0.633972,5.83123E-05,-0.001191034,0.001720564,0.1739526,3.76523E-05,-3.0202E-06,-8.10662E-07,2.60483E-05,6.49367E-06,5.29262E-05
0.0014696,1.3491,0.67,5.2831,-0.0045436,0.0088482,0.9132,0.0010013,-6.97E-05,-5.69E-05,0.00061588,0.00013354,0.001322,0.161892,0.0804,0.633972,5.30526E-05,-0.000863284,0.001681158,0.173508,3.61469E-05,-2.51545E-06,-2.05236E-06,2.22333E-05,4.82079E-06,4.77242E-05
0.0013296,1.3573,0.67,5.2831,-0.0026463,0.0081714,0.91083,0.00095945,-5.23E-05,-8.16E-05,0.00055274,5.13E-05,0.0011469,0.162876,0.0804,0.633972,4.79986E-05,-0.000502797,0.001552566,0.1730577,3.46361E-05,-1.88929E-06,-2.94616E-06,1.99539E-05,1.85175E-06,4.14031E-05
0.0012536,1.3656,0.67,5.2831,-0.00062184,0.0071186,0.90932,0.00092071,-3.74E-05,-0.00012723,0.00052616,-2.37E-05,0.0010602,0.163872,0.0804,0.633972,4.5255E-05,-0.00011815,0.001352534,0.1727708,3.32376E-05,-1.34992E-06,-4.593E-06,1.89944E-05,-8.54307E-07,3.82732E-05
0.0011659,1.3738,0.67,5.2831,0.0014356,0.0058776,0.90946,0.0008676,-3.12E-05,-0.00013165,0.00052192,-8.11E-05,0.00094229,0.164856,0.0804,0.633972,4.2089E-05,0.000272764,0.001116744,0.1727974,3.13204E-05,-1.12809E-06,-4.75257E-06,1.88413E-05,-2.92616E-06,3.40167E-05
0.0010773,1.3821,0.67,5.2831,0.0034524,0.0047892,0.91052,0.00081267,-2.75E-05,-0.00010318,0.00052985,-0.00013339,0.00081218,0.165852,0.0804,0.633972,3.88905E-05,0.000655956,0.000909948,0.1729988,2.93374E-05,-9.91162E-07,-3.7248E-06,1.91276E-05,-4.81538E-06,2.93197E-05
0.0010929,1.3903,0.67,5.2831,0.0053843,0.0041684,0.9116,0.00079057,-2.71E-05,-9.82E-05,0.00055419,-0.0001747,0.00084105,0.166836,0.0804,0.633972,3.94537E-05,0.001023017,0.000791996,0.173204,2.85396E-05,-9.77877E-07,-3.54571E-06,2.00063E-05,-6.30667E-06,3.03619E-05
0.0011111,1.3986,0.67,5.2831,0.0072705,0.0040543,0.91267,0.00078841,-3.12E-05,-9.83E-05,0.0005957,-0.00020075,0.000838,0.167832,0.0804,0.633972,4.01107E-05,0.001381395,0.000770317,0.1734073,2.84616E-05,-1.12589E-06,-3.54802E-06,2.15048E-05,-7.24708E-06,3.02518E-05
0.0011433,1.4069,0.67,5.2831,0.0091592,0.0041154,0.91413,0.0007788,-3.87E-05,-6.78E-05,0.00065098,-0.00023005,0.00085691,0.168828,0.0804,0.633972,4.12731E-05,0.001740248,0.000781926,0.1736847,2.81147E-05,-1.39779E-06,-2.44783E-06,2.35004E-05,-8.30481E-06,3.09345E-05
0.0011953,1.4151,0.67,5.2831,0.010953,0.0041251,0.91652,0.00077252,-5.39E-05,-3.88E-05,0.00072348,-0.00025228,0.00089454,0.169812,0.0804,0.633972,4.31503E-05,0.00208107,0.000783769,0.1741388,2.7888E-05,-1.94417E-06,-1.40021E-06,2.61176E-05,-9.10731E-06,3.22929E-05
0.001249,1.4234,0.67,5.2831,0.012608,0.0039814,0.91986,0.00077038,-7.58E-05,-2.35E-05,0.00081609,-0.0002697,0.00091145,0.170808,0.0804,0.633972,4.50889E-05,0.00239552,0.000756466,0.1747734,2.78107E-05,-2.73743E-06,-8.46726E-07,2.94608E-05,-9.73617E-06,3.29033E-05
0.0013712,1.4316,0.67,5.2831,0.014103,0.0036867,0.92395,0.00076993,-0.00010308,-2.10E-05,0.00093142,-0.00029315,0.001041,0.171792,0.0804,0.633972,4.95003E-05,0.00267957,0.000700473,0.1755505,2.77945E-05,-3.72119E-06,-7.58028E-07,3.36243E-05,-1.05827E-05,3.75801E-05
0.0014678,1.4399,0.67,5.2831,0.015404,0.0030142,0.92879,0.00076568,-0.00013588,-2.78E-05,0.0010646,-0.00029514,0.0011052,0.172788,0.0804,0.633972,5.29876E-05,0.00292676,0.000572698,0.1764701,2.7641E-05,-4.90527E-06,-1.00203E-06,3.84321E-05,-1.06546E-05,3.98977E-05
0.0015534,1.4481,0.67,5.2831,0.016543,0.0017332,0.93425,0.00075587,-0.00017016,-2.35E-05,0.0011985,-0.00028574,0.0011523,0.173772,0.0804,0.633972,5.60777E-05,0.00314317,0.000329308,0.1775075,2.72869E-05,-6.14278E-06,-8.47953E-07,4.32659E-05,-1.03152E-05,4.1598E-05
0.0016355,1.4564,0.67,5.2831,0.0176,-2.59E-05,0.94026,0.00074831,-0.00020093,-1.32E-05,0.0013151,-0.00028689,0.0012076,0.174768,0.0804,0.633972,5.90416E-05,0.003344,-4.91169E-06,0.1786494,2.7014E-05,-7.25357E-06,-4.76628E-07,4.74751E-05,-1.03567E-05,4.35944E-05
0.0016978,1.4647,0.67,5.2831,0.018644,-0.00221,0.94663,0.00073894,-0.00022708,2.01E-05,0.0013989,-0.00031192,0.0012578,0.175764,0.0804,0.633972,6.12906E-05,0.00354236,-0.0004199,0.1798597,2.66757E-05,-8.19759E-06,7.24238E-07,5.05003E-05,-1.12603E-05,4.54066E-05
0.0017413,1.4729,0.67,5.2831,0.019718,-0.0046224,0.95251,0.00072369,-0.00025032,6.12E-05,0.0014434,-0.00037082,0.0013154,0.176748,0.0804,0.633972,6.28609E-05,0.00374642,-0.000878256,0.1809769,2.61252E-05,-9.03655E-06,2.20867E-06,5.21067E-05,-1.33866E-05,4.74859E-05
0.0017634,1.4812,0.67,5.2831,0.020811,-0.0070093,0.95738,0.00070255,-0.00027015,0.00010247,0.0014439,-0.00046911,0.0013803,0.177744,0.0804,0.633972,6.36587E-05,0.00395409,-0.001331767,0.1819022,2.53621E-05,-9.75242E-06,3.69917E-06,5.21248E-05,-1.69349E-05,4.98288E-05
0.001782,1.4894,0.67,5.2831,0.021899,-0.0089372,0.96119,0.00067917,-0.00028116,0.00014224,0.0013973,-0.00060661,0.0014876,0.178728,0.0804,0.633972,6.43302E-05,0.00416081,-0.001698068,0.1826261,2.4518E-05,-1.01499E-05,5.13486E-06,5.04425E-05,-2.18986E-05,5.37024E-05
0.001819,1.4977,0.67,5.2831,0.023101,-0.0098096,0.96451,0.00065915,-0.00028047,0.00018986,0.0013347,-0.00075908,0.0016441,0.179724,0.0804,0.633972,6.56659E-05,0.00438919,-0.001863824,0.1832569,2.37953E-05,-1.0125E-05,6.85395E-06,4.81827E-05,-2.74028E-05,5.9352E-05
0.0018869,1.5059,0.67,5.2831,0.024485,-0.0094147,0.96838,0.00065094,-0.00027394,0.00024974,0.0013109,-0.00089178,0.0018119,0.180708,0.0804,0.633972,6.81171E-05,0.00465215,-0.001788793,0.1839922,2.34989E-05,-9.88923E-06,9.01561E-06,4.73235E-05,-3.21933E-05,6.54096E-05
0.0019701,1.5142,0.67,5.2831,0.026025,-0.0082499,0.97298,0.00064343,-0.00027303,0.0003299,0.0013442,-0.00099669,0.0019526,0.181704,0.0804,0.633972,7.11206E-05,0.00494475,-0.001567481,0.1848662,2.32278E-05,-9.85638E-06,1.19094E-05,4.85256E-05,-3.59805E-05,7.04889E-05
0.0020406,1.5224,0.67,5.2831,0.027732,-0.0072317,0.97772,0.00061677,-0.00027878,0.0004019,0.001401,-0.0010633,0.0020635,0.182688,0.0804,0.633972,7.36657E-05,0.00526908,-0.001374023,0.1857668,2.22654E-05,-1.0064E-05,1.45086E-05,5.05761E-05,-3.83851E-05,7.44924E-05
0.0020629,1.5307,0.67,5.2831,0.029613,-0.0067937,0.98206,0.00057309,-0.00028323,0.00043592,0.0014363,-0.0010903,0.0021165,0.183684,0.0804,0.633972,7.44707E-05,0.00562647,-0.001290803,0.1865914,2.06885E-05,-1.02246E-05,1.57367E-05,5.18504E-05,-3.93598E-05,7.64057E-05
0.0020378,1.539,0.67,5.2831,0.031561,-0.0069856,0.9857,0.00052972,-0.00028154,0.0004352,0.0014321,-0.0010898,0.0021137,0.18468,0.0804,0.633972,7.35646E-05,0.00599659,-0.001327264,0.187283,1.91229E-05,-1.01636E-05,1.57107E-05,5.16988E-05,-3.93418E-05,7.63046E-05
0.0019737,1.5472,0.67,5.2831,0.03339,-0.007418,0.98873,0.00049337,-0.00027536,0.00041044,0.0014044,-0.0010757,0.0020496,0.185664,0.0804,0.633972,7.12506E-05,0.0063441,-0.00140942,0.1878587,1.78107E-05,-9.9405E-06,1.48169E-05,5.06988E-05,-3.88328E-05,7.39906E-05
0.0019039,1.5555,0.67,5.2831,0.035045,-0.0075129,0.99098,0.00046622,-0.00026907,0.00037664,0.0013676,-0.0010569,0.001974,0.18666,0.0804,0.633972,6.87308E-05,0.00665855,-0.001427451,0.1882862,1.68305E-05,-9.71343E-06,1.35967E-05,4.93704E-05,-3.81541E-05,7.12614E-05
0.0018513,1.5637,0.67,5.2831,0.036596,-0.0072643,0.99221,0.00045738,-0.00026298,0.00034142,0.0013171,-0.0010395,0.0019282,0.187644,0.0804,0.633972,6.68319E-05,0.00695324,-0.001380217,0.1885199,1.65114E-05,-9.49358E-06,1.23253E-05,4.75473E-05,-3.7526E-05,6.9608E-05
0.0018128,1.572,0.67,5.2831,0.037968,-0.0068864,0.99257,0.0004676,-0.00025754,0.00031073,0.0012536,-0.0010214,0.0019043,0.18864,0.0804,0.633972,6.54421E-05,0.00721392,-0.001308416,0.1885883,1.68804E-05,-9.29719E-06,1.12174E-05,4.5255E-05,-3.68725E-05,6.87452E-05
0.0017688,1.5802,0.67,5.2831,0.039047,-0.0064629,0.99245,0.00048924,-0.00025363,0.00028319,0.0011898,-0.00098635,0.0018586,0.189624,0.0804,0.633972,6.38537E-05,0.00741893,-0.001227951,0.1885655,1.76616E-05,-9.15604E-06,1.02232E-05,4.29518E-05,-3.56072E-05,6.70955E-05
0.0017156,1.5885,0.67,5.2831,0.039907,-0.0059099,0.99221,0.00051246,-0.00025284,0.00026556,0.0011449,-0.00093485,0.0017737,0.19062,0.0804,0.633972,6.19332E-05,0.00758233,-0.001122881,0.1885199,1.84998E-05,-9.12752E-06,9.58672E-06,4.13309E-05,-3.37481E-05,6.40306E-05
0.0016681,1.5968,0.67,5.2831,0.040616,-0.0049648,0.99147,0.00053363,-0.00025929,0.00026074,0.001136,-0.00087941,0.0016666,0.191616,0.0804,0.633972,6.02184E-05,0.00771704,-0.000943312,0.1883793,1.9264E-05,-9.36037E-06,9.41271E-06,4.10096E-05,-3.17467E-05,6.01643E-05
0.001641,1.605,0.67,5.2831,0.041147,-0.0034428,0.9893,0.00056003,-0.00027573,0.00026201,0.0011618,-0.00081534,0.0015602,0.1926,0.0804,0.633972,5.92401E-05,0.00781793,-0.000654132,0.187967,2.02171E-05,-9.95385E-06,9.45856E-06,4.1941E-05,-2.94338E-05,5.63232E-05
0.0016175,1.6133,0.67,5.2831,0.041568,-0.00142,0.98557,0.00059549,-0.00029407,0.0002473,0.0011976,-0.00070872,0.001442,0.193596,0.0804,0.633972,5.83918E-05,0.00789792,-0.0002698,0.1872583,2.14972E-05,-1.06159E-05,8.92753E-06,4.32334E-05,-2.55848E-05,5.20562E-05
0.0015777,1.6215,0.67,5.2831,0.041966,0.00089823,0.98165,0.00063713,-0.00029918,0.00020333,0.001208,-0.00055346,0.0013104,0.19458,0.0804,0.633972,5.6955E-05,0.00797354,0.000170664,0.1865135,2.30004E-05,-1.08004E-05,7.34021E-06,4.36088E-05,-1.99799E-05,4.73054E-05
0.0015167,1.6298,0.67,5.2831,0.042343,0.0033802,0.97956,0.0006861,-0.00028599,0.00014128,0.0011813,-0.00040488,0.001166,0.195576,0.0804,0.633972,5.47529E-05,0.00804517,0.000642238,0.1861164,2.47682E-05,-1.03242E-05,5.10021E-06,4.26449E-05,-1.46162E-05,4.20926E-05
0.0014549,1.638,0.67,5.2831,0.042624,0.0059119,0.98033,0.00074354,-0.00026567,7.80E-05,0.0011399,-0.00030347,0.0010265,0.19656,0.0804,0.633972,5.25219E-05,0.00809856,0.001123261,0.1862627,2.68418E-05,-9.59069E-06,2.81757E-06,4.11504E-05,-1.09553E-05,3.70567E-05
0.0014194,1.6463,0.67,5.2831,0.042677,0.0082626,0.98313,0.0008116,-0.00025094,3.90E-05,0.0011052,-0.00023717,0.00092195,0.197556,0.0804,0.633972,5.12403E-05,0.00810863,0.001569894,0.1867947,2.92988E-05,-9.05893E-06,1.40859E-06,3.98977E-05,-8.56184E-06,3.32824E-05
0.0014181,1.6545,0.67,5.2831,0.042434,0.010113,0.98625,0.00090156,-0.00024335,3.95E-05,0.0010771,-0.00019773,0.00085763,0.19854,0.0804,0.633972,5.11934E-05,0.00806246,0.00192147,0.1873875,3.25463E-05,-8.78494E-06,1.42526E-06,3.88833E-05,-7.13805E-06,3.09604E-05
0.0014425,1.6628,0.67,5.2831,0.041965,0.011219,0.98887,0.0010195,-0.00023445,4.64E-05,0.0010468,-0.00017274,0.00081864,0.199536,0.0804,0.633972,5.20743E-05,0.00797335,0.00213161,0.1878853,3.6804E-05,-8.46365E-06,1.67565E-06,3.77895E-05,-6.23591E-06,2.95529E-05
0.0015256,1.6711,0.67,5.2831,0.041436,0.011678,0.99076,0.0011617,-0.00021402,4.92E-05,0.0010187,-0.00014745,0.00087079,0.200532,0.0804,0.633972,5.50742E-05,0.00787284,0.00221882,0.1882444,4.19374E-05,-7.72612E-06,1.77543E-06,3.67751E-05,-5.32295E-06,3.14355E-05
0.0016998,1.6793,0.67,5.2831,0.041039,0.012136,0.99222,0.0013253,-0.00018822,7.69E-05,0.001024,-0.00013448,0.0010502,0.201516,0.0804,0.633972,6.13628E-05,0.00779741,0.00230584,0.1885218,4.78433E-05,-6.79474E-06,2.7766E-06,3.69664E-05,-4.85473E-06,3.79122E-05
0.0019306,1.6876,0.67,5.2831,0.040873,0.0131,0.99418,0.0015007,-0.00018031,0.0001463,0.0010995,-0.00016428,0.001261,0.202512,0.0804,0.633972,6.96947E-05,0.00776587,0.002489,0.1888942,5.41753E-05,-6.50919E-06,5.28143E-06,3.9692E-05,-5.93051E-06,4.55221E-05
0.002168,1.6958,0.67,5.2831,0.040916,0.014125,0.99517,0.0016753,-0.00020344,0.00025931,0.0011912,-0.00027554,0.0014695,0.203496,0.0804,0.633972,7.82648E-05,0.00777404,0.00268375,0.1890823,6.04783E-05,-7.34418E-06,9.36109E-06,4.30023E-05,-9.94699E-06,5.3049E-05
0.0023712,1.7041,0.67,5.2831,0.041213,0.014507,0.99377,0.0018493,-0.00023956,0.00040266,0.0011835,-0.00041906,0.0017096,0.204492,0.0804,0.633972,8.56003E-05,0.00783047,0.00275633,0.1888163,6.67597E-05,-8.64812E-06,1.4536E-05,4.27244E-05,-1.51281E-05,6.17166E-05
0.0024246,1.7123,0.67,5.2831,0.04197,0.014278,0.99268,0.0020274,-0.00025201,0.00051924,0.001083,-0.0004351,0.0017389,0.205476,0.0804,0.633972,8.75281E-05,0.0079743,0.00271282,0.1886092,7.31891E-05,-9.09756E-06,1.87446E-05,3.90963E-05,-1.57071E-05,6.27743E-05
0.0023072,1.7206,0.67,5.2831,0.043221,0.013765,0.99366,0.0021934,-0.00023046,0.00054348,0.00099681,-0.00031561,0.0014242,0.206472,0.0804,0.633972,8.32899E-05,0.00821199,0.00261535,0.1887954,7.91817E-05,-8.31961E-06,1.96196E-05,3.59848E-05,-1.13935E-05,5.14136E-05
0.002189,1.7289,0.67,5.2831,0.044667,0.013186,0.99527,0.0023219,-0.00020957,0.00049732,0.0010033,-0.00020991,0.0010528,0.207468,0.0804,0.633972,7.90229E-05,0.00848673,0.00250534,0.1891013,8.38206E-05,-7.56548E-06,1.79533E-05,3.62191E-05,-7.57775E-06,3.80061E-05
0.0021692,1.7371,0.67,5.2831,0.046009,0.012846,0.9965,0.0024041,-0.00022752,0.00044691,0.0011028,-0.00018159,0.00083164,0.208452,0.0804,0.633972,7.83081E-05,0.00874171,0.00244074,0.189335,8.6788E-05,-8.21347E-06,1.61335E-05,3.98111E-05,-6.5554E-06,3.00222E-05
0.0022098,1.7454,0.67,5.2831,0.047158,0.013058,0.99746,0.0024437,-0.0002905,0.00041872,0.0012304,-0.00018992,0.00074551,0.209448,0.0804,0.633972,7.97738E-05,0.00896002,0.00248102,0.1895174,8.82176E-05,-1.04871E-05,1.51158E-05,4.44174E-05,-6.85611E-06,2.69129E-05
0.002252,1.7536,0.67,5.2831,0.048077,0.014038,0.9987,0.0024492,-0.00038697,0.00041423,0.0013542,-0.00019062,0.00070079,0.210432,0.0804,0.633972,8.12972E-05,0.00913463,0.00266722,0.189753,8.84161E-05,-1.39696E-05,1.49537E-05,4.88866E-05,-6.88138E-06,2.52985E-05
0.0022883,1.7619,0.67,5.2831,0.048668,0.01533,1.0005,0.0024226,-0.00050036,0.00041992,0.001497,-0.00016999,0.00065711,0.211428,0.0804,0.633972,8.26076E-05,0.00924692,0.0029127,0.190095,8.74559E-05,-1.8063E-05,1.51591E-05,5.40417E-05,-6.13664E-06,2.37217E-05
0.0023209,1.7701,0.67,5.2831,0.048904,0.015877,1.002,0.002366,-0.00060108,0.00042351,0.0016304,-0.00014985,0.00064536,0.212412,0.0804,0.633972,8.37845E-05,0.00929176,0.00301663,0.19038,8.54126E-05,-2.1699E-05,1.52887E-05,5.88574E-05,-5.40959E-06,2.32975E-05
0.0023275,1.7784,0.67,5.2831,0.04891,0.015254,1.003,0.0022903,-0.00065816,0.00042663,0.0016846,-0.00017068,0.00068015,0.213408,0.0804,0.633972,8.40228E-05,0.0092929,0.00289826,0.19057,8.26798E-05,-2.37596E-05,1.54013E-05,6.08141E-05,-6.16155E-06,2.45534E-05
0.0023113,1.7866,0.67,5.2831,0.048823,0.014016,1.0045,0.0021981,-0.0006683,0.00043143,0.0016693,-0.00023308,0.00075513,0.214392,0.0804,0.633972,8.34379E-05,0.00927637,0.00266304,0.190855,7.93514E-05,-2.41256E-05,1.55746E-05,6.02617E-05,-8.41419E-06,2.72602E-05
0.0022934,1.7949,0.67,5.2831,0.048738,0.012858,1.0071,0.0020916,-0.00065279,0.00044526,0.0016411,-0.00031398,0.00085409,0.215388,0.0804,0.633972,8.27917E-05,0.00926022,0.00244302,0.191349,7.55068E-05,-2.35657E-05,1.60739E-05,5.92437E-05,-1.13347E-05,3.08326E-05
0.0023005,1.8032,0.67,5.2831,0.048751,0.01209,1.0102,0.0019892,-0.00063368,0.00049582,0.0016346,-0.00040043,0.00097729,0.216384,0.0804,0.633972,8.30481E-05,0.00926269,0.0022971,0.191938,7.18101E-05,-2.28758E-05,1.78991E-05,5.90091E-05,-1.44555E-05,3.52802E-05
0.0023513,1.8114,0.67,5.2831,0.04891,0.011751,1.0128,0.00191,-0.00063317,0.00059512,0.0016589,-0.0005026,0.0011337,0.217368,0.0804,0.633972,8.48819E-05,0.0092929,0.00223269,0.192432,0.000068951,-2.28574E-05,2.14838E-05,5.98863E-05,-1.81439E-05,4.09266E-05
0.0024351,1.8197,0.67,5.2831,0.049172,0.011819,1.0143,0.0018516,-0.00066546,0.00070811,0.001715,-0.00064329,0.0013037,0.218364,0.0804,0.633972,8.79071E-05,0.00934268,0.00224561,0.192717,6.68428E-05,-2.40231E-05,2.55628E-05,6.19115E-05,-2.32228E-05,4.70636E-05
0.0025412,1.8279,0.67,5.2831,0.049456,0.012156,1.0146,0.0018011,-0.00073325,0.00079411,0.0018115,-0.00079977,0.0014698,0.219348,0.0804,0.633972,9.17373E-05,0.00939664,0.00230964,0.192774,6.50197E-05,-2.64703E-05,2.86674E-05,6.53952E-05,-2.88717E-05,5.30598E-05
0.0026474,1.8362,0.67,5.2831,0.04973,0.012749,1.0142,0.0017539,-0.00081809,0.00084708,0.0019199,-0.00093141,0.001621,0.220344,0.0804,0.633972,9.55711E-05,0.0094487,0.00242231,0.192698,6.33158E-05,-2.9533E-05,3.05796E-05,6.93084E-05,-3.36239E-05,5.85181E-05
0.0027074,1.8446,0.67,5.2831,0.050052,0.013688,1.0138,0.0017064,-0.00088441,0.00086332,0.0019836,-0.0010087,0.0017248,0.221352,0.0804,0.633972,9.77371E-05,0.00950988,0.00260072,0.192622,6.1601E-05,-3.19272E-05,3.11659E-05,7.1608E-05,-3.64141E-05,6.22653E-05
0.0026987,1.8534,0.67,5.2831,0.050488,0.014627,1.0137,0.0016565,-0.00091099,0.00084507,0.001957,-0.0010447,0.001784,0.222408,0.0804,0.633972,9.74231E-05,0.00959272,0.00277913,0.192603,5.97997E-05,-3.28867E-05,3.0507E-05,7.06477E-05,-3.77137E-05,6.44024E-05
0.0026423,1.8626,0.67,5.2831,0.051053,0.014886,1.0139,0.0016111,-0.00090827,0.00079827,0.0018579,-0.0010526,0.0018155,0.223512,0.0804,0.633972,9.5387E-05,0.00970007,0.00282834,0.192641,5.81607E-05,-3.27885E-05,2.88175E-05,6.70702E-05,-3.79989E-05,6.55396E-05
0.0026116,1.8723,0.67,5.2831,0.051649,0.014178,1.0149,0.0015799,-0.00089853,0.00074674,0.0017787,-0.0010454,0.0018646,0.224676,0.0804,0.633972,9.42788E-05,0.00981331,0.00269382,0.192831,5.70344E-05,-3.24369E-05,2.69573E-05,6.42111E-05,-3.77389E-05,6.73121E-05
0.0026305,1.8824,0.67,5.2831,0.052088,0.013513,1.017,0.0015584,-0.00086852,0.00068665,0.0017486,-0.0010546,0.001954,0.225888,0.0804,0.633972,9.49611E-05,0.00989672,0.00256747,0.19323,5.62582E-05,-3.13536E-05,2.47881E-05,6.31245E-05,-3.80711E-05,7.05394E-05
0.0026759,1.8931,0.67,5.2831,0.052217,0.01359,1.02,0.0015129,-0.00079326,0.00062753,0.0017332,-0.001087,0.0021057,0.227172,0.0804,0.633972,9.66E-05,0.00992123,0.0025821,0.1938,5.46157E-05,-2.86367E-05,2.26538E-05,6.25685E-05,-3.92407E-05,7.60158E-05
0.0026667,1.9042,0.67,5.2831,0.052101,0.013646,1.0213,0.0014289,-0.00068215,0.00053321,0.0016609,-0.0010508,0.0022435,0.228504,0.0804,0.633972,9.62679E-05,0.00989919,0.00259274,0.194047,5.15833E-05,-2.46256E-05,1.92489E-05,5.99585E-05,-3.79339E-05,8.09904E-05
0.0026074,1.9159,0.67,5.2831,0.052121,0.012924,1.021,0.001353,-0.00056051,0.00041082,0.0015003,-0.00092382,0.0023615,0.229908,0.0804,0.633972,9.41271E-05,0.00990299,0.00245556,0.19399,4.88433E-05,-2.02344E-05,1.48306E-05,5.41608E-05,-3.33499E-05,8.52502E-05
0.0024089,1.9282,0.67,5.2831,0.052535,0.012173,1.0205,0.0013258,-0.00039262,0.00028684,0.0012584,-0.00072371,0.0022336,0.231384,0.0804,0.633972,8.69613E-05,0.00998165,0.00231287,0.193895,4.78614E-05,-1.41736E-05,1.03549E-05,4.54282E-05,-2.61259E-05,8.0633E-05
0.0021142,1.941,0.67,5.2831,0.053001,0.01213,1.0212,0.001332,-0.00018047,0.00013286,0.0010419,-0.00046587,0.0018545,0.23292,0.0804,0.633972,7.63226E-05,0.01007019,0.0023047,0.194028,4.80852E-05,-6.51497E-06,4.79625E-06,3.76126E-05,-1.68179E-05,6.69475E-05
0.0018929,1.9545,0.67,5.2831,0.052678,0.012179,1.0229,0.0013238,-2.44E-06,-4.04E-05,0.00093457,-0.00031647,0.0015274,0.23454,0.0804,0.633972,6.83337E-05,0.01000882,0.00231401,0.194351,4.77892E-05,-8.80262E-08,-1.4575E-06,3.3738E-05,-1.14246E-05,5.51391E-05
0.0018002,1.9686,0.67,5.2831,0.051266,0.01233,1.0229,0.0012978,9.70E-05,-0.00022273,0.00091227,-0.00024214,0.0013903,0.236232,0.0804,0.633972,6.49872E-05,0.00974054,0.0023427,0.194351,4.68506E-05,3.50267E-06,-8.04055E-06,3.29329E-05,-8.74125E-06,5.01898E-05
0.001755,1.9833,0.67,5.2831,0.049692,0.01032,1.0201,0.0013027,0.00011837,-0.000293,0.00089583,-0.00023358,0.0013115,0.237996,0.0804,0.633972,6.33555E-05,0.00944148,0.0019608,0.193819,4.70275E-05,4.27316E-06,-1.05773E-05,3.23395E-05,-8.43224E-06,4.73452E-05
0.001771,1.9988,0.67,5.2831,0.048641,0.0059625,1.0158,0.0013406,7.94E-05,-0.00024339,0.00081483,-0.00019783,0.0013867,0.239856,0.0804,0.633972,6.39331E-05,0.00924179,0.001132875,0.193002,4.83957E-05,2.86602E-06,-8.78638E-06,2.94154E-05,-7.14166E-06,5.00599E-05
0.002179,2.0149,0.67,5.2831,0.047309,0.001956,1.0128,0.0013682,2.67E-05,-5.96E-05,0.00067137,2.32E-05,0.0023185,0.241788,0.0804,0.633972,7.86619E-05,0.00898871,0.00037164,0.192432,4.9392E-05,9.6452E-07,-2.15102E-06,2.42365E-05,8.38278E-07,8.36979E-05
0.0025984,2.0319,0.67,5.2831,0.045269,-0.00089038,1.0073,0.0013509,6.65E-05,0.00026513,0.0006214,0.0002619,0.0032245,0.243828,0.0804,0.633972,9.38022E-05,0.00860111,-0.000169172,0.191387,4.87675E-05,2.39964E-06,9.57119E-06,2.24325E-05,9.45459E-06,0.000116404
0.0029644,2.0496,0.67,5.2831,0.0426,-0.0042889,1.0006,0.0013134,3.60E-05,0.00068535,0.00063803,0.00014342,0.0039772,0.245952,0.0804,0.633972,0.000107015,0.008094,-0.000814891,0.190114,4.74137E-05,1.30112E-06,2.47411E-05,2.30329E-05,5.17746E-06,0.000143577
0.0038401,2.0681,0.67,5.2831,0.039507,-0.0016576,0.98765,0.0013809,-0.00014808,0.0012183,0.00071336,-0.00013217,0.0055859,0.248172,0.0804,0.633972,0.000138628,0.00750633,-0.000314944,0.1876535,4.98505E-05,-5.34569E-06,4.39806E-05,2.57523E-05,-4.77134E-06,0.000201651
0.0050452,2.0875,0.67,5.2831,0.036838,0.0026596,0.98295,0.0016051,-0.00034372,0.0020192,0.00089666,-0.00071968,0.0075885,0.2505,0.0804,0.633972,0.000182132,0.00699922,0.000505324,0.1867605,5.79441E-05,-1.24083E-05,7.28931E-05,3.23694E-05,-2.59804E-05,0.000273945
0.0055523,2.1078,0.67,5.2831,0.035192,0.010138,0.97667,0.0018257,-0.00023893,0.0026338,0.00098877,-0.00075865,0.0082902,0.252936,0.0804,0.633972,0.000200438,0.00668648,0.00192622,0.1855673,6.59078E-05,-8.62537E-06,9.50802E-05,3.56946E-05,-2.73873E-05,0.000299276
0.005168,2.129,0.67,5.2831,0.036042,0.016771,0.96426,0.0019504,-0.00016715,0.0026492,0.00093608,-0.00038845,0.0074495,0.25548,0.0804,0.633972,0.000186565,0.00684798,0.00318649,0.1832094,7.04094E-05,-6.03412E-06,9.56361E-05,3.37925E-05,-1.4023E-05,0.000268927
0.0043679,2.1511,0.67,5.2831,0.037995,0.016444,0.97142,0.0019791,-6.40E-05,0.002359,0.0009765,-0.00012949,0.0057802,0.258132,0.0804,0.633972,0.000157681,0.00721905,0.00312436,0.1845698,7.14455E-05,-2.31054E-06,8.51599E-05,3.52517E-05,-4.67459E-06,0.000208665
0.0036133,2.1743,0.67,5.2831,0.036672,0.019537,0.97451,0.0018565,0.00018294,0.0018156,0.0010836,0.00011361,0.0042865,0.260916,0.0804,0.633972,0.00013044,0.00696768,0.00371203,0.1851569,6.70197E-05,6.60413E-06,6.55432E-05,3.9118E-05,4.10132E-06,0.000154743
0.0033328,2.1984,0.67,5.2831,0.03308,0.023635,0.96497,0.001618,0.00042132,0.0013967,0.0011762,0.00032988,0.0038714,0.263808,0.0804,0.633972,0.000120314,0.0062852,0.00449065,0.1833443,5.84098E-05,1.52097E-05,5.04209E-05,4.24608E-05,1.19087E-05,0.000139758
0.003854,2.2237,0.67,5.2831,0.031875,0.024524,0.93878,0.0014478,0.00067087,0.001466,0.0016697,0.0010223,0.0045905,0.266844,0.0804,0.633972,0.000139129,0.00605625,0.00465956,0.1783682,5.22656E-05,2.42184E-05,5.29226E-05,6.02762E-05,3.6905E-05,0.000165717
0.0052827,2.2501,0.67,5.2831,0.031313,0.024065,0.91938,0.0013798,0.00043801,0.0016191,0.0020185,0.00097689,0.0071671,0.270012,0.0804,0.633972,0.000190705,0.00594947,0.00457235,0.1746822,4.98108E-05,1.58122E-05,5.84495E-05,7.28679E-05,3.52657E-05,0.000258732
0.0049344,2.2776,0.67,5.2831,0.026906,0.02779,0.9082,0.0013531,7.64E-06,0.0012986,0.0018236,8.40E-06,0.0066921,0.273312,0.0804,0.633972,0.000178132,0.00511214,0.0052801,0.172558,4.88469E-05,2.75642E-07,4.68795E-05,6.5832E-05,3.03204E-07,0.000241585
0.0051513,2.3063,0.67,5.2831,0.019497,0.036791,0.89858,0.0014111,-6.10E-06,0.0011588,0.0016408,-0.00074185,0.0072507,0.276756,0.0804,0.633972,0.000185962,0.00370443,0.00699029,0.1707302,5.09407E-05,-2.20239E-07,4.18327E-05,5.92329E-05,-2.67808E-05,0.00026175
0.0058969,2.3362,0.67,5.2831,0.012043,0.049988,0.88849,0.0015443,0.00026727,0.0014196,0.0019233,-0.00066563,0.0083262,0.280344,0.0804,0.633972,0.000212878,0.00228817,0.00949772,0.1688131,5.57492E-05,9.64845E-06,5.12476E-05,6.94311E-05,-2.40292E-05,0.000300576
0.0052332,2.3674,0.67,5.2831,0.0079998,0.056587,0.86465,0.001769,0.00030048,0.0011801,0.0026869,-0.00054249,0.0060104,0.284088,0.0804,0.633972,0.000188919,0.001519962,0.01075153,0.1642835,6.38609E-05,1.08473E-05,4.26016E-05,9.69971E-05,-1.95839E-05,0.000216975
0.0055899,2.3999,0.67,5.2831,0.0051801,0.063372,0.84001,0.0019031,0.00087201,0.0011625,0.0042695,0.00043535,0.0050071,0.287988,0.0804,0.633972,0.000201795,0.000984219,0.01204068,0.1596019,6.87019E-05,3.14796E-05,4.19663E-05,0.000154129,1.57161E-05,0.000180756
0.0056702,2.4338,0.67,5.2831,0.00072348,0.065545,0.79249,0.0014241,0.00086762,0.0015575,0.0041031,0.0013852,0.0058132,0.292056,0.0804,0.633972,0.000204694,0.000137461,0.01245355,0.1505731,5.141E-05,3.13211E-05,5.62258E-05,0.000148122,5.00057E-05,0.000209857
0.0043683,2.4691,0.67,5.2831,-0.00096927,0.053992,0.67678,0.00050951,0.00012915,0.0010049,0.0022547,0.0010272,0.0059724,0.296292,0.0804,0.633972,0.000157696,-0.000184161,0.01025848,0.1285882,1.83933E-05,4.66232E-06,3.62769E-05,8.13947E-05,3.70819E-05,0.000215604
0.0016619,2.5058,0.67,5.2831,-0.0011061,0.023735,0.29735,3.29E-05,2.22E-05,0.00017711,0.00085836,0.00041106,0.0024325,0.300696,0.0804,0.633972,5.99946E-05,-0.000210159,0.00450965,0.0564965,1.18744E-06,8.02286E-07,6.39367E-06,3.09868E-05,1.48393E-05,8.78133E-05
4.83E-07,2.544,0.67,5.2831,-0.00090711,-1.93E-13,2.11E-17,9.65E-07,2.05E-16,-2.30E-20,4.37E-26,-4.89E-30,6.11E-34,0.30528,0.0804,0.633972,1.74204E-08,-0.000172351,-3.66909E-14,4.00995E-18,3.48408E-08,7.41675E-18,-8.30372E-22,1.57891E-27,-1.76666E-31,2.20452E-35
0,2.5837,0.67,5.2831,0,0,0,0,0,0,0,0,0,0.310044,0.0804,0.633972,0,0,0,0,0,0,0,0,0,0
0,2.625,0.67,5.2831,0,0,0,0,0,0,0,0,0,0.315,0.0804,0.633972,0,0,0,0,0,0,0,0,0,0
0,-0.125,0.67,5.3085,0,0,0,0,0,0,0,0,0,-0.015,0.0804,0.63702,0,0,0,0,0,0,0,0,0,0
0,-0.083719,0.67,5.3085,0,0,0,0,0,0,0,0,0,-0.01004628,0.0804,0.63702,0,0,0,0,0,0,0,0,0,0
2.94E-07,-0.044001,0.67,5.3085,-0.00019294,-5.35E-14,-2.18E-18,5.87E-07,1.63E-16,1.02E-20,4.50E-26,2.82E-30,2.74E-34,-0.00528012,0.0804,0.63702,1.05997E-08,-3.66586E-05,-1.01684E-14,-4.14694E-19,2.11997E-08,5.86733E-18,3.6739E-22,1.62389E-27,1.01697E-31,9.90512E-36
0.00096632,-0.0058053,0.67,5.3085,-0.0018544,0.024285,0.37613,1.29E-05,-2.23E-05,-3.57E-05,0.00078046,-0.00016026,0.0011393,-0.000696636,0.0804,0.63702,3.48842E-05,-0.000352336,0.00461415,0.0714647,4.66159E-07,-8.04019E-07,-1.29018E-06,2.81746E-05,-5.78539E-06,4.11287E-05
0.0025356,0.030909,0.67,5.3085,-0.0080867,0.055011,0.85183,0.00019671,-0.00013075,-0.0002046,0.0020309,-0.0004137,0.0028436,0.00370908,0.0804,0.63702,9.15352E-05,-0.001536473,0.01045209,0.1618477,7.10123E-06,-4.72008E-06,-7.38606E-06,7.33155E-05,-1.49346E-05,0.000102654
0.0029136,0.066184,0.67,5.3085,-0.017592,0.050478,0.96219,0.0005243,-0.00017666,-0.00024466,0.001736,-0.00045326,0.003567,0.00794208,0.0804,0.63702,0.000105181,-0.00334248,0.00959082,0.1828161,1.89272E-05,-6.37743E-06,-8.83223E-06,6.26696E-05,-1.63627E-05,0.000128769
0.002917,0.10006,0.67,5.3085,-0.027592,0.03876,0.99417,0.0005851,-0.00025574,-0.00011633,0.0014287,-0.00044104,0.0038202,0.0120072,0.0804,0.63702,0.000105304,-0.00524248,0.0073644,0.1888923,2.11221E-05,-9.23221E-06,-4.19951E-06,5.15761E-05,-1.59215E-05,0.000137909
0.0030949,0.13258,0.67,5.3085,-0.034588,0.03016,1.0215,0.00043914,-0.00021437,2.11E-05,0.0014224,-0.00069663,0.0043283,0.0159096,0.0804,0.63702,0.000111726,-0.00657172,0.0057304,0.194085,1.5853E-05,-7.73876E-06,7.62432E-07,5.13486E-05,-2.51483E-05,0.000156252
0.0025795,0.16379,0.67,5.3085,-0.035524,0.015805,1.0379,0.00045227,-6.13E-05,-6.33E-05,0.00090103,-0.00050306,0.0038058,0.0196548,0.0804,0.63702,9.312E-05,-0.00674956,0.00300295,0.197201,1.63269E-05,-2.21412E-06,-2.2839E-06,3.25272E-05,-1.81605E-05,0.000137389
0.0022311,0.19372,0.67,5.3085,-0.034401,0.011552,1.0415,0.00061789,4.03E-05,-0.00018966,0.00090355,-0.00027883,0.0029408,0.0232464,0.0804,0.63702,8.05427E-05,-0.00653619,0.00219488,0.197885,2.23058E-05,1.45541E-06,-6.84673E-06,3.26182E-05,-1.00658E-05,0.000106163
0.0034164,0.22242,0.67,5.3085,-0.033876,0.01766,1.0458,0.00087812,5.73E-05,-0.00082601,0.001139,-0.00058849,0.0048157,0.0266904,0.0804,0.63702,0.000123332,-0.00643644,0.0033554,0.198702,3.17001E-05,2.06882E-06,-2.9819E-05,4.11179E-05,-2.12445E-05,0.000173847
0.0033561,0.24993,0.67,5.3085,-0.035374,0.022969,1.0536,0.001163,1.33E-05,-0.0012447,0.0011781,-0.00027147,0.004371,0.0299916,0.0804,0.63702,0.000121155,-0.00672106,0.00436411,0.200184,4.19843E-05,4.79769E-07,-4.49337E-05,4.25294E-05,-9.80007E-06,0.000157793
0.0022924,0.27629,0.67,5.3085,-0.039166,0.024744,1.0576,0.001258,0.00012509,-0.0010603,0.0010731,-7.81E-05,0.0022537,0.0331548,0.0804,0.63702,8.27556E-05,-0.00744154,0.00470136,0.200944,4.54138E-05,4.51575E-06,-3.82768E-05,3.87389E-05,-2.81995E-06,8.13586E-05
0.0028483,0.30154,0.67,5.3085,-0.0421,0.023942,1.0543,0.0012322,0.00010791,-0.00082986,0.0013991,-0.00057457,0.0030653,0.0361848,0.0804,0.63702,0.000102824,-0.007999,0.00454898,0.200317,4.44824E-05,3.89555E-06,-2.99579E-05,5.05075E-05,-2.0742E-05,0.000110657
0.0038922,0.32572,0.67,5.3085,-0.043772,0.016981,1.0585,0.0012947,1.55E-05,-0.00083099,0.0018861,-0.0012123,0.0046037,0.0390864,0.0804,0.63702,0.000140508,-0.00831668,0.00322639,0.201115,4.67387E-05,5.60561E-07,-2.99987E-05,6.80882E-05,-4.3764E-05,0.000166194
0.0035541,0.34887,0.67,5.3085,-0.046005,0.012581,1.069,0.0014187,2.28E-05,-0.00071777,0.0016813,-0.0012563,0.0040083,0.0418644,0.0804,0.63702,0.000128303,-0.00874095,0.00239039,0.20311,5.12151E-05,8.23477E-07,-2.59115E-05,6.06949E-05,-4.53524E-05,0.0001447
0.0025591,0.37102,0.67,5.3085,-0.048347,0.017176,1.0673,0.001457,0.00019309,-0.00039148,0.0013293,-0.00066353,0.002332,0.0445224,0.0804,0.63702,9.23835E-05,-0.00918593,0.00326344,0.202787,5.25977E-05,6.97055E-06,-1.41324E-05,4.79877E-05,-2.39534E-05,8.41852E-05
0.0022188,0.39221,0.67,5.3085,-0.05071,0.026087,1.0639,0.0013818,0.00027088,-0.00035506,0.0012328,-0.00032481,0.0018229,0.0470652,0.0804,0.63702,8.00987E-05,-0.0096349,0.00495653,0.202141,4.9883E-05,9.77877E-06,-1.28177E-05,4.45041E-05,-1.17256E-05,6.58067E-05
0.0020122,0.41248,0.67,5.3085,-0.05385,0.033059,1.06,0.0013186,0.00011717,-0.00011126,0.0011302,-0.00045143,0.0015756,0.0494976,0.0804,0.63702,7.26404E-05,-0.0102315,0.00628121,0.2014,4.76015E-05,4.22984E-06,-4.01649E-06,4.08002E-05,-1.62966E-05,5.68792E-05
0.0023785,0.43187,0.67,5.3085,-0.056639,0.035522,1.0589,0.0013377,0.00011222,-0.00023578,0.001143,-0.00073268,0.0022763,0.0518244,0.0804,0.63702,8.58639E-05,-0.01076141,0.00674918,0.201191,4.8291E-05,4.05114E-06,-8.51166E-06,4.12623E-05,-2.64497E-05,8.21744E-05
0.0028813,0.4504,0.67,5.3085,-0.058175,0.037423,1.0525,0.0014713,0.0002956,-0.00056208,0.0012858,-0.00099126,0.0030055,0.054048,0.0804,0.63702,0.000104015,-0.01105325,0.00711037,0.199975,5.31139E-05,1.06712E-05,-2.02911E-05,4.64174E-05,-3.57845E-05,0.000108499
0.003395,0.46812,0.67,5.3085,-0.058992,0.03745,1.0502,0.0015723,0.00044752,-0.00057153,0.0015739,-0.001481,0.0036437,0.0561744,0.0804,0.63702,0.00012256,-0.01120848,0.0071155,0.199538,5.676E-05,1.61555E-05,-2.06322E-05,5.68178E-05,-5.34641E-05,0.000131538
0.0035923,0.48504,0.67,5.3085,-0.060034,0.037542,1.0528,0.0014941,0.00037918,-0.00032188,0.001769,-0.001678,0.0039214,0.0582048,0.0804,0.63702,0.000129682,-0.01140646,0.00713298,0.200032,5.3937E-05,1.36884E-05,-1.16199E-05,6.38609E-05,-6.05758E-05,0.000141563
0.0031464,0.50122,0.67,5.3085,-0.061813,0.037603,1.0561,0.0013412,0.00019928,-7.07E-05,0.0019175,-0.0014151,0.0030341,0.0601464,0.0804,0.63702,0.000113585,-0.01174447,0.00714457,0.200659,4.84173E-05,7.19401E-06,-2.55404E-06,6.92218E-05,-5.10851E-05,0.000109531
0.0025895,0.51667,0.67,5.3085,-0.063932,0.035344,1.0568,0.00122,6.54E-05,3.47E-05,0.0018318,-0.0010803,0.0021272,0.0620004,0.0804,0.63702,9.3481E-05,-0.01214708,0.00671536,0.200792,0.000044042,2.36137E-06,1.25227E-06,6.6128E-05,-3.89988E-05,7.67919E-05
0.0022712,0.53142,0.67,5.3085,-0.065406,0.032314,1.0577,0.0011302,-2.93E-05,2.72E-05,0.001583,-0.00092294,0.0018293,0.0637704,0.0804,0.63702,8.19903E-05,-0.01242714,0.00613966,0.200963,4.08002E-05,-1.05907E-06,9.81595E-07,5.71463E-05,-3.33181E-05,6.60377E-05
0.0021181,0.54551,0.67,5.3085,-0.06632,0.029971,1.0612,0.001042,-4.96E-05,-7.87E-05,0.0014228,-0.00072251,0.0017715,0.0654612,0.0804,0.63702,7.64634E-05,-0.0126008,0.00569449,0.201628,3.76162E-05,-1.78944E-06,-2.84244E-06,5.13631E-05,-2.60826E-05,6.39512E-05
0.0019601,0.55896,0.67,5.3085,-0.067609,0.027043,1.0621,0.00097127,-2.95E-05,-0.00023757,0.0013053,-0.00030448,0.0016437,0.0670752,0.0804,0.63702,7.07596E-05,-0.01284571,0.00513817,0.201799,3.50628E-05,-1.06333E-06,-8.57628E-06,4.71213E-05,-1.09917E-05,5.93376E-05
0.0020082,0.5718,0.67,5.3085,-0.069256,0.022828,1.0623,0.00097179,1.72E-06,-0.00041669,0.0013712,-7.09E-05,0.0016733,0.068616,0.0804,0.63702,7.2496E-05,-0.01315864,0.00433732,0.201837,3.50816E-05,6.22436E-08,-1.50425E-05,4.95003E-05,-2.55898E-06,6.04061E-05
0.0021439,0.58405,0.67,5.3085,-0.070554,0.019681,1.065,0.0010525,0.00010998,-0.00060902,0.0015669,-0.00011066,0.0016684,0.070086,0.0804,0.63702,7.73948E-05,-0.01340526,0.00373939,0.20235,3.79953E-05,3.97028E-06,-2.19856E-05,5.65651E-05,-3.99483E-06,6.02292E-05
0.0022771,0.59575,0.67,5.3085,-0.071267,0.018119,1.0667,0.0011779,0.00027088,-0.00079521,0.0016895,-0.00020009,0.0016869,0.07149,0.0804,0.63702,8.22033E-05,-0.01354073,0.00344261,0.202673,4.25222E-05,9.77877E-06,-2.87071E-05,6.0991E-05,-7.22325E-06,6.08971E-05
0.0024702,0.6069,0.67,5.3085,-0.0718,0.016671,1.0676,0.0013095,0.00037508,-0.00095635,0.0017902,-0.00019993,0.0018407,0.072828,0.0804,0.63702,8.91742E-05,-0.013642,0.00316749,0.202844,4.7273E-05,1.35404E-05,-3.45242E-05,6.46262E-05,-7.21747E-06,6.64493E-05
0.0026307,0.61755,0.67,5.3085,-0.072501,0.013978,1.0689,0.0014155,0.00041661,-0.001038,0.0018278,-0.00013059,0.0020181,0.074106,0.0804,0.63702,9.49683E-05,-0.01377519,0.00265582,0.203091,5.10996E-05,1.50396E-05,-3.74718E-05,6.59836E-05,-4.7143E-06,7.28534E-05
0.0026674,0.6277,0.67,5.3085,-0.073354,0.0098573,1.0693,0.0014718,0.00041921,-0.0010173,0.0017616,-3.71E-05,0.0021014,0.075324,0.0804,0.63702,9.62931E-05,-0.01393726,0.001872887,0.203167,5.3132E-05,1.51335E-05,-3.67245E-05,6.35938E-05,-1.34075E-06,7.58605E-05
0.0025469,0.63738,0.67,5.3085,-0.074345,0.0052776,1.0713,0.0014657,0.00040052,-0.00091711,0.0016586,3.88E-07,0.0019694,0.0764856,0.0804,0.63702,9.19431E-05,-0.01412555,0.001002744,0.203547,5.29118E-05,1.44588E-05,-3.31077E-05,5.98755E-05,1.39974E-08,7.10953E-05
0.0023551,0.64661,0.67,5.3085,-0.075529,0.0011368,1.0758,0.0013955,0.00036392,-0.0007813,0.0015275,-6.90E-05,0.0017871,0.0775932,0.0804,0.63702,8.50191E-05,-0.01435051,0.000215992,0.204402,5.03776E-05,1.31375E-05,-2.82049E-05,5.51428E-05,-2.49198E-06,6.45143E-05
0.0021623,0.65542,0.67,5.3085,-0.076938,-0.0021746,1.0813,0.0012737,0.00031362,-0.00064167,0.0013888,-0.00017548,0.0016621,0.0786504,0.0804,0.63702,7.8059E-05,-0.01461822,-0.000413174,0.205447,4.59806E-05,1.13217E-05,-2.31643E-05,5.01357E-05,-6.33483E-06,6.00018E-05
0.0019979,0.66381,0.67,5.3085,-0.078619,-0.0047441,1.0873,0.0011231,0.00026527,-0.00051988,0.0012714,-0.00029527,0.0016013,0.0796572,0.0804,0.63702,7.21242E-05,-0.01493761,-0.000901379,0.206587,4.05439E-05,9.57625E-06,-1.87677E-05,4.58975E-05,-1.06592E-05,5.78069E-05
0.0018023,0.67207,0.67,5.3085,-0.080551,-0.0066058,1.0931,0.00096449,0.00021812,-0.00039505,0.0011728,-0.00042058,0.0014674,0.0806484,0.0804,0.63702,6.5063E-05,-0.01530469,-0.001255102,0.207689,3.48181E-05,7.87413E-06,-1.42613E-05,4.23381E-05,-1.51829E-05,5.29731E-05
0.001583,0.68032,0.67,5.3085,-0.082593,-0.0078098,1.0979,0.0008149,0.00016475,-0.00027285,0.0010848,-0.00050878,0.0012664,0.0816384,0.0804,0.63702,5.71463E-05,-0.01569267,-0.001483862,0.208601,2.94179E-05,5.94748E-06,-9.84989E-06,3.91613E-05,-1.8367E-05,4.5717E-05
0.0013923,0.68858,0.67,5.3085,-0.084568,-0.0086229,1.1008,0.00068927,0.00010819,-0.00016056,0.0010094,-0.00056024,0.001086,0.0826296,0.0804,0.63702,5.0262E-05,-0.01606792,-0.001638351,0.209152,2.48826E-05,3.90566E-06,-5.79622E-06,3.64393E-05,-2.02247E-05,3.92046E-05
0.0012801,0.69683,0.67,5.3085,-0.086363,-0.009493,1.1029,0.0006029,5.49E-05,-7.93E-05,0.00093291,-0.00059491,0.0010243,0.0836196,0.0804,0.63702,4.62116E-05,-0.01640897,-0.00180367,0.209551,2.17647E-05,1.98196E-06,-2.86226E-06,3.36781E-05,-2.14763E-05,3.69772E-05
0.0012634,0.70509,0.67,5.3085,-0.087949,-0.010524,1.1052,0.00056407,3.30E-06,-3.30E-05,0.00084625,-0.00062957,0.0011166,0.0846108,0.0804,0.63702,4.56087E-05,-0.01671031,-0.00199956,0.209988,2.03629E-05,1.19058E-07,-1.19061E-06,3.05496E-05,-2.27275E-05,4.03093E-05
0.0012889,0.71335,0.67,5.3085,-0.089369,-0.011672,1.107,0.00056402,-5.19E-05,-1.85E-06,0.000762,-0.00064875,0.0012518,0.085602,0.0804,0.63702,4.65293E-05,-0.01698011,-0.00221768,0.21033,2.03611E-05,-1.87211E-06,-6.66117E-08,2.75082E-05,-2.34199E-05,4.519E-05
0.0013044,0.7216,0.67,5.3085,-0.090658,-0.013077,1.1076,0.00058789,-0.00010599,2.69E-05,0.00070546,-0.0006431,0.0013155,0.086592,0.0804,0.63702,4.70888E-05,-0.01722502,-0.00248463,0.210444,2.12228E-05,-3.82624E-06,9.72209E-07,2.54671E-05,-2.32159E-05,4.74896E-05
0.0013133,0.72986,0.67,5.3085,-0.091707,-0.014638,1.107,0.00062388,-0.00014901,4.61E-05,0.00068949,-0.00062545,0.0013133,0.0875832,0.0804,0.63702,4.74101E-05,-0.01742433,-0.00278122,0.21033,2.25221E-05,-5.37926E-06,1.66468E-06,2.48906E-05,-2.25787E-05,4.74101E-05
0.0013342,0.73811,0.67,5.3085,-0.092358,-0.015831,1.1053,0.00066294,-0.00017823,4.83E-05,0.00071775,-0.00061095,0.0012876,0.0885732,0.0804,0.63702,4.81646E-05,-0.01754802,-0.00300789,0.210007,2.39321E-05,-6.4341E-06,1.74193E-06,2.59108E-05,-2.20553E-05,4.64824E-05
0.0013697,0.74637,0.67,5.3085,-0.092655,-0.016286,1.1022,0.00069938,-0.00018925,2.82E-05,0.00079573,-0.00060909,0.0012443,0.0895644,0.0804,0.63702,4.94462E-05,-0.01760445,-0.00309434,0.209418,2.52476E-05,-6.83193E-06,1.0169E-06,2.87259E-05,-2.19881E-05,4.49192E-05
0.0014348,0.75463,0.67,5.3085,-0.092692,-0.015957,1.0978,0.00073124,-0.00017975,-7.97E-06,0.00091876,-0.00062109,0.0012195,0.0905556,0.0804,0.63702,5.17963E-05,-0.01761148,-0.00303183,0.208582,2.63978E-05,-6.48898E-06,-2.87565E-07,3.31672E-05,-2.24213E-05,4.4024E-05
0.0015347,0.76288,0.67,5.3085,-0.092449,-0.015015,1.0926,0.00076086,-0.00015431,-4.12E-05,0.0010703,-0.00064229,0.0012382,0.0915456,0.0804,0.63702,5.54027E-05,-0.01756531,-0.00285285,0.207594,2.7467E-05,-5.57059E-06,-1.48869E-06,3.86378E-05,-2.31867E-05,4.4699E-05
0.0016592,0.77114,0.67,5.3085,-0.092078,-0.013677,1.0873,0.00078858,-0.00011903,-6.38E-05,0.0012323,-0.00068027,0.0012976,0.0925368,0.0804,0.63702,5.98971E-05,-0.01749482,-0.00259863,0.206587,2.84677E-05,-4.29698E-06,-2.30163E-06,4.4486E-05,-2.45577E-05,4.68434E-05
0.0017934,0.7794,0.67,5.3085,-0.09184,-0.011993,1.0824,0.00081473,-8.13E-05,-8.56E-05,0.0013877,-0.00074623,0.0013843,0.093528,0.0804,0.63702,6.47417E-05,-0.0174496,-0.00227867,0.205656,2.94118E-05,-2.93439E-06,-3.0889E-06,5.0096E-05,-2.69389E-05,4.99732E-05
0.0019193,0.78765,0.67,5.3085,-0.091662,-0.0098241,1.0783,0.00084189,-4.70E-05,-0.00012117,0.0015284,-0.00084139,0.0014684,0.094518,0.0804,0.63702,6.92867E-05,-0.01741578,-0.001866579,0.204877,3.03922E-05,-1.69843E-06,-4.37424E-06,5.51752E-05,-3.03742E-05,5.30092E-05
0.0020416,0.79591,0.67,5.3085,-0.091355,-0.0070097,1.0745,0.00086629,-2.04E-05,-0.00015038,0.0016592,-0.0009441,0.0015576,0.0955092,0.0804,0.63702,7.37018E-05,-0.01735745,-0.001331843,0.204155,3.12731E-05,-7.36007E-07,-5.42872E-06,5.98971E-05,-3.4082E-05,5.62294E-05
0.0021852,0.80416,0.67,5.3085,-0.090935,-0.0036673,1.0706,0.00088908,-8.02E-06,-0.00014762,0.0017876,-0.0010281,0.0016937,0.0964992,0.0804,0.63702,7.88857E-05,-0.01727765,-0.000696787,0.203414,3.20958E-05,-2.89461E-07,-5.32908E-06,6.45324E-05,-3.71144E-05,6.11426E-05
0.0023436,0.81242,0.67,5.3085,-0.090438,-0.00022045,1.0663,0.00091513,-2.09E-05,-0.00011239,0.0019091,-0.0010817,0.0018629,0.0974904,0.0804,0.63702,8.4604E-05,-0.01718322,-4.18855E-05,0.202597,3.30362E-05,-7.53118E-07,-4.05728E-06,6.89185E-05,-3.90494E-05,6.72507E-05
0.0024935,0.82068,0.67,5.3085,-0.089986,0.002891,1.0622,0.00093879,-6.96E-05,-3.76E-05,0.0020041,-0.0011011,0.002044,0.0984816,0.0804,0.63702,9.00154E-05,-0.01709734,0.00054929,0.201818,3.38903E-05,-2.51238E-06,-1.35891E-06,7.2348E-05,-3.97497E-05,7.37884E-05
0.0026487,0.82893,0.67,5.3085,-0.089805,0.0055577,1.0582,0.00094679,-0.00016219,9.29E-05,0.0020759,-0.001113,0.0022747,0.0994716,0.0804,0.63702,9.56181E-05,-0.01706295,0.001055963,0.201058,3.41791E-05,-5.85506E-06,3.35261E-06,7.494E-05,-4.01793E-05,8.21167E-05
0.0028419,0.83719,0.67,5.3085,-0.089919,0.0080401,1.0537,0.00093679,-0.00030064,0.00026966,0.002182,-0.0011661,0.002565,0.1004628,0.0804,0.63702,0.000102593,-0.01708461,0.001527619,0.200203,3.38181E-05,-1.08531E-05,9.73473E-06,7.87702E-05,-4.20962E-05,9.25965E-05
0.0030395,0.84544,0.67,5.3085,-0.090288,0.010574,1.0493,0.00092819,-0.00047156,0.00043449,0.0023707,-0.001254,0.0027801,0.1014528,0.0804,0.63702,0.000109726,-0.01715472,0.00200906,0.199367,3.35077E-05,-1.70233E-05,1.56851E-05,8.55823E-05,-4.52694E-05,0.000100362
0.0031545,0.8537,0.67,5.3085,-0.090958,0.012973,1.0455,0.00093966,-0.00063677,0.00054175,0.0025877,-0.0013115,0.0027817,0.102444,0.0804,0.63702,0.000113877,-0.01728202,0.00246487,0.198645,3.39217E-05,-2.29874E-05,1.95572E-05,9.3416E-05,-4.73452E-05,0.000100419
0.0031352,0.86196,0.67,5.3085,-0.091856,0.014815,1.0419,0.00097481,-0.00074375,0.00058551,0.0026909,-0.0013102,0.0026047,0.1034352,0.0804,0.63702,0.000113181,-0.01745264,0.00281485,0.197961,3.51906E-05,-2.68494E-05,2.11369E-05,9.71415E-05,-4.72982E-05,9.40297E-05
0.0029978,0.87021,0.67,5.3085,-0.092721,0.016016,1.0372,0.0010328,-0.00077818,0.00059144,0.0026032,-0.0012577,0.0023596,0.1044252,0.0804,0.63702,0.000108221,-0.01761699,0.00304304,0.197068,3.72841E-05,-2.80923E-05,2.1351E-05,9.39755E-05,-4.5403E-05,8.51816E-05
0.0028178,0.87847,0.67,5.3085,-0.093296,0.016768,1.0312,0.0011048,-0.00077378,0.00060944,0.002397,-0.0011863,0.0021337,0.1054164,0.0804,0.63702,0.000101723,-0.01772624,0.00318592,0.195928,3.98833E-05,-2.79335E-05,2.20008E-05,8.65317E-05,-4.28254E-05,7.70266E-05
0.0026728,0.88672,0.67,5.3085,-0.093623,0.017073,1.0249,0.0011854,-0.00075231,0.00067571,0.0021756,-0.001128,0.0019846,0.1064064,0.0804,0.63702,9.64881E-05,-0.01778837,0.00324387,0.194731,4.27929E-05,-2.71584E-05,2.43931E-05,7.85392E-05,-4.07208E-05,7.16441E-05
0.002558,0.89498,0.67,5.3085,-0.09378,0.016817,1.0202,0.0012866,-0.00070371,0.00074756,0.0019754,-0.0010711,0.0018539,0.1073976,0.0804,0.63702,9.23438E-05,-0.0178182,0.00319523,0.193838,4.64463E-05,-2.54039E-05,2.69869E-05,7.13119E-05,-3.86667E-05,6.69258E-05
0.0024534,0.90324,0.67,5.3085,-0.093656,0.016143,1.0174,0.0014094,-0.00062551,0.00077516,0.0018033,-0.0010043,0.001694,0.1083888,0.0804,0.63702,8.85677E-05,-0.01779464,0.00306717,0.193306,5.08793E-05,-2.25809E-05,2.79833E-05,6.50991E-05,-3.62552E-05,6.11534E-05
0.0023637,0.91149,0.67,5.3085,-0.093266,0.015439,1.0151,0.001529,-0.00054164,0.00074355,0.0016608,-0.00093378,0.0015376,0.1093788,0.0804,0.63702,8.53296E-05,-0.01772054,0.00293341,0.192869,5.51969E-05,-1.95532E-05,2.68422E-05,5.99549E-05,-3.37095E-05,5.55074E-05
0.0022789,0.91975,0.67,5.3085,-0.092562,0.014911,1.0124,0.0016202,-0.00047668,0.00067801,0.0015336,-0.00086734,0.001404,0.11037,0.0804,0.63702,8.22683E-05,-0.01758678,0.00283309,0.192356,5.84892E-05,-1.72081E-05,2.44762E-05,5.5363E-05,-3.1311E-05,5.06844E-05
0.0022096,0.92801,0.67,5.3085,-0.09147,0.014274,1.0091,0.0016836,-0.00044284,0.00060721,0.0014074,-0.00083283,0.0013282,0.1113612,0.0804,0.63702,7.97666E-05,-0.0173793,0.00271206,0.191729,6.0778E-05,-1.59865E-05,2.19203E-05,5.08071E-05,-3.00652E-05,4.7948E-05
0.0021808,0.93626,0.67,5.3085,-0.090183,0.013041,1.0058,0.0017421,-0.0004452,0.00055234,0.00129,-0.0008469,0.0013296,0.1123512,0.0804,0.63702,7.87269E-05,-0.01713477,0.00247779,0.191102,6.28898E-05,-1.60717E-05,1.99395E-05,0.000046569,-3.05731E-05,4.79986E-05
0.0021955,0.94452,0.67,5.3085,-0.088922,0.011091,1.0026,0.0018154,-0.00047123,0.00050561,0.0012119,-0.00088843,0.0013638,0.1133424,0.0804,0.63702,7.92576E-05,-0.01689518,0.00210729,0.190494,6.55359E-05,-1.70114E-05,1.82525E-05,4.37496E-05,-3.20723E-05,4.92332E-05
0.0022818,0.95277,0.67,5.3085,-0.087762,0.0088072,0.99901,0.0019024,-0.00049264,0.0004991,0.0011969,-0.00095642,0.0014643,0.1143324,0.0804,0.63702,8.2373E-05,-0.01667478,0.001673368,0.1898119,6.86766E-05,-1.77843E-05,1.80175E-05,4.32081E-05,-3.45268E-05,5.28612E-05
0.0024457,0.96103,0.67,5.3085,-0.086552,0.0068379,0.99407,0.0019929,-0.00049396,0.00054988,0.0012333,-0.001038,0.0016652,0.1153236,0.0804,0.63702,8.82898E-05,-0.01644488,0.001299201,0.1888733,7.19437E-05,-1.7832E-05,1.98507E-05,4.45221E-05,-3.74718E-05,6.01137E-05
0.0026234,0.96929,0.67,5.3085,-0.085128,0.005706,0.98747,0.0020888,-0.00047561,0.00063369,0.0012696,-0.0010781,0.0018885,0.1163148,0.0804,0.63702,9.47047E-05,-0.01617432,0.00108414,0.1876193,7.54057E-05,-1.71695E-05,2.28762E-05,4.58326E-05,-3.89194E-05,6.81749E-05
0.0027228,0.97754,0.67,5.3085,-0.083826,0.0055855,0.97946,0.0021994,-0.00044032,0.00072339,0.0012563,-0.001043,0.0019899,0.1173048,0.0804,0.63702,9.82931E-05,-0.01592694,0.001061245,0.1860974,7.93983E-05,-1.58956E-05,2.61144E-05,4.53524E-05,-3.76523E-05,7.18354E-05
0.0027179,0.9858,0.67,5.3085,-0.082878,0.0063111,0.97075,0.0023314,-0.00039004,0.00078374,0.0011965,-0.0009305,0.0019079,0.118296,0.0804,0.63702,9.81162E-05,-0.01574682,0.001199109,0.1844425,8.41635E-05,-1.40804E-05,2.8293E-05,4.31937E-05,-3.35911E-05,6.88752E-05
0.0026482,0.99405,0.67,5.3085,-0.081961,0.0073664,0.96199,0.0024831,-0.00032009,0.00079918,0.0011308,-0.00077089,0.0016825,0.119286,0.0804,0.63702,9.56E-05,-0.01557259,0.001399616,0.1827781,8.96399E-05,-1.15552E-05,2.88504E-05,4.08219E-05,-2.78291E-05,6.07383E-05
0.0025971,1.0023,0.67,5.3085,-0.081023,0.0083176,0.9537,0.002633,-0.00023184,0.00075006,0.0010984,-0.00061602,0.0014628,0.120276,0.0804,0.63702,9.37553E-05,-0.01539437,0.001580344,0.181203,9.50513E-05,-8.36942E-06,2.70772E-05,3.96522E-05,-2.22383E-05,5.28071E-05
0.0026031,1.0106,0.67,5.3085,-0.080028,0.0092519,0.94636,0.00277,-0.00013023,0.0006795,0.0011318,-0.00051515,0.0013045,0.121272,0.0804,0.63702,9.39719E-05,-0.01520532,0.001757861,0.1798084,0.000099997,-4.7013E-06,2.453E-05,4.0858E-05,-1.85969E-05,4.70925E-05
0.0026342,1.0188,0.67,5.3085,-0.078761,0.010546,0.94057,0.0028958,-1.51E-05,0.00060462,0.0012257,-0.00048298,0.0011469,0.122256,0.0804,0.63702,9.50946E-05,-0.01496459,0.00200374,0.1787083,0.000104538,-5.44641E-07,2.18268E-05,4.42478E-05,-1.74356E-05,4.14031E-05
0.0027179,1.0271,0.67,5.3085,-0.077136,0.012163,0.9364,0.0030227,0.00011645,0.00054702,0.0013374,-0.0004817,0.0010758,0.123252,0.0804,0.63702,9.81162E-05,-0.01465584,0.00231097,0.177916,0.000109119,4.20385E-06,1.97474E-05,4.82801E-05,-1.73894E-05,3.88364E-05
0.0028391,1.0353,0.67,5.3085,-0.075119,0.013586,0.93326,0.0031467,0.00025804,0.00050237,0.0014376,-0.00047401,0.001094,0.124236,0.0804,0.63702,0.000102492,-0.01427261,0.00258134,0.1773194,0.000113596,9.31524E-06,1.81356E-05,5.18974E-05,-1.71118E-05,3.94934E-05
0.0029635,1.0436,0.67,5.3085,-0.072916,0.014463,0.93045,0.0032405,0.00038005,0.000441,0.0015006,-0.00045074,0.0011858,0.125232,0.0804,0.63702,0.000106982,-0.01385404,0.00274797,0.1767855,0.000116982,1.37198E-05,1.59201E-05,5.41717E-05,-1.62717E-05,4.28074E-05
0.0030695,1.0518,0.67,5.3085,-0.070882,0.014803,0.92761,0.0032996,0.00044739,0.0003747,0.0014974,-0.00044904,0.0013421,0.126216,0.0804,0.63702,0.000110809,-0.01346758,0.00281257,0.1762459,0.000119116,1.61508E-05,1.35267E-05,5.40561E-05,-1.62103E-05,4.84498E-05
0.003122,1.0601,0.67,5.3085,-0.069227,0.014788,0.92464,0.0033105,0.00044278,0.00028757,0.0014236,-0.00048107,0.0015099,0.127212,0.0804,0.63702,0.000112704,-0.01315313,0.00280972,0.1756816,0.000119509,1.59844E-05,1.03813E-05,5.1392E-05,-1.73666E-05,5.45074E-05
0.0031291,1.0684,0.67,5.3085,-0.067976,0.014549,0.92148,0.0032634,0.00037184,0.0002014,0.0013025,-0.00053204,0.0016922,0.128208,0.0804,0.63702,0.000112961,-0.01291544,0.00276431,0.1750812,0.000117809,1.34234E-05,7.27054E-06,4.70203E-05,-1.92066E-05,6.10884E-05
0.0031112,1.0766,0.67,5.3085,-0.067061,0.01421,0.91812,0.0031647,0.00025977,0.0001269,0.0011869,-0.00061266,0.0018708,0.129192,0.0804,0.63702,0.000112314,-0.01274159,0.0026999,0.1744428,0.000114246,9.3777E-06,4.58109E-06,4.28471E-05,-2.2117E-05,6.75359E-05
0.0031157,1.0849,0.67,5.3085,-0.066382,0.01393,0.91472,0.0030289,0.00014161,6.91E-05,0.0011208,-0.000729,0.0020817,0.130188,0.0804,0.63702,0.000112477,-0.01261258,0.0026467,0.1737968,0.000109343,5.11212E-06,2.49339E-06,4.04609E-05,-2.63169E-05,7.51494E-05
0.0031701,1.0931,0.67,5.3085,-0.065848,0.013905,0.91139,0.0028764,4.17E-05,4.21E-05,0.0011061,-0.00088869,0.0023577,0.131172,0.0804,0.63702,0.000114441,-0.01251112,0.00264195,0.1731641,0.000103838,1.50454E-06,1.52104E-06,3.99302E-05,-3.20817E-05,8.5113E-05
0.0032768,1.1014,0.67,5.3085,-0.065292,0.014248,0.90771,0.0027167,-3.17E-05,1.79E-05,0.0011192,-0.0010656,0.0027176,0.132168,0.0804,0.63702,0.000118292,-0.01240548,0.00270712,0.1724649,9.80729E-05,-1.14415E-06,6.46443E-07,4.04031E-05,-3.84682E-05,9.81054E-05
0.003421,1.1096,0.67,5.3085,-0.064491,0.014821,0.90337,0.0025623,-8.29E-05,-1.98E-06,0.0011338,-0.0012243,0.0031461,0.133152,0.0804,0.63702,0.000123498,-0.01225329,0.00281599,0.1716403,9.2499E-05,-2.99446E-06,-7.13589E-08,4.09302E-05,-4.41972E-05,0.000113574
0.003524,1.1179,0.67,5.3085,-0.063386,0.015394,0.89872,0.0024175,-0.00011762,-3.19E-05,0.0011364,-0.001345,0.0034942,0.134148,0.0804,0.63702,0.000127216,-0.01204334,0.00292486,0.1707568,8.72718E-05,-4.24608E-06,-1.15076E-06,4.1024E-05,-4.85545E-05,0.000126141
0.0035837,1.1262,0.67,5.3085,-0.062004,0.016058,0.89408,0.0022854,-0.00013824,-7.76E-05,0.0011273,-0.0014298,0.0037547,0.135144,0.0804,0.63702,0.000129372,-0.01178076,0.00305102,0.1698752,8.25029E-05,-4.99046E-06,-2.80244E-06,4.06955E-05,-5.16158E-05,0.000135545
0.0036383,1.1344,0.67,5.3085,-0.060413,0.017125,0.88953,0.0021709,-0.0001449,-0.00011054,0.0011213,-0.0014925,0.0039844,0.136128,0.0804,0.63702,0.000131343,-0.01147847,0.00325375,0.1690107,7.83695E-05,-5.23089E-06,-3.99049E-06,4.04789E-05,-5.38793E-05,0.000143837
0.0037124,1.1427,0.67,5.3085,-0.058661,0.018758,0.88535,0.0020595,-0.00013752,-0.00011399,0.0011496,-0.0015258,0.0042158,0.137124,0.0804,0.63702,0.000134018,-0.01114559,0.00356402,0.1682165,7.4348E-05,-4.96447E-06,-4.11504E-06,4.15006E-05,-5.50814E-05,0.00015219
0.003806,1.1509,0.67,5.3085,-0.056695,0.020815,0.88219,0.0019516,-0.00012784,-7.94E-05,0.001241,-0.0015636,0.0044196,0.138108,0.0804,0.63702,0.000137397,-0.01077205,0.00395485,0.1676161,7.04528E-05,-4.61502E-06,-2.86804E-06,4.48001E-05,-5.6446E-05,0.000159548
0.0038893,1.1592,0.67,5.3085,-0.054431,0.022751,0.8801,0.0018742,-0.00012741,-2.06E-05,0.0014043,-0.0016561,0.0045001,0.139104,0.0804,0.63702,0.000140404,-0.01034189,0.00432269,0.167219,6.76586E-05,-4.5995E-06,-7.45429E-07,5.06952E-05,-5.97852E-05,0.000162454
0.0039224,1.1674,0.67,5.3085,-0.051899,0.023835,0.87842,0.0018255,-0.00012562,2.93E-05,0.0016134,-0.001788,0.0044059,0.140088,0.0804,0.63702,0.000141599,-0.00986081,0.00452865,0.1668998,6.59006E-05,-4.53488E-06,1.05943E-06,5.82437E-05,-6.45468E-05,0.000159053
0.0039016,1.1757,0.67,5.3085,-0.049364,0.023875,0.87697,0.0017872,-0.00010479,4.61E-05,0.0018108,-0.0019102,0.0042051,0.141084,0.0804,0.63702,0.000140848,-0.00937916,0.00453625,0.1666243,6.45179E-05,-3.78292E-06,1.66504E-06,6.53699E-05,-6.89582E-05,0.000151804
0.0038497,1.1839,0.67,5.3085,-0.047009,0.023453,0.87627,0.0017574,-6.54E-05,3.19E-05,0.0019345,-0.0020141,0.0040074,0.142068,0.0804,0.63702,0.000138974,-0.00893171,0.00445607,0.1664913,6.34421E-05,-2.36181E-06,1.15282E-06,6.98355E-05,-7.2709E-05,0.000144667
0.0037932,1.1922,0.67,5.3085,-0.044858,0.023117,0.8766,0.0017379,-2.68E-05,-9.88E-06,0.0019416,-0.0020889,0.0039069,0.143064,0.0804,0.63702,0.000136935,-0.00852302,0.00439223,0.166554,6.27382E-05,-9.6878E-07,-3.56715E-07,7.00918E-05,-7.54093E-05,0.000141039
0.0037242,1.2005,0.67,5.3085,-0.042853,0.022948,0.87751,0.0017127,-7.34E-06,-8.22E-05,0.0018165,-0.0021007,0.0039191,0.14406,0.0804,0.63702,0.000134444,-0.00814207,0.00436012,0.1667269,6.18285E-05,-2.65111E-07,-2.96594E-06,6.55757E-05,-7.58353E-05,0.00014148
0.0036153,1.2087,0.67,5.3085,-0.040882,0.022888,0.87861,0.001662,-1.26E-05,-0.00017064,0.0015859,-0.0020314,0.0039826,0.145044,0.0804,0.63702,0.000130512,-0.00776758,0.00434872,0.1669359,5.99982E-05,-4.54535E-07,-6.1601E-06,5.7251E-05,-7.33335E-05,0.000143772
0.0034839,1.217,0.67,5.3085,-0.03882,0.022848,0.87995,0.0015992,-3.67E-05,-0.00020818,0.0013382,-0.0018976,0.0040304,0.14604,0.0804,0.63702,0.000125769,-0.0073758,0.00434112,0.1671905,5.77311E-05,-1.32527E-06,-7.5153E-06,4.8309E-05,-6.85034E-05,0.000145497
0.0033132,1.2252,0.67,5.3085,-0.036626,0.02268,0.88204,0.0015318,-6.07E-05,-0.00015373,0.0011682,-0.0017467,0.0039264,0.147024,0.0804,0.63702,0.000119607,-0.00695894,0.0043092,0.1675876,5.5298E-05,-2.1908E-06,-5.54965E-06,4.2172E-05,-6.30559E-05,0.000141743
0.003084,1.2335,0.67,5.3085,-0.034419,0.022369,0.88528,0.0014499,-6.64E-05,-4.78E-05,0.0011122,-0.0016101,0.003606,0.14802,0.0804,0.63702,0.000111332,-0.00653961,0.00425011,0.1682032,5.23414E-05,-2.39556E-06,-1.72381E-06,4.01504E-05,-5.81246E-05,0.000130177
0.0028329,1.2417,0.67,5.3085,-0.032265,0.021982,0.88951,0.0013754,-5.14E-05,5.94E-05,0.0011395,-0.0014754,0.003151,0.149004,0.0804,0.63702,0.000102268,-0.00613035,0.00417658,0.1690069,4.96519E-05,-1.85417E-06,2.14329E-06,4.1136E-05,-5.32619E-05,0.000113751
0.0025862,1.25,0.67,5.3085,-0.030076,0.021391,0.89403,0.0013331,-2.68E-05,0.00013171,0.0011847,-0.0012985,0.0026546,0.15,0.0804,0.63702,9.33618E-05,-0.00571444,0.00406429,0.1698657,4.81249E-05,-9.66505E-07,4.75473E-06,4.27677E-05,-4.68759E-05,9.58311E-05
0.0023482,1.2583,0.67,5.3085,-0.027697,0.020184,0.89832,0.0012983,-1.15E-05,0.00015104,0.0012104,-0.0010722,0.0021877,0.150996,0.0804,0.63702,8.477E-05,-0.00526243,0.00383496,0.1706808,4.68686E-05,-4.13995E-07,5.45254E-06,4.36954E-05,-3.87064E-05,7.8976E-05
0.0021653,1.2665,0.67,5.3085,-0.025054,0.018167,0.90219,0.0012581,-2.32E-05,0.00014179,0.001229,-0.00083672,0.0018435,0.15198,0.0804,0.63702,7.81673E-05,-0.00476026,0.00345173,0.1714161,4.54174E-05,-8.37953E-07,5.11862E-06,4.43669E-05,-3.02056E-05,6.65504E-05
0.0020678,1.2748,0.67,5.3085,-0.022268,0.01547,0.9053,0.0012436,-5.63E-05,0.00013637,0.0012554,-0.00064392,0.0016365,0.152976,0.0804,0.63702,7.46476E-05,-0.00423092,0.0029393,0.172007,4.4894E-05,-2.03261E-06,4.92296E-06,4.53199E-05,-2.32455E-05,5.90777E-05
0.0020357,1.283,0.67,5.3085,-0.019634,0.012593,0.90734,0.0012594,-8.84E-05,0.00011406,0.001283,-0.00051153,0.001529,0.15396,0.0804,0.63702,7.34888E-05,-0.00373046,0.00239267,0.1723946,4.54643E-05,-3.19124E-06,4.11757E-06,4.63163E-05,-1.84662E-05,5.51969E-05
0.0020394,1.2913,0.67,5.3085,-0.017382,0.010341,0.90853,0.0012653,-0.00010712,8.18E-05,0.0013215,-0.00039185,0.0014919,0.154956,0.0804,0.63702,7.36223E-05,-0.00330258,0.00196479,0.1726207,4.56773E-05,-3.86703E-06,2.95291E-06,4.77062E-05,-1.41458E-05,5.38576E-05
0.0020669,1.2995,0.67,5.3085,-0.015474,0.0090827,0.90896,0.0012438,-0.00011676,6.74E-05,0.0013654,-0.00024527,0.0015246,0.15594,0.0804,0.63702,7.46151E-05,-0.00294006,0.001725713,0.1727024,4.49012E-05,-4.21504E-06,2.43267E-06,4.92909E-05,-8.85425E-06,5.50381E-05
0.002084,1.3078,0.67,5.3085,-0.01375,0.0084827,0.90876,0.0012195,-0.00012206,5.36E-05,0.0013628,-8.67E-05,0.0015856,0.156936,0.0804,0.63702,7.52324E-05,-0.0026125,0.001611713,0.1726644,4.4024E-05,-4.40637E-06,1.93604E-06,4.91971E-05,-3.12832E-06,5.72402E-05
0.0020232,1.316,0.67,5.3085,-0.012065,0.00808,0.90812,0.0011957,-0.00011663,3.16E-05,0.0012618,4.91E-05,0.0015888,0.15792,0.0804,0.63702,7.30375E-05,-0.00229235,0.0015352,0.1725428,4.31648E-05,-4.21034E-06,1.14242E-06,4.5551E-05,1.7715E-06,5.73557E-05
0.001903,1.3243,0.67,5.3085,-0.01031,0.0078469,0.90705,0.0011553,-9.95E-05,3.35E-05,0.0010757,0.00014286,0.001575,0.158916,0.0804,0.63702,6.86983E-05,-0.0019589,0.001490911,0.1723395,4.17063E-05,-3.59307E-06,1.21E-06,3.88328E-05,5.15725E-06,5.68575E-05
0.0017895,1.3326,0.67,5.3085,-0.0085043,0.0079104,0.90561,0.0011164,-8.30E-05,2.01E-05,0.00088154,0.00019622,0.0015809,0.159912,0.0804,0.63702,6.4601E-05,-0.001615817,0.001502976,0.1720659,4.0302E-05,-2.99572E-06,7.2543E-07,3.18236E-05,7.08354E-06,5.70705E-05
0.0016497,1.3408,0.67,5.3085,-0.0066533,0.0080597,0.90358,0.0010867,-7.07E-05,-1.74E-05,0.00072876,0.00020269,0.001484,0.160896,0.0804,0.63702,5.95542E-05,-0.001264127,0.001531343,0.1716802,3.92299E-05,-2.55328E-06,-6.2684E-07,2.63082E-05,7.31711E-06,5.35724E-05
0.0014848,1.3491,0.67,5.3085,-0.0046535,0.0078514,0.90112,0.0010342,-5.57E-05,-2.40E-05,0.0006226,0.00015354,0.0013127,0.161892,0.0804,0.63702,5.36013E-05,-0.000884165,0.001491766,0.1712128,3.73346E-05,-2.01055E-06,-8.6575E-07,2.24759E-05,5.54279E-06,4.73885E-05
0.0013849,1.3573,0.67,5.3085,-0.0024974,0.0071856,0.89879,0.00099319,-3.82E-05,-5.38E-05,0.0005585,7.45E-05,0.0012181,0.162876,0.0804,0.63702,4.99949E-05,-0.000474506,0.001365264,0.1707701,3.58542E-05,-1.37931E-06,-1.94153E-06,2.01619E-05,2.68858E-06,4.39734E-05
0.0012918,1.3656,0.67,5.3085,-0.00027415,0.0061848,0.89734,0.00096972,-2.54E-05,-0.00011758,0.00052985,-1.26E-06,0.0010841,0.163872,0.0804,0.63702,4.6634E-05,-5.20885E-05,0.001175112,0.1704946,3.50069E-05,-9.15929E-07,-4.24464E-06,1.91276E-05,-4.55726E-08,3.9136E-05
0.0011778,1.3738,0.67,5.3085,0.0019887,0.0049947,0.89733,0.00090278,-2.00E-05,-0.00010729,0.00052496,-6.51E-05,0.00092794,0.164856,0.0804,0.63702,4.25186E-05,0.000377853,0.000948993,0.1704927,3.25904E-05,-7.21459E-07,-3.87317E-06,1.89511E-05,-2.35043E-06,3.34986E-05
0.0011139,1.3821,0.67,5.3085,0.0042187,0.0039321,0.89846,0.00083061,-1.62E-05,-8.57E-05,0.00053455,-0.00011668,0.00086262,0.165852,0.0804,0.63702,4.02118E-05,0.000801553,0.000747099,0.1707074,2.9985E-05,-5.863E-07,-3.0929E-06,1.92973E-05,-4.21215E-06,3.11406E-05
0.0010823,1.3903,0.67,5.3085,0.0063576,0.0033355,0.89973,0.00079194,-1.40E-05,-9.28E-05,0.00056148,-0.00015737,0.00081122,0.166836,0.0804,0.63702,3.9071E-05,0.001207944,0.000633745,0.1709487,2.8589E-05,-5.05003E-07,-3.35131E-06,2.02694E-05,-5.68106E-06,2.9285E-05
0.0011182,1.3986,0.67,5.3085,0.0084259,0.0032149,0.90083,0.00078386,-1.44E-05,-9.51E-05,0.00060427,-0.00019206,0.0008482,0.167832,0.0804,0.63702,4.0367E-05,0.001600921,0.000610831,0.1711577,2.82973E-05,-5.18468E-07,-3.43282E-06,2.18141E-05,-6.93337E-06,3.062E-05
0.0011831,1.4069,0.67,5.3085,0.010414,0.0032737,0.90232,0.00079354,-2.13E-05,-0.00010601,0.00065892,-0.00022307,0.00091371,0.168828,0.0804,0.63702,4.27099E-05,0.00197866,0.000622003,0.1714408,2.86468E-05,-7.68425E-07,-3.82696E-06,2.3787E-05,-8.05283E-06,3.29849E-05
0.0011971,1.4151,0.67,5.3085,0.012391,0.0033067,0.90475,0.00078577,-4.18E-05,-5.79E-05,0.00072924,-0.00024266,0.00087923,0.169812,0.0804,0.63702,4.32153E-05,0.00235429,0.000628273,0.1719025,2.83663E-05,-1.5101E-06,-2.09149E-06,2.63256E-05,-8.76003E-06,3.17402E-05
0.0012607,1.4234,0.67,5.3085,0.014307,0.0031764,0.90821,0.00077354,-6.95E-05,-2.36E-05,0.00081987,-0.00026214,0.00092789,0.170808,0.0804,0.63702,4.55113E-05,0.00271833,0.000603516,0.1725599,2.79248E-05,-2.50971E-06,-8.51743E-07,2.95973E-05,-9.46325E-06,3.34968E-05
0.0013578,1.4316,0.67,5.3085,0.01607,0.0029041,0.91243,0.00076967,-9.95E-05,-2.62E-05,0.00093133,-0.00028143,0.0010147,0.171792,0.0804,0.63702,4.90166E-05,0.0030533,0.000551779,0.1733617,2.77851E-05,-3.59238E-06,-9.46542E-07,3.3621E-05,-1.01596E-05,3.66307E-05
0.0014521,1.4399,0.67,5.3085,0.017646,0.0022614,0.91736,0.00076778,-0.00013153,-2.04E-05,0.0010593,-0.00028824,0.0010771,0.172788,0.0804,0.63702,5.24208E-05,0.00335274,0.000429666,0.1742984,2.77169E-05,-4.74823E-06,-7.37343E-07,3.82407E-05,-1.04055E-05,3.88833E-05
0.0015482,1.4481,0.67,5.3085,0.018993,0.0010125,0.92291,0.00076741,-0.0001659,-3.21E-05,0.0011902,-0.00028116,0.0011388,0.173772,0.0804,0.63702,5.589E-05,0.00360867,0.000192375,0.1753529,2.77035E-05,-5.98899E-06,-1.1595E-06,4.29662E-05,-1.01499E-05,4.11107E-05
0.0016209,1.4564,0.67,5.3085,0.020171,-0.0006952,0.92901,0.00076327,-0.00019944,-2.70E-05,0.0013026,-0.00028169,0.0011758,0.174768,0.0804,0.63702,5.85145E-05,0.00383249,-0.000132088,0.1765119,2.7554E-05,-7.19978E-06,-9.73256E-07,4.70239E-05,-1.0169E-05,4.24464E-05
0.0016823,1.4647,0.67,5.3085,0.021317,-0.0028062,0.93547,0.00074973,-0.00022683,2.52E-07,0.0013836,-0.00030682,0.0012314,0.175764,0.0804,0.63702,6.0731E-05,0.00405023,-0.000533178,0.1777393,2.70653E-05,-8.18856E-06,9.08493E-09,4.9948E-05,-1.10762E-05,4.44535E-05
0.00173,1.4729,0.67,5.3085,0.022498,-0.005148,0.94153,0.00072881,-0.00024993,4.27E-05,0.0014318,-0.00036038,0.0012993,0.176748,0.0804,0.63702,0.000062453,0.00427462,-0.00097812,0.1788907,2.631E-05,-9.02247E-06,1.54306E-06,5.1688E-05,-1.30097E-05,4.69047E-05
0.0017619,1.4812,0.67,5.3085,0.023737,-0.0075159,0.94661,0.00070648,-0.00026815,8.10E-05,0.0014391,-0.00045447,0.0013782,0.177744,0.0804,0.63702,6.36046E-05,0.00451003,-0.001428021,0.1798559,2.55039E-05,-9.68022E-06,2.92518E-06,5.19515E-05,-1.64064E-05,4.9753E-05
0.0017855,1.4894,0.67,5.3085,0.025082,-0.0095065,0.95063,0.00068035,-0.00027714,0.00012256,0.0013988,-0.00059267,0.0014918,0.178728,0.0804,0.63702,6.44566E-05,0.00476558,-0.001806235,0.1806197,2.45606E-05,-1.00048E-05,4.42442E-06,5.04967E-05,-2.13954E-05,5.3854E-05
0.0018226,1.4977,0.67,5.3085,0.026544,-0.010513,0.95408,0.00065421,-0.00027403,0.00016924,0.0013384,-0.0007501,0.0016527,0.179724,0.0804,0.63702,6.57959E-05,0.00504336,-0.00199747,0.1812752,2.3617E-05,-9.89248E-06,6.10956E-06,4.83162E-05,-2.70786E-05,5.96625E-05
0.0018765,1.5059,0.67,5.3085,0.02813,-0.010265,0.95799,0.00063625,-0.00026215,0.00022498,0.0013033,-0.00089083,0.0018134,0.180708,0.0804,0.63702,6.77417E-05,0.0053447,-0.00195035,0.1820181,2.29686E-05,-9.46362E-06,8.12178E-06,4.70491E-05,-3.2159E-05,6.54637E-05
0.0019619,1.5142,0.67,5.3085,0.029829,-0.0091366,0.96265,0.00062469,-0.00025629,0.00030489,0.0013242,-0.0010009,0.001975,0.181704,0.0804,0.63702,7.08246E-05,0.00566751,-0.001735954,0.1829035,2.25513E-05,-9.25207E-06,1.10065E-05,4.78036E-05,-3.61325E-05,7.12975E-05
0.0020565,1.5224,0.67,5.3085,0.031615,-0.0080084,0.96763,0.00060646,-0.00026548,0.00038678,0.0013863,-0.0010769,0.0021202,0.182688,0.0804,0.63702,7.42397E-05,0.00600685,-0.001521596,0.1838497,2.18932E-05,-9.58383E-06,1.39628E-05,5.00454E-05,-3.88761E-05,7.65392E-05
0.0021042,1.5307,0.67,5.3085,0.033478,-0.0074132,0.97232,0.00057627,-0.00028067,0.00043974,0.001438,-0.0011093,0.0021942,0.183684,0.0804,0.63702,7.59616E-05,0.00636082,-0.001408508,0.1847408,2.08033E-05,-1.01322E-05,1.58746E-05,5.19118E-05,-4.00457E-05,7.92106E-05
0.002088,1.539,0.67,5.3085,0.035439,-0.0075065,0.9763,0.00054402,-0.00028532,0.00044925,0.001447,-0.001108,0.0021851,0.18468,0.0804,0.63702,7.53768E-05,0.00673341,-0.001426235,0.185497,1.96391E-05,-1.03001E-05,1.62179E-05,5.22367E-05,-3.99988E-05,7.88821E-05
0.0020328,1.5472,0.67,5.3085,0.037489,-0.0078999,0.97963,0.00051492,-0.00027846,0.00042563,0.0014211,-0.0010925,0.0021296,0.185664,0.0804,0.63702,7.33841E-05,0.00712291,-0.001500981,0.1861297,1.85886E-05,-1.00524E-05,1.53652E-05,5.13017E-05,-3.94393E-05,7.68786E-05
0.0019653,1.5555,0.67,5.3085,0.039432,-0.0079741,0.98224,0.00049474,-0.00026994,0.00038229,0.0013795,-0.0010713,0.0020564,0.18666,0.0804,0.63702,7.09473E-05,0.00749208,-0.001515079,0.1866256,1.78601E-05,-9.74483E-06,1.38007E-05,4.98E-05,-3.86739E-05,7.4236E-05
0.0019012,1.5637,0.67,5.3085,0.041044,-0.0077281,0.98381,0.00048934,-0.0002619,0.0003345,0.0013249,-0.0010484,0.0019882,0.187644,0.0804,0.63702,6.86333E-05,0.00779836,-0.001468339,0.1869239,1.76652E-05,-9.45459E-06,1.20755E-05,4.78289E-05,-3.78472E-05,7.1774E-05
0.001845,1.572,0.67,5.3085,0.042379,-0.0073829,0.98442,0.00049388,-0.00025634,0.00029646,0.0012569,-0.00102,0.0019393,0.18864,0.0804,0.63702,6.66045E-05,0.00805201,-0.001402751,0.1870398,1.78291E-05,-9.25387E-06,1.07022E-05,4.53741E-05,-0.000036822,7.00087E-05
0.0017949,1.5802,0.67,5.3085,0.043579,-0.0069999,0.98449,0.00050435,-0.0002536,0.00027611,0.0011904,-0.00098343,0.001895,0.189624,0.0804,0.63702,6.47959E-05,0.00828001,-0.001329981,0.1870531,1.8207E-05,-9.15496E-06,9.96757E-06,4.29734E-05,-3.55018E-05,6.84095E-05
0.0017458,1.5885,0.67,5.3085,0.044574,-0.0064605,0.98443,0.00052118,-0.00025421,0.00026687,0.0011455,-0.00093679,0.0018249,0.19062,0.0804,0.63702,6.30234E-05,0.00846906,-0.001227495,0.1870417,1.88146E-05,-9.17698E-06,9.63401E-06,4.13526E-05,-3.38181E-05,6.58789E-05
0.0017,1.5968,0.67,5.3085,0.045306,-0.0055111,0.98395,0.00054278,-0.00026129,0.00026337,0.0011338,-0.00088567,0.0017234,0.191616,0.0804,0.63702,0.00006137,0.00860814,-0.001047109,0.1869505,1.95944E-05,-9.43257E-06,9.50766E-06,4.09302E-05,-3.19727E-05,6.22147E-05
0.0016692,1.605,0.67,5.3085,0.045876,-0.0040215,0.98216,0.00057175,-0.00027739,0.00025893,0.0011562,-0.00082482,0.0016105,0.1926,0.0804,0.63702,6.02581E-05,0.00871644,-0.000764085,0.1866104,2.06402E-05,-1.00138E-05,9.34737E-06,4.17388E-05,-2.9776E-05,5.81391E-05
0.0016417,1.6133,0.67,5.3085,0.046369,-0.002087,0.97881,0.00060937,-0.00029741,0.00024073,0.0011949,-0.00072528,0.0014792,0.193596,0.0804,0.63702,5.92654E-05,0.00881011,-0.00039653,0.1859739,2.19983E-05,-1.07365E-05,8.69035E-06,4.31359E-05,-2.61826E-05,5.33991E-05
0.0015944,1.6215,0.67,5.3085,0.046827,0.00013608,0.97506,0.00065058,-0.00030344,0.0001987,0.001214,-0.00057087,0.0013243,0.19458,0.0804,0.63702,5.75578E-05,0.00889713,2.58552E-05,0.1852614,2.34859E-05,-1.09542E-05,7.17307E-06,4.38254E-05,-2.06084E-05,4.78072E-05
0.0015277,1.6298,0.67,5.3085,0.047238,0.0025799,0.97284,0.00069405,-0.00028752,0.00014017,0.0011956,-0.00041481,0.0011657,0.195576,0.0804,0.63702,5.515E-05,0.00897522,0.000490181,0.1848396,2.50552E-05,-1.03795E-05,5.06014E-06,4.31612E-05,-1.49746E-05,4.20818E-05
0.001469,1.638,0.67,5.3085,0.047542,0.0051526,0.97331,0.00074731,-0.0002664,7.62E-05,0.0011581,-0.0003132,0.0010326,0.19656,0.0804,0.63702,5.30309E-05,0.00903298,0.000978994,0.1849289,2.69779E-05,-9.61704E-06,2.75201E-06,4.18074E-05,-1.13065E-05,3.72769E-05
0.0014409,1.6463,0.67,5.3085,0.047679,0.0075546,0.97593,0.00081937,-0.00025137,3.25E-05,0.0011218,-0.00025281,0.00094066,0.197556,0.0804,0.63702,5.20165E-05,0.00905901,0.001435374,0.1854267,2.95793E-05,-9.07446E-06,1.17318E-06,4.0497E-05,-9.12644E-06,3.39578E-05
0.0014411,1.6545,0.67,5.3085,0.047544,0.0094396,0.97915,0.00091247,-0.00024009,2.48E-05,0.00109,-0.00021063,0.00087976,0.19854,0.0804,0.63702,5.20237E-05,0.00903336,0.001793524,0.1860385,3.29402E-05,-8.66725E-06,8.94702E-07,0.000039349,-7.60374E-06,3.17593E-05
0.0014615,1.6628,0.67,5.3085,0.047126,0.010617,0.98204,0.0010247,-0.00023066,2.98E-05,0.0010576,-0.00018356,0.00084061,0.199536,0.0804,0.63702,5.27602E-05,0.00895394,0.00201723,0.1865876,3.69917E-05,-8.32683E-06,1.0752E-06,3.81794E-05,-6.62652E-06,3.0346E-05
0.0015286,1.6711,0.67,5.3085,0.046595,0.011157,0.98426,0.0011563,-0.0002144,3.32E-05,0.0010256,-0.00015746,0.00087532,0.200532,0.0804,0.63702,5.51825E-05,0.00885305,0.00211983,0.1870094,4.17424E-05,-7.73984E-06,1.19949E-06,3.70242E-05,-5.68431E-06,3.15991E-05
0.0016864,1.6793,0.67,5.3085,0.046176,0.011617,0.9859,0.0013059,-0.00019152,5.83E-05,0.0010222,-0.00013836,0.0010446,0.201516,0.0804,0.63702,6.0879E-05,0.00877344,0.00220723,0.187321,4.7143E-05,-6.91387E-06,2.10463E-06,3.69014E-05,-4.9948E-06,3.77101E-05
0.0019073,1.6876,0.67,5.3085,0.046006,0.012533,0.988,0.0014668,-0.00018173,0.00012207,0.001085,-0.00015388,0.0012627,0.202512,0.0804,0.63702,6.88535E-05,0.00874114,0.00238127,0.18772,5.29515E-05,-6.56045E-06,4.40673E-06,3.91685E-05,-5.55507E-06,4.55835E-05
0.0021433,1.6958,0.67,5.3085,0.046067,0.01359,0.9894,0.0016351,-0.00020047,0.00022596,0.0011741,-0.00024629,0.0014774,0.203496,0.0804,0.63702,7.73731E-05,0.00875273,0.0025821,0.187986,5.90271E-05,-7.23697E-06,8.15716E-06,4.2385E-05,-8.89107E-06,5.33341E-05
0.0023568,1.7041,0.67,5.3085,0.046361,0.014087,0.98839,0.00181,-0.00023732,0.00036792,0.0011828,-0.00038828,0.0017207,0.204492,0.0804,0.63702,8.50805E-05,0.00880859,0.00267653,0.1877941,0.000065341,-8.56725E-06,1.32819E-05,4.26991E-05,-1.40169E-05,6.21173E-05
0.0024352,1.7123,0.67,5.3085,0.047039,0.013946,0.9873,0.0019888,-0.00025495,0.00049268,0.0010978,-0.00042031,0.0017838,0.205476,0.0804,0.63702,8.79107E-05,0.00893741,0.00264974,0.187587,7.17957E-05,-9.2037E-06,1.77857E-05,3.96306E-05,-1.51732E-05,6.43952E-05
0.0023391,1.7206,0.67,5.3085,0.048202,0.013494,0.98824,0.0021644,-0.00023488,0.00053463,0.001007,-0.00030883,0.0015069,0.206472,0.0804,0.63702,8.44415E-05,0.00915838,0.00256386,0.1877656,7.81348E-05,-8.47917E-06,1.93001E-05,3.63527E-05,-1.11488E-05,5.43991E-05
0.0022175,1.7289,0.67,5.3085,0.049688,0.01297,0.99007,0.0023119,-0.0002092,0.00050407,0.00099899,-0.00019819,0.001124,0.207468,0.0804,0.63702,8.00518E-05,0.00944072,0.0024643,0.1881133,8.34596E-05,-7.55212E-06,1.81969E-05,3.60635E-05,-7.15466E-06,4.05764E-05
0.0021765,1.7371,0.67,5.3085,0.051145,0.012652,0.99154,0.0023991,-0.00021916,0.00044992,0.0010907,-0.00016095,0.00086318,0.208452,0.0804,0.63702,7.85717E-05,0.00971755,0.00240388,0.1883926,8.66075E-05,-7.91168E-06,1.62421E-05,3.93743E-05,-5.8103E-06,3.11608E-05
0.002201,1.7454,0.67,5.3085,0.052323,0.012852,0.99258,0.0024282,-0.0002742,0.0004121,0.0012159,-0.00016685,0.00075793,0.209448,0.0804,0.63702,7.94561E-05,0.00994137,0.00244188,0.1885902,8.7658E-05,-9.89862E-06,1.48768E-05,4.3894E-05,-6.02329E-06,2.73613E-05
0.0022449,1.7536,0.67,5.3085,0.053231,0.013826,0.99376,0.0024335,-0.00036511,0.00040608,0.0013332,-0.00017573,0.00072313,0.210432,0.0804,0.63702,8.10409E-05,0.01011389,0.00262694,0.1888144,8.78494E-05,-1.31805E-05,1.46595E-05,4.81285E-05,-6.34385E-06,2.6105E-05
0.0022856,1.7619,0.67,5.3085,0.053905,0.015164,0.99563,0.0024253,-0.00047875,0.00041965,0.0014685,-0.00016273,0.00067738,0.211428,0.0804,0.63702,8.25102E-05,0.01024195,0.00288116,0.1891697,8.75533E-05,-1.72829E-05,1.51494E-05,5.30129E-05,-5.87455E-06,2.44534E-05
0.0023205,1.7701,0.67,5.3085,0.054275,0.015792,0.99745,0.0023846,-0.00058931,0.00042659,0.0016067,-0.00014231,0.00064981,0.212412,0.0804,0.63702,8.37701E-05,0.01031225,0.00300048,0.1895155,8.60841E-05,-2.12741E-05,1.53999E-05,5.80019E-05,-5.13739E-06,2.34581E-05
0.0023308,1.7784,0.67,5.3085,0.054359,0.015224,0.9986,0.0023112,-0.00066217,0.00042163,0.0016772,-0.00016075,0.00067334,0.213408,0.0804,0.63702,8.41419E-05,0.01032821,0.00289256,0.189734,8.34343E-05,-2.39043E-05,1.52208E-05,6.05469E-05,-5.80308E-06,2.43076E-05
0.0023179,1.7866,0.67,5.3085,0.054297,0.013993,1.0001,0.0022195,-0.00068177,0.00042004,0.0016736,-0.00021554,0.00074268,0.214392,0.0804,0.63702,8.36762E-05,0.01031643,0.00265867,0.190019,8.0124E-05,-2.46119E-05,1.51634E-05,6.0417E-05,-7.78099E-06,2.68107E-05
0.0022967,1.7949,0.67,5.3085,0.054198,0.012798,1.0028,0.0021158,-0.00066595,0.00042983,0.0016447,-0.00028672,0.000833,0.215388,0.0804,0.63702,8.29109E-05,0.01029762,0.00243162,0.190532,7.63804E-05,-2.40408E-05,1.55169E-05,5.93737E-05,-1.03506E-05,3.00713E-05
0.0022884,1.8032,0.67,5.3085,0.054134,0.011977,1.006,0.0020089,-0.00064156,0.00047166,0.0016323,-0.0003674,0.00093567,0.216384,0.0804,0.63702,8.26112E-05,0.01028546,0.00227563,0.19114,7.25213E-05,-2.31603E-05,1.70269E-05,5.8926E-05,-1.32631E-05,3.37777E-05
0.0023265,1.8114,0.67,5.3085,0.054165,0.011607,1.0089,0.0019178,-0.0006307,0.00055984,0.0016532,-0.00046032,0.001082,0.217368,0.0804,0.63702,8.39867E-05,0.01029135,0.00220533,0.191691,6.92326E-05,-2.27683E-05,2.02102E-05,5.96805E-05,-1.66176E-05,3.90602E-05
0.0024085,1.8197,0.67,5.3085,0.054311,0.011705,1.0108,0.0018527,-0.00064927,0.00067495,0.0017043,-0.00059152,0.0012601,0.218364,0.0804,0.63702,8.69469E-05,0.01031909,0.00222395,0.192052,6.68825E-05,-2.34386E-05,2.43657E-05,6.15252E-05,-2.13539E-05,4.54896E-05
0.002515,1.8279,0.67,5.3085,0.054529,0.01211,1.0116,0.0018031,-0.00070561,0.00077512,0.0017917,-0.00074918,0.0014353,0.219348,0.0804,0.63702,9.07915E-05,0.01036051,0.0023009,0.192204,6.50919E-05,-2.54725E-05,2.79818E-05,6.46804E-05,-2.70454E-05,5.18143E-05
0.00262,1.8362,0.67,5.3085,0.054768,0.012698,1.0115,0.0017563,-0.00078604,0.00083802,0.001897,-0.00088789,0.0015868,0.220344,0.0804,0.63702,0.000094582,0.01040592,0.00241262,0.192185,6.34024E-05,-2.8376E-05,3.02525E-05,6.84817E-05,-3.20528E-05,5.72835E-05
0.0026849,1.8446,0.67,5.3085,0.05504,0.013552,1.0113,0.0017075,-0.00085513,0.00086017,0.0019699,-0.00097174,0.0016924,0.221352,0.0804,0.63702,9.69249E-05,0.0104576,0.00257488,0.192147,6.16408E-05,-3.08702E-05,3.10521E-05,7.11134E-05,-3.50798E-05,6.10956E-05
0.0026859,1.8534,0.67,5.3085,0.055396,0.014467,1.0113,0.0016575,-0.00088569,0.00084375,0.0019573,-0.0010121,0.0017571,0.222408,0.0804,0.63702,9.6961E-05,0.01052524,0.00274873,0.192147,5.98358E-05,-3.19734E-05,3.04594E-05,7.06585E-05,-3.65368E-05,6.34313E-05
0.002633,1.8626,0.67,5.3085,0.055858,0.014841,1.0115,0.0016135,-0.00088398,0.00079491,0.0018626,-0.0010236,0.0017898,0.223512,0.0804,0.63702,9.50513E-05,0.01061302,0.00281979,0.192185,5.82474E-05,-3.19117E-05,2.86963E-05,6.72399E-05,-3.6952E-05,6.46118E-05
0.0026037,1.8723,0.67,5.3085,0.056354,0.014239,1.0123,0.0015848,-0.0008788,0.00074041,0.0017784,-0.0010244,0.0018443,0.224676,0.0804,0.63702,9.39936E-05,0.01070726,0.00270541,0.192337,5.72113E-05,-3.17247E-05,2.67288E-05,6.42002E-05,-3.69808E-05,6.65792E-05
0.0026304,1.8824,0.67,5.3085,0.056718,0.013533,1.0144,0.0015693,-0.00086427,0.00067356,0.0017509,-0.0010408,0.0019407,0.225888,0.0804,0.63702,9.49574E-05,0.01077642,0.00257127,0.192736,5.66517E-05,-3.12001E-05,2.43155E-05,6.32075E-05,-3.75729E-05,7.00593E-05
0.002691,1.8931,0.67,5.3085,0.05678,0.013602,1.0175,0.0015335,-0.00080912,0.00061477,0.0017491,-0.0010871,0.0020993,0.227172,0.0804,0.63702,9.71451E-05,0.0107882,0.00258438,0.193325,5.53594E-05,-2.92092E-05,2.21932E-05,6.31425E-05,-3.92443E-05,7.57847E-05
0.0027006,1.9042,0.67,5.3085,0.056535,0.013814,1.0192,0.0014604,-0.00071301,0.00053333,0.0016897,-0.0010706,0.0022511,0.228504,0.0804,0.63702,9.74917E-05,0.01074165,0.00262466,0.193648,5.27204E-05,-2.57397E-05,1.92532E-05,6.09982E-05,-3.86487E-05,8.12647E-05
0.0026647,1.9159,0.67,5.3085,0.056339,0.013207,1.0191,0.0013935,-0.00060044,0.00042438,0.0015398,-0.00095615,0.002396,0.229908,0.0804,0.63702,9.61957E-05,0.01070441,0.00250933,0.193629,5.03054E-05,-2.16759E-05,1.53201E-05,5.55868E-05,-3.4517E-05,8.64956E-05
0.0024941,1.9282,0.67,5.3085,0.05654,0.012355,1.0186,0.0013699,-0.00044139,0.00031095,0.0013049,-0.00076463,0.0023134,0.231384,0.0804,0.63702,9.0037E-05,0.0107426,0.00234745,0.193534,4.94534E-05,-1.59342E-05,1.12253E-05,4.71069E-05,-2.76031E-05,8.35137E-05
0.0022006,1.941,0.67,5.3085,0.056904,0.012224,1.0193,0.0013747,-0.00023295,0.00015709,0.0010835,-0.00050709,0.001943,0.23292,0.0804,0.63702,7.94417E-05,0.01081176,0.00232256,0.193667,4.96267E-05,-8.4095E-06,5.67095E-06,3.91144E-05,-1.83059E-05,7.01423E-05
0.0019576,1.9545,0.67,5.3085,0.056586,0.012306,1.0214,0.0013648,-4.56E-05,-2.14E-05,0.00096442,-0.00035018,0.001586,0.23454,0.0804,0.63702,7.06694E-05,0.01075134,0.00233814,0.194066,4.92693E-05,-1.64537E-06,-7.72612E-07,3.48156E-05,-1.26415E-05,5.72546E-05
0.0018479,1.9686,0.67,5.3085,0.05516,0.012601,1.022,0.0013364,7.12E-05,-0.000214,0.00092845,-0.00026073,0.0014311,0.236232,0.0804,0.63702,6.67092E-05,0.0104804,0.00239419,0.19418,4.8244E-05,2.57133E-06,-7.7254E-06,3.3517E-05,-9.41235E-06,5.16627E-05
0.0017902,1.9833,0.67,5.3085,0.05348,0.010925,1.0195,0.0013327,0.00011024,-0.00029677,0.00091341,-0.00023902,0.0013343,0.237996,0.0804,0.63702,6.46262E-05,0.0101612,0.00207575,0.193705,4.81105E-05,3.97966E-06,-1.07134E-05,3.29741E-05,-8.62862E-06,4.81682E-05
0.0017918,1.9988,0.67,5.3085,0.052355,0.0068684,1.0152,0.0013563,8.34E-05,-0.00026011,0.00084796,-0.00021471,0.0013794,0.239856,0.0804,0.63702,6.4684E-05,0.00994745,0.001304996,0.192888,4.89624E-05,3.00962E-06,-9.38997E-06,3.06114E-05,-7.75103E-06,4.97963E-05
0.0021696,2.0149,0.67,5.3085,0.051061,0.0027768,1.0123,0.0013728,2.86E-05,-8.97E-05,0.00069667,2.97E-07,0.0022697,0.241788,0.0804,0.63702,7.83226E-05,0.00970159,0.000527592,0.192337,4.95581E-05,1.0321E-06,-3.23644E-06,2.51498E-05,1.07253E-08,8.19362E-05
0.00258,2.0319,0.67,5.3085,0.049094,-0.00014519,1.0069,0.0013541,6.40E-05,0.00023294,0.00063391,0.00026052,0.003172,0.243828,0.0804,0.63702,0.000093138,0.00932786,-2.75861E-05,0.191311,4.8883E-05,2.30961E-06,8.40913E-06,2.28842E-05,9.40477E-06,0.000114509
0.0029663,2.0496,0.67,5.3085,0.046438,-0.0036601,1.0007,0.0013225,3.95E-05,0.00067551,0.00064221,0.0001596,0.0039679,0.245952,0.0804,0.63702,0.000107083,0.00882322,-0.000695419,0.190133,4.77423E-05,1.42703E-06,2.43859E-05,2.31838E-05,5.76156E-06,0.000143241
0.0038255,2.0681,0.67,5.3085,0.04321,-0.001277,0.9878,0.001391,-0.00013471,0.0011996,0.00070872,-0.00010471,0.0055512,0.248172,0.0804,0.63702,0.000138101,0.0082099,-0.00024263,0.187682,5.02151E-05,-4.86303E-06,4.33056E-05,2.55848E-05,-3.78003E-06,0.000200398
0.0050081,2.0875,0.67,5.3085,0.040323,0.0025905,0.98287,0.0016112,-0.00033544,0.0019897,0.00087947,-0.0006897,0.0075256,0.2505,0.0804,0.63702,0.000180792,0.00766137,0.000492195,0.1867453,5.81643E-05,-1.21094E-05,7.18282E-05,3.17489E-05,-2.48982E-05,0.000271674
0.0055533,2.1078,0.67,5.3085,0.038376,0.0097468,0.97765,0.0018328,-0.00024516,0.0026477,0.00096,-0.00073241,0.0083139,0.252936,0.0804,0.63702,0.000200474,0.00729144,0.001851892,0.1857535,6.61641E-05,-8.85028E-06,9.5582E-05,0.000034656,-2.644E-05,0.000300132
0.0051775,2.129,0.67,5.3085,0.03885,0.016805,0.96508,0.0019574,-0.00017026,0.002658,0.00092092,-0.00036123,0.0074767,0.25548,0.0804,0.63702,0.000186908,0.0073815,0.00319295,0.1833652,7.06621E-05,-6.14639E-06,9.59538E-05,3.32452E-05,-1.30404E-05,0.000269909
0.0043794,2.1511,0.67,5.3085,0.040674,0.01663,0.97149,0.0019825,-6.61E-05,0.0023529,0.00097061,-0.00011692,0.0058057,0.258132,0.0804,0.63702,0.000158096,0.00772806,0.0031597,0.1845831,7.15683E-05,-2.3869E-06,8.49397E-05,3.5039E-05,-4.22081E-06,0.000209586
0.0036416,2.1743,0.67,5.3085,0.039335,0.019547,0.97551,0.001861,0.00016807,0.0018431,0.0010871,0.00011112,0.004335,0.260916,0.0804,0.63702,0.000131462,0.00747365,0.00371393,0.1853469,6.71821E-05,6.06733E-06,6.65359E-05,3.92443E-05,4.01143E-06,0.000156494
0.0033489,2.1984,0.67,5.3085,0.035481,0.023672,0.96612,0.0016207,0.00039836,0.0014352,0.0011711,0.00031605,0.003906,0.263808,0.0804,0.63702,0.000120895,0.00674139,0.00449768,0.1835628,5.85073E-05,1.43808E-05,5.18107E-05,4.22767E-05,1.14094E-05,0.000141007
0.0038643,2.2237,0.67,5.3085,0.033998,0.024926,0.93949,0.0014547,0.0006623,0.0014856,0.0016775,0.0010322,0.0045963,0.266844,0.0804,0.63702,0.000139501,0.00645962,0.00473594,0.1785031,5.25147E-05,2.3909E-05,5.36302E-05,6.05578E-05,3.72624E-05,0.000165926
0.00529,2.2501,0.67,5.3085,0.033407,0.024719,0.92056,0.0014084,0.00045292,0.0016331,0.0020275,0.001011,0.0071442,0.270012,0.0804,0.63702,0.000190969,0.00634733,0.00469661,0.1749064,5.08432E-05,1.63504E-05,5.89549E-05,7.31928E-05,3.64971E-05,0.000257906
0.0049396,2.2776,0.67,5.3085,0.029015,0.028057,0.91012,0.001398,2.57E-05,0.001312,0.0018017,2.44E-05,0.0066794,0.273312,0.0804,0.63702,0.00017832,0.00551285,0.00533083,0.1729228,5.04678E-05,9.28817E-07,4.73632E-05,6.50414E-05,8.79143E-07,0.000241126
0.0051439,2.3063,0.67,5.3085,0.021542,0.036726,0.90031,0.0014667,-2.38E-06,0.0011612,0.0016169,-0.00074044,0.0072043,0.276756,0.0804,0.63702,0.000185695,0.00409298,0.00697794,0.1710589,5.29479E-05,-8.59541E-08,4.19193E-05,5.83701E-05,-2.67299E-05,0.000260075
0.0059406,2.3362,0.67,5.3085,0.013891,0.050305,0.8901,0.0016205,0.00027489,0.0014443,0.001924,-0.00064812,0.0083366,0.280344,0.0804,0.63702,0.000214456,0.00263929,0.00955795,0.169119,5.85001E-05,9.92353E-06,5.21392E-05,6.94564E-05,-2.33971E-05,0.000300951
0.0052608,2.3674,0.67,5.3085,0.0093975,0.057158,0.86637,0.0018616,0.00032502,0.0012069,0.002714,-0.00046738,0.005946,0.284088,0.0804,0.63702,0.000189915,0.001785525,0.01086002,0.1646103,6.72038E-05,1.17332E-05,4.35691E-05,9.79754E-05,-1.68724E-05,0.000214651
0.0055839,2.3999,0.67,5.3085,0.006037,0.063507,0.84108,0.0019679,0.00088722,0.0011755,0.0042914,0.00044676,0.0049086,0.287988,0.0804,0.63702,0.000201579,0.00114703,0.01206633,0.1598052,7.10412E-05,3.20286E-05,4.24356E-05,0.00015492,1.6128E-05,0.0001772
0.0056923,2.4338,0.67,5.3085,0.0010907,0.066145,0.79388,0.0014363,0.00087014,0.0015665,0.0041124,0.0013365,0.0058359,0.292056,0.0804,0.63702,0.000205492,0.000207233,0.01256755,0.1508372,5.18504E-05,3.14121E-05,5.65507E-05,0.000148458,4.82477E-05,0.000210676
0.0043753,2.4691,0.67,5.3085,-0.00088162,0.05519,0.67857,0.000505,0.0001306,0.0010006,0.0022552,0.0010188,0.0059905,0.296292,0.0804,0.63702,0.000157948,-0.000167508,0.0104861,0.1289283,1.82305E-05,4.71466E-06,3.61217E-05,8.14127E-05,3.67787E-05,0.000216257
0.0016643,2.5058,0.67,5.3085,-0.00090635,0.024263,0.29816,3.21E-05,2.25E-05,0.00017616,0.00085867,0.00040769,0.0024377,0.300696,0.0804,0.63702,6.00812E-05,-0.000172207,0.00460997,0.0566504,1.15935E-06,8.10914E-07,6.35938E-06,3.0998E-05,1.47176E-05,8.8001E-05
2.35E-07,2.544,0.67,5.3085,-0.00072533,-1.55E-13,3.12E-17,4.70E-07,1.00E-16,-1.72E-20,2.14E-26,-3.66E-30,1.03E-33,0.30528,0.0804,0.63702,8.48892E-09,-0.000137813,-2.93759E-14,5.92458E-18,1.69782E-08,3.6183E-18,-6.20306E-22,7.71132E-28,-1.32195E-31,3.71541E-35
0,2.5837,0.67,5.3085,0,0,0,0,0,0,0,0,0,0.310044,0.0804,0.63702,0,0,0,0,0,0,0,0,0,0
0,2.625,0.67,5.3085,0,0,0,0,0,0,0,0,0,0.315,0.0804,0.63702,0,0,0,0,0,0,0,0,0,0
0,-0.125,0.67,5.3329,0,0,0,0,0,0,0,0,0,-0.015,0.0804,0.639948,0,0,0,0,0,0,0,0,0,0
0,-0.083719,0.67,5.3329,0,0,0,0,0,0,0,0,0,-0.01004628,0.0804,0.639948,0,0,0,0,0,0,0,0,0,0
4.12E-07,-0.044001,0.67,5.3329,-0.00036367,-1.01E-13,-3.27E-18,8.25E-07,2.28E-16,2.45E-20,6.33E-26,6.77E-30,1.77E-33,-0.00528012,0.0804,0.639948,1.48873E-08,-6.90973E-05,-1.91672E-14,-6.20407E-19,2.97746E-08,8.24668E-18,8.83439E-22,2.28412E-27,2.44397E-31,6.38501E-35
0.00095953,-0.0058053,0.67,5.3329,-0.0020337,0.024404,0.37719,1.30E-05,-2.14E-05,-3.65E-05,0.00078202,-0.00016645,0.001124,-0.000696636,0.0804,0.639948,3.4639E-05,-0.000386403,0.00463676,0.0716661,4.68939E-07,-7.73587E-07,-1.31769E-06,2.82309E-05,-6.00885E-06,4.05764E-05
0.0025171,0.030909,0.67,5.3329,-0.0081287,0.055278,0.85419,0.00019415,-0.00012577,-0.00020895,0.0020348,-0.00042935,0.0028054,0.00370908,0.0804,0.639948,9.08673E-05,-0.001544453,0.01050282,0.1622961,7.00882E-06,-4.5403E-06,-7.5431E-06,7.34563E-05,-1.54995E-05,0.000101275
0.0028812,0.066184,0.67,5.3329,-0.017797,0.050727,0.96484,0.00051678,-0.00017258,-0.00023889,0.0017338,-0.00046473,0.0035118,0.00794208,0.0804,0.639948,0.000104011,-0.00338143,0.00963813,0.1833196,1.86558E-05,-6.23014E-06,-8.62393E-06,6.25902E-05,-1.67768E-05,0.000126776
0.0028672,0.10006,0.67,5.3329,-0.028237,0.038924,0.99722,0.00057789,-0.00025521,-0.00010741,0.0014274,-0.0004409,0.0037291,0.0120072,0.0804,0.639948,0.000103506,-0.00536503,0.00739556,0.1894718,2.08618E-05,-9.21308E-06,-3.8775E-06,5.15291E-05,-1.59165E-05,0.000134621
0.0030738,0.13258,0.67,5.3329,-0.035645,0.03035,1.0242,0.00043808,-0.0002149,2.11E-05,0.0014215,-0.00068616,0.0042881,0.0159096,0.0804,0.639948,0.000110964,-0.00677255,0.0057665,0.194598,1.58147E-05,-7.75789E-06,7.6236E-07,5.13162E-05,-2.47704E-05,0.0001548
0.0025766,0.16379,0.67,5.3329,-0.036677,0.016131,1.0402,0.00045835,-6.53E-05,-6.95E-05,0.0008997,-0.00049671,0.0037951,0.0196548,0.0804,0.639948,9.30153E-05,-0.00696863,0.00306489,0.197638,1.65464E-05,-2.35567E-06,-2.51021E-06,3.24792E-05,-1.79312E-05,0.000137003
0.0022337,0.19372,0.67,5.3329,-0.035597,0.01206,1.0441,0.0006291,3.52E-05,-0.00020228,0.00091129,-0.00028893,0.002927,0.0232464,0.0804,0.639948,8.06366E-05,-0.00676343,0.0022914,0.198379,2.27105E-05,1.26949E-06,-7.30231E-06,3.28976E-05,-1.04304E-05,0.000105665
0.003445,0.22242,0.67,5.3329,-0.035226,0.018303,1.0484,0.00089569,5.13E-05,-0.00083326,0.0011435,-0.00059643,0.0048508,0.0266904,0.0804,0.639948,0.000124365,-0.00669294,0.00347757,0.199196,3.23344E-05,1.85164E-06,-3.00807E-05,4.12804E-05,-2.15311E-05,0.000175114
0.0033655,0.24993,0.67,5.3329,-0.036937,0.023373,1.0558,0.0011805,2.10E-05,-0.0012382,0.0011783,-0.00027492,0.0043724,0.0299916,0.0804,0.639948,0.000121495,-0.00701803,0.00444087,0.200602,4.26161E-05,7.59255E-07,-4.4699E-05,4.25366E-05,-9.92461E-06,0.000157844
0.0022808,0.27629,0.67,5.3329,-0.040894,0.024906,1.0594,0.0012658,0.00013305,-0.0010426,0.0010794,-9.19E-05,0.0022164,0.0331548,0.0804,0.639948,8.23369E-05,-0.00776986,0.00473214,0.201286,4.56954E-05,4.80311E-06,-3.76379E-05,3.89663E-05,-3.31882E-06,8.0012E-05
0.0028453,0.30154,0.67,5.3329,-0.043991,0.023999,1.0562,0.001239,9.56E-05,-0.00082283,0.0014366,-0.0006076,0.003015,0.0361848,0.0804,0.639948,0.000102715,-0.00835829,0.00455981,0.200678,4.47279E-05,3.45174E-06,-2.97042E-05,5.18613E-05,-2.19344E-05,0.000108842
0.003901,0.32572,0.67,5.3329,-0.045938,0.016999,1.0606,0.0013126,7.92E-06,-0.00084033,0.0019028,-0.0012427,0.0045867,0.0390864,0.0804,0.639948,0.000140826,-0.00872822,0.00322981,0.201514,4.73849E-05,2.8606E-07,-3.03359E-05,6.86911E-05,-4.48615E-05,0.00016558
0.0035394,0.34887,0.67,5.3329,-0.0484,0.012764,1.0704,0.0014382,2.44E-05,-0.00069195,0.0016531,-0.0012504,0.0039874,0.0418644,0.0804,0.639948,0.000127772,-0.009196,0.00242516,0.203376,5.1919E-05,8.7954E-07,-2.49794E-05,5.96769E-05,-4.51394E-05,0.000143945
0.0025245,0.37102,0.67,5.3329,-0.050839,0.017552,1.0684,0.0014634,0.00018602,-0.00035525,0.0013081,-0.00064241,0.0022775,0.0445224,0.0804,0.639948,9.11345E-05,-0.00965941,0.00333488,0.202996,5.28287E-05,6.71532E-06,-1.28245E-05,4.72224E-05,-2.3191E-05,8.22178E-05
0.0022033,0.39221,0.67,5.3329,-0.053336,0.026572,1.0652,0.001378,0.00025255,-0.00033543,0.0012201,-0.00032678,0.0018085,0.0470652,0.0804,0.639948,7.95391E-05,-0.01013384,0.00504868,0.202388,4.97458E-05,9.11706E-06,-1.2109E-05,4.40456E-05,-1.17968E-05,6.52869E-05
0.0020137,0.41248,0.67,5.3329,-0.056662,0.03342,1.0615,0.0013128,0.00011217,-0.00010394,0.0011235,-0.00047215,0.0015912,0.0494976,0.0804,0.639948,7.26946E-05,-0.01076578,0.0063498,0.201685,4.73921E-05,4.04934E-06,-3.75223E-06,4.05584E-05,-1.70446E-05,5.74423E-05
0.0024259,0.43187,0.67,5.3329,-0.059547,0.035802,1.0602,0.001351,0.00013217,-0.00026963,0.0011481,-0.00075405,0.0023528,0.0518244,0.0804,0.639948,8.7575E-05,-0.01131393,0.00680238,0.201438,4.87711E-05,4.77134E-06,-9.73364E-06,4.14464E-05,-2.72212E-05,8.49361E-05
0.0029413,0.4504,0.67,5.3329,-0.061055,0.037653,1.0535,0.0015038,0.00032507,-0.00058905,0.0013066,-0.0010173,0.0030721,0.054048,0.0804,0.639948,0.000106181,-0.01160045,0.00715407,0.200165,5.42872E-05,1.1735E-05,-2.12647E-05,4.71683E-05,-3.67245E-05,0.000110903
0.0034664,0.46812,0.67,5.3329,-0.06187,0.037662,1.0511,0.0015958,0.00046354,-0.0005651,0.0015977,-0.0015194,0.0037393,0.0561744,0.0804,0.639948,0.000125137,-0.0117553,0.00715578,0.199709,5.76084E-05,1.67338E-05,-2.04001E-05,5.7677E-05,-5.48503E-05,0.000134989
0.0036364,0.48504,0.67,5.3329,-0.063111,0.037839,1.0536,0.0015084,0.00037193,-0.00029838,0.0017874,-0.0016833,0.0039769,0.0582048,0.0804,0.639948,0.000131274,-0.01199109,0.00718941,0.200184,5.44532E-05,1.34267E-05,-1.07715E-05,6.45251E-05,-6.07671E-05,0.000143566
0.0031084,0.50122,0.67,5.3329,-0.065229,0.037607,1.0569,0.001351,0.0001834,-3.85E-05,0.0019085,-0.0013777,0.0029573,0.0601464,0.0804,0.639948,0.000112213,-0.01239351,0.00714533,0.200811,4.87711E-05,6.62074E-06,-1.38859E-06,6.88969E-05,-4.9735E-05,0.000106759
0.0025517,0.51667,0.67,5.3329,-0.06763,0.035036,1.0573,0.0012179,4.29E-05,6.50E-05,0.0017939,-0.001053,0.0020915,0.0620004,0.0804,0.639948,9.21164E-05,-0.0128497,0.00665684,0.200887,4.39662E-05,1.54898E-06,2.34574E-06,6.47598E-05,-3.80133E-05,7.55032E-05
0.0022587,0.53142,0.67,5.3329,-0.069289,0.032063,1.0585,0.0011182,-5.52E-05,3.79E-05,0.0015517,-0.00090779,0.0018474,0.0637704,0.0804,0.639948,8.15391E-05,-0.01316491,0.00609197,0.201115,4.0367E-05,-1.99146E-06,1.36696E-06,5.60164E-05,-3.27712E-05,6.66911E-05
0.0021206,0.54551,0.67,5.3329,-0.070385,0.029683,1.0622,0.0010314,-6.82E-05,-8.90E-05,0.0014002,-0.00068381,0.0018096,0.0654612,0.0804,0.639948,7.65537E-05,-0.01337315,0.00563977,0.201818,3.72335E-05,-2.4609E-06,-3.21258E-06,5.05472E-05,-2.46855E-05,6.53266E-05
0.0019812,0.55896,0.67,5.3329,-0.071843,0.026586,1.0629,0.00097138,-4.14E-05,-0.00025953,0.0012959,-0.00025958,0.0016951,0.0670752,0.0804,0.639948,7.15213E-05,-0.01365017,0.00505134,0.201951,3.50668E-05,-1.49537E-06,-9.36903E-06,4.6782E-05,-9.37084E-06,6.11931E-05
0.0020483,0.5718,0.67,5.3329,-0.07357,0.022365,1.0634,0.00098583,-3.59E-07,-0.00044737,0.0013831,-6.02E-05,0.0017278,0.068616,0.0804,0.639948,7.39436E-05,-0.0139783,0.00424935,0.202046,3.55885E-05,-1.29729E-08,-1.61501E-05,4.99299E-05,-2.17225E-06,6.23736E-05
0.0021882,0.58405,0.67,5.3329,-0.074869,0.019342,1.066,0.0010845,0.00012002,-0.00064781,0.001575,-0.00012226,0.0017169,0.070086,0.0804,0.639948,7.8994E-05,-0.01422511,0.00367498,0.20254,3.91505E-05,4.33272E-06,-2.33859E-05,5.68575E-05,-4.41359E-06,6.19801E-05
0.0023288,0.59575,0.67,5.3329,-0.07557,0.017849,1.0673,0.0012272,0.00028271,-0.0008445,0.00169,-0.00021271,0.0017403,0.07149,0.0804,0.639948,8.40697E-05,-0.0143583,0.00339131,0.202787,4.43019E-05,1.02058E-05,-3.04865E-05,0.000061009,-7.67883E-06,6.28248E-05
0.0025343,0.6069,0.67,5.3329,-0.076144,0.016296,1.068,0.0013691,0.00038416,-0.0010096,0.0017904,-0.00021078,0.0019091,0.072828,0.0804,0.639948,9.14882E-05,-0.01446736,0.00309624,0.20292,4.94245E-05,1.38682E-05,-3.64466E-05,6.46334E-05,-7.60916E-06,6.89185E-05
0.002689,0.61755,0.67,5.3329,-0.07695,0.013352,1.0689,0.0014786,0.00042616,-0.0010874,0.0018184,-0.00014296,0.0020809,0.074106,0.0804,0.639948,9.70729E-05,-0.0146205,0.00253688,0.203091,5.33775E-05,1.53844E-05,-3.92551E-05,6.56442E-05,-5.16086E-06,7.51205E-05
0.0027062,0.6277,0.67,5.3329,-0.077961,0.0090484,1.0691,0.0015325,0.00042726,-0.00106,0.0017458,-5.35E-05,0.0021342,0.075324,0.0804,0.639948,9.76938E-05,-0.01481259,0.001719196,0.203129,5.53233E-05,1.54241E-05,-0.000038266,6.30234E-05,-1.93167E-06,7.70446E-05
0.0025676,0.63738,0.67,5.3329,-0.079149,0.0044298,1.0715,0.0015172,0.00040459,-0.00095829,0.0016372,-3.21E-05,0.0019808,0.0764856,0.0804,0.639948,9.26904E-05,-0.01503831,0.000841662,0.203585,5.47709E-05,1.46057E-05,-3.45943E-05,5.91029E-05,-1.15798E-06,7.15069E-05
0.0023748,0.64661,0.67,5.3329,-0.080532,0.0003414,1.0763,0.0014361,0.00036416,-0.00082921,0.0015004,-0.00011405,0.001813,0.0775932,0.0804,0.639948,8.57303E-05,-0.01530108,0.000064866,0.204497,5.18432E-05,1.31462E-05,-2.99345E-05,5.41644E-05,-4.11721E-06,6.54493E-05
0.0021913,0.65542,0.67,5.3329,-0.082108,-0.0028975,1.0819,0.0013086,0.00031075,-0.00069954,0.0013628,-0.00022145,0.0017113,0.0786504,0.0804,0.639948,7.91059E-05,-0.01560052,-0.000550525,0.205561,4.72405E-05,1.12181E-05,-2.52534E-05,4.91971E-05,-7.99435E-06,6.17779E-05
0.0020237,0.66381,0.67,5.3329,-0.083915,-0.0053605,1.0879,0.0011545,0.00025944,-0.00057778,0.0012487,-0.00033966,0.0016441,0.0796572,0.0804,0.639948,7.30556E-05,-0.01594385,-0.001018495,0.206701,4.16775E-05,9.36578E-06,-2.08579E-05,4.50781E-05,-1.22617E-05,5.9352E-05
0.0018186,0.67207,0.67,5.3329,-0.085939,-0.0070714,1.0934,0.00099236,0.00020921,-0.00044273,0.0011519,-0.00045552,0.001493,0.0806484,0.0804,0.639948,6.56515E-05,-0.01632841,-0.001343566,0.207746,3.58242E-05,7.55248E-06,-1.59826E-05,4.15836E-05,-1.64443E-05,5.38973E-05
0.0015889,0.68032,0.67,5.3329,-0.08806,-0.0081699,1.0978,0.0008408,0.0001533,-0.00030006,0.0010673,-0.00053063,0.0012696,0.0816384,0.0804,0.639948,5.73593E-05,-0.0167314,-0.001552281,0.208582,3.03529E-05,5.53413E-06,-1.08322E-05,3.85295E-05,-1.91557E-05,4.58326E-05
0.0013993,0.68858,0.67,5.3329,-0.090118,-0.0089818,1.1004,0.00071597,9.55E-05,-0.000162,0.00099635,-0.00057182,0.0010863,0.0826296,0.0804,0.639948,5.05147E-05,-0.01712242,-0.001706542,0.209076,2.58465E-05,3.44593E-06,-5.8482E-06,3.59682E-05,-2.06427E-05,3.92154E-05
0.0013034,0.69683,0.67,5.3329,-0.092044,-0.0098731,1.1026,0.0006352,4.18E-05,-7.02E-05,0.00092109,-0.00060254,0.0010505,0.0836196,0.0804,0.639948,4.70527E-05,-0.01748836,-0.001875889,0.209494,2.29307E-05,1.51046E-06,-2.53429E-06,3.32513E-05,-2.17517E-05,3.79231E-05
0.0012995,0.70509,0.67,5.3329,-0.09385,-0.010888,1.1049,0.00060279,-1.07E-05,-2.22E-05,0.00083435,-0.00063415,0.0011619,0.0846108,0.0804,0.639948,4.6912E-05,-0.0178315,-0.00206872,0.209931,2.17607E-05,-3.87064E-07,-7.99723E-07,3.012E-05,-2.28928E-05,4.19446E-05
0.0013255,0.71335,0.67,5.3329,-0.095452,-0.012074,1.1065,0.00060579,-6.62E-05,1.36E-05,0.00075309,-0.00064423,0.0012922,0.085602,0.0804,0.639948,4.78506E-05,-0.01813588,-0.00229406,0.210235,2.1869E-05,-2.39E-06,4.90058E-07,2.71865E-05,-2.32567E-05,4.66484E-05
0.0013387,0.7216,0.67,5.3329,-0.096704,-0.013549,1.1066,0.00063165,-0.00011741,4.19E-05,0.00070467,-0.00063347,0.001341,0.086592,0.0804,0.639948,4.83271E-05,-0.01837376,-0.00257431,0.210254,2.28026E-05,-4.2385E-06,1.51356E-06,2.54386E-05,-2.28683E-05,4.84101E-05
0.0013508,0.72986,0.67,5.3329,-0.09761,-0.015043,1.1057,0.00066984,-0.00015698,5.47E-05,0.00070154,-0.00061921,0.0013301,0.0875832,0.0804,0.639948,4.87639E-05,-0.0185459,-0.00285817,0.210083,2.41812E-05,-5.66698E-06,1.97496E-06,2.53256E-05,-2.23535E-05,4.80166E-05
0.0013746,0.73811,0.67,5.3329,-0.098262,-0.016046,1.1036,0.00070813,-0.00018337,5.04E-05,0.00074598,-0.00061202,0.0012952,0.0885732,0.0804,0.639948,4.96231E-05,-0.01866978,-0.00304874,0.209684,2.55635E-05,-6.61966E-06,1.81991E-06,2.69299E-05,-2.20939E-05,4.67567E-05
0.0014146,0.74637,0.67,5.3329,-0.098566,-0.016316,1.1001,0.00073891,-0.00019059,2.73E-05,0.00083879,-0.0006159,0.0012514,0.0895644,0.0804,0.639948,5.10671E-05,-0.01872754,-0.00310004,0.209019,2.66747E-05,-6.8803E-06,9.84375E-07,3.02803E-05,-2.2234E-05,4.51755E-05
0.0014859,0.75463,0.67,5.3329,-0.098459,-0.015813,1.0953,0.00076323,-0.00017825,-7.25E-06,0.00097021,-0.00063052,0.0012384,0.0905556,0.0804,0.639948,5.3641E-05,-0.01870721,-0.00300447,0.208107,2.75526E-05,-6.43483E-06,-2.61563E-07,3.50246E-05,-2.27618E-05,4.47062E-05
0.0015887,0.76288,0.67,5.3329,-0.09821,-0.014705,1.0898,0.00078332,-0.00015183,-3.57E-05,0.0011242,-0.00065476,0.0012698,0.0915456,0.0804,0.639948,5.73521E-05,-0.0186599,-0.00279395,0.207062,2.82779E-05,-5.48106E-06,-1.28877E-06,4.05836E-05,-2.36368E-05,4.58398E-05
0.0017183,0.77114,0.67,5.3329,-0.098025,-0.013242,1.0844,0.0008054,-0.00011724,-5.89E-05,0.0012844,-0.00069891,0.0013468,0.0925368,0.0804,0.639948,6.20306E-05,-0.01862475,-0.00251598,0.206036,2.90749E-05,-4.23236E-06,-2.12459E-06,4.63668E-05,-2.52307E-05,4.86195E-05
0.0018549,0.7794,0.67,5.3329,-0.097843,-0.011412,1.0796,0.00083943,-8.25E-05,-9.40E-05,0.001434,-0.00077148,0.0014362,0.093528,0.0804,0.639948,6.69619E-05,-0.01859017,-0.00216828,0.205124,3.03034E-05,-2.97915E-06,-3.39221E-06,5.17674E-05,-2.78504E-05,5.18468E-05
0.0019801,0.78765,0.67,5.3329,-0.097672,-0.0090135,1.0754,0.00087833,-5.40E-05,-0.00013388,0.0015708,-0.0008656,0.0015112,0.094518,0.0804,0.639948,7.14816E-05,-0.01855768,-0.001712565,0.204326,3.17077E-05,-1.9511E-06,-4.83307E-06,5.67059E-05,-3.12482E-05,5.45543E-05
0.0021178,0.79591,0.67,5.3329,-0.097463,-0.0059777,1.0713,0.00090683,-3.63E-05,-0.00015033,0.001705,-0.00096106,0.0016238,0.0955092,0.0804,0.639948,7.64526E-05,-0.01851797,-0.001135763,0.203547,3.27366E-05,-1.30946E-06,-5.42691E-06,6.15505E-05,-3.46943E-05,5.86192E-05
0.002278,0.80416,0.67,5.3329,-0.097035,-0.0025635,1.0669,0.00092842,-3.49E-05,-0.00013551,0.0018396,-0.0010412,0.001788,0.0964992,0.0804,0.639948,8.22358E-05,-0.01843665,-0.000487065,0.202711,3.3516E-05,-1.26094E-06,-4.89191E-06,6.64096E-05,-3.75873E-05,6.45468E-05
0.0024369,0.81242,0.67,5.3329,-0.096545,0.00078087,1.0624,0.0009503,-5.77E-05,-8.62E-05,0.0019582,-0.0010931,0.0019653,0.0974904,0.0804,0.639948,8.79721E-05,-0.01834355,0.000148365,0.201856,3.43058E-05,-2.08394E-06,-3.11171E-06,7.0691E-05,-3.94609E-05,7.09473E-05
0.0025915,0.82068,0.67,5.3329,-0.096284,0.0037073,1.0581,0.00096798,-0.00011525,9.89E-06,0.0020427,-0.0011174,0.0021723,0.0984816,0.0804,0.639948,9.35532E-05,-0.01829396,0.000704387,0.201039,3.49441E-05,-4.16053E-06,3.57025E-07,7.37415E-05,-4.03381E-05,7.842E-05
0.0027725,0.82893,0.67,5.3329,-0.096263,0.0062697,1.0537,0.00097467,-0.00021915,0.00016292,0.0021212,-0.0011478,0.0024491,0.0994716,0.0804,0.639948,0.000100087,-0.01828997,0.001191243,0.200203,3.51856E-05,-7.91132E-06,5.88141E-06,7.65753E-05,-4.14356E-05,8.84125E-05
0.0029781,0.83719,0.67,5.3329,-0.096488,0.0087907,1.0491,0.00097558,-0.00037103,0.0003421,0.0022598,-0.0012135,0.0027208,0.1004628,0.0804,0.639948,0.000107509,-0.01833272,0.001670233,0.199329,3.52184E-05,-1.33942E-05,1.23498E-05,8.15788E-05,-4.38074E-05,9.82209E-05
0.0031342,0.84544,0.67,5.3329,-0.097037,0.011319,1.045,0.00097969,-0.00054576,0.00049091,0.0024684,-0.0012799,0.0028203,0.1014528,0.0804,0.639948,0.000113145,-0.01843703,0.00215061,0.19855,3.53668E-05,-1.97019E-05,1.77219E-05,8.91092E-05,-4.62044E-05,0.000101813
0.0031858,0.8537,0.67,5.3329,-0.09787,0.013464,1.0415,0.00099448,-0.00068991,0.00057553,0.002645,-0.0013046,0.0027322,0.102444,0.0804,0.639948,0.000115007,-0.0185953,0.00255816,0.197885,3.59007E-05,-2.49058E-05,2.07766E-05,9.54845E-05,-4.70961E-05,9.86324E-05
0.0031218,0.86196,0.67,5.3329,-0.098812,0.014921,1.0376,0.0010358,-0.00076401,0.00060394,0.0026599,-0.0012748,0.0025478,0.1034352,0.0804,0.639948,0.000112697,-0.01877428,0.00283499,0.197144,3.73924E-05,-2.75808E-05,2.18022E-05,9.60224E-05,-4.60203E-05,9.19756E-05
0.002965,0.87021,0.67,5.3329,-0.099632,0.015844,1.0323,0.0011078,-0.00077737,0.0006166,0.0025051,-0.0011996,0.002317,0.1044252,0.0804,0.639948,0.000107037,-0.01893008,0.00301036,0.196137,3.99916E-05,-2.80631E-05,2.22593E-05,9.04341E-05,-4.33056E-05,8.36437E-05
0.0027999,0.87847,0.67,5.3329,-0.10019,0.016441,1.0259,0.0011913,-0.00075993,0.00066076,0.0022854,-0.0011332,0.0021231,0.1054164,0.0804,0.639948,0.000101076,-0.0190361,0.00312379,0.194921,4.30059E-05,-2.74335E-05,2.38534E-05,8.25029E-05,-4.09085E-05,7.66439E-05
0.0026731,0.88672,0.67,5.3329,-0.1004,0.0166,1.0197,0.0012802,-0.00072308,0.0007254,0.0020743,-0.001087,0.0019918,0.1064064,0.0804,0.639948,9.64989E-05,-0.019076,0.003154,0.193743,4.62152E-05,-2.61032E-05,2.61869E-05,7.48822E-05,-3.92407E-05,7.1904E-05
0.0025515,0.89498,0.67,5.3329,-0.10038,0.01617,1.0155,0.0013843,-0.00066158,0.00077096,0.0018834,-0.0010239,0.0018354,0.1073976,0.0804,0.639948,9.21092E-05,-0.0190722,0.0030723,0.192945,4.99732E-05,-2.3883E-05,2.78317E-05,6.79907E-05,-3.69628E-05,6.62579E-05
0.0024421,0.90324,0.67,5.3329,-0.10028,0.015419,1.0128,0.0015013,-0.00057854,0.00077278,0.0017229,-0.00095279,0.00166,0.1083888,0.0804,0.639948,8.81598E-05,-0.0190532,0.00292961,0.192432,5.41969E-05,-2.08853E-05,2.78974E-05,6.21967E-05,-3.43957E-05,0.000059926
0.0023557,0.91149,0.67,5.3329,-0.099826,0.014842,1.0103,0.0016091,-0.00049398,0.00073825,0.0015972,-0.00089225,0.001505,0.1093788,0.0804,0.639948,8.50408E-05,-0.01896694,0.00281998,0.191957,5.80885E-05,-1.78327E-05,2.66508E-05,5.76589E-05,-3.22102E-05,5.43305E-05
0.0022839,0.91975,0.67,5.3329,-0.09891,0.01447,1.0072,0.0016885,-0.00043582,0.00067168,0.0014859,-0.00084633,0.0013934,0.11037,0.0804,0.639948,8.24488E-05,-0.0187929,0.0027493,0.191368,6.09549E-05,-1.57331E-05,2.42476E-05,5.3641E-05,-3.05525E-05,5.03017E-05
0.00223,0.92801,0.67,5.3329,-0.09775,0.013841,1.0036,0.0017504,-0.00042209,0.00059377,0.0013735,-0.00082989,0.001336,0.1113612,0.0804,0.639948,0.000080503,-0.0185725,0.00262979,0.190684,6.31894E-05,-1.52374E-05,2.14351E-05,4.95834E-05,-2.9959E-05,4.82296E-05
0.0022229,0.93626,0.67,5.3329,-0.096538,0.012483,1.0001,0.0018232,-0.00044345,0.00052281,0.0012733,-0.00085389,0.0013492,0.1123512,0.0804,0.639948,8.02467E-05,-0.01834222,0.00237177,0.190019,6.58175E-05,-1.60085E-05,1.88734E-05,4.59661E-05,-3.08254E-05,4.87061E-05
0.0022636,0.94452,0.67,5.3329,-0.095369,0.010343,0.9967,0.001914,-0.00046997,0.00049449,0.0012152,-0.00090982,0.001398,0.1133424,0.0804,0.639948,8.1716E-05,-0.01812011,0.00196517,0.189373,6.90954E-05,-1.69659E-05,1.78511E-05,4.38687E-05,-3.28445E-05,5.04678E-05
0.0023784,0.95277,0.67,5.3329,-0.094158,0.0079498,0.99247,0.0020056,-0.00048168,0.00052428,0.0012137,-0.00099089,0.0015375,0.1143324,0.0804,0.639948,8.58602E-05,-0.01789002,0.001510462,0.1885693,7.24022E-05,-1.73886E-05,1.89265E-05,4.38146E-05,-3.57711E-05,5.55038E-05
0.0025558,0.96103,0.67,5.3329,-0.092858,0.0060367,0.98682,0.0020976,-0.00047831,0.00059454,0.0012481,-0.001068,0.0017658,0.1153236,0.0804,0.639948,9.22644E-05,-0.01764302,0.001146973,0.1874958,7.57234E-05,-1.7267E-05,2.14629E-05,4.50564E-05,-3.85548E-05,6.37454E-05
0.0027214,0.96929,0.67,5.3329,-0.091641,0.0050022,0.97966,0.0022036,-0.0004605,0.00068012,0.0012692,-0.0010825,0.00197,0.1163148,0.0804,0.639948,9.82425E-05,-0.01741179,0.000950418,0.1861354,7.955E-05,-1.66241E-05,2.45523E-05,4.58181E-05,-3.90783E-05,0.000071117
0.0028011,0.97754,0.67,5.3329,-0.090415,0.0049242,0.97126,0.0023315,-0.00042222,0.00076866,0.0012377,-0.0010155,0.0020331,0.1173048,0.0804,0.639948,0.00010112,-0.01717885,0.000935598,0.1845394,8.41672E-05,-1.52421E-05,2.77486E-05,4.4681E-05,-3.66596E-05,7.33949E-05
0.0027581,0.9858,0.67,5.3329,-0.089225,0.0056806,0.96234,0.0024731,-0.00036255,0.00082574,0.0011659,-0.00087493,0.0018772,0.118296,0.0804,0.639948,9.95674E-05,-0.01695275,0.001079314,0.1828446,8.92789E-05,-1.30881E-05,2.98092E-05,4.2089E-05,-3.1585E-05,6.77669E-05
0.0026821,0.99405,0.67,5.3329,-0.088423,0.0067226,0.95358,0.0026169,-0.00028493,0.00081631,0.0011007,-0.00070038,0.0016466,0.119286,0.0804,0.639948,9.68238E-05,-0.01680037,0.001277294,0.1811802,9.44701E-05,-1.0286E-05,2.94688E-05,3.97353E-05,-2.52837E-05,5.94423E-05
0.0026427,1.0023,0.67,5.3329,-0.08767,0.0076526,0.94532,0.0027581,-0.00019146,0.00076252,0.0010797,-0.00055481,0.0014478,0.120276,0.0804,0.639948,9.54015E-05,-0.0166573,0.001453994,0.1796108,9.95674E-05,-6.91171E-06,2.7527E-05,3.89772E-05,-2.00286E-05,5.22656E-05
0.0026591,1.0106,0.67,5.3329,-0.086506,0.0086684,0.93808,0.0028937,-8.75E-05,0.00068743,0.0011282,-0.00047167,0.0012964,0.121272,0.0804,0.639948,9.59935E-05,-0.01643614,0.001646996,0.1782352,0.000104463,-3.16048E-06,2.48162E-05,4.0728E-05,-1.70273E-05,4.68E-05
0.0027097,1.0188,0.67,5.3329,-0.084925,0.010024,0.93248,0.0030202,2.81E-05,0.00062299,0.0012375,-0.00045585,0.0011618,0.122256,0.0804,0.639948,9.78202E-05,-0.01613575,0.00190456,0.1771712,0.000109029,1.01596E-06,2.24899E-05,4.46738E-05,-1.64562E-05,4.1941E-05
0.0027935,1.0271,0.67,5.3329,-0.08299,0.011571,0.92836,0.0031275,0.00016221,0.00056227,0.0013653,-0.00045973,0.0010942,0.123252,0.0804,0.639948,0.000100845,-0.0157681,0.00219849,0.1763884,0.000112903,5.85578E-06,2.02979E-05,4.92873E-05,-1.65963E-05,3.95006E-05
0.0029228,1.0353,0.67,5.3329,-0.080876,0.012892,0.92512,0.0032179,0.00029976,0.00052187,0.0014747,-0.00045034,0.001153,0.124236,0.0804,0.639948,0.000105513,-0.01536644,0.00244948,0.1757728,0.000116166,1.08213E-05,1.88395E-05,5.32367E-05,-1.62573E-05,4.16233E-05
0.0030417,1.0436,0.67,5.3329,-0.078781,0.013709,0.92217,0.0032873,0.0004069,0.00046769,0.0015359,-0.00044392,0.0012601,0.125232,0.0804,0.639948,0.000109805,-0.01496839,0.00260471,0.1752123,0.000118672,1.46891E-05,1.68836E-05,5.5446E-05,-1.60255E-05,4.54896E-05
0.0031366,1.0518,0.67,5.3329,-0.076838,0.014021,0.9191,0.0033294,0.0004563,0.00037457,0.0015243,-0.00045848,0.0014195,0.126216,0.0804,0.639948,0.000113231,-0.01459922,0.00266399,0.174629,0.000120191,1.64724E-05,1.3522E-05,5.50272E-05,-1.65511E-05,5.1244E-05
0.0031855,1.0601,0.67,5.3329,-0.075182,0.013961,0.91588,0.0033368,0.00043194,0.00026977,0.0014366,-0.00050103,0.0015977,0.127212,0.0804,0.639948,0.000114997,-0.01428458,0.00265259,0.1740172,0.000120458,1.5593E-05,9.7387E-06,5.18613E-05,-1.80872E-05,5.7677E-05
0.003188,1.0684,0.67,5.3329,-0.073851,0.013634,0.91238,0.0032919,0.00034129,0.00016654,0.0013088,-0.00055727,0.0017754,0.128208,0.0804,0.639948,0.000115087,-0.01403169,0.00259046,0.1733522,0.000118838,1.23206E-05,6.01209E-06,4.72477E-05,-2.01174E-05,6.40919E-05
0.0031958,1.0766,0.67,5.3329,-0.072773,0.013194,0.90866,0.003204,0.00021779,0.00010648,0.0011963,-0.00064622,0.0019913,0.129192,0.0804,0.639948,0.000115368,-0.01382687,0.00250686,0.1726454,0.000115664,7.86222E-06,3.84393E-06,4.31864E-05,-2.33285E-05,7.18859E-05
0.003207,1.0849,0.67,5.3329,-0.071936,0.012866,0.90493,0.0030716,9.83E-05,6.45E-05,0.0011337,-0.00077573,0.0022087,0.130188,0.0804,0.639948,0.000115773,-0.01366784,0.00244454,0.1719367,0.000110885,3.5469E-06,2.32964E-06,4.09266E-05,-2.80039E-05,7.97341E-05
0.0032739,1.0931,0.67,5.3329,-0.071286,0.012877,0.9012,0.0029078,2.57E-06,3.98E-05,0.0011196,-0.00094094,0.0025203,0.131172,0.0804,0.639948,0.000118188,-0.01354434,0.00244663,0.171228,0.000104972,9.27084E-08,1.43559E-06,4.04176E-05,-3.39679E-05,9.09828E-05
0.0034028,1.1014,0.67,5.3329,-0.070658,0.013253,0.89712,0.0027434,-6.52E-05,3.76E-05,0.0011303,-0.0011196,0.002932,0.132168,0.0804,0.639948,0.000122841,-0.01342502,0.00251807,0.1704528,9.90367E-05,-2.35419E-06,1.35617E-06,4.08038E-05,-4.04176E-05,0.000105845
0.0035382,1.1096,0.67,5.3329,-0.069851,0.013789,0.89248,0.0025868,-0.0001064,1.45E-05,0.0011383,-0.0012677,0.0033513,0.133152,0.0804,0.639948,0.000127729,-0.01327169,0.00261991,0.1695712,9.33835E-05,-3.84104E-06,5.24028E-07,4.10926E-05,-4.5764E-05,0.000120982
0.0036408,1.1179,0.67,5.3329,-0.068678,0.014304,0.88763,0.0024549,-0.00012988,-7.50E-06,0.0011339,-0.0013751,0.0036929,0.134148,0.0804,0.639948,0.000131433,-0.01304882,0.00271776,0.1686497,8.86219E-05,-4.68867E-06,-2.70631E-07,4.09338E-05,-4.96411E-05,0.000133314
0.003705,1.1262,0.67,5.3329,-0.067207,0.014995,0.88281,0.0023506,-0.00014472,-4.18E-05,0.0011242,-0.0014472,0.0039351,0.135144,0.0804,0.639948,0.000133751,-0.01276933,0.00284905,0.1677339,8.48567E-05,-5.22439E-06,-1.50909E-06,4.05836E-05,-5.22439E-05,0.000142057
0.003785,1.1344,0.67,5.3329,-0.065535,0.016163,0.878,0.0022695,-0.00015035,-5.49E-05,0.0011253,-0.0015014,0.0041752,0.136128,0.0804,0.639948,0.000136639,-0.01245165,0.00307097,0.16682,8.1929E-05,-5.42764E-06,-1.982E-06,4.06233E-05,-5.42005E-05,0.000150725
0.003861,1.1427,0.67,5.3329,-0.063632,0.017955,0.87372,0.002175,-0.00014217,-4.83E-05,0.0011659,-0.001534,0.0043812,0.137124,0.0804,0.639948,0.000139382,-0.01209008,0.00341145,0.1660068,7.85175E-05,-5.13234E-06,-1.74482E-06,4.2089E-05,-5.53774E-05,0.000158161
0.0039152,1.1509,0.67,5.3329,-0.06144,0.020166,0.87051,0.0020417,-0.0001273,-4.18E-05,0.0012724,-0.0015754,0.0045164,0.138108,0.0804,0.639948,0.000141339,-0.0116736,0.00383154,0.1653969,7.37054E-05,-4.59553E-06,-1.50985E-06,4.59336E-05,-5.68719E-05,0.000163042
0.0039634,1.1592,0.67,5.3329,-0.058925,0.022061,0.86818,0.0019191,-0.00011964,-7.44E-06,0.0014507,-0.0016808,0.004557,0.139104,0.0804,0.639948,0.000143079,-0.01119575,0.00419159,0.1649542,6.92795E-05,-4.319E-06,-2.68414E-07,5.23703E-05,-6.06769E-05,0.000164508
0.0039798,1.1674,0.67,5.3329,-0.056224,0.022899,0.86624,0.0018432,-0.00011027,3.99E-05,0.0016643,-0.0018176,0.004452,0.140088,0.0804,0.639948,0.000143671,-0.01068256,0.00435081,0.1645856,6.65395E-05,-3.98075E-06,1.4414E-06,6.00812E-05,-6.56154E-05,0.000160717
0.0039499,1.1757,0.67,5.3329,-0.053509,0.022732,0.86468,0.001802,-8.17E-05,7.04E-05,0.0018468,-0.0019365,0.004251,0.141084,0.0804,0.639948,0.000142591,-0.01016671,0.00431908,0.1642892,6.50522E-05,-2.95049E-06,2.54317E-06,6.66695E-05,-6.99077E-05,0.000153461
0.003888,1.1839,0.67,5.3329,-0.050984,0.02224,0.8641,0.0017664,-3.88E-05,5.86E-05,0.0019445,-0.0020356,0.0040651,0.142068,0.0804,0.639948,0.000140357,-0.00968696,0.0042256,0.164179,6.3767E-05,-1.40014E-06,2.11539E-06,7.01965E-05,-7.34852E-05,0.00014675
0.0038127,1.1922,0.67,5.3329,-0.048731,0.021879,0.86457,0.001729,2.77E-06,-1.50E-05,0.0019267,-0.0020941,0.0039697,0.143064,0.0804,0.639948,0.000137638,-0.00925889,0.00415701,0.1642683,6.24169E-05,1.00069E-07,-5.39803E-07,6.95539E-05,-7.5597E-05,0.000143306
0.0037385,1.2005,0.67,5.3329,-0.046624,0.021691,0.86554,0.0017052,2.06E-05,-0.000103,0.0017868,-0.0020838,0.003985,0.14406,0.0804,0.639948,0.00013496,-0.00885856,0.00412129,0.1644526,6.15577E-05,7.43407E-07,-3.7183E-06,6.45035E-05,-7.52252E-05,0.000143859
0.0036389,1.2087,0.67,5.3329,-0.044488,0.021624,0.86663,0.0016824,5.68E-06,-0.0001718,0.001555,-0.0020024,0.0040403,0.145044,0.0804,0.639948,0.000131364,-0.00845272,0.00410856,0.1646597,6.07346E-05,2.05156E-07,-6.20198E-06,5.61355E-05,-7.22866E-05,0.000145855
0.0034964,1.217,0.67,5.3329,-0.042221,0.021555,0.86779,0.0016287,-2.44E-05,-0.00020689,0.0013201,-0.0018663,0.004044,0.14604,0.0804,0.639948,0.00012622,-0.00802199,0.00409545,0.1648801,5.87961E-05,-8.82176E-07,-7.46873E-06,4.76556E-05,-6.73734E-05,0.000145988
0.0033263,1.2252,0.67,5.3329,-0.039842,0.021319,0.8696,0.0015497,-5.02E-05,-0.00014547,0.0011716,-0.0017186,0.0039314,0.147024,0.0804,0.639948,0.000120079,-0.00756998,0.00405061,0.165224,5.59442E-05,-1.81049E-06,-5.25147E-06,4.22948E-05,-6.20415E-05,0.000141924
0.0031095,1.2335,0.67,5.3329,-0.037453,0.020961,0.87273,0.0014671,-5.75E-05,-1.45E-05,0.0011329,-0.0015877,0.003619,0.14802,0.0804,0.639948,0.000112253,-0.00711607,0.00398259,0.1658187,5.29623E-05,-2.07395E-06,-5.25038E-07,4.08977E-05,-5.7316E-05,0.000130646
0.0028453,1.2417,0.67,5.3329,-0.03515,0.020572,0.87697,0.0013884,-4.23E-05,9.20E-05,0.0011649,-0.0014535,0.0031373,0.149004,0.0804,0.639948,0.000102715,-0.0066785,0.00390868,0.1666243,5.01212E-05,-1.52624E-06,3.32293E-06,4.20529E-05,-5.24714E-05,0.000113257
0.0025803,1.25,0.67,5.3329,-0.032814,0.019987,0.88149,0.0013279,-1.62E-05,0.00014614,0.0012062,-0.001276,0.0026264,0.15,0.0804,0.639948,9.31488E-05,-0.00623466,0.00379753,0.1674831,4.79372E-05,-5.83629E-07,5.27565E-06,4.35438E-05,-4.60636E-05,9.4813E-05
0.0023541,1.2583,0.67,5.3329,-0.030241,0.018799,0.88588,0.0012937,1.76E-06,0.00017621,0.0012264,-0.0010423,0.0021881,0.150996,0.0804,0.639948,8.4983E-05,-0.00574579,0.00357181,0.1683172,4.67026E-05,6.35577E-08,6.36118E-06,4.4273E-05,-3.7627E-05,7.89904E-05
0.0021904,1.2665,0.67,5.3329,-0.027391,0.0168,0.88995,0.0012794,-5.49E-06,0.0001695,0.0012404,-0.00079862,0.0018609,0.15198,0.0804,0.639948,7.90734E-05,-0.00520429,0.003192,0.1690905,4.61863E-05,-1.98055E-07,6.11895E-06,4.47784E-05,-2.88302E-05,6.71785E-05
0.0020977,1.2748,0.67,5.3329,-0.024428,0.014092,0.89318,0.0012765,-3.31E-05,0.00014303,0.0012631,-0.0006053,0.0016559,0.152976,0.0804,0.639948,7.5727E-05,-0.00464132,0.00267748,0.1697042,4.60817E-05,-1.19466E-06,5.16338E-06,4.55979E-05,-2.18513E-05,5.9778E-05
0.0020494,1.283,0.67,5.3329,-0.021581,0.011206,0.89523,0.0012714,-5.92E-05,0.00013522,0.0012878,-0.00047553,0.0015396,0.15396,0.0804,0.639948,7.39833E-05,-0.00410039,0.00212914,0.1700937,4.58975E-05,-2.13788E-06,4.88144E-06,4.64896E-05,-1.71666E-05,5.55796E-05
0.0020615,1.2913,0.67,5.3329,-0.019065,0.0089855,0.89634,0.0012678,-7.50E-05,0.00012264,0.0013245,-0.00035514,0.0015306,0.154956,0.0804,0.639948,7.44202E-05,-0.00362235,0.001707245,0.1703046,4.57676E-05,-2.70703E-06,4.4273E-06,4.78145E-05,-1.28206E-05,5.52547E-05
0.0021266,1.2995,0.67,5.3329,-0.016949,0.0077896,0.89668,0.0012894,-8.64E-05,6.47E-05,0.0013664,-0.00020334,0.0015974,0.15594,0.0804,0.639948,7.67703E-05,-0.00322031,0.001480024,0.1703692,4.65473E-05,-3.11933E-06,2.3361E-06,4.9327E-05,-7.34057E-06,5.76661E-05
0.0021489,1.3078,0.67,5.3329,-0.015032,0.0072576,0.8964,0.0013094,-9.25E-05,2.34E-05,0.0013614,-4.60E-05,0.0016271,0.156936,0.0804,0.639948,7.75753E-05,-0.00285608,0.001378944,0.170316,4.72693E-05,-3.33759E-06,8.45498E-07,4.91465E-05,-1.66085E-06,5.87383E-05
0.002074,1.316,0.67,5.3329,-0.013079,0.0069125,0.89561,0.00128,-8.80E-05,4.07E-05,0.001259,8.42E-05,0.0016089,0.15792,0.0804,0.639948,7.48714E-05,-0.00248501,0.001313375,0.1701659,0.000046208,-3.17561E-06,1.46822E-06,4.54499E-05,3.04031E-06,5.80813E-05
0.0019663,1.3243,0.67,5.3329,-0.011088,0.0067211,0.89445,0.0012223,-7.77E-05,3.52E-05,0.0010733,0.00017716,0.001637,0.158916,0.0804,0.639948,7.09834E-05,-0.00210672,0.001277009,0.1699455,4.4125E-05,-2.80576E-06,1.26982E-06,3.87461E-05,6.39548E-06,5.90957E-05
0.0018317,1.3326,0.67,5.3329,-0.0090771,0.0068048,0.89297,0.0011582,-6.94E-05,1.38E-05,0.00088136,0.00022952,0.001624,0.159912,0.0804,0.639948,6.61244E-05,-0.001724649,0.001292912,0.1696643,4.1811E-05,-2.5053E-06,4.98613E-07,3.18171E-05,8.28567E-06,5.86264E-05
0.0016613,1.3408,0.67,5.3329,-0.0069835,0.0069425,0.89084,0.0010874,-6.04E-05,2.11E-06,0.00073321,0.00022593,0.001502,0.160896,0.0804,0.639948,5.99729E-05,-0.001326865,0.001319075,0.1692596,3.92551E-05,-2.17867E-06,7.63154E-08,2.64689E-05,8.15607E-06,5.42222E-05
0.0015282,1.3491,0.67,5.3329,-0.0047629,0.0067219,0.8883,0.0010296,-4.66E-05,-3.34E-05,0.00063251,0.00017327,0.0013942,0.161892,0.0804,0.639948,5.5168E-05,-0.000904951,0.001277161,0.168777,3.71686E-05,-1.68046E-06,-1.20653E-06,2.28336E-05,6.25505E-06,5.03306E-05
0.0014041,1.3573,0.67,5.3329,-0.0024121,0.0060655,0.88609,0.00098201,-3.25E-05,-6.30E-05,0.0005724,0.00010147,0.0012537,0.162876,0.0804,0.639948,5.0688E-05,-0.000458299,0.001152445,0.1683571,3.54506E-05,-1.17339E-06,-2.27394E-06,2.06636E-05,3.66307E-06,4.52586E-05
0.0012807,1.3656,0.67,5.3329,6.55E-05,0.0051011,0.8846,0.00093436,-1.91E-05,-7.95E-05,0.00054486,2.42E-05,0.0010821,0.163872,0.0804,0.639948,4.62333E-05,1.24486E-05,0.000969209,0.168074,3.37304E-05,-6.88391E-07,-2.87042E-06,1.96694E-05,8.74414E-07,3.90638E-05
0.0012223,1.3738,0.67,5.3329,0.0025764,0.0039583,0.88448,0.00089458,-9.22E-06,-0.00011065,0.00053705,-4.31E-05,0.0010129,0.164856,0.0804,0.639948,4.4125E-05,0.000489516,0.000752077,0.1680512,3.22943E-05,-3.32849E-07,-3.99447E-06,1.93875E-05,-1.55418E-06,3.65657E-05
0.0011633,1.3821,0.67,5.3329,0.0050215,0.0029222,0.88568,0.00085989,-3.01E-06,-0.0001023,0.00054197,-9.60E-05,0.00092482,0.165852,0.0804,0.639948,4.19951E-05,0.000954085,0.000555218,0.1682792,3.1042E-05,-1.08654E-07,-3.69303E-06,1.95651E-05,-3.4665E-06,3.3386E-05
0.0011187,1.3903,0.67,5.3329,0.0074075,0.0023467,0.8871,0.00083098,7.46E-07,-6.45E-05,0.00056408,-0.00013895,0.00084233,0.166836,0.0804,0.639948,4.03851E-05,0.001407425,0.000445873,0.168549,2.99984E-05,2.69425E-08,-2.32704E-06,2.03633E-05,-5.0161E-06,3.04081E-05
0.0011662,1.3986,0.67,5.3329,0.0097258,0.0022352,0.88839,0.00082896,6.02E-08,-8.77E-05,0.00060443,-0.00017672,0.00089892,0.167832,0.0804,0.639948,4.20998E-05,0.001847902,0.000424688,0.1687941,2.99255E-05,2.17167E-09,-3.16521E-06,2.18199E-05,-6.37959E-06,3.2451E-05
0.0011825,1.4069,0.67,5.3329,0.012007,0.0023182,0.88989,0.0008169,-1.07E-05,-8.80E-05,0.00066139,-0.00020095,0.00088679,0.168828,0.0804,0.639948,4.26883E-05,0.00228133,0.000440458,0.1690791,2.94901E-05,-3.84826E-07,-3.17528E-06,2.38762E-05,-7.2543E-06,3.20131E-05
0.0012128,1.4151,0.67,5.3329,0.014226,0.0023902,0.89227,0.00078464,-3.08E-05,-5.38E-05,0.0007342,-0.00022167,0.00090685,0.169812,0.0804,0.639948,4.37821E-05,0.00270294,0.000454138,0.1695313,2.83255E-05,-1.11285E-06,-1.94207E-06,2.65046E-05,-8.00229E-06,3.27373E-05
0.0012824,1.4234,0.67,5.3329,0.01631,0.0022834,0.89589,0.0007757,-5.51E-05,-4.77E-05,0.00082616,-0.00024865,0.00096299,0.170808,0.0804,0.639948,4.62946E-05,0.0030989,0.000433846,0.1702191,2.80028E-05,-1.99081E-06,-1.72233E-06,2.98244E-05,-8.97627E-06,3.47639E-05
0.0013623,1.4316,0.67,5.3329,0.018198,0.0020213,0.90025,0.00077996,-8.46E-05,-5.01E-05,0.00093854,-0.00026697,0.0010061,0.171792,0.0804,0.639948,4.9179E-05,0.00345762,0.000384047,0.1710475,2.81566E-05,-3.05262E-06,-1.81038E-06,3.38813E-05,-9.63762E-06,3.63202E-05
0.0014784,1.4399,0.67,5.3329,0.019886,0.0014047,0.90526,0.00078817,-0.00011848,-6.66E-05,0.0010648,-0.0002772,0.0011037,0.172788,0.0804,0.639948,5.33702E-05,0.00377834,0.000266893,0.1719994,2.84529E-05,-4.27713E-06,-2.40329E-06,3.84393E-05,-1.00069E-05,3.98436E-05
0.0015526,1.4481,0.67,5.3329,0.02141,0.00018841,0.91093,0.00078552,-0.00015729,-6.06E-05,0.0011901,-0.00027515,0.0011296,0.173772,0.0804,0.639948,5.60489E-05,0.0040679,3.57979E-05,0.1730767,2.83573E-05,-5.67817E-06,-2.18759E-06,4.29626E-05,-9.93292E-06,4.07786E-05
0.0016143,1.4564,0.67,5.3329,0.022859,-0.0014959,0.91711,0.00076923,-0.00019428,-4.57E-05,0.0012973,-0.00027322,0.001162,0.174768,0.0804,0.639948,5.82762E-05,0.00434321,-0.000284221,0.1742509,2.77692E-05,-7.01351E-06,-1.64923E-06,4.68325E-05,-9.86324E-06,4.19482E-05
0.0016708,1.4647,0.67,5.3329,0.024303,-0.0035582,0.92368,0.00074953,-0.00022384,-1.65E-05,0.0013761,-0.00029155,0.001216,0.175764,0.0804,0.639948,6.03159E-05,0.00461757,-0.000676058,0.1754992,2.7058E-05,-8.08062E-06,-5.95542E-07,4.96772E-05,-1.0525E-05,4.38976E-05
0.0017232,1.4729,0.67,5.3329,0.02578,-0.0058208,0.92993,0.0007284,-0.00024641,2.88E-05,0.0014219,-0.00034113,0.0012961,0.176748,0.0804,0.639948,6.22075E-05,0.0048982,-0.001105952,0.1766867,2.62952E-05,-8.8954E-06,1.04094E-06,5.13306E-05,-1.23148E-05,4.67892E-05
0.0017598,1.4812,0.67,5.3329,0.027265,-0.0081231,0.93527,0.00070821,-0.00026411,6.92E-05,0.0014313,-0.00043024,0.0013801,0.177744,0.0804,0.639948,6.35288E-05,0.00518035,-0.001543389,0.1777013,2.55664E-05,-9.53437E-06,2.49888E-06,5.16699E-05,-1.55317E-05,4.98216E-05
0.0017907,1.4894,0.67,5.3329,0.028702,-0.010131,0.93953,0.00068339,-0.00027461,0.00010695,0.0014003,-0.00056561,0.0014978,0.178728,0.0804,0.639948,6.46443E-05,0.00545338,-0.00192489,0.1785107,2.46704E-05,-9.91342E-06,3.8609E-06,5.05508E-05,-2.04185E-05,5.40706E-05
0.0018362,1.4977,0.67,5.3329,0.030219,-0.011256,0.94313,0.00065862,-0.00027019,0.00014234,0.0013444,-0.00072677,0.0016693,0.179724,0.0804,0.639948,6.62868E-05,0.00574161,-0.00213864,0.1791947,2.37762E-05,-9.75386E-06,5.13847E-06,4.85328E-05,-2.62364E-05,6.02617E-05
0.0019047,1.5059,0.67,5.3329,0.031907,-0.011173,0.94706,0.00064537,-0.00025546,0.00019207,0.0013074,-0.00087983,0.0018567,0.180708,0.0804,0.639948,6.87597E-05,0.00606233,-0.00212287,0.1799414,2.32979E-05,-9.22211E-06,6.93373E-06,4.71971E-05,-3.17619E-05,6.70269E-05
0.0019912,1.5142,0.67,5.3329,0.033746,-0.010148,0.95181,0.00063954,-0.00024544,0.00026491,0.0013219,-0.0010016,0.002021,0.181704,0.0804,0.639948,7.18823E-05,0.00641174,-0.00192812,0.1808439,2.30874E-05,-8.86038E-06,9.56325E-06,4.77206E-05,-3.61578E-05,7.29581E-05
0.0020764,1.5224,0.67,5.3329,0.035742,-0.008989,0.95701,0.00062446,-0.00025048,0.00034355,0.0013745,-0.0010805,0.0021538,0.182688,0.0804,0.639948,7.4958E-05,0.00679098,-0.00170791,0.1818319,2.2543E-05,-9.04233E-06,1.24022E-05,4.96195E-05,-3.90061E-05,7.77522E-05
0.002135,1.5307,0.67,5.3329,0.037889,-0.008223,0.96206,0.00059824,-0.0002643,0.00040404,0.0014271,-0.0011189,0.0022446,0.183684,0.0804,0.639948,7.70735E-05,0.00719891,-0.00156237,0.1827914,2.15965E-05,-9.54123E-06,1.45858E-05,5.15183E-05,-4.03923E-05,8.10301E-05
0.0021367,1.539,0.67,5.3329,0.040061,-0.0081043,0.96643,0.00056745,-0.00027084,0.0004252,0.0014467,-0.0011239,0.0022594,0.18468,0.0804,0.639948,7.71349E-05,0.00761159,-0.001539817,0.1836217,2.04849E-05,-9.77732E-06,1.53497E-05,5.22259E-05,-4.05728E-05,8.15643E-05
0.0020898,1.5472,0.67,5.3329,0.042075,-0.0083803,0.97011,0.00053458,-0.0002711,0.00040798,0.0014284,-0.0011068,0.0022165,0.185664,0.0804,0.639948,7.54418E-05,0.00799425,-0.001592257,0.1843209,1.92983E-05,-9.78671E-06,1.47281E-05,5.15652E-05,-3.99555E-05,8.00157E-05
0.0020226,1.5555,0.67,5.3329,0.043936,-0.0084823,0.97303,0.00051006,-0.00027127,0.00037989,0.0013894,-0.0010822,0.0021458,0.18666,0.0804,0.639948,7.30159E-05,0.00834784,-0.001611637,0.1848757,1.84132E-05,-9.79285E-06,1.3714E-05,5.01573E-05,-3.90674E-05,7.74634E-05
0.001959,1.5637,0.67,5.3329,0.045735,-0.0083087,0.97497,0.00050943,-0.00026759,0.00034802,0.0013357,-0.0010571,0.0020729,0.187644,0.0804,0.639948,7.07199E-05,0.00868965,-0.001578653,0.1852443,1.83904E-05,-9.66E-06,1.25635E-05,4.82188E-05,-3.81613E-05,7.48317E-05
0.0018947,1.572,0.67,5.3329,0.047328,-0.0079775,0.97593,0.00052407,-0.00025973,0.00030999,0.0012668,-0.0010271,0.0019986,0.18864,0.0804,0.639948,6.83987E-05,0.00899232,-0.001515725,0.1854267,1.89189E-05,-9.37625E-06,1.11906E-05,4.57315E-05,-3.70783E-05,7.21495E-05
0.0018344,1.5802,0.67,5.3329,0.048577,-0.0075834,0.97623,0.00053921,-0.00025181,0.00027096,0.0011949,-0.00098556,0.0019348,0.189624,0.0804,0.639948,6.62218E-05,0.00922963,-0.001440846,0.1854837,1.94655E-05,-9.09034E-06,9.78166E-06,4.31359E-05,-3.55787E-05,6.98463E-05
0.0017786,1.5885,0.67,5.3329,0.049609,-0.0070672,0.97633,0.00055393,-0.00024952,0.00024567,0.0011441,-0.00093624,0.0018591,0.19062,0.0804,0.639948,6.42075E-05,0.00942571,-0.001342768,0.1855027,1.99969E-05,-9.00767E-06,8.86869E-06,4.1302E-05,-3.37983E-05,6.71135E-05
0.0017313,1.5968,0.67,5.3329,0.050499,-0.0061754,0.97613,0.00056972,-0.00025882,0.00024354,0.0011295,-0.00088802,0.0017634,0.191616,0.0804,0.639948,6.24999E-05,0.00959481,-0.001173326,0.1854647,2.05669E-05,-9.3434E-06,8.79179E-06,4.0775E-05,-3.20575E-05,6.36587E-05
0.0016952,1.605,0.67,5.3329,0.05118,-0.0047218,0.97476,0.00059017,-0.00027932,0.00025409,0.0011505,-0.00083155,0.0016497,0.1926,0.0804,0.639948,6.11967E-05,0.0097242,-0.000897142,0.1852044,2.13051E-05,-1.00835E-05,9.17265E-06,4.15331E-05,-3.0019E-05,5.95542E-05
0.0016604,1.6133,0.67,5.3329,0.051695,-0.0028073,0.97183,0.00061782,-0.00030153,0.00024732,0.0011902,-0.00073741,0.0015128,0.193596,0.0804,0.639948,5.99404E-05,0.00982205,-0.000533387,0.1846477,2.23033E-05,-1.08852E-05,8.92825E-06,4.29662E-05,-2.66205E-05,5.46121E-05
0.0016083,1.6215,0.67,5.3329,0.052148,-0.00065406,0.96829,0.00065518,-0.00031059,0.00020498,0.0012151,-0.00058833,0.0013464,0.19458,0.0804,0.639948,5.80596E-05,0.00990812,-0.000124271,0.1839751,2.3652E-05,-1.12123E-05,7.39978E-06,4.38651E-05,-2.12387E-05,4.8605E-05
0.0015409,1.6298,0.67,5.3329,0.052581,0.0016991,0.96596,0.00070372,-0.00029744,0.00013809,0.0012038,-0.00042808,0.0011743,0.195576,0.0804,0.639948,5.56265E-05,0.00999039,0.000322829,0.1835324,2.54043E-05,-1.07376E-05,4.98505E-06,4.34572E-05,-1.54537E-05,4.23922E-05
0.0014783,1.638,0.67,5.3329,0.052947,0.0042467,0.96617,0.0007588,-0.00027368,6.88E-05,0.0011675,-0.00031646,0.0010302,0.19656,0.0804,0.639948,5.33666E-05,0.01005993,0.000806873,0.1835723,2.73927E-05,-9.87985E-06,2.48317E-06,4.21468E-05,-1.14242E-05,3.71902E-05
0.0014467,1.6463,0.67,5.3329,0.053108,0.0067101,0.9686,0.00082101,-0.00025602,2.43E-05,0.0011274,-0.00025656,0.00094498,0.197556,0.0804,0.639948,5.22259E-05,0.01009052,0.001274919,0.184034,2.96385E-05,-9.24232E-06,8.77699E-07,4.06991E-05,-9.26182E-06,3.41138E-05
0.001443,1.6545,0.67,5.3329,0.052982,0.0087119,0.97185,0.00090078,-0.00024313,1.57E-05,0.0010908,-0.0002181,0.0008944,0.19854,0.0804,0.639948,5.20923E-05,0.01006658,0.001655261,0.1846515,3.25182E-05,-8.77699E-06,5.6529E-07,3.93779E-05,-7.87341E-06,3.22878E-05
0.0014617,1.6628,0.67,5.3329,0.052598,0.0099892,0.975,0.0010068,-0.00022943,1.48E-05,0.0010564,-0.00018951,0.00086034,0.199536,0.0804,0.639948,5.27674E-05,0.00999362,0.001897948,0.18525,3.63455E-05,-8.28242E-06,5.32619E-07,3.8136E-05,-6.84131E-06,3.10583E-05
0.0015272,1.6711,0.67,5.3329,0.052092,0.010554,0.97755,0.0011429,-0.00021236,1.18E-05,0.0010259,-0.00016269,0.00088556,0.200532,0.0804,0.639948,5.51319E-05,0.00989748,0.00200526,0.1857345,4.12587E-05,-7.6662E-06,4.27568E-07,3.7035E-05,-5.87311E-06,3.19687E-05
0.0016753,1.6793,0.67,5.3329,0.05167,0.010988,0.97942,0.0012983,-0.0001906,2.71E-05,0.0010205,-0.00013746,0.0010318,0.201516,0.0804,0.639948,6.04783E-05,0.0098173,0.00208772,0.1860898,4.68686E-05,-6.88066E-06,9.78707E-07,3.68401E-05,-4.96231E-06,3.7248E-05
0.0018882,1.6876,0.67,5.3329,0.051477,0.011894,0.98168,0.001454,-0.00017822,8.10E-05,0.0010745,-0.00013968,0.0012481,0.202512,0.0804,0.639948,6.8164E-05,0.00978063,0.00225986,0.1865192,5.24894E-05,-6.43374E-06,2.92251E-06,3.87895E-05,-5.04245E-06,4.50564E-05
0.0021217,1.6958,0.67,5.3329,0.051504,0.01301,0.98348,0.0016115,-0.00019597,0.00018183,0.001161,-0.00021446,0.0014709,0.203496,0.0804,0.639948,7.65934E-05,0.00978576,0.0024719,0.1868612,5.81752E-05,-7.07452E-06,6.56406E-06,4.19121E-05,-7.74201E-06,5.30995E-05
0.0023451,1.7041,0.67,5.3329,0.051751,0.01361,0.98288,0.0017851,-0.00023857,0.00033337,0.0011798,-0.00035473,0.0017252,0.204492,0.0804,0.639948,8.46581E-05,0.00983269,0.0025859,0.1867472,6.44421E-05,-8.61238E-06,1.20347E-05,4.25908E-05,-1.28058E-05,6.22797E-05
0.0024465,1.7123,0.67,5.3329,0.052401,0.013551,0.98185,0.001964,-0.00026753,0.00047706,0.0011078,-0.00040537,0.0018211,0.205476,0.0804,0.639948,8.83187E-05,0.00995619,0.00257469,0.1865515,7.09004E-05,-9.65783E-06,1.72219E-05,3.99916E-05,-1.46339E-05,6.57417E-05
0.0023621,1.7206,0.67,5.3329,0.053571,0.013154,0.98275,0.0021238,-0.00025626,0.00053173,0.0010193,-0.00030375,0.001581,0.206472,0.0804,0.639948,8.52718E-05,0.01017849,0.00249926,0.1867225,7.66692E-05,-9.25099E-06,1.91955E-05,3.67967E-05,-1.09654E-05,5.70741E-05
0.0022301,1.7289,0.67,5.3329,0.055057,0.012684,0.98473,0.0022597,-0.00022778,0.00050691,0.00099629,-0.0001861,0.0012042,0.207468,0.0804,0.639948,8.05066E-05,0.01046083,0.00240996,0.1870987,8.15752E-05,-8.22286E-06,1.82995E-05,3.59661E-05,-6.71821E-06,4.34716E-05
0.0021792,1.7371,0.67,5.3329,0.056549,0.012397,0.98647,0.0023664,-0.00022524,0.00045776,0.0010721,-0.0001405,0.00091983,0.208452,0.0804,0.639948,7.86691E-05,0.01074431,0.00235543,0.1874293,8.5427E-05,-8.13116E-06,1.65251E-05,3.87028E-05,-5.07205E-06,3.32059E-05
0.0022023,1.7454,0.67,5.3329,0.057859,0.012577,0.9877,0.0024304,-0.00026957,0.00042275,0.001197,-0.0001432,0.00077714,0.209448,0.0804,0.639948,7.9503E-05,0.01099321,0.00238963,0.187663,8.77374E-05,-9.73148E-06,1.52613E-05,4.32117E-05,-5.16952E-06,2.80548E-05
0.0022488,1.7536,0.67,5.3329,0.058892,0.013519,0.98888,0.0024474,-0.00035775,0.00041194,0.0013189,-0.00015853,0.00073128,0.210432,0.0804,0.639948,8.11817E-05,0.01118948,0.00256861,0.1878872,8.83511E-05,-1.29148E-05,1.4871E-05,4.76123E-05,-5.72293E-06,2.63992E-05
0.0022866,1.7619,0.67,5.3329,0.059588,0.014906,0.99074,0.0024267,-0.00046823,0.00041295,0.0014511,-0.00015872,0.00069532,0.211428,0.0804,0.639948,8.25463E-05,0.01132172,0.00283214,0.1882406,8.76039E-05,-1.69031E-05,1.49075E-05,5.23847E-05,-5.72979E-06,2.51011E-05
0.0023182,1.7701,0.67,5.3329,0.059936,0.015674,0.9928,0.0023874,-0.00057173,0.00041639,0.0015858,-0.00013728,0.00066333,0.212412,0.0804,0.639948,8.3687E-05,0.01138784,0.00297806,0.188632,8.61851E-05,-2.06395E-05,1.50317E-05,5.72474E-05,-4.95581E-06,2.39462E-05
0.0023317,1.7784,0.67,5.3329,0.060004,0.015211,0.99421,0.0023314,-0.00064528,0.00041295,0.0016612,-0.00014525,0.00067078,0.213408,0.0804,0.639948,8.41744E-05,0.01140076,0.00289009,0.1888999,8.41635E-05,-2.32946E-05,1.49075E-05,5.99693E-05,-5.24353E-06,2.42152E-05
0.0023202,1.7866,0.67,5.3329,0.059909,0.013952,0.99584,0.0022469,-0.00067524,0.00040144,0.0016705,-0.00019449,0.000723,0.214392,0.0804,0.639948,8.37592E-05,0.01138271,0.00265088,0.1892096,8.11131E-05,-2.43762E-05,1.4492E-05,6.03051E-05,-7.02109E-06,2.61003E-05
0.0023011,1.7949,0.67,5.3329,0.059774,0.012663,0.99848,0.0021409,-0.00066808,0.00040004,0.0016536,-0.00025931,0.00080775,0.215388,0.0804,0.639948,8.30697E-05,0.01135706,0.00240597,0.1897112,7.72865E-05,-2.41177E-05,1.44414E-05,5.9695E-05,-9.36109E-06,2.91598E-05
0.0022913,1.8032,0.67,5.3329,0.059691,0.011781,1.0018,0.0020338,-0.00064588,0.00044155,0.0016407,-0.00033334,0.00090816,0.216384,0.0804,0.639948,8.27159E-05,0.01134129,0.00223839,0.190342,7.34202E-05,-2.33163E-05,1.594E-05,5.92293E-05,-1.20336E-05,3.27846E-05
0.0023147,1.8114,0.67,5.3329,0.05969,0.011403,1.005,0.0019374,-0.0006331,0.00052929,0.0016538,-0.00042064,0.0010381,0.217368,0.0804,0.639948,8.35607E-05,0.0113411,0.00216657,0.19095,6.99401E-05,-2.28549E-05,1.91074E-05,5.97022E-05,-1.51851E-05,3.74754E-05
0.0023819,1.8197,0.67,5.3329,0.059766,0.011532,1.0073,0.001858,-0.00064618,0.00064164,0.0016969,-0.00054129,0.0012088,0.218364,0.0804,0.639948,8.59866E-05,0.01135554,0.00219108,0.191387,6.70738E-05,-2.33271E-05,2.31632E-05,6.12581E-05,-1.95406E-05,4.36377E-05
0.002484,1.8279,0.67,5.3329,0.059895,0.011992,1.0085,0.0017997,-0.00069376,0.00074981,0.0017723,-0.00069126,0.0013959,0.219348,0.0804,0.639948,8.96724E-05,0.01138005,0.00227848,0.191615,6.49692E-05,-2.50447E-05,2.70681E-05,6.398E-05,-2.49545E-05,5.0392E-05
0.0025873,1.8362,0.67,5.3329,0.060048,0.012592,1.0088,0.0017536,-0.00076809,0.00082573,0.0018668,-0.00083465,0.0015542,0.220344,0.0804,0.639948,9.34015E-05,0.01140912,0.00239248,0.191672,6.3305E-05,-2.7728E-05,2.98089E-05,6.73915E-05,-3.01309E-05,5.61066E-05
0.0026531,1.8446,0.67,5.3329,0.06024,0.013387,1.0088,0.0017063,-0.00083857,0.0008527,0.0019406,-0.00092896,0.0016593,0.221352,0.0804,0.639948,9.57769E-05,0.0114456,0.00254353,0.191672,6.15974E-05,-3.02724E-05,3.07825E-05,7.00557E-05,-3.35355E-05,5.99007E-05
0.0026604,1.8534,0.67,5.3329,0.060508,0.014267,1.009,0.0016549,-0.00087334,0.00083485,0.0019407,-0.00097935,0.0017252,0.222408,0.0804,0.639948,9.60404E-05,0.01149652,0.00271073,0.19171,5.97419E-05,-3.15276E-05,3.01381E-05,7.00593E-05,-3.53545E-05,6.22797E-05
0.0026123,1.8626,0.67,5.3329,0.060873,0.014737,1.0091,0.0016091,-0.00087043,0.0007834,0.0018553,-0.00099703,0.0017601,0.223512,0.0804,0.639948,9.4304E-05,0.01156587,0.00280003,0.191729,5.80885E-05,-3.14225E-05,2.82807E-05,6.69763E-05,-3.59928E-05,6.35396E-05
0.0025864,1.8723,0.67,5.3329,0.061274,0.014256,1.0099,0.0015822,-0.00086386,0.00073015,0.0017703,-0.0010021,0.0018202,0.224676,0.0804,0.639948,9.3369E-05,0.01164206,0.00270864,0.191881,5.71174E-05,-3.11853E-05,2.63584E-05,6.39078E-05,-3.61758E-05,6.57092E-05
0.002625,1.8824,0.67,5.3329,0.061559,0.013518,1.0118,0.0015746,-0.00085864,0.00066643,0.0017451,-0.0010219,0.0019303,0.225888,0.0804,0.639948,9.47625E-05,0.01169621,0.00256842,0.192242,5.68431E-05,-3.09969E-05,2.40581E-05,6.29981E-05,-3.68906E-05,6.96838E-05
0.0027027,1.8931,0.67,5.3329,0.061551,0.013544,1.015,0.0015547,-0.00082037,0.00060833,0.0017567,-0.0010792,0.0020941,0.227172,0.0804,0.639948,9.75675E-05,0.01169469,0.00257336,0.19285,5.61247E-05,-2.96154E-05,2.19607E-05,6.34169E-05,-3.89591E-05,7.5597E-05
0.0027275,1.9042,0.67,5.3329,0.06118,0.013892,1.0171,0.0014955,-0.00073828,0.00053087,0.0017138,-0.0010822,0.0022457,0.228504,0.0804,0.639948,9.84628E-05,0.0116242,0.00263948,0.193249,5.39876E-05,-2.66519E-05,1.91644E-05,6.18682E-05,-3.90674E-05,8.10698E-05
0.0027113,1.9159,0.67,5.3329,0.060763,0.013429,1.0173,0.001434,-0.00063489,0.00042835,0.0015757,-0.00098333,0.0024129,0.229908,0.0804,0.639948,9.78779E-05,0.01154497,0.00255151,0.193287,5.17674E-05,-2.29195E-05,1.54634E-05,5.68828E-05,-3.54982E-05,8.71057E-05
0.0025736,1.9282,0.67,5.3329,0.060728,0.01251,1.0168,0.0014117,-0.00048612,0.00033079,0.0013478,-0.00080204,0.0023877,0.231384,0.0804,0.639948,9.2907E-05,0.01153832,0.0023769,0.193192,5.09624E-05,-1.75489E-05,1.19415E-05,4.86556E-05,-2.89536E-05,8.6196E-05
0.0022889,1.941,0.67,5.3329,0.060958,0.012284,1.0175,0.0014164,-0.00028234,0.00018427,0.0011233,-0.00054742,0.0020381,0.23292,0.0804,0.639948,8.26293E-05,0.01158202,0.00233396,0.193325,5.1132E-05,-1.01925E-05,6.65215E-06,4.05511E-05,-1.97619E-05,7.35754E-05
0.0020252,1.9545,0.67,5.3329,0.060625,0.012381,1.02,0.0014062,-8.79E-05,3.87E-07,0.00099348,-0.00038713,0.0016507,0.23454,0.0804,0.639948,7.31097E-05,0.01151875,0.00235239,0.1938,5.07638E-05,-3.17265E-06,1.39866E-08,3.58646E-05,-1.39754E-05,5.95903E-05
0.0018944,1.9686,0.67,5.3329,0.05917,0.012799,1.0212,0.0013718,4.25E-05,-0.00020363,0.00094471,-0.00028456,0.0014724,0.236232,0.0804,0.639948,6.83878E-05,0.0112423,0.00243181,0.194028,4.9522E-05,1.53403E-06,-7.35104E-06,3.4104E-05,-1.02726E-05,5.31536E-05
0.001823,1.9833,0.67,5.3329,0.057368,0.01145,1.019,0.0013572,9.79E-05,-0.00029796,0.00093072,-0.00024736,0.001358,0.237996,0.0804,0.639948,6.58103E-05,0.01089992,0.0021755,0.19361,4.89949E-05,3.53459E-06,-1.07564E-05,3.3599E-05,-8.9297E-06,4.90238E-05
0.001816,1.9988,0.67,5.3329,0.056153,0.0077322,1.0147,0.0013701,8.45E-05,-0.00027116,0.00088178,-0.00023137,0.0013802,0.239856,0.0804,0.639948,6.55576E-05,0.01066907,0.001469118,0.192793,4.94606E-05,3.0511E-06,-9.78888E-06,3.18323E-05,-8.35246E-06,4.98252E-05
0.0021598,2.0149,0.67,5.3329,0.054884,0.0035931,1.0118,0.0013747,3.08E-05,-0.00011721,0.00072474,-2.42E-05,0.0022203,0.241788,0.0804,0.639948,7.79688E-05,0.01042796,0.000682689,0.192242,4.96267E-05,1.11026E-06,-4.23128E-06,2.61631E-05,-8.73295E-07,8.01528E-05
0.0025546,2.0319,0.67,5.3329,0.052975,0.00059981,1.0065,0.0013495,6.26E-05,0.00019644,0.00064977,0.00025413,0.0031099,0.243828,0.0804,0.639948,9.22211E-05,0.01006525,0.000113964,0.191235,4.8717E-05,2.26134E-06,7.09148E-06,2.34567E-05,9.17409E-06,0.000112267
0.0029597,2.0496,0.67,5.3329,0.050331,-0.003048,1.0009,0.0013199,4.27E-05,0.00065593,0.0006485,0.00017394,0.0039509,0.245952,0.0804,0.639948,0.000106845,0.00956289,-0.00057912,0.190171,4.76484E-05,1.54219E-06,2.36791E-05,2.34109E-05,6.27923E-06,0.000142627
0.0038031,2.0681,0.67,5.3329,0.046972,-0.00091651,0.98813,0.0013875,-0.00012115,0.0011713,0.00070556,-7.55E-05,0.0055131,0.248172,0.0804,0.639948,0.000137292,0.00892468,-0.000174137,0.1877447,5.00888E-05,-4.37352E-06,4.22839E-05,2.54707E-05,-2.72725E-06,0.000199023
0.0049606,2.0875,0.67,5.3329,0.043861,0.0025406,0.98287,0.0016049,-0.000326,0.0019507,0.000865,-0.00065799,0.0074512,0.2505,0.0804,0.639948,0.000179078,0.00833359,0.000482714,0.1867453,5.79369E-05,-1.17686E-05,7.04203E-05,3.12265E-05,-2.37534E-05,0.000268988
0.0055463,2.1078,0.67,5.3329,0.04162,0.0093525,0.97867,0.0018283,-0.00025149,0.002654,0.00093383,-0.00070905,0.0083305,0.252936,0.0804,0.639948,0.000200221,0.0079078,0.001776975,0.1859473,6.60016E-05,-9.07879E-06,9.58094E-05,3.37113E-05,-2.55967E-05,0.000300731
0.0051854,2.129,0.67,5.3329,0.041718,0.016805,0.96606,0.0019533,-0.00017345,0.0026657,0.00090819,-0.00033905,0.0075093,0.25548,0.0804,0.639948,0.000187193,0.00792642,0.00319295,0.1835514,7.05141E-05,-6.26155E-06,9.62318E-05,3.27857E-05,-1.22397E-05,0.000271086
0.0043841,2.1511,0.67,5.3329,0.043392,0.016818,0.97161,0.0019754,-6.66E-05,0.0023426,0.00096533,-0.00010572,0.0058274,0.258132,0.0804,0.639948,0.000158266,0.00824448,0.00319542,0.1846059,7.13119E-05,-2.40347E-06,8.45679E-05,3.48484E-05,-3.81649E-06,0.000210369
0.0036628,2.1743,0.67,5.3329,0.042044,0.019556,0.9765,0.0018562,0.00015511,0.0018635,0.0010902,0.0001096,0.0043792,0.260916,0.0804,0.639948,0.000132227,0.00798836,0.00371564,0.185535,6.70088E-05,5.59947E-06,6.72724E-05,3.93562E-05,3.95656E-06,0.000158089
0.0033651,2.1984,0.67,5.3329,0.037936,0.02368,0.96738,0.0016184,0.0003761,0.0014719,0.001168,0.0003038,0.0039438,0.263808,0.0804,0.639948,0.00012148,0.00720784,0.0044992,0.1838022,5.84242E-05,1.35772E-05,5.31356E-05,4.21648E-05,1.09672E-05,0.000142371
0.0038722,2.2237,0.67,5.3329,0.036139,0.025296,0.94037,0.0014585,0.00065026,0.0015024,0.0016878,0.0010403,0.0045981,0.266844,0.0804,0.639948,0.000139786,0.00686641,0.00480624,0.1786703,5.26519E-05,2.34744E-05,5.42366E-05,6.09296E-05,3.75548E-05,0.000165991
0.0052942,2.2501,0.67,5.3329,0.035482,0.025369,0.92185,0.0014332,0.00046425,0.0016441,0.0020398,0.0010426,0.0071154,0.270012,0.0804,0.639948,0.000191121,0.00674158,0.00482011,0.1751515,5.17385E-05,1.67594E-05,5.9352E-05,7.36368E-05,3.76379E-05,0.000256866
0.0049487,2.2776,0.67,5.3329,0.031109,0.028346,0.9121,0.0014407,4.49E-05,0.0013287,0.0017841,4.06E-05,0.0066725,0.273312,0.0804,0.639948,0.000178648,0.00591071,0.00538574,0.173299,5.20093E-05,1.61948E-06,4.79661E-05,6.4406E-05,1.46606E-06,0.000240877
0.0051372,2.3063,0.67,5.3329,0.023596,0.036674,0.90207,0.0015224,3.50E-06,0.0011616,0.0015954,-0.00074049,0.0071565,0.276756,0.0804,0.639948,0.000185453,0.00448324,0.00696806,0.1713933,5.49586E-05,1.26346E-07,4.19338E-05,5.75939E-05,-2.67317E-05,0.00025835
0.0059752,2.3362,0.67,5.3329,0.01573,0.050583,0.89176,0.0016963,0.00028304,0.0014637,0.0019215,-0.00063398,0.0083325,0.280344,0.0804,0.639948,0.000215705,0.0029887,0.00961077,0.1694344,6.12364E-05,1.02177E-05,5.28396E-05,6.93662E-05,-2.28867E-05,0.000300803
0.0052835,2.3674,0.67,5.3329,0.010742,0.057668,0.86818,0.0019516,0.00034954,0.0012412,0.0027352,-0.00039242,0.0058802,0.284088,0.0804,0.639948,0.000190734,0.00204098,0.01095692,0.1649542,7.04528E-05,1.26184E-05,4.48073E-05,9.87407E-05,-1.41664E-05,0.000212275
0.0055773,2.3999,0.67,5.3329,0.0068813,0.063619,0.8422,0.0020245,0.00089512,0.0011939,0.0043038,0.00045517,0.0048263,0.287988,0.0804,0.639948,0.000201341,0.001307447,0.01208761,0.160018,7.30845E-05,3.23138E-05,4.30998E-05,0.000155367,1.64316E-05,0.000174229
0.0057017,2.4338,0.67,5.3329,0.0015289,0.066736,0.79533,0.0014394,0.00086404,0.0015656,0.0041143,0.0012847,0.0058498,0.292056,0.0804,0.639948,0.000205831,0.000290491,0.01267984,0.1511127,5.19623E-05,3.11918E-05,5.65182E-05,0.000148526,4.63777E-05,0.000211178
0.0043659,2.4691,0.67,5.3329,-0.00073297,0.056374,0.68044,0.0004973,0.00013074,0.00098752,0.0022557,0.0010118,0.0059788,0.296292,0.0804,0.639948,0.000157609,-0.000139264,0.01071106,0.1292836,1.79525E-05,4.71971E-06,3.56495E-05,8.14308E-05,3.6526E-05,0.000215835
0.0016605,2.5058,0.67,5.3329,-0.00048728,0.024786,0.29901,3.14E-05,2.25E-05,0.00017369,0.00085899,0.00040477,0.0024307,0.300696,0.0804,0.639948,5.99441E-05,-9.25832E-05,0.00470934,0.0568119,1.13228E-06,8.11456E-07,6.27021E-06,3.10095E-05,1.46122E-05,8.77483E-05
1.02E-07,2.544,0.67,5.3329,-0.0003368,-7.19E-14,2.32E-17,2.04E-07,4.35E-17,-1.28E-20,9.28E-27,-2.74E-30,9.47E-34,0.30528,0.0804,0.639948,3.67462E-09,-0.000063992,-1.36678E-14,4.41237E-18,7.34924E-09,1.56883E-18,-4.6338E-22,3.34885E-28,-9.88526E-32,3.41838E-35
0,2.5837,0.67,5.3329,0,0,0,0,0,0,0,0,0,0.310044,0.0804,0.639948,0,0,0,0,0,0,0,0,0,0
0,2.625,0.67,5.3329,0,0,0,0,0,0,0,0,0,0.315,0.0804,0.639948,0,0,0,0,0,0,0,0,0,0
0,-0.125,0.67,5.3564,0,0,0,0,0,0,0,0,0,-0.015,0.0804,0.642768,0,0,0,0,0,0,0,0,0,0
0,-0.083719,0.67,5.3564,0,0,0,0,0,0,0,0,0,-0.01004628,0.0804,0.642768,0,0,0,0,0,0,0,0,0,0
4.42E-07,-0.044001,0.67,5.3564,-0.00050088,-1.39E-13,-8.33E-18,8.85E-07,2.45E-16,3.06E-20,6.80E-26,8.47E-30,2.36E-33,-0.00528012,0.0804,0.642768,1.59663E-08,-9.51672E-05,-2.64062E-14,-1.58175E-18,3.19323E-08,8.85064E-18,1.10448E-21,2.4531E-27,3.05706E-31,8.53079E-35
0.00095253,-0.0058053,0.67,5.3564,-0.0021838,0.024511,0.37823,1.29E-05,-2.08E-05,-3.69E-05,0.00078398,-0.00017202,0.0011082,-0.000696636,0.0804,0.642768,3.43863E-05,-0.000414922,0.00465709,0.0718637,4.65871E-07,-7.51385E-07,-1.33029E-06,2.83017E-05,-6.20992E-06,4.0006E-05
0.0024985,0.030909,0.67,5.3564,-0.0081914,0.055517,0.85651,0.00019184,-0.00012214,-0.00021094,0.0020397,-0.00044341,0.0027655,0.00370908,0.0804,0.642768,9.01959E-05,-0.001556366,0.01054823,0.1627369,6.92542E-06,-4.40925E-06,-7.61493E-06,7.36332E-05,-1.60071E-05,9.98346E-05
0.0028469,0.066184,0.67,5.3564,-0.018034,0.05094,0.96747,0.0005096,-0.00016996,-0.00023087,0.0017336,-0.00047271,0.0034507,0.00794208,0.0804,0.642768,0.000102773,-0.00342646,0.0096786,0.1838193,1.83966E-05,-6.13556E-06,-8.33441E-06,6.2583E-05,-1.70648E-05,0.00012457
0.0028217,0.10006,0.67,5.3564,-0.028889,0.039045,1.0002,0.00057147,-0.00025349,-9.74E-05,0.001426,-0.00044141,0.003646,0.0120072,0.0804,0.642768,0.000101863,-0.00548891,0.00741855,0.190038,2.06301E-05,-9.15099E-06,-3.51614E-06,5.14786E-05,-1.59349E-05,0.000131621
0.0030595,0.13258,0.67,5.3564,-0.03667,0.030512,1.0268,0.00043765,-0.00021402,2.16E-05,0.0014199,-0.00068006,0.0042615,0.0159096,0.0804,0.642768,0.000110448,-0.0069673,0.00579728,0.195092,1.57992E-05,-7.72612E-06,7.80049E-07,5.12584E-05,-2.45502E-05,0.00015384
0.0025763,0.16379,0.67,5.3564,-0.037793,0.016443,1.0424,0.00046488,-6.82E-05,-7.74E-05,0.00090011,-0.00049325,0.0037876,0.0196548,0.0804,0.642768,9.30044E-05,-0.00718067,0.00312417,0.198056,1.67822E-05,-2.46022E-06,-2.79569E-06,3.2494E-05,-1.78063E-05,0.000136732
0.0022372,0.19372,0.67,5.3564,-0.036771,0.012552,1.0467,0.00064077,3.13E-05,-0.00021604,0.00092017,-0.00030005,0.0029134,0.0232464,0.0804,0.642768,8.07629E-05,-0.00698649,0.00238488,0.198873,2.31318E-05,1.12946E-06,-7.79904E-06,3.32181E-05,-1.08318E-05,0.000105174
0.00347,0.22242,0.67,5.3564,-0.036563,0.018917,1.0509,0.00091263,4.79E-05,-0.00083786,0.0011472,-0.00060385,0.0048802,0.0266904,0.0804,0.642768,0.000125267,-0.00694697,0.00359423,0.199671,3.29459E-05,1.73006E-06,-3.02467E-05,4.14139E-05,-2.1799E-05,0.000176175
0.0033704,0.24993,0.67,5.3564,-0.038485,0.023743,1.0579,0.0011961,3.08E-05,-0.0012277,0.0011771,-0.00027973,0.0043676,0.0299916,0.0804,0.642768,0.000121671,-0.00731215,0.00451117,0.201001,4.31792E-05,1.11116E-06,-4.432E-05,4.24933E-05,-1.00983E-05,0.00015767
0.0022703,0.27629,0.67,5.3564,-0.042604,0.025053,1.0612,0.0012709,0.0001407,-0.0010252,0.0010856,-0.00010779,0.0021841,0.0331548,0.0804,0.642768,8.19578E-05,-0.00809476,0.00476007,0.201628,4.58795E-05,5.07927E-06,-3.70097E-05,3.91902E-05,-3.89122E-06,7.8846E-05
0.0028439,0.30154,0.67,5.3564,-0.045864,0.024036,1.0582,0.0012441,8.58E-05,-0.00081615,0.0014729,-0.00064119,0.0029709,0.0361848,0.0804,0.642768,0.000102665,-0.00871416,0.00456684,0.201058,4.4912E-05,3.09579E-06,-2.9463E-05,5.31717E-05,-2.3147E-05,0.000107249
0.003901,0.32572,0.67,5.3564,-0.048081,0.016995,1.0628,0.0013277,3.80E-06,-0.00084931,0.0019145,-0.0012699,0.0045599,0.0390864,0.0804,0.642768,0.000140826,-0.00913539,0.00322905,0.201932,4.793E-05,1.37122E-07,-3.06601E-05,6.91135E-05,-4.58434E-05,0.000164612
0.0035193,0.34887,0.67,5.3564,-0.050756,0.012944,1.0719,0.0014544,2.81E-05,-0.00067014,0.0016211,-0.0012391,0.003963,0.0418644,0.0804,0.642768,0.000127047,-0.00964364,0.00245936,0.203661,5.25038E-05,1.016E-06,-2.41921E-05,5.85217E-05,-4.47315E-05,0.000143064
0.0024881,0.37102,0.67,5.3564,-0.053292,0.017936,1.0696,0.0014657,0.00018158,-0.00032107,0.0012863,-0.00062165,0.0022243,0.0445224,0.0804,0.642768,8.98204E-05,-0.01012548,0.00340784,0.203224,5.29118E-05,6.55504E-06,-1.15906E-05,4.64354E-05,-2.24416E-05,8.02972E-05
0.0021877,0.39221,0.67,5.3564,-0.055944,0.027049,1.0667,0.0013679,0.00023783,-0.0003172,0.0012083,-0.00033321,0.0017991,0.0470652,0.0804,0.642768,7.8976E-05,-0.01062936,0.00513931,0.202673,4.93812E-05,8.58566E-06,-1.14509E-05,4.36196E-05,-1.20289E-05,6.49475E-05
0.0020197,0.41248,0.67,5.3564,-0.059471,0.033755,1.063,0.0013069,0.0001109,-0.00010335,0.0011188,-0.0004945,0.0016137,0.0494976,0.0804,0.642768,7.29112E-05,-0.01129949,0.00641345,0.20197,4.71791E-05,4.00349E-06,-3.73094E-06,4.03887E-05,-1.78515E-05,5.82546E-05
0.0024706,0.43187,0.67,5.3564,-0.062439,0.036065,1.0615,0.0013608,0.0001536,-0.00031117,0.0011552,-0.00077777,0.0024252,0.0518244,0.0804,0.642768,8.91887E-05,-0.01186341,0.00685235,0.201685,4.91249E-05,5.54496E-06,-1.12332E-05,4.17027E-05,-2.80775E-05,8.75497E-05
0.0029972,0.4504,0.67,5.3564,-0.06391,0.037876,1.0544,0.0015229,0.00035112,-0.00061283,0.0013294,-0.0010455,0.003142,0.054048,0.0804,0.642768,0.000108199,-0.0121429,0.00719644,0.200336,5.49767E-05,1.26754E-05,-2.21232E-05,4.79913E-05,-3.77426E-05,0.000113426
0.0035367,0.46812,0.67,5.3564,-0.064759,0.037867,1.0521,0.0016132,0.0004737,-0.00055523,0.0016199,-0.0015586,0.0038403,0.0561744,0.0804,0.642768,0.000127675,-0.01230421,0.00719473,0.199899,5.82365E-05,1.71006E-05,-2.00438E-05,5.84784E-05,-5.62655E-05,0.000138635
0.0036689,0.48504,0.67,5.3564,-0.066241,0.038079,1.0546,0.0015215,0.00036083,-0.00027597,0.0017997,-0.0016816,0.0040166,0.0582048,0.0804,0.642768,0.000132447,-0.01258579,0.00723501,0.200374,5.49262E-05,1.3026E-05,-9.96252E-06,6.49692E-05,-6.07058E-05,0.000144999
0.0030598,0.50122,0.67,5.3564,-0.068701,0.03751,1.0577,0.0013537,0.00016176,-2.77E-06,0.0018916,-0.0013333,0.0028744,0.0601464,0.0804,0.642768,0.000110459,-0.01305319,0.0071269,0.200963,4.88686E-05,5.83954E-06,-1.00141E-07,6.82868E-05,-4.81321E-05,0.000103766
0.0025171,0.51667,0.67,5.3564,-0.071373,0.034674,1.0579,0.0012106,1.49E-05,9.26E-05,0.0017534,-0.001029,0.0020702,0.0620004,0.0804,0.642768,9.08673E-05,-0.01356087,0.00658806,0.201001,4.37027E-05,5.38576E-07,3.34315E-06,6.32977E-05,-3.71469E-05,7.47342E-05
0.0022548,0.53142,0.67,5.3564,-0.073219,0.031782,1.0594,0.0011088,-8.18E-05,4.07E-05,0.0015228,-0.00089142,0.0018779,0.0637704,0.0804,0.642768,8.13983E-05,-0.01391161,0.00603858,0.201286,4.00277E-05,-2.95211E-06,1.46869E-06,5.49731E-05,-3.21803E-05,6.77922E-05
0.002131,0.54551,0.67,5.3564,-0.074501,0.029352,1.0633,0.0010219,-8.76E-05,-0.00010647,0.0013802,-0.00064197,0.0018599,0.0654612,0.0804,0.642768,7.69291E-05,-0.01415519,0.00557688,0.202027,3.68906E-05,-3.16388E-06,-3.84357E-06,4.98252E-05,-2.31751E-05,6.71424E-05
0.0020082,0.55896,0.67,5.3564,-0.076129,0.026096,1.0639,0.00097127,-5.36E-05,-0.00028594,0.0012903,-0.00021709,0.0017548,0.0670752,0.0804,0.642768,7.2496E-05,-0.01446451,0.00495824,0.202141,3.50628E-05,-1.93572E-06,-1.03224E-05,4.65798E-05,-7.83695E-06,6.33483E-05
0.0020909,0.5718,0.67,5.3564,-0.077941,0.021884,1.0646,0.001007,-7.63E-07,-0.0004804,0.0013969,-5.34E-05,0.0017779,0.068616,0.0804,0.642768,7.54815E-05,-0.01480879,0.00415796,0.202274,3.63527E-05,-2.75533E-08,-1.73424E-05,5.04281E-05,-1.92828E-06,6.41822E-05
0.002232,0.58405,0.67,5.3564,-0.07924,0.01899,1.067,0.0011259,0.00013096,-0.000689,0.0015834,-0.00013434,0.0017548,0.070086,0.0804,0.642768,8.05752E-05,-0.0150556,0.0036081,0.20273,4.0645E-05,4.72766E-06,-2.48729E-05,5.71607E-05,-4.84967E-06,6.33483E-05
0.0023842,0.59575,0.67,5.3564,-0.07993,0.017552,1.068,0.0012815,0.00029626,-0.00089816,0.0016928,-0.00022437,0.0017942,0.07149,0.0804,0.642768,8.60696E-05,-0.0151867,0.00333488,0.20292,4.62622E-05,1.0695E-05,-3.24236E-05,6.11101E-05,-8.09976E-06,6.47706E-05
0.0026042,0.6069,0.67,5.3564,-0.080572,0.015857,1.0685,0.0014331,0.00039718,-0.0010725,0.0017921,-0.00022292,0.0019831,0.072828,0.0804,0.642768,9.40116E-05,-0.01530868,0.00301283,0.203015,5.17349E-05,1.43382E-05,-3.87173E-05,6.46948E-05,-8.04741E-06,7.15899E-05
0.0027491,0.61755,0.67,5.3564,-0.08152,0.012645,1.069,0.0015478,0.00043687,-0.0011468,0.001809,-0.00015588,0.0021415,0.074106,0.0804,0.642768,9.92425E-05,-0.0154888,0.00240255,0.20311,5.58756E-05,1.5771E-05,-4.13995E-05,6.53049E-05,-5.62727E-06,7.73082E-05
0.0027418,0.6277,0.67,5.3564,-0.082703,0.0081684,1.0692,0.001596,0.00043383,-0.0011091,0.0017286,-7.07E-05,0.002159,0.075324,0.0804,0.642768,9.8979E-05,-0.01571357,0.001551996,0.203148,5.76156E-05,1.56613E-05,-4.00385E-05,6.24025E-05,-2.5514E-06,7.79399E-05
0.0025878,0.63738,0.67,5.3564,-0.084071,0.0035235,1.0719,0.001569,0.00040728,-0.001003,0.0016133,-6.64E-05,0.0019933,0.0764856,0.0804,0.642768,9.34196E-05,-0.01597349,0.000669465,0.203661,5.66409E-05,1.47028E-05,-3.62083E-05,5.82401E-05,-2.39805E-06,7.19581E-05
0.0023954,0.64661,0.67,5.3564,-0.085637,-0.00049378,1.077,0.0014772,0.00036205,-0.00087496,0.0014728,-0.00015854,0.0018407,0.0775932,0.0804,0.642768,8.64739E-05,-0.01627103,-9.38182E-05,0.20463,5.33269E-05,1.307E-05,-3.15861E-05,5.31681E-05,-5.72329E-06,6.64493E-05
0.0022102,0.65542,0.67,5.3564,-0.087419,-0.0036274,1.0828,0.0013361,0.00030494,-0.00074052,0.0013374,-0.00026675,0.0017469,0.0786504,0.0804,0.642768,7.97882E-05,-0.01660961,-0.000689206,0.205732,4.82332E-05,1.10083E-05,-2.67328E-05,4.82801E-05,-9.62968E-06,6.30631E-05
0.00203,0.66381,0.67,5.3564,-0.089455,-0.0059582,1.0886,0.0011671,0.00024919,-0.00060592,0.0012245,-0.00038193,0.0016685,0.0796572,0.0804,0.642768,0.000073283,-0.01699645,-0.001132058,0.206834,4.21323E-05,8.99576E-06,-2.18737E-05,4.42045E-05,-1.37877E-05,6.02329E-05
0.0018098,0.67207,0.67,5.3564,-0.09168,-0.0075292,1.0938,0.0009955,0.00019145,-0.00045792,0.0011294,-0.00048495,0.0014947,0.0806484,0.0804,0.642768,6.53338E-05,-0.0174192,-0.001430548,0.207822,3.59376E-05,6.91135E-06,-1.65309E-05,4.07713E-05,-1.75067E-05,5.39587E-05
0.0015718,0.68032,0.67,5.3564,-0.093928,-0.008549,1.0977,0.00083931,0.00012753,-0.00029595,0.0010497,-0.00054449,0.0012546,0.0816384,0.0804,0.642768,5.6742E-05,-0.01784632,-0.00162431,0.208563,3.02991E-05,4.60383E-06,-1.06838E-05,3.78942E-05,-1.96561E-05,4.52911E-05
0.0013928,0.68858,0.67,5.3564,-0.096069,-0.0093768,1.1,0.00071485,6.57E-05,-0.00015046,0.00098082,-0.00057577,0.0010899,0.0826296,0.0804,0.642768,5.02801E-05,-0.01825311,-0.001781592,0.209,2.58061E-05,2.37022E-06,-5.43161E-06,3.54076E-05,-2.07853E-05,3.93454E-05
0.0013125,0.69683,0.67,5.3564,-0.098043,-0.010315,1.1025,0.00063823,1.23E-05,-6.48E-05,0.00090219,-0.00060515,0.0010847,0.0836196,0.0804,0.642768,4.73813E-05,-0.01862817,-0.00195985,0.209475,2.30401E-05,4.45402E-07,-2.34011E-06,3.25691E-05,-2.18459E-05,3.91577E-05
0.0013182,0.70509,0.67,5.3564,-0.09978,-0.011348,1.1047,0.00061061,-3.94E-05,-1.81E-05,0.00081422,-0.00063264,0.0012115,0.0846108,0.0804,0.642768,4.7587E-05,-0.0189582,-0.00215612,0.209893,2.2043E-05,-1.42252E-06,-6.5193E-07,2.93933E-05,-2.28383E-05,4.37352E-05
0.0013463,0.71335,0.67,5.3564,-0.10126,-0.012554,1.1059,0.0006189,-9.33E-05,1.81E-05,0.00073999,-0.00063651,0.0013338,0.085602,0.0804,0.642768,4.86014E-05,-0.0192394,-0.00238526,0.210121,2.23423E-05,-3.36734E-06,6.52219E-07,2.67136E-05,-2.2978E-05,4.81502E-05
0.0013599,0.7216,0.67,5.3564,-0.10254,-0.014034,1.1057,0.00064778,-0.00014028,4.82E-05,0.00070558,-0.00062586,0.0013665,0.086592,0.0804,0.642768,4.90924E-05,-0.0194826,-0.00266646,0.210083,2.33849E-05,-5.06411E-06,1.74067E-06,2.54714E-05,-2.25935E-05,4.93307E-05
0.0013757,0.72986,0.67,5.3564,-0.10356,-0.015457,1.1044,0.00068621,-0.00017493,6.27E-05,0.0007176,-0.00061481,0.0013476,0.0875832,0.0804,0.642768,4.96628E-05,-0.0196764,-0.00293683,0.209836,2.47722E-05,-6.31497E-06,2.26499E-06,2.59054E-05,-2.21946E-05,4.86484E-05
0.0014065,0.73811,0.67,5.3564,-0.10415,-0.016296,1.1018,0.00072579,-0.00019511,5.86E-05,0.00077681,-0.00061212,0.0013105,0.0885732,0.0804,0.642768,5.07747E-05,-0.0197885,-0.00309624,0.209342,2.6201E-05,-7.04347E-06,2.11438E-06,2.80428E-05,-2.20975E-05,4.73091E-05
0.0014591,0.74637,0.67,5.3564,-0.10435,-0.016331,1.0978,0.00076201,-0.00019439,3.41E-05,0.00088363,-0.0006211,0.0012726,0.0895644,0.0804,0.642768,5.26735E-05,-0.0198265,-0.00310289,0.208582,2.75086E-05,-7.01748E-06,1.23032E-06,3.1899E-05,-2.24217E-05,4.59409E-05
0.0015437,0.75463,0.67,5.3564,-0.10438,-0.015615,1.0927,0.00079451,-0.00017477,2.40E-06,0.001025,-0.00064011,0.0012679,0.0905556,0.0804,0.642768,5.57276E-05,-0.0198322,-0.00296685,0.207613,2.86818E-05,-6.3092E-06,8.66472E-08,3.70025E-05,-2.3108E-05,4.57712E-05
0.0016588,0.76288,0.67,5.3564,-0.10426,-0.014391,1.087,0.00082306,-0.00014534,-2.35E-05,0.0011809,-0.00066792,0.0013137,0.0915456,0.0804,0.642768,5.98827E-05,-0.0198094,-0.00273429,0.20653,2.97125E-05,-5.24677E-06,-8.49541E-07,4.26305E-05,-2.41119E-05,4.74246E-05
0.0017921,0.77114,0.67,5.3564,-0.10407,-0.012799,1.0817,0.00085296,-0.00011521,-5.77E-05,0.001335,-0.00071791,0.0013963,0.0925368,0.0804,0.642768,6.46948E-05,-0.0197733,-0.00243181,0.205523,3.07919E-05,-4.15908E-06,-2.08369E-06,4.81935E-05,-2.59166E-05,5.04064E-05
0.0019176,0.7794,0.67,5.3564,-0.10403,-0.010747,1.0769,0.00088495,-9.04E-05,-0.00010653,0.0014787,-0.00079558,0.0014715,0.093528,0.0804,0.642768,6.92254E-05,-0.0197657,-0.00204193,0.204611,3.19467E-05,-3.26463E-06,-3.84573E-06,5.33811E-05,-2.87204E-05,5.31212E-05
0.0020453,0.78765,0.67,5.3564,-0.10399,-0.0081118,1.0724,0.00091283,-7.19E-05,-0.00014587,0.0016166,-0.00088738,0.0015612,0.094518,0.0804,0.642768,7.38353E-05,-0.0197581,-0.001541242,0.203756,3.29532E-05,-2.59516E-06,-5.26591E-06,5.83593E-05,-3.20344E-05,5.63593E-05
0.0022012,0.79591,0.67,5.3564,-0.10368,-0.0049174,1.0679,0.00093597,-6.13E-05,-0.00015368,0.0017563,-0.00097924,0.0017102,0.0955092,0.0804,0.642768,7.94633E-05,-0.0196992,-0.000934306,0.202901,3.37885E-05,-2.2143E-06,-5.54785E-06,6.34024E-05,-3.53506E-05,6.17382E-05
0.0023701,0.80416,0.67,5.3564,-0.10328,-0.0014916,1.0631,0.00095648,-6.62E-05,-0.00011653,0.0018928,-0.0010581,0.0018908,0.0964992,0.0804,0.642768,8.55606E-05,-0.0196232,-0.000283404,0.201989,3.45289E-05,-2.39134E-06,-4.20673E-06,6.83301E-05,-3.81974E-05,6.82579E-05
0.0025353,0.81242,0.67,5.3564,-0.10294,0.0016984,1.0584,0.00097856,-9.66E-05,-4.08E-05,0.0020041,-0.00111,0.002088,0.0974904,0.0804,0.642768,9.15243E-05,-0.0195586,0.000322696,0.201096,3.5326E-05,-3.48769E-06,-1.47154E-06,7.2348E-05,-0.000040071,7.53768E-05
0.0027055,0.82068,0.67,5.3564,-0.10276,0.0044427,1.0539,0.00099989,-0.00016539,7.24E-05,0.0020834,-0.0011428,0.0023278,0.0984816,0.0804,0.642768,9.76686E-05,-0.0195244,0.000844113,0.200241,3.6096E-05,-5.97058E-06,2.61288E-06,7.52107E-05,-4.12551E-05,8.40336E-05
0.0028962,0.82893,0.67,5.3564,-0.10289,0.0069769,1.0493,0.0010072,-0.00028539,0.00023188,0.0021799,-0.001189,0.0026054,0.0994716,0.0804,0.642768,0.000104553,-0.0195491,0.001325611,0.199367,3.63599E-05,-1.03026E-05,8.37087E-06,7.86944E-05,-4.29229E-05,9.40549E-05
0.0030759,0.83719,0.67,5.3564,-0.10334,0.0095506,1.0448,0.0010005,-0.00044959,0.00040845,0.0023494,-0.0012511,0.0028018,0.1004628,0.0804,0.642768,0.00011104,-0.0196346,0.001814614,0.198512,3.61181E-05,-1.62302E-05,1.4745E-05,8.48133E-05,-4.51647E-05,0.000101145
0.003191,0.84544,0.67,5.3564,-0.10406,0.011942,1.041,0.0010083,-0.00061603,0.00054233,0.0025532,-0.0012902,0.0028205,0.1014528,0.0804,0.642768,0.000115195,-0.0197714,0.00226898,0.19779,3.63996E-05,-2.22387E-05,1.95781E-05,9.21705E-05,-4.65762E-05,0.00010182
0.0032047,0.8537,0.67,5.3564,-0.10499,0.013712,1.0374,0.0010525,-0.00073224,0.00060655,0.0026618,-0.0012818,0.0026952,0.102444,0.0804,0.642768,0.00011569,-0.0199481,0.00260528,0.197106,3.79953E-05,-2.64339E-05,2.18965E-05,9.6091E-05,-4.6273E-05,9.72967E-05
0.0030992,0.86196,0.67,5.3564,-0.10599,0.014815,1.0331,0.0011167,-0.00077773,0.00062922,0.0025925,-0.0012209,0.0024893,0.1034352,0.0804,0.642768,0.000111881,-0.0201381,0.00281485,0.196289,4.03129E-05,-2.80761E-05,2.27148E-05,9.35893E-05,-4.40745E-05,8.98637E-05
0.0029286,0.87021,0.67,5.3564,-0.10676,0.015587,1.0272,0.0011787,-0.00077221,0.00065097,0.0023997,-0.0011483,0.0022788,0.1044252,0.0804,0.642768,0.000105722,-0.0202844,0.00296153,0.195168,4.25511E-05,-2.78768E-05,2.35E-05,8.66292E-05,-4.14536E-05,8.22647E-05
0.0027857,0.87847,0.67,5.3564,-0.10715,0.016093,1.0204,0.0012528,-0.00074456,0.00069615,0.0021831,-0.0010971,0.0021355,0.1054164,0.0804,0.642768,0.000100564,-0.0203585,0.00305767,0.193876,4.52261E-05,-2.68786E-05,2.5131E-05,7.88099E-05,-3.96053E-05,7.70916E-05
0.0026635,0.88672,0.67,5.3564,-0.10735,0.016028,1.0146,0.0013562,-0.00069689,0.00075608,0.0019793,-0.00104,0.0019915,0.1064064,0.0804,0.642768,9.61524E-05,-0.0203965,0.00304532,0.192774,4.89588E-05,-2.51577E-05,2.72945E-05,7.14527E-05,-0.000037544,7.18932E-05
0.0025383,0.89498,0.67,5.3564,-0.10746,0.015401,1.0109,0.0014766,-0.00061793,0.00079271,0.0017966,-0.00096677,0.0018034,0.1073976,0.0804,0.642768,9.16326E-05,-0.0204174,0.00292619,0.192071,5.33053E-05,-2.23073E-05,2.86168E-05,6.48573E-05,-3.49004E-05,6.51027E-05
0.0024325,0.90324,0.67,5.3564,-0.1072,0.014714,1.0082,0.0015866,-0.00052258,0.00077784,0.001654,-0.00090782,0.0016244,0.1083888,0.0804,0.642768,8.78133E-05,-0.020368,0.00279566,0.191558,5.72763E-05,-1.88651E-05,2.808E-05,5.97094E-05,-3.27723E-05,5.86408E-05
0.0023582,0.91149,0.67,5.3564,-0.10656,0.014317,1.0053,0.0016738,-0.00044769,0.00072537,0.001547,-0.00086267,0.0014956,0.1093788,0.0804,0.642768,8.5131E-05,-0.0202464,0.00272023,0.191007,6.04242E-05,-1.61616E-05,2.61859E-05,5.58467E-05,-3.11424E-05,5.39912E-05
0.0023006,0.91975,0.67,5.3564,-0.10564,0.014035,1.0018,0.0017531,-0.00041354,0.00064827,0.0014489,-0.0008259,0.0013992,0.11037,0.0804,0.642768,8.30517E-05,-0.0200716,0.00266665,0.190342,6.32869E-05,-1.49288E-05,2.34025E-05,5.23053E-05,-2.9815E-05,5.05111E-05
0.0022753,0.92801,0.67,5.3564,-0.10449,0.013346,0.99798,0.0018419,-0.00041471,0.00057285,0.0013493,-0.00082718,0.0013594,0.1113612,0.0804,0.642768,8.21383E-05,-0.0198531,0.00253574,0.1896162,6.64926E-05,-1.4971E-05,2.06799E-05,4.87097E-05,-2.98612E-05,4.90743E-05
0.0022823,0.93626,0.67,5.3564,-0.10327,0.011772,0.99431,0.0019316,-0.00043599,0.00052028,0.0012657,-0.00086853,0.0013673,0.1123512,0.0804,0.642768,8.2391E-05,-0.0196213,0.00223668,0.1889189,6.97308E-05,-1.57392E-05,1.87821E-05,4.56918E-05,-3.13539E-05,4.93595E-05
0.0023432,0.94452,0.67,5.3564,-0.10209,0.0094288,0.99043,0.0020161,-0.00045804,0.00052043,0.0012225,-0.00093865,0.0014478,0.1133424,0.0804,0.642768,8.45895E-05,-0.0193971,0.001791472,0.1881817,7.27812E-05,-1.65352E-05,1.87875E-05,4.41323E-05,-3.38853E-05,5.22656E-05
0.0024918,0.95277,0.67,5.3564,-0.10092,0.0069788,0.98558,0.0021139,-0.00046885,0.00057198,0.0012302,-0.0010269,0.0016394,0.1143324,0.0804,0.642768,8.9954E-05,-0.0191748,0.001325972,0.1872602,7.63118E-05,-1.69255E-05,2.06485E-05,4.44102E-05,-3.70711E-05,5.91823E-05
0.0026915,0.96103,0.67,5.3564,-0.099709,0.0050871,0.97933,0.0022312,-0.00046525,0.00064803,0.001262,-0.0010864,0.0018898,0.1153236,0.0804,0.642768,9.71632E-05,-0.01894471,0.000966549,0.1860727,8.05463E-05,-1.67955E-05,2.33939E-05,4.55582E-05,-3.9219E-05,6.82218E-05
0.0028351,0.96929,0.67,5.3564,-0.098294,0.0041405,0.97155,0.0023541,-0.0004431,0.00073865,0.0012605,-0.0010701,0.0020557,0.1163148,0.0804,0.642768,0.000102347,-0.01867586,0.000786695,0.1845945,8.4983E-05,-1.59959E-05,2.66653E-05,4.55041E-05,-3.86306E-05,7.42108E-05
0.0028603,0.97754,0.67,5.3564,-0.097052,0.0042386,0.96277,0.0024776,-0.00040041,0.00082028,0.0012062,-0.00097289,0.0020368,0.1173048,0.0804,0.642768,0.000103257,-0.01843988,0.000805334,0.1829263,8.94414E-05,-1.44548E-05,2.96121E-05,4.35438E-05,-3.51213E-05,7.35285E-05
0.0027941,0.9858,0.67,5.3564,-0.096259,0.0050586,0.95385,0.002618,-0.00033784,0.00086927,0.0011328,-0.00081148,0.0018375,0.118296,0.0804,0.642768,0.000100867,-0.01828921,0.000961134,0.1812315,9.45098E-05,-1.2196E-05,3.13806E-05,4.08941E-05,-2.92944E-05,6.63338E-05
0.0027201,0.99405,0.67,5.3564,-0.095378,0.0060023,0.94501,0.0027629,-0.00025369,0.00084458,0.0010796,-0.00063315,0.0015976,0.119286,0.0804,0.642768,9.81956E-05,-0.01812182,0.001140437,0.1795519,9.97407E-05,-9.15821E-06,3.04893E-05,3.89736E-05,-2.28567E-05,5.76734E-05
0.0027024,1.0023,0.67,5.3564,-0.094226,0.0068992,0.9367,0.002891,-0.00015317,0.0007776,0.0010754,-0.00049813,0.0014384,0.120276,0.0804,0.642768,9.75566E-05,-0.01790294,0.001310848,0.177973,0.000104365,-5.52944E-06,2.80714E-05,3.88219E-05,-1.79825E-05,5.19262E-05
0.0027143,1.0106,0.67,5.3564,-0.09293,0.007993,0.92963,0.0030013,-4.66E-05,0.00069919,0.0011435,-0.00043389,0.0012839,0.121272,0.0804,0.642768,9.79862E-05,-0.0176567,0.00151867,0.1766297,0.000108347,-1.68132E-06,2.52408E-05,4.12804E-05,-1.56634E-05,4.63488E-05
0.0027761,1.0188,0.67,5.3564,-0.091367,0.0094299,0.92418,0.0031032,7.25E-05,0.00063084,0.0012688,-0.00043052,0.0011803,0.122256,0.0804,0.642768,0.000100217,-0.01735973,0.001791681,0.1755942,0.000112026,2.61552E-06,2.27733E-05,4.58037E-05,-1.55418E-05,4.26088E-05
0.0028765,1.0271,0.67,5.3564,-0.089484,0.010967,0.92012,0.0032031,0.00020549,0.00058385,0.001406,-0.00044301,0.001144,0.123252,0.0804,0.642768,0.000103842,-0.01700196,0.00208373,0.1748228,0.000115632,7.41819E-06,2.1077E-05,5.07566E-05,-1.59927E-05,4.12984E-05
0.0030118,1.0353,0.67,5.3564,-0.08729,0.012201,0.91677,0.0032931,0.00033538,0.00052467,0.0015209,-0.00043985,0.0012095,0.124236,0.0804,0.642768,0.000108726,-0.0165851,0.00231819,0.1741863,0.000118881,1.21072E-05,1.89406E-05,5.49045E-05,-1.58786E-05,4.3663E-05
0.0031528,1.0436,0.67,5.3564,-0.084975,0.012927,0.91361,0.0033721,0.00042877,0.00046022,0.0015783,-0.00044344,0.0013551,0.125232,0.0804,0.642768,0.000113816,-0.01614525,0.00245613,0.1735859,0.000121733,1.54786E-05,1.66139E-05,5.69766E-05,-1.60082E-05,4.89191E-05
0.0032407,1.0518,0.67,5.3564,-0.082896,0.013156,0.91032,0.0034223,0.00045568,0.00036092,0.0015477,-0.00047005,0.0015114,0.126216,0.0804,0.642768,0.000116989,-0.01575024,0.00249964,0.1729608,0.000123545,1.645E-05,1.30292E-05,5.5872E-05,-1.69688E-05,5.45615E-05
0.0032756,1.0601,0.67,5.3564,-0.081219,0.013003,0.90678,0.0034196,0.00041215,0.00025015,0.0014389,-0.00051752,0.0016928,0.127212,0.0804,0.642768,0.000118249,-0.01543161,0.00247057,0.1722882,0.000123448,1.48786E-05,9.03042E-06,5.19443E-05,-1.86825E-05,6.11101E-05
0.0032475,1.0684,0.67,5.3564,-0.079914,0.01258,0.90289,0.0033388,0.000314,0.00015991,0.0013007,-0.00058123,0.0018555,0.128208,0.0804,0.642768,0.000117235,-0.01518366,0.0023902,0.1715491,0.000120531,1.13354E-05,5.77275E-06,4.69553E-05,-2.09824E-05,6.69836E-05
0.003234,1.0766,0.67,5.3564,-0.07891,0.012072,0.89873,0.003199,0.00019281,0.0001007,0.0011863,-0.00067585,0.0020827,0.129192,0.0804,0.642768,0.000116747,-0.0149929,0.00229368,0.1707587,0.000115484,6.96044E-06,3.63527E-06,4.28254E-05,-2.43982E-05,7.51855E-05
0.003277,1.0849,0.67,5.3564,-0.078111,0.011734,0.89465,0.0030461,7.75E-05,8.63E-05,0.0011283,-0.00081696,0.0023796,0.130188,0.0804,0.642768,0.0001183,-0.01484109,0.00222946,0.1699835,0.000109964,2.79649E-06,3.11518E-06,4.07316E-05,-2.94923E-05,8.59036E-05
0.0033721,1.0931,0.67,5.3564,-0.077434,0.011759,0.89053,0.0028883,-1.16E-05,6.68E-05,0.0011238,-0.00099385,0.0027321,0.131172,0.0804,0.642768,0.000121733,-0.01471246,0.00223421,0.1692007,0.000104268,-4.18616E-07,2.41224E-06,4.05692E-05,-3.5878E-05,9.86288E-05
0.003535,1.1014,0.67,5.3564,-0.076662,0.012113,0.88606,0.0027413,-7.04E-05,4.87E-05,0.0011371,-0.0011678,0.0031915,0.132168,0.0804,0.642768,0.000127614,-0.01456578,0.00230147,0.1683514,9.89609E-05,-2.54256E-06,1.75897E-06,4.10493E-05,-4.21576E-05,0.000115213
0.0036746,1.1096,0.67,5.3564,-0.075559,0.012604,0.88114,0.002609,-0.00010694,2.21E-05,0.0011401,-0.0013014,0.0036001,0.133152,0.0804,0.642768,0.000132653,-0.01435621,0.00239476,0.1674166,9.41849E-05,-3.86053E-06,7.99037E-07,4.11576E-05,-4.69805E-05,0.000129964
0.003753,1.1179,0.67,5.3564,-0.074158,0.013105,0.87611,0.002482,-0.00013051,-2.61E-05,0.0011319,-0.0013956,0.003892,0.134148,0.0804,0.642768,0.000135483,-0.01409002,0.00248995,0.1664609,8.96002E-05,-4.71141E-06,-9.42968E-07,4.08616E-05,-5.03812E-05,0.000140501
0.0037955,1.1262,0.67,5.3564,-0.072517,0.013854,0.87105,0.0023621,-0.00014276,-6.39E-05,0.0011237,-0.001461,0.0041051,0.135144,0.0804,0.642768,0.000137018,-0.01377823,0.00263226,0.1654995,8.52718E-05,-5.15364E-06,-2.30542E-06,4.05656E-05,-5.27421E-05,0.000148194
0.0038465,1.1344,0.67,5.3564,-0.070649,0.015193,0.86598,0.002245,-0.0001378,-7.80E-05,0.0011351,-0.001504,0.0043129,0.136128,0.0804,0.642768,0.000138859,-0.01342331,0.00288667,0.1645362,8.10445E-05,-4.97458E-06,-2.81428E-06,4.09771E-05,-5.42944E-05,0.000155696
0.0039293,1.1427,0.67,5.3564,-0.068534,0.017198,0.86158,0.0021351,-0.00012205,-6.41E-05,0.0011906,-0.0015353,0.0045328,0.137124,0.0804,0.642768,0.000141848,-0.01302146,0.00326762,0.1637002,7.70771E-05,-4.40601E-06,-2.3134E-06,4.29807E-05,-5.54243E-05,0.000163634
0.0040135,1.1509,0.67,5.3564,-0.066117,0.019484,0.85827,0.0020482,-0.00010923,-2.46E-05,0.0013114,-0.0015893,0.0046673,0.138108,0.0804,0.642768,0.000144887,-0.01256223,0.00370196,0.1630713,7.394E-05,-3.9432E-06,-8.88421E-07,4.73415E-05,-5.73737E-05,0.00016849
0.0040582,1.1592,0.67,5.3564,-0.063433,0.021233,0.85574,0.001974,-0.00010669,3.09E-05,0.0014958,-0.0016995,0.0046465,0.139104,0.0804,0.642768,0.000146501,-0.01205227,0.00403427,0.1625906,7.12614E-05,-3.85151E-06,1.11708E-06,5.39984E-05,-6.1352E-05,0.000167739
0.0040505,1.1674,0.67,5.3564,-0.060585,0.021793,0.85351,0.0018988,-9.64E-05,6.63E-05,0.0017009,-0.0018372,0.0045014,0.140088,0.0804,0.642768,0.000146223,-0.01151115,0.00414067,0.1621669,6.85467E-05,-3.4813E-06,2.39426E-06,6.14025E-05,-6.63229E-05,0.000162501
0.0040066,1.1757,0.67,5.3564,-0.05782,0.02141,0.85185,0.0018433,-6.17E-05,8.45E-05,0.0018672,-0.0019526,0.0043026,0.141084,0.0804,0.642768,0.000144638,-0.0109858,0.0040679,0.1618515,6.65431E-05,-2.22831E-06,3.04879E-06,6.74059E-05,-7.04889E-05,0.000155324
0.0039617,1.1839,0.67,5.3564,-0.05529,0.020841,0.85147,0.0018219,-1.63E-05,6.32E-05,0.0019471,-0.0020431,0.0041545,0.142068,0.0804,0.642768,0.000143017,-0.0105051,0.00395979,0.1617793,6.57706E-05,-5.88935E-07,2.28329E-06,7.02903E-05,-7.37559E-05,0.000149977
0.0039023,1.1922,0.67,5.3564,-0.052979,0.020477,0.85213,0.0018118,2.32E-05,-9.60E-06,0.0019123,-0.0020883,0.0040807,0.143064,0.0804,0.642768,0.000140873,-0.01006601,0.00389063,0.1619047,6.5406E-05,8.39145E-07,-3.46647E-07,6.9034E-05,-7.53876E-05,0.000147313
0.0038048,1.2005,0.67,5.3564,-0.05076,0.020314,0.85309,0.0017899,4.19E-05,-0.0001052,0.0017592,-0.0020561,0.0040605,0.14406,0.0804,0.642768,0.000137353,-0.0096444,0.00385966,0.1620871,6.46154E-05,1.511E-06,-3.79772E-06,6.35071E-05,-7.42252E-05,0.000146584
0.003702,1.2087,0.67,5.3564,-0.048454,0.020245,0.85406,0.0017635,2.93E-05,-0.0001808,0.0015285,-0.0019608,0.004112,0.145044,0.0804,0.642768,0.000133642,-0.00920626,0.00384655,0.1622714,6.36624E-05,1.0595E-06,-6.52688E-06,5.51789E-05,-7.07849E-05,0.000148443
0.003582,1.217,0.67,5.3564,-0.045958,0.020127,0.85501,0.0017283,1.62E-07,-0.00019662,0.001311,-0.001828,0.0041246,0.14604,0.0804,0.642768,0.00012931,-0.00873202,0.00382413,0.1624519,6.23916E-05,5.83159E-09,-7.09798E-06,4.73271E-05,-6.59908E-05,0.000148898
0.0034038,1.2252,0.67,5.3564,-0.043341,0.019846,0.85661,0.0016573,-2.64E-05,-0.00014688,0.0011791,-0.0016835,0.0039712,0.147024,0.0804,0.642768,0.000122877,-0.00823479,0.00377074,0.1627559,5.98285E-05,-9.53221E-07,-5.30237E-06,4.25655E-05,-6.07744E-05,0.00014336
0.0031621,1.2335,0.67,5.3564,-0.040766,0.019469,0.85963,0.0015492,-3.81E-05,-3.54E-05,0.001147,-0.0015553,0.0036279,0.14802,0.0804,0.642768,0.000114152,-0.00774554,0.00369911,0.1633297,5.59261E-05,-1.37682E-06,-1.27946E-06,4.14067E-05,-5.61463E-05,0.000130967
0.0028844,1.2417,0.67,5.3564,-0.038257,0.019071,0.86385,0.0014388,-2.79E-05,8.34E-05,0.0011779,-0.0014219,0.003152,0.149004,0.0804,0.642768,0.000104127,-0.00726883,0.00362349,0.1641315,5.19407E-05,-1.00687E-06,3.01114E-06,4.25222E-05,-5.13306E-05,0.000113787
0.0026029,1.25,0.67,5.3564,-0.035711,0.018472,0.8684,0.0013564,-5.54E-06,0.00014935,0.0012138,-0.0012392,0.0026355,0.15,0.0804,0.642768,9.39647E-05,-0.00678509,0.00350968,0.164996,4.8966E-05,-1.99998E-07,5.39154E-06,4.38182E-05,-4.47351E-05,9.51416E-05
0.0023852,1.2583,0.67,5.3564,-0.032961,0.017259,0.87287,0.0013232,1.26E-05,0.00016252,0.0012318,-0.0010001,0.0022154,0.150996,0.0804,0.642768,8.61057E-05,-0.00626259,0.00327921,0.1658453,4.77675E-05,4.56376E-07,5.86697E-06,4.4468E-05,-3.61036E-05,7.99759E-05
0.002254,1.2665,0.67,5.3564,-0.02992,0.015243,0.8771,0.001339,1.15E-05,0.00017084,0.0012482,-0.00074853,0.0019208,0.15198,0.0804,0.642768,8.13694E-05,-0.0056848,0.00289617,0.166649,4.83379E-05,4.16377E-07,6.16732E-06,4.506E-05,-2.70219E-05,6.93409E-05
0.0021652,1.2748,0.67,5.3564,-0.026707,0.012523,0.88042,0.0013469,-1.06E-05,0.00017804,0.0012712,-0.00055282,0.0017122,0.152976,0.0804,0.642768,7.81637E-05,-0.00507433,0.00237937,0.1672798,4.86231E-05,-3.83382E-07,6.42724E-06,4.58903E-05,-1.99568E-05,6.18104E-05
0.002117,1.283,0.67,5.3564,-0.02363,0.0096493,0.88243,0.0013284,-3.65E-05,0.00017182,0.0012949,-0.00042563,0.0016108,0.15396,0.0804,0.642768,7.64237E-05,-0.0044897,0.001833367,0.1676617,4.79552E-05,-1.31852E-06,6.2027E-06,4.67459E-05,-1.53652E-05,5.81499E-05
0.0021407,1.2913,0.67,5.3564,-0.020966,0.0074977,0.88356,0.0013356,-5.88E-05,0.00014027,0.0013327,-0.00030466,0.0016132,0.154956,0.0804,0.642768,7.72793E-05,-0.00398354,0.001424563,0.1678764,4.82152E-05,-2.1234E-06,5.06375E-06,4.81105E-05,-1.09982E-05,5.82365E-05
0.0021846,1.2995,0.67,5.3564,-0.01869,0.0063907,0.88386,0.0013605,-8.07E-05,9.80E-05,0.0013749,-0.00015593,0.0016338,0.15594,0.0804,0.642768,7.88641E-05,-0.0035511,0.001214233,0.1679334,4.91141E-05,-2.91334E-06,3.53784E-06,4.96339E-05,-5.62907E-06,5.89802E-05
0.0021844,1.3078,0.67,5.3564,-0.016522,0.0059293,0.88329,0.0013421,-9.48E-05,8.92E-05,0.0013681,-5.84E-06,0.0016585,0.156936,0.0804,0.642768,7.88568E-05,-0.00313918,0.001126567,0.1678251,4.84498E-05,-3.42315E-06,3.22077E-06,4.93884E-05,-2.10979E-07,5.98719E-05
0.0021412,1.316,0.67,5.3564,-0.014319,0.0056432,0.88236,0.0012938,-9.69E-05,8.89E-05,0.0012661,0.0001239,0.0017225,0.15792,0.0804,0.642768,7.72973E-05,-0.00272061,0.001072208,0.1676484,4.67062E-05,-3.49697E-06,3.20824E-06,4.57062E-05,4.47279E-06,6.21823E-05
0.0020268,1.3243,0.67,5.3564,-0.01207,0.0054915,0.88121,0.0012443,-9.08E-05,5.42E-05,0.0010844,0.00021839,0.001725,0.158916,0.0804,0.642768,7.31675E-05,-0.0022933,0.001043385,0.1674299,4.49192E-05,-3.27737E-06,1.95543E-06,3.91468E-05,7.88388E-06,6.22725E-05
0.0018784,1.3326,0.67,5.3564,-0.0097381,0.0055872,0.87956,0.0011762,-7.91E-05,4.31E-05,0.00089443,0.00026255,0.0016862,0.159912,0.0804,0.642768,6.78102E-05,-0.001850239,0.001061568,0.1671164,4.24608E-05,-2.85623E-06,1.55692E-06,3.22889E-05,9.47806E-06,6.08718E-05
0.0017475,1.3408,0.67,5.3564,-0.0073364,0.0057156,0.8774,0.0011291,-6.20E-05,2.36E-05,0.00074419,0.00025185,0.0016216,0.160896,0.0804,0.642768,6.30848E-05,-0.001393916,0.001085964,0.166706,4.07605E-05,-2.23982E-06,8.52068E-07,2.68653E-05,9.09179E-06,5.85398E-05
0.0015996,1.3491,0.67,5.3564,-0.0048708,0.005502,0.87491,0.0011046,-4.23E-05,-3.74E-05,0.00064002,0.00019964,0.0014547,0.161892,0.0804,0.642768,5.77456E-05,-0.000925452,0.00104538,0.1662329,3.98761E-05,-1.52746E-06,-1.35144E-06,2.31047E-05,7.207E-06,5.25147E-05
0.0014427,1.3573,0.67,5.3564,-0.002219,0.0048647,0.87256,0.0010376,-2.57E-05,-3.29E-05,0.00057786,0.00012699,0.00127,0.162876,0.0804,0.642768,5.20815E-05,-0.00042161,0.000924293,0.1657864,3.74574E-05,-9.26687E-07,-1.18693E-06,2.08607E-05,4.58434E-06,0.000045847
0.0013697,1.3656,0.67,5.3564,0.0005371,0.0039106,0.87115,0.00099183,-9.95E-06,-4.76E-05,0.00054817,5.19E-05,0.0011994,0.163872,0.0804,0.642768,4.94462E-05,0.000102049,0.000743014,0.1655185,3.58051E-05,-3.59227E-07,-1.71998E-06,1.97889E-05,1.87204E-06,4.32983E-05
0.0012937,1.3738,0.67,5.3564,0.0032244,0.0028178,0.8711,0.00097437,2.45E-06,-0.00010141,0.00053784,-1.74E-05,0.0010751,0.164856,0.0804,0.642768,4.67026E-05,0.000612636,0.000535382,0.165509,3.51748E-05,8.84089E-08,-3.6609E-06,1.9416E-05,-6.29584E-07,3.88111E-05
0.0011942,1.3821,0.67,5.3564,0.005891,0.0018307,0.87215,0.00090048,4.95E-06,-7.19E-05,0.00054423,-7.11E-05,0.00094371,0.165852,0.0804,0.642768,4.31106E-05,0.00111929,0.000347833,0.1657085,3.25073E-05,1.78605E-07,-2.59685E-06,1.96467E-05,-2.56722E-06,3.40679E-05
0.0011869,1.3903,0.67,5.3564,0.0085458,0.0012593,0.87369,0.0008399,3.59E-06,-5.46E-05,0.00057008,-0.00011207,0.00096376,0.166836,0.0804,0.642768,4.28471E-05,0.001623702,0.000239267,0.1660011,3.03204E-05,1.29458E-07,-1.97055E-06,2.05799E-05,-4.04573E-06,3.47917E-05
0.0011772,1.3986,0.67,5.3564,0.011115,0.0011486,0.87524,0.00082178,-2.60E-08,-6.76E-05,0.00061518,-0.00014651,0.00091744,0.167832,0.0804,0.642768,4.24969E-05,0.00211185,0.000218234,0.1662956,2.96663E-05,-9.37048E-10,-2.43975E-06,2.2208E-05,-5.28901E-06,3.31196E-05
0.0012304,1.4069,0.67,5.3564,0.013592,0.0012197,0.87673,0.00082066,-1.11E-05,-8.20E-05,0.00067387,-0.00016484,0.00096627,0.168828,0.0804,0.642768,4.44174E-05,0.00258248,0.000231743,0.1665787,2.96258E-05,-4.01215E-07,-2.95988E-06,2.43267E-05,-5.95072E-06,3.48823E-05
0.0012961,1.4151,0.67,5.3564,0.016026,0.0012904,0.8792,0.00083728,-2.54E-05,-0.00010315,0.00074471,-0.00019184,0.0010103,0.169812,0.0804,0.642768,4.67892E-05,0.00304494,0.000245176,0.167048,3.02258E-05,-9.17373E-07,-3.72372E-06,2.6884E-05,-6.92542E-06,3.64718E-05
0.0013126,1.4234,0.67,5.3564,0.018376,0.0012287,0.88293,0.00082871,-4.70E-05,-6.82E-05,0.00083297,-0.00022237,0.00096345,0.170808,0.0804,0.642768,4.73849E-05,0.00349144,0.000233453,0.1677567,2.99164E-05,-1.69742E-06,-2.46242E-06,3.00702E-05,-8.02756E-06,3.47805E-05
0.0014013,1.4316,0.67,5.3564,0.020597,0.0010115,0.88742,0.00081575,-7.99E-05,-6.38E-05,0.00093983,-0.00024376,0.0010469,0.171792,0.0804,0.642768,5.05869E-05,0.00391343,0.000192185,0.1686098,2.94486E-05,-2.8836E-06,-2.30307E-06,3.39279E-05,-8.79974E-06,3.77931E-05
0.0014832,1.4399,0.67,5.3564,0.022611,0.00043781,0.89256,0.00080844,-0.00011735,-8.02E-05,0.001061,-0.00025652,0.0010969,0.172788,0.0804,0.642768,5.35435E-05,0.00429609,8.31839E-05,0.1695864,2.91847E-05,-4.23634E-06,-2.89601E-06,3.83021E-05,-9.26037E-06,3.95981E-05
0.0015614,1.4481,0.67,5.3564,0.024385,-0.00072804,0.89827,0.0007943,-0.00015639,-7.32E-05,0.0011829,-0.00026038,0.0011456,0.173772,0.0804,0.642768,5.63665E-05,0.00463315,-0.000138328,0.1706713,2.86742E-05,-5.64568E-06,-2.64313E-06,4.27027E-05,-9.39972E-06,4.13562E-05
0.0016328,1.4564,0.67,5.3564,0.025983,-0.0023506,0.90456,0.00078675,-0.000192,-7.42E-05,0.0012875,-0.00026281,0.0011913,0.174768,0.0804,0.642768,5.89441E-05,0.00493677,-0.000446614,0.1718664,2.84017E-05,-6.9312E-06,-2.67696E-06,4.64788E-05,-9.48744E-06,4.30059E-05
0.0016919,1.4647,0.67,5.3564,0.027538,-0.004344,0.91125,0.00077633,-0.00021853,-5.21E-05,0.0013643,-0.00027985,0.0012431,0.175764,0.0804,0.642768,6.10776E-05,0.00523222,-0.00082536,0.1731375,2.80255E-05,-7.88893E-06,-1.87933E-06,4.92512E-05,-1.01026E-05,4.48759E-05
0.0017399,1.4729,0.67,5.3564,0.029138,-0.006534,0.91772,0.00075929,-0.00023788,-1.25E-05,0.001412,-0.00032515,0.0013085,0.176748,0.0804,0.642768,6.28104E-05,0.00553622,-0.00124146,0.1743668,2.74104E-05,-8.58747E-06,-4.4977E-07,5.09732E-05,-1.17379E-05,4.72369E-05
0.0017728,1.4812,0.67,5.3564,0.030808,-0.0087928,0.92333,0.00073672,-0.00025459,2.95E-05,0.0014262,-0.00040283,0.0013827,0.177744,0.0804,0.642768,6.39981E-05,0.00585352,-0.001670632,0.1754327,2.65956E-05,-9.1907E-06,1.06668E-06,5.14858E-05,-1.45422E-05,4.99155E-05
0.0018085,1.4894,0.67,5.3564,0.032566,-0.010848,0.9279,0.00071059,-0.00026369,6.41E-05,0.001403,-0.00052882,0.0015035,0.178728,0.0804,0.642768,6.52869E-05,0.00618754,-0.00206112,0.176301,2.56523E-05,-9.51921E-06,2.31246E-06,5.06483E-05,-1.90904E-05,5.42764E-05
0.0018558,1.4977,0.67,5.3564,0.034371,-0.012115,0.93169,0.00068212,-0.00025993,9.69E-05,0.0013512,-0.00068975,0.0016783,0.179724,0.0804,0.642768,6.69944E-05,0.00653049,-0.00230185,0.1770211,2.46245E-05,-9.38347E-06,3.49971E-06,4.87783E-05,-2.49E-05,6.05866E-05
0.0019258,1.5059,0.67,5.3564,0.036257,-0.012193,0.93568,0.00065949,-0.00024976,0.00014805,0.0013107,-0.00085126,0.0018814,0.180708,0.0804,0.642768,6.95214E-05,0.00688883,-0.00231667,0.1777792,2.38076E-05,-9.01634E-06,5.34461E-06,4.73163E-05,-3.07305E-05,6.79185E-05
0.0020172,1.5142,0.67,5.3564,0.038254,-0.011228,0.94048,0.00064703,-0.00024391,0.00023317,0.0013193,-0.00098674,0.002068,0.181704,0.0804,0.642768,7.28209E-05,0.00726826,-0.00213332,0.1786912,2.33578E-05,-8.80515E-06,8.41744E-06,4.76267E-05,-3.56213E-05,7.46548E-05
0.0021106,1.5224,0.67,5.3564,0.040323,-0.0099933,0.94589,0.00063421,-0.0002494,0.00031624,0.0013695,-0.0010771,0.0022175,0.182688,0.0804,0.642768,7.61927E-05,0.00766137,-0.001898727,0.1797191,2.2895E-05,-9.00334E-06,1.14163E-05,4.9439E-05,-3.88833E-05,8.00518E-05
0.0021776,1.5307,0.67,5.3564,0.042443,-0.0091065,0.95128,0.00061608,-0.00026117,0.00037532,0.0014262,-0.0011219,0.002313,0.183684,0.0804,0.642768,7.86114E-05,0.00806417,-0.001730235,0.1807432,2.22405E-05,-9.42824E-06,1.35491E-05,5.14858E-05,-4.05006E-05,8.34993E-05
0.0021996,1.539,0.67,5.3564,0.044666,-0.0088865,0.95604,0.00059679,-0.00026733,0.0003991,0.0014521,-0.0011305,0.0023502,0.18468,0.0804,0.642768,7.94056E-05,0.00848654,-0.001688435,0.1816476,2.15441E-05,-9.65061E-06,1.44075E-05,5.24208E-05,-4.08111E-05,8.48422E-05
0.002154,1.5472,0.67,5.3564,0.046989,-0.0090649,0.96013,0.00057142,-0.00026761,0.00038905,0.0014388,-0.0011149,0.0022977,0.185664,0.0804,0.642768,7.77594E-05,0.00892791,-0.001722331,0.1824247,2.06283E-05,-9.66072E-06,1.40447E-05,5.19407E-05,-4.02479E-05,8.2947E-05
0.0020752,1.5555,0.67,5.3564,0.049163,-0.0090978,0.96348,0.00054366,-0.00026513,0.00036102,0.0014017,-0.0010875,0.002205,0.18666,0.0804,0.642768,7.49147E-05,0.00934097,-0.001728582,0.1830612,1.96261E-05,-9.57119E-06,1.30328E-05,5.06014E-05,-3.92588E-05,7.96005E-05
0.0020015,1.5637,0.67,5.3564,0.050954,-0.0089152,0.96579,0.000532,-0.00026011,0.0003246,0.0013468,-0.0010573,0.0021242,0.187644,0.0804,0.642768,7.22542E-05,0.00968126,-0.001693888,0.1835001,1.92052E-05,-9.38997E-06,1.17181E-05,4.86195E-05,-3.81685E-05,7.66836E-05
0.0019427,1.572,0.67,5.3564,0.052494,-0.0086191,0.96707,0.00054033,-0.00025734,0.00029438,0.0012753,-0.0010281,0.0020699,0.18864,0.0804,0.642768,7.01315E-05,0.00997386,-0.001637629,0.1837433,1.95059E-05,-9.28997E-06,1.06271E-05,4.60383E-05,-3.71144E-05,7.47234E-05
0.0018847,1.5802,0.67,5.3564,0.053921,-0.0082742,0.96764,0.0005617,-0.00025683,0.00027051,0.0012006,-0.00098714,0.0020071,0.189624,0.0804,0.642768,6.80377E-05,0.01024499,-0.001572098,0.1838516,2.02774E-05,-9.27156E-06,9.76541E-06,4.33417E-05,-3.56358E-05,7.24563E-05
0.0018187,1.5885,0.67,5.3564,0.055105,-0.0077773,0.96798,0.00058479,-0.00025576,0.00025416,0.0011441,-0.00093384,0.0019086,0.19062,0.0804,0.642768,6.56551E-05,0.01046995,-0.001477687,0.1839162,2.11109E-05,-9.23294E-06,9.17518E-06,4.1302E-05,-3.37116E-05,6.89005E-05
0.0017574,1.5968,0.67,5.3564,0.056004,-0.0068834,0.96803,0.00060213,-0.0002591,0.00024722,0.0011238,-0.000883,0.0017889,0.191616,0.0804,0.642768,6.34421E-05,0.01064076,-0.001307846,0.1839257,2.17369E-05,-9.35351E-06,8.92464E-06,4.05692E-05,-3.18763E-05,6.45793E-05
0.001719,1.605,0.67,5.3564,0.056739,-0.0054779,0.96707,0.0006199,-0.000275,0.00024817,0.0011427,-0.00083271,0.0016754,0.1926,0.0804,0.642768,6.20559E-05,0.01078041,-0.001040801,0.1837433,2.23784E-05,-9.9275E-06,8.95894E-06,4.12515E-05,-3.00608E-05,6.04819E-05
0.0016899,1.6133,0.67,5.3564,0.057349,-0.0036562,0.96461,0.00064556,-0.00029881,0.00023868,0.0011849,-0.00074841,0.0015493,0.193596,0.0804,0.642768,6.10054E-05,0.01089631,-0.000694678,0.1832759,2.33047E-05,-1.0787E-05,8.61635E-06,4.27749E-05,-2.70176E-05,5.59297E-05
0.0016412,1.6215,0.67,5.3564,0.057855,-0.001582,0.96136,0.00068033,-0.00031059,0.00020094,0.0012166,-0.00060241,0.0013855,0.19458,0.0804,0.642768,5.92473E-05,0.01099245,-0.00030058,0.1826584,2.45599E-05,-1.12123E-05,7.25393E-06,4.39193E-05,-2.1747E-05,5.00166E-05
0.0015682,1.6298,0.67,5.3564,0.058292,0.00071698,0.95898,0.00072357,-0.00030059,0.00013901,0.0012144,-0.00043724,0.0011984,0.195576,0.0804,0.642768,5.6612E-05,0.01107548,0.000136226,0.1822062,2.61209E-05,-1.08513E-05,5.01826E-06,4.38398E-05,-1.57844E-05,4.32622E-05
0.0014973,1.638,0.67,5.3564,0.058666,0.0032625,0.9589,0.00077426,-0.00027886,7.09E-05,0.0011838,-0.00031881,0.0010365,0.19656,0.0804,0.642768,5.40525E-05,0.01114654,0.000619875,0.182191,2.79508E-05,-1.00668E-05,2.55787E-06,4.27352E-05,-1.1509E-05,3.74177E-05
0.00146,1.6463,0.67,5.3564,0.058928,0.0057608,0.96114,0.00083565,-0.00025874,1.87E-05,0.0011434,-0.0002521,0.00094094,0.197556,0.0804,0.642768,0.000052706,0.01119632,0.001094552,0.1826166,3.0167E-05,-9.34051E-06,6.76297E-07,4.12767E-05,-9.10081E-06,3.39679E-05
0.0014606,1.6545,0.67,5.3564,0.058921,0.0078121,0.96444,0.00091526,-0.00024603,1.25E-07,0.001105,-0.00021478,0.00090106,0.19854,0.0804,0.642768,5.27277E-05,0.01119499,0.001484299,0.1832436,3.30409E-05,-8.88168E-06,4.50239E-09,3.98905E-05,-7.75356E-06,3.25283E-05
0.0014763,1.6628,0.67,5.3564,0.05858,0.0092055,0.96783,0.0010158,-0.00023539,-5.26E-06,0.0010666,-0.00019096,0.00087013,0.199536,0.0804,0.642768,5.32944E-05,0.0111302,0.001749045,0.1838877,3.66704E-05,-8.49758E-06,-1.8981E-07,3.85043E-05,-6.89366E-06,3.14117E-05
0.0015245,1.6711,0.67,5.3564,0.058052,0.0099019,0.9707,0.0011374,-0.00021735,-9.29E-06,0.0010282,-0.00016563,0.00088335,0.200532,0.0804,0.642768,5.50345E-05,0.01102988,0.001881361,0.184433,4.10601E-05,-7.84634E-06,-3.35214E-07,3.7118E-05,-5.97924E-06,3.18889E-05
0.001651,1.6793,0.67,5.3564,0.057588,0.010346,0.97281,0.0012772,-0.00019681,6.23E-06,0.0010131,-0.00013749,0.0010117,0.201516,0.0804,0.642768,5.96011E-05,0.01094172,0.00196574,0.1848339,4.61069E-05,-7.10484E-06,2.24791E-07,3.65729E-05,-4.96339E-06,3.65224E-05
0.0018507,1.6876,0.67,5.3564,0.057376,0.011185,0.97523,0.0014246,-0.00018908,5.61E-05,0.0010574,-0.00012952,0.0012194,0.202512,0.0804,0.642768,6.68103E-05,0.01090144,0.00212515,0.1852937,5.14281E-05,-6.82579E-06,2.02514E-06,3.81721E-05,-4.67567E-06,4.40203E-05
0.0020758,1.6958,0.67,5.3564,0.057397,0.012328,0.97744,0.0015714,-0.000206,0.00015127,0.0011424,-0.00018369,0.0014378,0.203496,0.0804,0.642768,7.49364E-05,0.01090543,0.00234232,0.1857136,5.67275E-05,-7.4366E-06,5.46085E-06,4.12406E-05,-6.63121E-06,5.19046E-05
0.0023053,1.7041,0.67,5.3564,0.0576,0.013056,0.9773,0.0017284,-0.00024626,0.00029381,0.0011733,-0.0003135,0.0017089,0.204492,0.0804,0.642768,8.32213E-05,0.010944,0.00248064,0.185687,6.23952E-05,-8.88999E-06,1.06065E-05,4.23561E-05,-1.13174E-05,6.16913E-05
0.0024459,1.7123,0.67,5.3564,0.058137,0.013115,0.97632,0.0019104,-0.00027829,0.0004434,0.0011149,-0.00038319,0.0018664,0.205476,0.0804,0.642768,8.8297E-05,0.01104603,0.00249185,0.1855008,6.89654E-05,-1.00463E-05,1.60067E-05,4.02479E-05,-1.38332E-05,6.7377E-05
0.0023992,1.7206,0.67,5.3564,0.059186,0.012789,0.97718,0.002096,-0.00027329,0.00052074,0.0010328,-0.0003021,0.0016695,0.206472,0.0804,0.642768,8.66111E-05,0.01124534,0.00242991,0.1856642,7.56656E-05,-9.86577E-06,1.87987E-05,3.72841E-05,-1.09058E-05,6.0269E-05
0.0022637,1.7289,0.67,5.3564,0.06065,0.012346,0.97935,0.002242,-0.0002478,0.0005069,0.0010036,-0.00018086,0.0012817,0.207468,0.0804,0.642768,8.17196E-05,0.0115235,0.00234574,0.1860765,8.09362E-05,-8.94558E-06,1.82991E-05,3.623E-05,-6.52905E-06,4.62694E-05
0.0021918,1.7371,0.67,5.3564,0.062179,0.012064,0.98135,0.0023416,-0.00023906,0.00045849,0.001064,-0.00012347,0.00097788,0.208452,0.0804,0.642768,7.9124E-05,0.01181401,0.00229216,0.1864565,8.45318E-05,-8.63007E-06,1.65515E-05,3.84104E-05,-4.45727E-06,3.53015E-05
0.0022103,1.7454,0.67,5.3564,0.063487,0.012247,0.98276,0.0024187,-0.00027025,0.00042771,0.0011806,-0.00012242,0.00082122,0.209448,0.0804,0.642768,7.97918E-05,0.01206253,0.00232693,0.1867244,8.73151E-05,-9.75603E-06,1.54403E-05,4.26197E-05,-4.41936E-06,2.9646E-05
0.0022632,1.7536,0.67,5.3564,0.064533,0.013176,0.984,0.002465,-0.00034708,0.00042458,0.0013004,-0.00013679,0.00076092,0.210432,0.0804,0.642768,8.17015E-05,0.01226127,0.00250344,0.18696,8.89865E-05,-1.25296E-05,1.53273E-05,4.69444E-05,-4.93812E-06,2.74692E-05
0.0022979,1.7619,0.67,5.3564,0.065324,0.014575,0.9859,0.002454,-0.00045562,0.00042074,0.0014256,-0.00014473,0.00071619,0.211428,0.0804,0.642768,8.29542E-05,0.01241156,0.00276925,0.187321,8.85894E-05,-1.64479E-05,1.51887E-05,5.14642E-05,-5.22475E-06,2.58545E-05
0.0023198,1.7701,0.67,5.3564,0.065789,0.015444,0.98815,0.002403,-0.00056397,0.00040959,0.0015613,-0.00013217,0.0006753,0.212412,0.0804,0.642768,8.37448E-05,0.01249991,0.00293436,0.1877485,8.67483E-05,-2.03593E-05,1.47862E-05,5.63629E-05,-4.77134E-06,2.43783E-05
0.0023329,1.7784,0.67,5.3564,0.065941,0.015118,0.98983,0.0023411,-0.00064179,0.00039944,0.0016495,-0.00013323,0.00067534,0.213408,0.0804,0.642768,8.42177E-05,0.01252879,0.00287242,0.1880677,8.45137E-05,-2.31686E-05,1.44198E-05,5.9547E-05,-4.8096E-06,2.43798E-05
0.002322,1.7866,0.67,5.3564,0.065896,0.013926,0.99159,0.0022632,-0.00067691,0.00038479,0.0016665,-0.00017345,0.00071432,0.214392,0.0804,0.642768,8.38242E-05,0.01252024,0.00264594,0.1884021,8.17015E-05,-2.44365E-05,1.38909E-05,6.01607E-05,-6.26155E-06,2.5787E-05
0.0022982,1.7949,0.67,5.3564,0.06575,0.012591,0.99425,0.0021628,-0.0006756,0.0003766,0.0016533,-0.00023238,0.00078038,0.215388,0.0804,0.642768,8.2965E-05,0.0124925,0.00239229,0.1889075,7.80771E-05,-2.43892E-05,1.35953E-05,5.96841E-05,-8.38892E-06,2.81717E-05
0.0022875,1.8032,0.67,5.3564,0.065582,0.011599,0.99764,0.0020541,-0.00065162,0.00040883,0.0016452,-0.00029906,0.00087564,0.216384,0.0804,0.642768,8.25788E-05,0.01246058,0.00220381,0.1895516,7.4153E-05,-2.35235E-05,1.47588E-05,5.93917E-05,-1.07961E-05,3.16106E-05
0.0023068,1.8114,0.67,5.3564,0.065457,0.011131,1.0011,0.0019542,-0.00062991,0.00049342,0.001659,-0.00037997,0.0010003,0.217368,0.0804,0.642768,8.32755E-05,0.01243683,0.00211489,0.190209,7.05466E-05,-2.27398E-05,1.78125E-05,5.98899E-05,-1.37169E-05,3.61108E-05
0.0023608,1.8197,0.67,5.3564,0.065409,0.011241,1.0037,0.001869,-0.00063332,0.00060554,0.0016959,-0.00049739,0.0011567,0.218364,0.0804,0.642768,8.52249E-05,0.01242771,0.00213579,0.190703,6.74709E-05,-2.28629E-05,2.186E-05,6.1222E-05,-1.79558E-05,4.17569E-05
0.0024521,1.8279,0.67,5.3564,0.065439,0.011764,1.0053,0.0018019,-0.00067217,0.00071601,0.0017593,-0.00064123,0.0013429,0.219348,0.0804,0.642768,8.85208E-05,0.01243341,0.00223516,0.191007,6.50486E-05,-2.42653E-05,2.5848E-05,6.35107E-05,-2.31484E-05,4.84787E-05
0.0025581,1.8362,0.67,5.3564,0.065522,0.012414,1.006,0.0017528,-0.00074272,0.00080551,0.0018452,-0.00078188,0.0015181,0.220344,0.0804,0.642768,9.23474E-05,0.01244918,0.00235866,0.19114,6.32761E-05,-2.68122E-05,2.90789E-05,6.66117E-05,-2.82259E-05,5.48034E-05
0.0026344,1.8446,0.67,5.3564,0.065655,0.013172,1.0063,0.001709,-0.00081659,0.00084552,0.0019248,-0.00088417,0.001635,0.221352,0.0804,0.642768,9.51018E-05,0.01247445,0.00250268,0.191197,6.16949E-05,-2.94789E-05,3.05233E-05,6.94853E-05,-3.19185E-05,5.90235E-05
0.0026521,1.8534,0.67,5.3564,0.065844,0.014011,1.0067,0.0016591,-0.000858,0.00083087,0.001942,-0.00094561,0.0017031,0.222408,0.0804,0.642768,9.57408E-05,0.01251036,0.00266209,0.191273,5.98935E-05,-3.09738E-05,2.99944E-05,7.01062E-05,-3.41365E-05,6.14819E-05
0.0026053,1.8626,0.67,5.3564,0.066103,0.014573,1.0069,0.0016103,-0.00085815,0.00077047,0.0018642,-0.00097167,0.001736,0.223512,0.0804,0.642768,9.40513E-05,0.01255957,0.00276887,0.191311,5.81318E-05,-3.09792E-05,2.7814E-05,6.72976E-05,-3.50773E-05,6.26696E-05
0.0025684,1.8723,0.67,5.3564,0.066388,0.014244,1.0077,0.0015776,-0.00084981,0.00070672,0.0017711,-0.00098096,0.001788,0.224676,0.0804,0.642768,9.27192E-05,0.01261372,0.00270636,0.191463,5.69514E-05,-3.06781E-05,2.55126E-05,6.39367E-05,-3.54127E-05,6.45468E-05
0.002606,1.8824,0.67,5.3564,0.066571,0.013491,1.0094,0.0015676,-0.0008482,0.00063757,0.0017406,-0.00099967,0.0019038,0.225888,0.0804,0.642768,9.40766E-05,0.01264849,0.00256329,0.191786,5.65904E-05,-3.062E-05,2.30163E-05,6.28357E-05,-3.60881E-05,6.87272E-05
0.0027001,1.8931,0.67,5.3564,0.066481,0.013438,1.0127,0.0015597,-0.00082451,0.00058523,0.00176,-0.0010598,0.0020804,0.227172,0.0804,0.642768,9.74736E-05,0.01263139,0.00255322,0.192413,5.63052E-05,-2.97648E-05,2.11268E-05,0.000063536,-3.82588E-05,7.51024E-05
0.0027466,1.9042,0.67,5.3564,0.066,0.013879,1.0152,0.0015214,-0.000759,0.00052447,0.0017321,-0.0010825,0.0022396,0.228504,0.0804,0.642768,9.91523E-05,0.01254,0.00263701,0.192888,5.49225E-05,-2.73999E-05,1.89334E-05,6.25288E-05,-3.90783E-05,8.08496E-05
0.0027494,1.9159,0.67,5.3564,0.065377,0.013579,1.0157,0.0014734,-0.00066706,0.00042944,0.001606,-0.0010051,0.0024194,0.229908,0.0804,0.642768,9.92533E-05,0.01242163,0.00258001,0.192983,5.31897E-05,-2.40809E-05,1.55028E-05,5.79766E-05,-3.62841E-05,8.73403E-05
0.0026405,1.9282,0.67,5.3564,0.06509,0.012632,1.0152,0.0014522,-0.00052961,0.00034381,0.0013868,-0.00083687,0.002442,0.231384,0.0804,0.642768,9.53221E-05,0.0123671,0.00240008,0.192888,5.24244E-05,-1.91189E-05,1.24115E-05,5.00635E-05,-3.0211E-05,8.81562E-05
0.0023736,1.941,0.67,5.3564,0.065148,0.012306,1.0158,0.0014537,-0.00033168,0.0002108,0.0011624,-0.00058769,0.0021312,0.23292,0.0804,0.642768,8.5687E-05,0.01237812,0.00233814,0.193002,5.24786E-05,-1.19736E-05,7.60988E-06,4.19626E-05,-2.12156E-05,7.69363E-05
0.0021,1.9545,0.67,5.3564,0.064771,0.012398,1.0186,0.0014462,-0.00013039,2.90E-05,0.0010234,-0.0004257,0.0017305,0.23454,0.0804,0.642768,0.00007581,0.01230649,0.00235562,0.193534,5.22078E-05,-4.70708E-06,1.0482E-06,3.69447E-05,-1.53678E-05,6.24711E-05
0.0019453,1.9686,0.67,5.3564,0.063289,0.012922,1.0203,0.0014104,1.45E-05,-0.00018403,0.00096121,-0.0003126,0.0015191,0.236232,0.0804,0.642768,7.02253E-05,0.01202491,0.00245518,0.193857,5.09154E-05,5.23342E-07,-6.64348E-06,3.46997E-05,-1.12849E-05,5.48395E-05
0.0018522,1.9833,0.67,5.3564,0.061361,0.011891,1.0186,0.00138,8.48E-05,-0.00029392,0.00094589,-0.00025991,0.0013785,0.237996,0.0804,0.642768,6.68644E-05,0.01165859,0.00225929,0.193534,0.000049818,3.06294E-06,-1.06105E-05,3.41466E-05,-9.38275E-06,4.97639E-05
0.0018391,1.9988,0.67,5.3564,0.06003,0.0085417,1.0144,0.0013772,8.47E-05,-0.00027999,0.00091509,-0.00024919,0.0013859,0.239856,0.0804,0.642768,6.63915E-05,0.0114057,0.001622923,0.192736,4.97169E-05,3.0572E-06,-1.01076E-05,3.30347E-05,-8.99576E-06,5.0031E-05
0.0021501,2.0149,0.67,5.3564,0.058761,0.0043967,1.0115,0.0013695,3.38E-05,-0.00014012,0.00075591,-5.19E-05,0.0021748,0.241788,0.0804,0.642768,7.76186E-05,0.01116459,0.000835373,0.192185,4.9439E-05,1.22191E-06,-5.05833E-06,2.72884E-05,-1.87229E-06,7.85103E-05
0.0025247,2.0319,0.67,5.3564,0.056894,0.0013417,1.0062,0.0013386,6.18E-05,0.00015664,0.00066829,0.00024162,0.0030425,0.243828,0.0804,0.642768,9.11417E-05,0.01080986,0.000254923,0.191178,4.83235E-05,2.2321E-06,5.6547E-06,2.41253E-05,8.72248E-06,0.000109834
0.0029482,2.0496,0.67,5.3564,0.054259,-0.0024524,1.0011,0.0013138,4.64E-05,0.0006293,0.00065548,0.00018659,0.003927,0.245952,0.0804,0.642768,0.00010643,0.01030921,-0.000465956,0.190209,4.74282E-05,1.67656E-06,2.27177E-05,2.36628E-05,6.7359E-06,0.000141765
0.0037749,2.0681,0.67,5.3564,0.050775,-0.00058015,0.98864,0.0013822,-0.00010593,0.0011397,0.00070221,-4.45E-05,0.0054653,0.248172,0.0804,0.642768,0.000136274,0.00964725,-0.000110229,0.1878416,4.98974E-05,-3.82407E-06,4.11432E-05,2.53498E-05,-1.60757E-06,0.000197297
0.0049037,2.0875,0.67,5.3564,0.047439,0.0025066,0.98298,0.0015979,-0.00031462,0.0019037,0.0008507,-0.00062453,0.0073587,0.2505,0.0804,0.642768,0.000177024,0.00901341,0.000476254,0.1867662,5.76842E-05,-1.13578E-05,6.87236E-05,3.07103E-05,-2.25455E-05,0.000265649
0.0055343,2.1078,0.67,5.3564,0.044914,0.0089587,0.97972,0.0018257,-0.00025635,0.002651,0.00090811,-0.00068771,0.0083347,0.252936,0.0804,0.642768,0.000199788,0.00853366,0.001702153,0.1861468,6.59078E-05,-9.25424E-06,9.57011E-05,3.27828E-05,-2.48263E-05,0.000300883
0.0051976,2.129,0.67,5.3564,0.044644,0.016767,0.96718,0.0019544,-0.00017481,0.0026727,0.00089608,-0.00032249,0.0075447,0.25548,0.0804,0.642768,0.000187633,0.00848236,0.00318573,0.1837642,7.05538E-05,-6.31064E-06,9.64845E-05,3.23485E-05,-1.16419E-05,0.000272364
0.0043916,2.1511,0.67,5.3564,0.046152,0.017,0.97178,0.0019764,-6.41E-05,0.0023339,0.00095916,-9.74E-05,0.0058476,0.258132,0.0804,0.642768,0.000158537,0.00876888,0.00323,0.1846382,7.1348E-05,-2.31574E-06,8.42538E-05,3.46257E-05,-3.51589E-06,0.000211098
0.0036841,2.1743,0.67,5.3564,0.044793,0.019562,0.97745,0.0018591,0.00014501,0.0018803,0.0010908,0.0001078,0.0044182,0.260916,0.0804,0.642768,0.000132996,0.00851067,0.00371678,0.1857155,6.71135E-05,5.23486E-06,6.78788E-05,3.93779E-05,3.89158E-06,0.000159497
0.0033824,2.1984,0.67,5.3564,0.040438,0.023657,0.96875,0.0016207,0.00035562,0.0015055,0.0011635,0.00029095,0.0039806,0.263808,0.0804,0.642768,0.000122105,0.00768322,0.00449483,0.1840625,5.85073E-05,1.28379E-05,5.43486E-05,4.20024E-05,1.05033E-05,0.0001437
0.0038787,2.2237,0.67,5.3564,0.038296,0.025632,0.94143,0.0014647,0.00063949,0.0015168,0.0016975,0.0010442,0.0045951,0.266844,0.0804,0.642768,0.000140021,0.00727624,0.00487008,0.1788717,5.28757E-05,2.30856E-05,5.47565E-05,6.12798E-05,3.76956E-05,0.000165883
0.0052979,2.2501,0.67,5.3564,0.037535,0.026009,0.92324,0.0014578,0.00047701,0.0016536,0.0020541,0.0010698,0.0070838,0.270012,0.0804,0.642768,0.000191254,0.00713165,0.00494171,0.1754156,5.26266E-05,1.72201E-05,5.9695E-05,7.4153E-05,3.86198E-05,0.000255725
0.0049617,2.2776,0.67,5.3564,0.033177,0.028654,0.91413,0.0014825,6.61E-05,0.0013468,0.0017712,5.66E-05,0.0066696,0.273312,0.0804,0.642768,0.000179117,0.00630363,0.00544426,0.1736847,5.35183E-05,2.38556E-06,4.86195E-05,6.39403E-05,2.04257E-06,0.000240773
0.0051297,2.3063,0.67,5.3564,0.025643,0.036639,0.90387,0.001577,1.10E-05,0.00116,0.0015775,-0.00074225,0.0071049,0.276756,0.0804,0.642768,0.000185182,0.00487217,0.00696141,0.1717353,5.69297E-05,3.9775E-07,0.000041876,5.69478E-05,-2.67952E-05,0.000256487
0.0059991,2.3362,0.67,5.3564,0.017553,0.050813,0.89344,0.0017679,0.00029046,0.0014771,0.0019175,-0.00062364,0.0083128,0.280344,0.0804,0.642768,0.000216568,0.00333507,0.00965447,0.1697536,6.38212E-05,1.04856E-05,5.33233E-05,6.92218E-05,-2.25134E-05,0.000300092
0.0053018,2.3674,0.67,5.3564,0.012052,0.058107,0.87001,0.0020347,0.00037299,0.0012777,0.0027511,-0.00031907,0.0058178,0.284088,0.0804,0.642768,0.000191395,0.00228988,0.01104033,0.1653019,7.34527E-05,1.34649E-05,4.6125E-05,9.93147E-05,-1.15184E-05,0.000210023
0.0055699,2.3999,0.67,5.3564,0.0077455,0.063719,0.84333,0.0020716,0.00089782,0.0012133,0.0043056,0.00046104,0.0047628,0.287988,0.0804,0.642768,0.000201073,0.001471645,0.01210661,0.1602327,7.47848E-05,3.24113E-05,4.38001E-05,0.000155432,1.66435E-05,0.000171937
0.0056984,2.4338,0.67,5.3564,0.0020556,0.067322,0.79685,0.0014352,0.00085081,0.0015553,0.0041067,0.0012302,0.0058549,0.292056,0.0804,0.642768,0.000205712,0.000390564,0.01279118,0.1514015,5.18107E-05,3.07142E-05,5.61463E-05,0.000148252,4.44102E-05,0.000211362
0.0043413,2.4691,0.67,5.3564,-0.00051907,0.057532,0.68238,0.00048776,0.00012855,0.000968,0.002254,0.001004,0.0059408,0.296292,0.0804,0.642768,0.000156721,-9.86233E-05,0.01093108,0.1296522,1.76081E-05,4.64066E-06,3.49448E-05,8.13694E-05,3.62444E-05,0.000214463
0.0016509,2.5058,0.67,5.3564,-1.49E-05,0.025297,0.29989,3.07E-05,2.21E-05,0.00017008,0.00085854,0.0004014,0.0024126,0.300696,0.0804,0.642768,5.95975E-05,-2.82663E-06,0.00480643,0.0569791,1.10787E-06,7.97449E-07,6.13989E-06,3.09933E-05,1.44905E-05,8.70949E-05
6.28E-08,2.544,0.67,5.3564,9.17E-05,1.94E-14,1.02E-17,1.26E-07,2.68E-17,-2.34E-21,5.74E-27,-5.00E-31,9.18E-35,0.30528,0.0804,0.642768,2.26564E-09,1.74152E-05,3.68885E-15,1.92869E-18,4.53127E-09,9.68996E-19,-8.44776E-23,2.07218E-28,-1.80673E-32,3.31319E-36
0,2.5837,0.67,5.3564,0,0,0,0,0,0,0,0,0,0.310044,0.0804,0.642768,0,0,0,0,0,0,0,0,0,0
0,2.625,0.67,5.3564,0,0,0,0,0,0,0,0,0,0.315,0.0804,0.642768,0,0,0,0,0,0,0,0,0,0
0,-0.125,0.67,5.379,0,0,0,0,0,0,0,0,0,-0.015,0.0804,0.64548,0,0,0,0,0,0,0,0,0,0
0,-0.083719,0.67,5.379,0,0,0,0,0,0,0,0,0,-0.01004628,0.0804,0.64548,0,0,0,0,0,0,0,0,0,0
3.63E-07,-0.044001,0.67,5.379,-0.00059927,-1.66E-13,-6.54E-18,7.25E-07,2.01E-16,1.35E-20,5.58E-26,3.73E-30,9.26E-34,-0.00528012,0.0804,0.64548,1.30917E-08,-0.000113861,-3.16065E-14,-1.24167E-18,2.61837E-08,7.26188E-18,4.86411E-22,2.01406E-27,1.34761E-31,3.34113E-35
0.0009453,-0.0058053,0.67,5.379,-0.0022981,0.024607,0.37926,1.27E-05,-2.04E-05,-3.72E-05,0.00078542,-0.00017714,0.0010925,-0.000696636,0.0804,0.64548,3.41253E-05,-0.000436639,0.00467533,0.0720594,4.59048E-07,-7.34996E-07,-1.34408E-06,2.83537E-05,-6.39475E-06,3.94393E-05
0.0024803,0.030909,0.67,5.379,-0.0082689,0.055732,0.8588,0.00019137,-0.00011947,-0.0002131,0.0020432,-0.0004563,0.0027259,0.00370908,0.0804,0.64548,8.95388E-05,-0.001571091,0.01058908,0.163172,6.90846E-06,-4.31287E-06,-7.69291E-06,7.37595E-05,-1.64724E-05,9.8405E-05
0.0028121,0.066184,0.67,5.379,-0.018297,0.051123,0.9701,0.00050378,-0.00016896,-0.00022128,0.0017328,-0.00047939,0.0033877,0.00794208,0.0804,0.64548,0.000101517,-0.00347643,0.00971337,0.184319,1.81865E-05,-6.09946E-06,-7.98821E-06,6.25541E-05,-1.7306E-05,0.000122296
0.0027813,0.10006,0.67,5.379,-0.029543,0.039129,1.0031,0.00056457,-0.00025192,-8.49E-05,0.0014246,-0.00044323,0.0035734,0.0120072,0.0804,0.64548,0.000100405,-0.00561317,0.00743451,0.190589,2.0381E-05,-9.09431E-06,-3.06651E-06,5.14281E-05,-1.60006E-05,0.000129
0.0030524,0.13258,0.67,5.379,-0.037659,0.030651,1.0292,0.00044061,-0.000213,2.25E-05,0.0014177,-0.00067688,0.0042465,0.0159096,0.0804,0.64548,0.000110192,-0.00715521,0.00582369,0.195548,1.5906E-05,-7.6893E-06,8.12431E-07,5.1179E-05,-2.44354E-05,0.000153299
0.0025794,0.16379,0.67,5.379,-0.038871,0.01674,1.0445,0.00047454,-7.09E-05,-8.48E-05,0.00090036,-0.00049178,0.0037839,0.0196548,0.0804,0.64548,9.31163E-05,-0.00738549,0.0031806,0.198455,1.71309E-05,-2.55974E-06,-3.06251E-06,3.2503E-05,-1.77533E-05,0.000136599
0.0022408,0.19372,0.67,5.379,-0.037918,0.013024,1.0493,0.00065306,2.75E-05,-0.00023035,0.00092894,-0.00031223,0.0028997,0.0232464,0.0804,0.64548,8.08929E-05,-0.00720442,0.00247456,0.199367,2.35755E-05,9.92245E-07,-8.31564E-06,3.35347E-05,-1.12715E-05,0.000104679
0.0034881,0.22242,0.67,5.379,-0.037876,0.019498,1.0535,0.00093014,4.47E-05,-0.00084275,0.0011493,-0.00060974,0.0048967,0.0266904,0.0804,0.64548,0.00012592,-0.00719644,0.00370462,0.200165,3.35781E-05,1.61345E-06,-3.04233E-05,4.14897E-05,-2.20116E-05,0.000176771
0.00337,0.24993,0.67,5.379,-0.04001,0.024081,1.0601,0.001211,3.99E-05,-0.0012138,0.0011745,-0.0002829,0.0043544,0.0299916,0.0804,0.64548,0.000121657,-0.0076019,0.00457539,0.201419,4.37171E-05,1.43859E-06,-4.38182E-05,4.23995E-05,-1.02127E-05,0.000157194
0.0022615,0.27629,0.67,5.379,-0.044291,0.025188,1.063,0.0012742,0.00014644,-0.0010063,0.001092,-0.00012476,0.0021567,0.0331548,0.0804,0.64548,8.16402E-05,-0.00841529,0.00478572,0.20197,4.59986E-05,5.28648E-06,-3.63274E-05,3.94212E-05,-4.50384E-06,7.78569E-05
0.0028471,0.30154,0.67,5.379,-0.047716,0.024056,1.0602,0.0012471,7.65E-05,-0.00081088,0.0015085,-0.00067518,0.0029386,0.0361848,0.0804,0.64548,0.00010278,-0.00906604,0.00457064,0.201438,4.50203E-05,2.7614E-06,-2.92728E-05,5.44569E-05,-2.4374E-05,0.000106083
0.0038984,0.32572,0.67,5.379,-0.050199,0.016976,1.065,0.0013423,9.17E-07,-0.00085745,0.0019229,-0.0012949,0.0045316,0.0390864,0.0804,0.64548,0.000140732,-0.00953781,0.00322544,0.20235,4.8457E-05,3.30997E-08,-3.09539E-05,6.94167E-05,-4.67459E-05,0.000163591
0.0034952,0.34887,0.67,5.379,-0.053073,0.013127,1.0734,0.0014671,3.29E-05,-0.00064908,0.0015881,-0.0012247,0.0039352,0.0418644,0.0804,0.64548,0.000126177,-0.01008387,0.00249413,0.203946,5.29623E-05,1.18596E-06,-2.34318E-05,5.73304E-05,-4.42117E-05,0.000142061
0.0024521,0.37102,0.67,5.379,-0.0557,0.018332,1.0709,0.0014625,0.00017723,-0.00028797,0.0012665,-0.00060164,0.0021752,0.0445224,0.0804,0.64548,8.85208E-05,-0.010583,0.00348308,0.203471,5.27963E-05,6.398E-06,-1.03957E-05,4.57207E-05,-2.17192E-05,7.85247E-05
0.0021736,0.39221,0.67,5.379,-0.058526,0.027517,1.0682,0.0013575,0.00022344,-0.00030414,0.0011991,-0.0003428,0.0017907,0.0470652,0.0804,0.64548,7.8467E-05,-0.01111994,0.00522823,0.202958,4.90058E-05,8.06618E-06,-1.09795E-05,4.32875E-05,-1.23751E-05,6.46443E-05
0.0020293,0.41248,0.67,5.379,-0.062264,0.034066,1.0646,0.0013042,0.00011097,-0.00010797,0.0011172,-0.00051834,0.0016371,0.0494976,0.0804,0.64548,7.32577E-05,-0.01183016,0.00647254,0.202274,4.70816E-05,4.00602E-06,-3.89772E-06,4.03309E-05,-1.87121E-05,5.90993E-05
0.0025166,0.43187,0.67,5.379,-0.065296,0.036312,1.0628,0.0013713,0.0001756,-0.00035246,0.0011651,-0.00080349,0.0024969,0.0518244,0.0804,0.64548,9.08493E-05,-0.01240624,0.00689928,0.201932,4.95039E-05,6.33916E-06,-1.27238E-05,4.20601E-05,-2.9006E-05,9.01381E-05
0.0030559,0.4504,0.67,5.379,-0.066736,0.038089,1.0555,0.0015469,0.00037908,-0.00063788,0.0013543,-0.0010768,0.0032105,0.054048,0.0804,0.64548,0.000110318,-0.01267984,0.00723691,0.200545,5.58431E-05,1.36848E-05,-2.30275E-05,4.88902E-05,-3.88725E-05,0.000115899
0.0036085,0.46812,0.67,5.379,-0.067655,0.038057,1.0533,0.0016385,0.00048648,-0.0005461,0.0016426,-0.0015982,0.0039359,0.0561744,0.0804,0.64548,0.000130267,-0.01285445,0.00723083,0.200127,5.91499E-05,1.75619E-05,-1.97142E-05,5.92979E-05,-5.7695E-05,0.000142086
0.0036909,0.48504,0.67,5.379,-0.069403,0.038258,1.0557,0.0015315,0.00034852,-0.00025539,0.00181,-0.0016725,0.0040404,0.0582048,0.0804,0.64548,0.000133241,-0.01318657,0.00726902,0.200583,5.52872E-05,1.25816E-05,-9.21958E-06,0.000065341,-6.03773E-05,0.000145858
0.003008,0.50122,0.67,5.379,-0.072206,0.037323,1.0587,0.0013544,0.00013926,2.73E-05,0.0018718,-0.0012871,0.0027898,0.0601464,0.0804,0.64548,0.000108589,-0.01371914,0.00709137,0.201153,4.88938E-05,5.02729E-06,9.86974E-07,6.7572E-05,-4.64643E-05,0.000100712
0.0024938,0.51667,0.67,5.379,-0.075137,0.034276,1.0587,0.0012093,-1.07E-05,0.00010709,0.0017134,-0.0010124,0.0020649,0.0620004,0.0804,0.64548,9.00262E-05,-0.01427603,0.00651244,0.201153,4.36557E-05,-3.85765E-07,3.86595E-06,6.18537E-05,-3.65476E-05,7.45429E-05
0.0022606,0.53142,0.67,5.379,-0.077163,0.031485,1.0606,0.0011014,-0.00010676,3.02E-05,0.0014958,-0.00087418,0.0019241,0.0637704,0.0804,0.64548,8.16077E-05,-0.01466097,0.00598215,0.201514,3.97605E-05,-3.85404E-06,1.09094E-06,5.39984E-05,-3.15579E-05,6.946E-05
0.0021459,0.54551,0.67,5.379,-0.078641,0.028979,1.0646,0.0010124,-0.00010607,-0.00012989,0.0013617,-0.00059866,0.0019177,0.0654612,0.0804,0.64548,7.7467E-05,-0.01494179,0.00550601,0.202274,3.65476E-05,-3.82913E-06,-4.68903E-06,4.91574E-05,-2.16116E-05,6.9229E-05
0.0020373,0.55896,0.67,5.379,-0.080454,0.025573,1.065,0.00097653,-6.45E-05,-0.00031589,0.0012879,-0.00018,0.0018101,0.0670752,0.0804,0.64548,7.35465E-05,-0.01528626,0.00485887,0.20235,3.52527E-05,-2.3295E-06,-1.14036E-05,4.64932E-05,-0.000006498,6.53446E-05
0.0021332,0.5718,0.67,5.379,-0.082341,0.021383,1.0659,0.0010334,-3.64E-07,-0.00051841,0.0014113,-5.00E-05,0.0018217,0.068616,0.0804,0.64548,7.70085E-05,-0.01564479,0.00406277,0.202521,3.73057E-05,-1.31447E-08,-1.87146E-05,5.09479E-05,-1.8041E-06,6.57634E-05
0.0022764,0.58405,0.67,5.379,-0.083625,0.018622,1.0681,0.001169,0.00014258,-0.00073912,0.0015903,-0.00014606,0.0017934,0.070086,0.0804,0.64548,8.2178E-05,-0.01588875,0.00353818,0.202939,4.22009E-05,5.14714E-06,-2.66822E-05,5.74098E-05,-5.27277E-06,6.47417E-05
0.0024456,0.59575,0.67,5.379,-0.084321,0.017219,1.0687,0.0013396,0.00031112,-0.00095929,0.0016953,-0.00023542,0.0018563,0.07149,0.0804,0.64548,8.82862E-05,-0.01602099,0.00327161,0.203053,4.83596E-05,1.12314E-05,-3.46304E-05,6.12003E-05,-8.49866E-06,6.70124E-05
0.0026708,0.6069,0.67,5.379,-0.085059,0.015348,1.069,0.0014997,0.00040968,-0.0011317,0.0017922,-0.00023271,0.0020498,0.072828,0.0804,0.64548,9.64159E-05,-0.01616121,0.00291612,0.20311,5.41392E-05,1.47894E-05,-4.08544E-05,6.46984E-05,-8.40083E-06,7.39978E-05
0.0027979,0.61755,0.67,5.379,-0.086159,0.01186,1.0692,0.0016099,0.00044585,-0.0011902,0.001797,-0.00016577,0.0021888,0.074106,0.0804,0.64548,0.000101004,-0.01637021,0.0022534,0.203148,5.81174E-05,1.60952E-05,-4.29662E-05,6.48717E-05,-5.9843E-06,7.90157E-05
0.0027667,0.6277,0.67,5.379,-0.087521,0.0072324,1.0694,0.0016488,0.00043975,-0.0011391,0.0017093,-8.86E-05,0.0021754,0.075324,0.0804,0.64548,9.98779E-05,-0.01662899,0.001374156,0.203186,5.95217E-05,1.5875E-05,-4.11215E-05,6.17057E-05,-3.19705E-06,7.85319E-05
0.0025992,0.63738,0.67,5.379,-0.089105,0.0025887,1.0726,0.0016146,0.00040986,-0.0010315,0.0015883,-0.00010082,0.0019955,0.0764856,0.0804,0.64548,9.38311E-05,-0.01692995,0.000491853,0.203794,5.82871E-05,1.47959E-05,-3.72372E-05,5.73376E-05,-3.6396E-06,7.20376E-05
0.0024059,0.64661,0.67,5.379,-0.09089,-0.0013429,1.0779,0.0015135,0.00036076,-0.00090253,0.0014449,-0.00020203,0.0018533,0.0775932,0.0804,0.64548,8.6853E-05,-0.0172691,-0.000255151,0.204801,5.46374E-05,1.30234E-05,-3.25813E-05,5.21609E-05,-7.29328E-06,6.69041E-05
0.0022214,0.65542,0.67,5.379,-0.092851,-0.0043677,1.0837,0.0013642,0.00029907,-0.00076923,0.0013107,-0.00030903,0.001768,0.0786504,0.0804,0.64548,8.01925E-05,-0.01764169,-0.000829863,0.205903,4.92476E-05,1.07964E-05,-2.77692E-05,4.73163E-05,-1.1156E-05,6.38248E-05
0.0020396,0.66381,0.67,5.379,-0.095009,-0.0065623,1.0894,0.0011965,0.000236,-0.00064004,0.0011994,-0.00041778,0.0016833,0.0796572,0.0804,0.64548,7.36296E-05,-0.01805171,-0.001246837,0.206986,4.31937E-05,8.5196E-06,-2.31054E-05,4.32983E-05,-1.50819E-05,6.07671E-05
0.0018109,0.67207,0.67,5.379,-0.097303,-0.007991,1.0942,0.0010276,0.00017143,-0.00048352,0.0011085,-0.00050904,0.0014858,0.0806484,0.0804,0.64548,6.53735E-05,-0.01848757,-0.00151829,0.207898,3.70964E-05,6.18862E-06,-1.74551E-05,4.00169E-05,-1.83763E-05,5.36374E-05
0.0015761,0.68032,0.67,5.379,-0.09961,-0.0089504,1.0976,0.00087083,0.00010452,-0.00030235,0.0010344,-0.00055691,0.0012471,0.0816384,0.0804,0.64548,5.68972E-05,-0.0189259,-0.001700576,0.208544,3.1437E-05,3.77317E-06,-1.09148E-05,3.73418E-05,-2.01045E-05,4.50203E-05
0.0014113,0.68858,0.67,5.379,-0.10183,-0.0098106,1.0999,0.00075186,4.45E-05,-0.00014823,0.00096827,-0.00058405,0.0011025,0.0826296,0.0804,0.64548,5.09479E-05,-0.0193477,-0.001864014,0.208981,2.71421E-05,1.60735E-06,-5.3511E-06,3.49545E-05,-2.10842E-05,3.98003E-05
0.0013477,0.69683,0.67,5.379,-0.10393,-0.010759,1.1024,0.00068303,-6.12E-06,-5.83E-05,0.00089018,-0.00061374,0.0011223,0.0836196,0.0804,0.64548,4.8652E-05,-0.0197467,-0.00204421,0.209456,2.46574E-05,-2.2086E-07,-2.10304E-06,3.21355E-05,-2.2156E-05,4.0515E-05
0.0013653,0.70509,0.67,5.379,-0.10586,-0.011772,1.1045,0.0006596,-5.74E-05,-5.98E-06,0.0008049,-0.00063532,0.0012661,0.0846108,0.0804,0.64548,4.92873E-05,-0.0201134,-0.00223668,0.209855,2.38116E-05,-2.07185E-06,-2.15878E-07,2.90569E-05,-2.29351E-05,4.57062E-05
0.0013896,0.71335,0.67,5.379,-0.10755,-0.013036,1.1053,0.00066845,-0.00010957,3.30E-05,0.00073743,-0.00063246,0.0013733,0.085602,0.0804,0.64548,5.01646E-05,-0.0204345,-0.00247684,0.210007,2.4131E-05,-3.95548E-06,1.18989E-06,2.66212E-05,-2.28318E-05,4.95761E-05
0.0014003,0.7216,0.67,5.379,-0.10882,-0.014565,1.1047,0.0006945,-0.00015333,6.20E-05,0.00071331,-0.00062076,0.0013927,0.086592,0.0804,0.64548,5.05508E-05,-0.0206758,-0.00276735,0.209893,2.50715E-05,-5.53521E-06,2.23806E-06,2.57505E-05,-2.24094E-05,5.02765E-05
0.0014196,0.72986,0.67,5.379,-0.10967,-0.015861,1.103,0.00072834,-0.00018501,7.23E-05,0.00073872,-0.00061392,0.0013721,0.0875832,0.0804,0.64548,5.12476E-05,-0.0208373,-0.00301359,0.20957,2.62931E-05,-6.67886E-06,2.6096E-06,2.66678E-05,-2.21625E-05,4.95328E-05
0.0014563,0.73811,0.67,5.379,-0.11025,-0.016464,1.1,0.00076312,-0.0002013,6.34E-05,0.00081434,-0.0006176,0.0013351,0.0885732,0.0804,0.64548,5.25724E-05,-0.0209475,-0.00312816,0.209,2.75486E-05,-7.26693E-06,2.28903E-06,2.93977E-05,-2.22954E-05,4.81971E-05
0.0015147,0.74637,0.67,5.379,-0.11053,-0.016305,1.0956,0.00079425,-0.00019645,3.87E-05,0.0009342,-0.00063114,0.0013009,0.0895644,0.0804,0.64548,5.46807E-05,-0.0210007,-0.00309795,0.208164,2.86724E-05,-7.09185E-06,1.39743E-06,3.37246E-05,-2.27842E-05,4.69625E-05
0.0016043,0.75463,0.67,5.379,-0.11047,-0.015439,1.0901,0.0008217,-0.00017584,1.10E-05,0.001079,-0.00065041,0.0013079,0.0905556,0.0804,0.64548,5.79152E-05,-0.0209893,-0.00293341,0.207119,2.96634E-05,-6.34782E-06,3.97028E-07,3.89519E-05,-2.34798E-05,4.72152E-05
0.0017251,0.76288,0.67,5.379,-0.11035,-0.014052,1.0843,0.00085118,-0.00014823,-2.06E-05,0.0012321,-0.00068046,0.0013669,0.0915456,0.0804,0.64548,6.22761E-05,-0.0209665,-0.00266988,0.206017,3.07276E-05,-5.3511E-06,-7.44671E-07,4.44788E-05,-2.45646E-05,4.93451E-05
0.0018566,0.77114,0.67,5.379,-0.11039,-0.012275,1.079,0.00088653,-0.00012055,-6.56E-05,0.0013825,-0.00073782,0.0014442,0.0925368,0.0804,0.64548,6.70233E-05,-0.0209741,-0.00233225,0.20501,3.20037E-05,-4.35186E-06,-2.36682E-06,4.99083E-05,-2.66353E-05,5.21356E-05
0.001985,0.7794,0.67,5.379,-0.1104,-0.010026,1.0741,0.00092376,-0.00010049,-0.00011241,0.0015241,-0.00081675,0.0015222,0.093528,0.0804,0.64548,7.16585E-05,-0.020976,-0.00190494,0.204079,3.33477E-05,-3.62769E-06,-4.058E-06,5.502E-05,-2.94847E-05,5.49514E-05
0.0021316,0.78765,0.67,5.379,-0.11027,-0.0071748,1.0693,0.00095986,-8.97E-05,-0.00014594,0.001664,-0.00090638,0.0016394,0.094518,0.0804,0.64548,7.69508E-05,-0.0209513,-0.001363212,0.203167,3.46509E-05,-3.23824E-06,-5.26843E-06,6.00704E-05,-3.27203E-05,5.91823E-05
0.0022979,0.79591,0.67,5.379,-0.11008,-0.0038485,1.0644,0.00098554,-8.83E-05,-0.00014207,0.0018101,-0.0010002,0.0018002,0.0955092,0.0804,0.64548,8.29542E-05,-0.0209152,-0.000731215,0.202236,3.5578E-05,-3.18694E-06,-5.12873E-06,6.53446E-05,-3.61072E-05,6.49872E-05
0.0024709,0.80416,0.67,5.379,-0.10975,-0.00048826,1.0593,0.00099718,-0.00010169,-8.88E-05,0.0019476,-0.0010806,0.0019971,0.0964992,0.0804,0.64548,8.91995E-05,-0.0208525,-9.27694E-05,0.201267,3.59982E-05,-3.67101E-06,-3.2055E-06,7.03084E-05,-3.90097E-05,7.20953E-05
0.0026438,0.81242,0.67,5.379,-0.10948,0.0025115,1.0544,0.0010106,-0.0001403,3.30E-07,0.0020497,-0.0011352,0.0022273,0.0974904,0.0804,0.64548,9.54412E-05,-0.0208012,0.000477185,0.200336,3.64827E-05,-5.06483E-06,1.19065E-08,7.39942E-05,-4.09807E-05,8.04055E-05
0.0028229,0.82068,0.67,5.379,-0.10954,0.0051439,1.0497,0.0010271,-0.00022216,0.00013615,0.0021298,-0.0011776,0.0024888,0.0984816,0.0804,0.64548,0.000101907,-0.0208126,0.000977341,0.199443,3.70783E-05,-8.01998E-06,4.91502E-06,7.68858E-05,-4.25114E-05,8.98457E-05
0.0030094,0.82893,0.67,5.379,-0.10987,0.0077032,1.045,0.0010335,-0.0003594,0.00031195,0.0022521,-0.0012281,0.0027333,0.0994716,0.0804,0.64548,0.000108639,-0.0208753,0.001463608,0.19855,3.73094E-05,-1.29743E-05,1.12614E-05,8.13008E-05,-4.43344E-05,9.86721E-05
0.0031656,0.83719,0.67,5.379,-0.11046,0.01024,1.0407,0.0010398,-0.00052914,0.00047148,0.0024413,-0.0012732,0.0028502,0.1004628,0.0804,0.64548,0.000114278,-0.0209874,0.0019456,0.197733,3.75368E-05,-1.9102E-05,1.70204E-05,8.81309E-05,-4.59625E-05,0.000102892
0.0032365,0.84544,0.67,5.379,-0.11137,0.012354,1.0371,0.0010684,-0.00067822,0.00057173,0.0026104,-0.001282,0.0027942,0.1014528,0.0804,0.64548,0.000116838,-0.0211603,0.00234726,0.197049,3.85692E-05,-2.44837E-05,2.06395E-05,9.42354E-05,-4.62802E-05,0.000100871
0.0031943,0.8537,0.67,5.379,-0.11245,0.013737,1.0334,0.0011185,-0.00076254,0.00062825,0.0026376,-0.0012404,0.0026325,0.102444,0.0804,0.64548,0.000115314,-0.0213655,0.00261003,0.196346,4.03779E-05,-2.75277E-05,2.26798E-05,9.52174E-05,-4.47784E-05,9.50333E-05
0.0030667,0.86196,0.67,5.379,-0.11339,0.01461,1.0285,0.0011807,-0.00077908,0.00066146,0.0025029,-0.0011688,0.0024497,0.1034352,0.0804,0.64548,0.000110708,-0.0215441,0.0027759,0.195415,4.26233E-05,-2.81248E-05,2.38787E-05,9.03547E-05,-4.21937E-05,8.84342E-05
0.002922,0.87021,0.67,5.379,-0.11403,0.015288,1.022,0.0012609,-0.00076261,0.00069398,0.0022931,-0.0011038,0.0022899,0.1044252,0.0804,0.64548,0.000105484,-0.0216657,0.00290472,0.19418,4.55185E-05,-2.75302E-05,2.50527E-05,8.27809E-05,-3.98472E-05,8.26654E-05
0.0027869,0.87847,0.67,5.379,-0.11445,0.015604,1.0152,0.0013571,-0.00072978,0.00073693,0.0020818,-0.0010514,0.0021348,0.1054164,0.0804,0.64548,0.000100607,-0.0217455,0.00296476,0.192888,4.89913E-05,-2.63451E-05,2.66032E-05,7.5153E-05,-3.79555E-05,7.70663E-05
0.0026492,0.88672,0.67,5.379,-0.11463,0.015308,1.0098,0.001453,-0.00066335,0.0007886,0.0018846,-0.00098995,0.0019608,0.1064064,0.0804,0.64548,9.56361E-05,-0.0217797,0.00290852,0.191862,5.24533E-05,-2.39469E-05,2.84685E-05,6.80341E-05,-3.57372E-05,7.07849E-05
0.0025268,0.89498,0.67,5.379,-0.1145,0.014627,1.0062,0.0015537,-0.00056611,0.00080601,0.0017173,-0.00092364,0.0017825,0.1073976,0.0804,0.64548,9.12175E-05,-0.021755,0.00277913,0.191178,5.60886E-05,-2.04366E-05,2.9097E-05,6.19945E-05,-3.33434E-05,6.43483E-05
0.0024441,0.90324,0.67,5.379,-0.11418,0.014061,1.0034,0.0016641,-0.00047471,0.00078204,0.0015981,-0.00086849,0.001626,0.1083888,0.0804,0.64548,8.8232E-05,-0.0216942,0.00267159,0.190646,6.0074E-05,-1.7137E-05,2.82316E-05,5.76914E-05,-3.13525E-05,5.86986E-05
0.0023873,0.91149,0.67,5.379,-0.11355,0.013839,1.0002,0.0017664,-0.00041761,0.00071662,0.0015095,-0.00082917,0.0014986,0.1093788,0.0804,0.64548,8.61815E-05,-0.0215745,0.00262941,0.190038,6.3767E-05,-1.50757E-05,2.587E-05,5.4493E-05,-2.9933E-05,5.40995E-05
0.0023354,0.91975,0.67,5.379,-0.11254,0.013615,0.9963,0.0018474,-0.00039609,0.00063356,0.0014223,-0.00081339,0.0014011,0.11037,0.0804,0.64548,8.43079E-05,-0.0213826,0.00258685,0.189297,6.66911E-05,-1.42988E-05,2.28715E-05,5.1345E-05,-2.93634E-05,5.05797E-05
0.0023164,0.92801,0.67,5.379,-0.1114,0.012759,0.99223,0.0019227,-0.00040413,0.00056474,0.0013329,-0.00083548,0.0013773,0.1113612,0.0804,0.64548,8.3622E-05,-0.021166,0.00242421,0.1885237,6.94095E-05,-1.45891E-05,2.03871E-05,4.81177E-05,-3.01608E-05,4.97205E-05
0.0023494,0.93626,0.67,5.379,-0.11027,0.010901,0.98826,0.0020167,-0.00042836,0.00054408,0.0012621,-0.00088969,0.00142,0.1123512,0.0804,0.64548,8.48133E-05,-0.0209513,0.00207119,0.1877694,7.28029E-05,-1.54638E-05,1.96413E-05,4.55618E-05,-3.21178E-05,0.000051262
0.0024533,0.94452,0.67,5.379,-0.10918,0.0083329,0.98393,0.0021256,-0.00044692,0.00056346,0.0012326,-0.0009684,0.0015484,0.1133424,0.0804,0.64548,8.85641E-05,-0.0207442,0.001583251,0.1869467,7.67342E-05,-1.61338E-05,2.03409E-05,4.44969E-05,-3.49592E-05,5.58972E-05
0.0026262,0.95277,0.67,5.379,-0.10801,0.0058264,0.97846,0.0022346,-0.00045244,0.00061598,0.0012437,-0.0010541,0.0017741,0.1143324,0.0804,0.64548,9.48058E-05,-0.0205219,0.001107016,0.1859074,8.06691E-05,-1.63331E-05,2.22369E-05,4.48976E-05,-3.8053E-05,6.4045E-05
0.0028042,0.96103,0.67,5.379,-0.10666,0.0040541,0.97149,0.0023424,-0.00044623,0.00070061,0.0012578,-0.0010895,0.0020082,0.1153236,0.0804,0.64548,0.000101232,-0.0202654,0.000770279,0.1845831,8.45606E-05,-1.61089E-05,2.5292E-05,4.54066E-05,-3.9331E-05,7.2496E-05
0.0029142,0.96929,0.67,5.379,-0.10548,0.0032876,0.96321,0.0024666,-0.00042105,0.00080836,0.0012354,-0.0010474,0.0021263,0.1163148,0.0804,0.64548,0.000105203,-0.0200412,0.000624644,0.1830099,8.90443E-05,-1.51999E-05,2.91818E-05,4.45979E-05,-3.78111E-05,7.67594E-05
0.0029041,0.97754,0.67,5.379,-0.10443,0.0034747,0.95426,0.0026108,-0.00037177,0.00089409,0.0011793,-0.00092291,0.0020182,0.1173048,0.0804,0.64548,0.000104838,-0.0198417,0.000660193,0.1813094,9.42499E-05,-1.34209E-05,3.22766E-05,4.25727E-05,-3.33171E-05,7.2857E-05
0.0028266,0.9858,0.67,5.379,-0.10332,0.0042887,0.94515,0.0027586,-0.0002992,0.0009025,0.0011109,-0.00074,0.0017836,0.118296,0.0804,0.64548,0.00010204,-0.0196308,0.000814853,0.1795785,9.95855E-05,-1.08011E-05,3.25803E-05,4.01035E-05,-0.000026714,6.4388E-05
0.0027646,0.99405,0.67,5.379,-0.1024,0.0052306,0.93625,0.0028933,-0.00020762,0.00085331,0.0010632,-0.00056152,0.0015728,0.119286,0.0804,0.64548,9.98021E-05,-0.019456,0.000993814,0.1778875,0.000104448,-7.49508E-06,3.08045E-05,3.83815E-05,-2.02709E-05,5.67781E-05
0.0027563,1.0023,0.67,5.379,-0.10144,0.0061951,0.92799,0.0030065,-0.00011139,0.00076866,0.0010738,-0.00044136,0.0014324,0.120276,0.0804,0.64548,9.95024E-05,-0.0192736,0.001177069,0.1763181,0.000108535,-4.02118E-06,2.77486E-05,3.87642E-05,-1.59331E-05,5.17096E-05
0.0027875,1.0106,0.67,5.379,-0.10001,0.0073924,0.92106,0.003112,-1.07E-05,0.00069817,0.0011601,-0.00039948,0.0013029,0.121272,0.0804,0.64548,0.000100629,-0.0190019,0.001404556,0.1750014,0.000112343,-3.86342E-07,2.52039E-05,4.18796E-05,-1.44212E-05,4.70347E-05
0.0028572,1.0188,0.67,5.379,-0.098151,0.0088252,0.91574,0.0032142,0.00011106,0.00063803,0.0013003,-0.00040972,0.0011999,0.122256,0.0804,0.64548,0.000103145,-0.01864869,0.001676788,0.1739906,0.000116033,4.00927E-06,2.30329E-05,4.69408E-05,-1.47909E-05,4.33164E-05
0.0029904,1.0271,0.67,5.379,-0.095952,0.010252,0.91165,0.0033174,0.00025064,0.0005997,0.00145,-0.00042505,0.0012133,0.123252,0.0804,0.64548,0.000107953,-0.01823088,0.00194788,0.1732135,0.000119758,9.0481E-06,2.16492E-05,0.000052345,-1.53443E-05,4.38001E-05
0.0031335,1.0353,0.67,5.379,-0.093648,0.011389,0.9082,0.0034068,0.00037416,0.00054717,0.0015666,-0.00043036,0.0012937,0.124236,0.0804,0.64548,0.000113119,-0.01779312,0.00216391,0.172558,0.000122985,1.35072E-05,1.97528E-05,5.65543E-05,-1.5536E-05,4.67026E-05
0.003251,1.0436,0.67,5.379,-0.091509,0.012052,0.90484,0.0034552,0.00045086,0.00045619,0.001608,-0.00044251,0.0014389,0.125232,0.0804,0.64548,0.000117361,-0.01738671,0.00228988,0.1719196,0.000124733,1.6276E-05,1.64685E-05,5.80488E-05,-1.59746E-05,5.19443E-05
0.00331,1.0518,0.67,5.379,-0.089591,0.01221,0.90126,0.0034614,0.00046298,0.00034776,0.0015554,-0.0004771,0.0016033,0.126216,0.0804,0.64548,0.000119491,-0.01702229,0.0023199,0.1712394,0.000124957,1.67136E-05,1.25541E-05,5.61499E-05,-1.72233E-05,5.78791E-05
0.0033129,1.0601,0.67,5.379,-0.087917,0.011957,0.8973,0.0034158,0.00040381,0.00023348,0.0014318,-0.0005295,0.0017782,0.127212,0.0804,0.64548,0.000119596,-0.01670423,0.00227183,0.170487,0.00012331,1.45775E-05,8.42863E-06,5.1688E-05,-1.9115E-05,6.4193E-05
0.0033031,1.0684,0.67,5.379,-0.08649,0.011416,0.89294,0.0033243,0.00029599,0.00015396,0.0012886,-0.00060285,0.0019932,0.128208,0.0804,0.64548,0.000119242,-0.0164331,0.00216904,0.1696586,0.000120007,1.06852E-05,5.55796E-06,4.65185E-05,-2.17629E-05,7.19545E-05
0.0033045,1.0766,0.67,5.379,-0.085306,0.010826,0.8884,0.0031965,0.00017584,8.55E-05,0.0011806,-0.00071362,0.0022318,0.129192,0.0804,0.64548,0.000119292,-0.01620814,0.00205694,0.168796,0.000115394,6.34782E-06,3.08626E-06,4.26197E-05,-2.57617E-05,8.0568E-05
0.0033824,1.0849,0.67,5.379,-0.084376,0.010482,0.88391,0.0030493,7.30E-05,3.65E-05,0.001135,-0.00086699,0.0025805,0.130188,0.0804,0.64548,0.000122105,-0.01603144,0.00199158,0.1679429,0.00011008,2.63685E-06,1.31671E-06,4.09735E-05,-3.12983E-05,9.31561E-05
0.003517,1.0931,0.67,5.379,-0.083567,0.010548,0.87942,0.0029069,-2.28E-06,3.40E-05,0.0011365,-0.0010444,0.0029907,0.131172,0.0804,0.64548,0.000126964,-0.01587773,0.00200412,0.1670898,0.000104939,-8.23152E-08,1.22736E-06,4.10277E-05,-3.77028E-05,0.000107964
0.0036719,1.1014,0.67,5.379,-0.082694,0.010922,0.87457,0.0027676,-5.61E-05,2.99E-05,0.0011461,-0.0012062,0.00343,0.132168,0.0804,0.64548,0.000132556,-0.01571186,0.00207518,0.1661683,9.99104E-05,-2.02434E-06,1.07982E-06,4.13742E-05,-4.35438E-05,0.000123823
0.0038091,1.1096,0.67,5.379,-0.08159,0.011372,0.8694,0.0026479,-9.21E-05,3.71E-05,0.001143,-0.0013228,0.0038273,0.133152,0.0804,0.64548,0.000137509,-0.0155021,0.00216068,0.165186,9.55892E-05,-3.32553E-06,1.34003E-06,4.12623E-05,-4.77531E-05,0.000138166
0.0038874,1.1179,0.67,5.379,-0.080113,0.011854,0.86414,0.0025565,-0.00011653,2.92E-05,0.0011341,-0.0014046,0.0040843,0.134148,0.0804,0.64548,0.000140335,-0.01522147,0.00225226,0.1641866,9.22897E-05,-4.20673E-06,1.0552E-06,4.0941E-05,-5.07061E-05,0.000147443
0.0039673,1.1262,0.67,5.379,-0.078325,0.012672,0.85877,0.002492,-0.00012802,1.54E-05,0.0011325,-0.0014678,0.0043101,0.135144,0.0804,0.64548,0.00014322,-0.01488175,0.00240768,0.1631663,8.99612E-05,-4.62152E-06,5.55615E-07,4.08833E-05,-5.29876E-05,0.000155595
0.0040342,1.1344,0.67,5.379,-0.076333,0.014156,0.85355,0.0024159,-0.00011726,2.94E-06,0.0011562,-0.0015017,0.0044963,0.136128,0.0804,0.64548,0.000145635,-0.01450327,0.00268964,0.1621745,8.7214E-05,-4.23309E-06,1.05986E-07,4.17388E-05,-5.42114E-05,0.000162316
0.0040785,1.1427,0.67,5.379,-0.074094,0.01633,0.84907,0.0022805,-9.87E-05,-2.52E-05,0.001225,-0.001526,0.0046517,0.137124,0.0804,0.64548,0.000147234,-0.01407786,0.0031027,0.1613233,8.23261E-05,-3.56314E-06,-9.10189E-07,4.42225E-05,-5.50886E-05,0.000167926
0.0041253,1.1509,0.67,5.379,-0.071482,0.01868,0.84551,0.0021338,-9.50E-05,-7.70E-07,0.0013573,-0.0015914,0.0047595,0.138108,0.0804,0.64548,0.000148923,-0.01358158,0.0035492,0.1606469,7.70302E-05,-3.4282E-06,-2.78064E-08,4.89985E-05,-5.74495E-05,0.000171818
0.0041576,1.1592,0.67,5.379,-0.068504,0.020237,0.84267,0.0020252,-0.00010099,7.23E-05,0.0015472,-0.0017205,0.0047428,0.139104,0.0804,0.64548,0.000150089,-0.01301576,0.00384503,0.1601073,7.31097E-05,-3.64574E-06,2.60942E-06,5.58539E-05,-6.21101E-05,0.000171215
0.0041422,1.1674,0.67,5.379,-0.065451,0.020456,0.84025,0.0019484,-8.70E-05,0.00012189,0.0017428,-0.0018626,0.0045932,0.140088,0.0804,0.64548,0.000149533,-0.01243569,0.00388664,0.1596475,7.03372E-05,-3.13904E-06,4.40023E-06,6.29151E-05,-6.72399E-05,0.000165815
0.0040862,1.1757,0.67,5.379,-0.062536,0.019891,0.83863,0.0018887,-4.67E-05,0.0001242,0.0018876,-0.0019675,0.004396,0.141084,0.0804,0.64548,0.000147512,-0.01188184,0.00377929,0.1593397,6.81821E-05,-1.68757E-06,4.48362E-06,6.81424E-05,-7.10268E-05,0.000158696
0.0040193,1.1839,0.67,5.379,-0.059863,0.019314,0.83844,0.0018461,-6.85E-07,7.30E-05,0.0019433,-0.0020422,0.0042491,0.142068,0.0804,0.64548,0.000145097,-0.01137397,0.00366966,0.1593036,6.66442E-05,-2.47328E-08,2.63458E-06,7.01531E-05,-7.37234E-05,0.000153393
0.0039549,1.1922,0.67,5.379,-0.057401,0.018949,0.83918,0.0018231,3.47E-05,9.17E-07,0.0018877,-0.0020662,0.004199,0.143064,0.0804,0.64548,0.000142772,-0.01090619,0.00360031,0.1594442,6.58139E-05,1.25253E-06,3.30903E-08,6.8146E-05,-7.45898E-05,0.000151584
0.0038603,1.2005,0.67,5.379,-0.055004,0.018779,0.84014,0.001802,4.43E-05,-8.53E-05,0.0017249,-0.002015,0.0041938,0.14406,0.0804,0.64548,0.000139357,-0.01045076,0.00356801,0.1596266,6.50522E-05,1.60075E-06,-3.0811E-06,6.22689E-05,-7.27415E-05,0.000151396
0.0037431,1.2087,0.67,5.379,-0.052508,0.018711,0.84094,0.001768,2.57E-05,-0.00017387,0.0014985,-0.001912,0.0042197,0.145044,0.0804,0.64548,0.000135126,-0.00997652,0.00355509,0.1597786,6.38248E-05,9.26398E-07,-6.27671E-06,5.40959E-05,-6.90232E-05,0.000152331
0.0036331,1.217,0.67,5.379,-0.049795,0.018555,0.8416,0.0017359,-2.74E-06,-0.00018443,0.0012971,-0.0017799,0.0042332,0.14604,0.0804,0.64548,0.000131155,-0.00946105,0.00352545,0.159904,6.2666E-05,-9.89465E-08,-6.65792E-06,4.68253E-05,-6.42544E-05,0.000152819
0.0034718,1.2252,0.67,5.379,-0.046958,0.018221,0.84305,0.0016878,-2.40E-05,-0.00011401,0.0011857,-0.0016407,0.0040702,0.147024,0.0804,0.64548,0.000125332,-0.00892202,0.00346199,0.1601795,6.09296E-05,-8.64812E-07,-4.11576E-06,4.28038E-05,-5.92293E-05,0.000146934
0.0032222,1.2335,0.67,5.379,-0.04417,0.017819,0.84602,0.0015918,-2.99E-05,-1.41E-05,0.0011658,-0.0015181,0.0036868,0.14802,0.0804,0.64548,0.000116321,-0.0083923,0.00338561,0.1607438,5.7464E-05,-1.08055E-06,-5.09624E-07,4.20854E-05,-5.48034E-05,0.000133093
0.0029396,1.2417,0.67,5.379,-0.041484,0.017411,0.85017,0.0014912,-1.60E-05,8.76E-05,0.0011964,-0.0013851,0.0031917,0.149004,0.0804,0.64548,0.00010612,-0.00788196,0.00330809,0.1615323,5.38323E-05,-5.78647E-07,3.16373E-06,4.319E-05,-5.00021E-05,0.00011522
0.0026831,1.25,0.67,5.379,-0.038759,0.016798,0.85479,0.0014333,8.29E-06,0.00017319,0.0012284,-0.0011959,0.0027045,0.15,0.0804,0.64548,9.68599E-05,-0.00736421,0.00319162,0.1624101,5.17421E-05,2.99193E-07,6.25216E-06,4.43452E-05,-4.3172E-05,9.76325E-05
0.0024566,1.2583,0.67,5.379,-0.035819,0.015572,0.8594,0.0013966,2.51E-05,0.00019774,0.0012452,-0.00095324,0.0022714,0.150996,0.0804,0.64548,8.86833E-05,-0.00680561,0.00295868,0.163286,5.04173E-05,9.05857E-07,7.13841E-06,4.49517E-05,-3.4412E-05,8.19975E-05
0.0023142,1.2665,0.67,5.379,-0.032564,0.01355,0.86363,0.0013679,2.11E-05,0.00019956,0.0012619,-0.0006994,0.0019985,0.15198,0.0804,0.64548,8.35426E-05,-0.00618716,0.0025745,0.1640897,4.93812E-05,7.6171E-07,7.20412E-06,4.55546E-05,-2.52483E-05,7.21459E-05
0.0022476,1.2748,0.67,5.379,-0.02913,0.010825,0.86697,0.0013627,1.56E-06,0.00021419,0.0012838,-0.00050207,0.0018487,0.152976,0.0804,0.64548,8.11384E-05,-0.0055347,0.00205675,0.1647243,4.91935E-05,5.63629E-08,7.73226E-06,4.63452E-05,-1.81247E-05,6.67381E-05
0.002212,1.283,0.67,5.379,-0.025862,0.0079829,0.86909,0.0013795,-2.27E-05,0.00020545,0.001305,-0.00037554,0.0017396,0.15396,0.0804,0.64548,7.98532E-05,-0.00491378,0.001516751,0.1651271,4.98E-05,-8.19181E-07,7.41675E-06,4.71105E-05,-1.3557E-05,6.27996E-05
0.0022073,1.2913,0.67,5.379,-0.022965,0.0059227,0.87019,0.0013865,-5.00E-05,0.00017485,0.0013407,-0.00025555,0.0016873,0.154956,0.0804,0.64548,7.96835E-05,-0.00436335,0.001125313,0.1653361,5.00527E-05,-1.80464E-06,6.31209E-06,4.83993E-05,-9.22536E-06,6.09115E-05
0.0022491,1.2995,0.67,5.379,-0.020345,0.0049059,0.87023,0.0013774,-7.72E-05,0.00014254,0.0013803,-0.00010982,0.0017405,0.15594,0.0804,0.64548,8.11925E-05,-0.00386555,0.000932121,0.1653437,4.97241E-05,-2.78688E-06,5.14569E-06,4.98288E-05,-3.9645E-06,6.28321E-05
0.002301,1.3078,0.67,5.379,-0.017869,0.0045081,0.8695,0.0013881,-9.78E-05,9.21E-05,0.0013711,4.20E-05,0.0018428,0.156936,0.0804,0.64548,8.30661E-05,-0.00339511,0.000856539,0.165205,5.01104E-05,-3.53174E-06,3.32636E-06,4.94967E-05,1.51634E-06,6.65251E-05
0.0022564,1.316,0.67,5.379,-0.015436,0.0042752,0.86857,0.0013884,-0.00010453,4.63E-05,0.0012688,0.00016988,0.0018556,0.15792,0.0804,0.64548,8.1456E-05,-0.00293284,0.000812288,0.1650283,5.01212E-05,-3.77353E-06,1.67096E-06,4.58037E-05,6.13267E-06,6.69872E-05
0.0021125,1.3243,0.67,5.379,-0.01294,0.004156,0.86728,0.0013279,-9.68E-05,5.33E-05,0.0010879,0.00025507,0.0018092,0.158916,0.0804,0.64548,7.62613E-05,-0.0024586,0.00078964,0.1647832,4.79372E-05,-3.49354E-06,1.92272E-06,3.92732E-05,9.20803E-06,6.53121E-05
0.0019685,1.3326,0.67,5.379,-0.010368,0.0042466,0.86548,0.00124,-8.27E-05,5.22E-05,0.0008984,0.000292,0.0017986,0.159912,0.0804,0.64548,7.10629E-05,-0.00196992,0.000806854,0.1644412,0.000044764,-2.9846E-06,1.88388E-06,3.24322E-05,1.05412E-05,6.49295E-05
0.0018053,1.3408,0.67,5.379,-0.0077574,0.0043442,0.86338,0.0011659,-6.75E-05,2.55E-05,0.00074848,0.00028188,0.0016962,0.160896,0.0804,0.64548,6.51713E-05,-0.001473906,0.000825398,0.1640422,4.2089E-05,-2.43733E-06,9.21958E-07,2.70201E-05,1.01759E-05,6.12328E-05
0.0016177,1.3491,0.67,5.379,-0.0049979,0.0041271,0.86078,0.0010941,-4.94E-05,1.71E-06,0.00064701,0.00022938,0.0014943,0.161892,0.0804,0.64548,5.8399E-05,-0.000949601,0.000784149,0.1635482,3.9497E-05,-1.78312E-06,6.15613E-08,2.33571E-05,8.28062E-06,5.39442E-05
0.0015074,1.3573,0.67,5.379,-0.0020739,0.0035236,0.85833,0.0010307,-3.39E-05,-2.87E-05,0.00058782,0.00015773,0.0013963,0.162876,0.0804,0.64548,5.44171E-05,-0.000394041,0.000669484,0.1630827,3.72083E-05,-1.22516E-06,-1.03712E-06,2.12203E-05,5.69405E-06,5.04064E-05
0.0014075,1.3656,0.67,5.379,0.00091473,0.002593,0.85709,0.00099082,-2.15E-05,-5.11E-05,0.00055928,8.69E-05,0.001265,0.163872,0.0804,0.64548,5.08108E-05,0.000173799,0.00049267,0.1628471,3.57686E-05,-7.7745E-07,-1.84464E-06,2.019E-05,3.13532E-06,4.56665E-05
0.0013013,1.3738,0.67,5.379,0.0039542,0.0015517,0.85696,0.00094284,-9.91E-06,-5.10E-05,0.00054818,1.68E-05,0.0011116,0.164856,0.0804,0.64548,4.69769E-05,0.000751298,0.000294823,0.1628224,3.40365E-05,-3.5769E-07,-1.84009E-06,1.97893E-05,6.05939E-07,4.01288E-05
0.0012815,1.3821,0.67,5.379,0.0069515,0.00061714,0.85793,0.00090249,-6.02E-06,-7.06E-05,0.00055143,-3.71E-05,0.0011091,0.165852,0.0804,0.64548,4.62622E-05,0.001320785,0.000117257,0.1630067,3.25799E-05,-2.17401E-07,-2.54895E-06,1.99066E-05,-1.3379E-06,4.00385E-05
0.0012577,1.3903,0.67,5.379,0.0098358,3.93E-05,0.85964,0.00088862,-3.08E-06,-8.42E-05,0.00057544,-8.11E-05,0.0010514,0.166836,0.0804,0.64548,4.5403E-05,0.001868802,7.45807E-06,0.1633316,3.20792E-05,-1.11246E-07,-3.04096E-06,2.07734E-05,-2.92598E-06,3.79555E-05
0.0012734,1.3986,0.67,5.379,0.012689,-4.96E-05,0.86129,0.00088425,-2.34E-06,-4.03E-05,0.00061933,-0.00011566,0.0010432,0.167832,0.0804,0.64548,4.59697E-05,0.00241091,-9.42514E-06,0.1636451,3.19214E-05,-8.43657E-08,-1.45519E-06,2.23578E-05,-4.17533E-06,3.76595E-05
0.0013535,1.4069,0.67,5.379,0.015471,4.82E-05,0.86303,0.00091103,-8.46E-06,-8.03E-05,0.00067774,-0.00014047,0.0011182,0.168828,0.0804,0.64548,4.88614E-05,0.00293949,9.16142E-06,0.1639757,3.28882E-05,-3.05485E-07,-2.89818E-06,2.44664E-05,-5.07097E-06,4.0367E-05
0.0013584,1.4151,0.67,5.379,0.018131,0.00013551,0.86549,0.00090959,-2.17E-05,-7.75E-05,0.00074976,-0.00016427,0.0010575,0.169812,0.0804,0.64548,4.90382E-05,0.00344489,2.57469E-05,0.1644431,3.28362E-05,-7.8207E-07,-2.79923E-06,2.70663E-05,-5.93015E-06,3.81758E-05
0.0013878,1.4234,0.67,5.379,0.020737,0.00011125,0.86923,0.00086955,-4.60E-05,-4.12E-05,0.00084013,-0.00018664,0.0010659,0.170808,0.0804,0.64548,5.00996E-05,0.00394003,2.11375E-05,0.1651537,3.13908E-05,-1.66161E-06,-1.48718E-06,3.03287E-05,-6.7377E-06,3.8479E-05
0.0014537,1.4316,0.67,5.379,0.02314,-8.15E-05,0.87397,0.00085628,-7.78E-05,-7.80E-05,0.00095027,-0.00020796,0.0011009,0.171792,0.0804,0.64548,5.24786E-05,0.0043966,-1.54778E-05,0.1660543,3.09117E-05,-2.80782E-06,-2.81623E-06,3.43047E-05,-7.50736E-06,3.97425E-05
0.0015387,1.4399,0.67,5.379,0.025314,-0.00063109,0.8792,0.00085993,-0.00011158,-9.88E-05,0.0010692,-0.00022048,0.0011483,0.172788,0.0804,0.64548,5.55471E-05,0.00480966,-0.000119907,0.167048,3.10435E-05,-4.02804E-06,-3.56571E-06,3.85981E-05,-7.95933E-06,4.14536E-05
0.0016278,1.4481,0.67,5.379,0.027312,-0.0017573,0.88503,0.00086494,-0.0001459,-0.00012483,0.0011827,-0.00023062,0.001208,0.173772,0.0804,0.64548,5.87636E-05,0.00518928,-0.000333887,0.1681557,3.12243E-05,-5.26699E-06,-4.50636E-06,4.26955E-05,-8.32538E-06,4.36088E-05
0.0016812,1.4564,0.67,5.379,0.029214,-0.0033312,0.89141,0.00085261,-0.00018139,-0.0001134,0.0012805,-0.0002407,0.0012293,0.174768,0.0804,0.64548,6.06913E-05,0.00555066,-0.000632928,0.1693679,3.07792E-05,-6.54818E-06,-4.09374E-06,4.62261E-05,-8.68927E-06,4.43777E-05
0.0017326,1.4647,0.67,5.379,0.031118,-0.0052646,0.89822,0.00082791,-0.00021235,-8.67E-05,0.001354,-0.0002621,0.0012832,0.175764,0.0804,0.64548,6.25469E-05,0.00591242,-0.001000274,0.1706618,2.98876E-05,-7.66584E-06,-3.12904E-06,4.88794E-05,-9.46181E-06,4.63235E-05
0.0017696,1.4729,0.67,5.379,0.033054,-0.0073611,0.9049,0.00080201,-0.00023667,-3.99E-05,0.0014016,-0.0003047,0.0013356,0.176748,0.0804,0.64548,6.38826E-05,0.00628026,-0.001398609,0.171931,2.89526E-05,-8.54379E-06,-1.43891E-06,5.05978E-05,-1.09997E-05,4.82152E-05
0.0018064,1.4812,0.67,5.379,0.034983,-0.0095448,0.91082,0.0007723,-0.00025593,7.06E-06,0.0014198,-0.0003769,0.0014207,0.177744,0.0804,0.64548,6.5211E-05,0.00664677,-0.001813512,0.1730558,2.788E-05,-9.23907E-06,2.54877E-07,5.12548E-05,-1.36061E-05,5.12873E-05
0.001844,1.4894,0.67,5.379,0.036829,-0.011604,0.91571,0.0007437,-0.00026816,3.99E-05,0.0014028,-0.00048926,0.0015414,0.178728,0.0804,0.64548,6.65684E-05,0.00699751,-0.00220476,0.1739849,2.68476E-05,-9.68058E-06,1.44191E-06,5.06411E-05,-1.76623E-05,5.56445E-05
0.0018928,1.4977,0.67,5.379,0.038717,-0.012976,0.91975,0.0007193,-0.0002636,6.32E-05,0.0013562,-0.00064202,0.0017101,0.179724,0.0804,0.64548,6.83301E-05,0.00735623,-0.00246544,0.1747525,2.59667E-05,-9.51596E-06,2.28314E-06,4.89588E-05,-2.31769E-05,6.17346E-05
0.0019561,1.5059,0.67,5.379,0.040738,-0.013248,0.92384,0.0007033,-0.00024102,9.05E-05,0.0013132,-0.00080565,0.0018958,0.180708,0.0804,0.64548,7.06152E-05,0.00774022,-0.00251712,0.1755296,2.53891E-05,-8.70082E-06,3.26571E-06,4.74065E-05,-2.9084E-05,6.84384E-05
0.0020527,1.5142,0.67,5.379,0.042895,-0.012455,0.92869,0.00069767,-0.00022139,0.00014387,0.0013114,-0.00094609,0.0020964,0.181704,0.0804,0.64548,7.41025E-05,0.00815005,-0.00236645,0.1764511,2.51859E-05,-7.99218E-06,5.19371E-06,4.73415E-05,-3.41538E-05,7.568E-05
0.0021567,1.5224,0.67,5.379,0.04521,-0.011243,0.93428,0.00068956,-0.00022484,0.00022749,0.0013563,-0.0010507,0.0022676,0.182688,0.0804,0.64548,7.78569E-05,0.0085899,-0.00213617,0.1775132,2.48931E-05,-8.11672E-06,8.21239E-06,4.89624E-05,-3.79303E-05,8.18604E-05
0.0022279,1.5307,0.67,5.379,0.047652,-0.010183,0.94003,0.00066443,-0.00024568,0.00031422,0.0014176,-0.0011076,0.0023739,0.183684,0.0804,0.64548,8.04272E-05,0.00905388,-0.00193477,0.1786057,2.39859E-05,-8.86905E-06,1.13433E-05,5.11754E-05,-3.99844E-05,8.56978E-05
0.0022473,1.539,0.67,5.379,0.050063,-0.0097114,0.94524,0.00062763,-0.00026075,0.0003644,0.0014535,-0.0011259,0.0024134,0.18468,0.0804,0.64548,8.11275E-05,0.00951197,-0.001845166,0.1795956,2.26574E-05,-9.41308E-06,1.31548E-05,5.24714E-05,-4.0645E-05,8.71237E-05
0.0022189,1.5472,0.67,5.379,0.052297,-0.0097399,0.94971,0.00059793,-0.00026554,0.000373,0.0014479,-0.0011183,0.002392,0.185664,0.0804,0.64548,8.01023E-05,0.00993643,-0.001850581,0.1804449,2.15853E-05,-9.58599E-06,1.34653E-05,5.22692E-05,-4.03706E-05,8.63512E-05
0.0021557,1.5555,0.67,5.379,0.054427,-0.0097949,0.95344,0.0005911,-0.00026393,0.00035118,0.001413,-0.0010926,0.0023073,0.18666,0.0804,0.64548,7.78208E-05,0.01034113,-0.001861031,0.1811536,2.13387E-05,-9.52787E-06,1.26776E-05,5.10093E-05,-3.94429E-05,8.32935E-05
0.0020726,1.5637,0.67,5.379,0.056507,-0.0096689,0.95625,0.00059854,-0.00025579,0.00031508,0.0013592,-0.0010583,0.0021874,0.187644,0.0804,0.64548,7.48209E-05,0.01073633,-0.001837091,0.1816875,2.16073E-05,-9.23402E-06,1.13744E-05,4.90671E-05,-3.82046E-05,7.89651E-05
0.0019938,1.572,0.67,5.379,0.058308,-0.0093549,0.95797,0.00059941,-0.00024979,0.00027911,0.0012876,-0.0010229,0.0021007,0.18864,0.0804,0.64548,7.19762E-05,0.01107852,-0.001777431,0.1820143,2.16387E-05,-9.01742E-06,1.00759E-05,4.64824E-05,-3.69267E-05,7.58353E-05
0.0019215,1.5802,0.67,5.379,0.059722,-0.00899,0.9588,0.00059588,-0.0002503,0.00025655,0.0012106,-0.00098148,0.0020366,0.189624,0.0804,0.64548,6.93662E-05,0.01134718,-0.0017081,0.182172,2.15113E-05,-9.03583E-06,9.26146E-06,4.37027E-05,-3.54314E-05,7.35213E-05
0.0018535,1.5885,0.67,5.379,0.060954,-0.0085459,0.95932,0.0006047,-0.00025479,0.00024422,0.0011496,-0.0009291,0.0019528,0.19062,0.0804,0.64548,6.69114E-05,0.01158126,-0.001623721,0.1822708,2.18297E-05,-9.19792E-06,8.81634E-06,4.15006E-05,-3.35405E-05,7.04961E-05
0.0017943,1.5968,0.67,5.379,0.062055,-0.0077408,0.95968,0.00062685,-0.00026435,0.00024409,0.0011237,-0.00087618,0.0018381,0.191616,0.0804,0.64548,6.47742E-05,0.01179045,-0.001470752,0.1823392,2.26293E-05,-9.54304E-06,8.81165E-06,4.05656E-05,-3.16301E-05,6.63554E-05
0.0017564,1.605,0.67,5.379,0.062902,-0.0063609,0.95915,0.00065222,-0.00028103,0.0002494,0.0011384,-0.00082749,0.0017223,0.1926,0.0804,0.64548,6.3406E-05,0.01195138,-0.001208571,0.1822385,2.35451E-05,-1.01452E-05,9.00334E-06,4.10962E-05,-2.98724E-05,6.2175E-05
0.0017215,1.6133,0.67,5.379,0.063525,-0.004542,0.9572,0.0006756,-0.00030305,0.00024374,0.001178,-0.00075464,0.0015894,0.193596,0.0804,0.64548,6.21462E-05,0.01206975,-0.00086298,0.181868,2.43892E-05,-1.09401E-05,8.79901E-06,4.25258E-05,-2.72425E-05,5.73773E-05
0.0016628,1.6215,0.67,5.379,0.064026,-0.0025429,0.95429,0.00070064,-0.00031667,0.00020811,0.0012132,-0.00061704,0.0014118,0.19458,0.0804,0.64548,6.00271E-05,0.01216494,-0.000483151,0.1813151,2.52931E-05,-1.14318E-05,7.51277E-06,4.37965E-05,-2.22751E-05,5.0966E-05
0.0015855,1.6298,0.67,5.379,0.064478,-0.0003564,0.95192,0.00073407,-0.00030758,0.00014581,0.0012206,-0.00044396,0.0012163,0.195576,0.0804,0.64548,5.72366E-05,0.01225082,-0.000067716,0.1808648,2.64999E-05,-1.11036E-05,5.26374E-06,4.40637E-05,-1.6027E-05,4.39084E-05
0.0015169,1.638,0.67,5.379,0.064883,0.0021366,0.95159,0.00077834,-0.00028548,7.24E-05,0.0011974,-0.0003151,0.0010581,0.19656,0.0804,0.64548,5.47601E-05,0.01232777,0.000405954,0.1808021,2.80981E-05,-1.03058E-05,2.61469E-06,4.32261E-05,-1.13751E-05,3.81974E-05
0.0014793,1.6463,0.67,5.379,0.065134,0.0046993,0.95359,0.0008384,-0.00026465,1.52E-05,0.0011576,-0.00024834,0.00096269,0.197556,0.0804,0.64548,5.34027E-05,0.01237546,0.000892867,0.1811821,3.02662E-05,-9.55387E-06,5.50453E-07,4.17894E-05,-8.96507E-06,3.47531E-05
0.0014756,1.6545,0.67,5.379,0.065136,0.0068866,0.9569,0.00092178,-0.00024659,-7.21E-06,0.0011136,-0.00021041,0.00091584,0.19854,0.0804,0.64548,5.32692E-05,0.01237584,0.001308454,0.181811,3.32763E-05,-8.9019E-06,-2.60277E-07,4.0201E-05,-7.5958E-06,3.30618E-05
0.0014895,1.6628,0.67,5.379,0.064858,0.008385,0.96052,0.0010274,-0.00023627,-1.30E-05,0.001072,-0.0001858,0.00087963,0.199536,0.0804,0.64548,5.3771E-05,0.01232302,0.00159315,0.1824988,3.70891E-05,-8.52935E-06,-4.6995E-07,3.86992E-05,-6.70738E-06,3.17546E-05
0.0015277,1.6711,0.67,5.379,0.064371,0.0091289,0.96376,0.0011464,-0.00022938,-2.42E-05,0.001036,-0.00016321,0.00087291,0.200532,0.0804,0.64548,5.515E-05,0.01223049,0.001734491,0.1831144,4.1385E-05,-8.28062E-06,-8.72898E-07,3.73996E-05,-5.89188E-06,3.15121E-05
0.0016319,1.6793,0.67,5.379,0.063882,0.009584,0.96614,0.0012716,-0.00021418,-2.76E-05,0.0010165,-0.00013181,0.00097578,0.201516,0.0804,0.64548,5.89116E-05,0.01213758,0.00182096,0.1835666,4.59048E-05,-7.7319E-06,-9.9701E-07,3.66957E-05,-4.75834E-06,3.52257E-05
0.0018141,1.6876,0.67,5.379,0.063612,0.01041,0.96867,0.0014043,-0.0002022,4.32E-06,0.0010452,-0.00011469,0.0011786,0.202512,0.0804,0.64548,6.5489E-05,0.01208628,0.0019779,0.1840473,5.06952E-05,-7.29942E-06,1.55833E-07,3.77317E-05,-4.14031E-06,4.25475E-05
0.0020353,1.6958,0.67,5.379,0.06359,0.011583,0.97127,0.0015491,-0.00021446,9.45E-05,0.0011223,-0.00015579,0.0013993,0.203496,0.0804,0.64548,7.34743E-05,0.0120821,0.00220077,0.1845413,5.59225E-05,-7.74201E-06,3.41055E-06,4.0515E-05,-5.62402E-06,5.05147E-05
0.0022653,1.7041,0.67,5.379,0.063722,0.012419,0.97171,0.0017042,-0.00025182,0.00024299,0.0011658,-0.00027564,0.0016606,0.204492,0.0804,0.64548,8.17773E-05,0.01210718,0.00235961,0.1846249,6.15216E-05,-9.0907E-06,8.77194E-06,4.20854E-05,-9.9506E-06,5.99477E-05
0.0024337,1.7123,0.67,5.379,0.064154,0.012586,0.97084,0.0018725,-0.00028814,0.00040611,0.0011256,-0.00035776,0.0018694,0.205476,0.0804,0.64548,8.78566E-05,0.01218926,0.00239134,0.1844596,6.75973E-05,-1.04019E-05,1.46606E-05,4.06342E-05,-1.29151E-05,6.74853E-05
0.0024283,1.7206,0.67,5.379,0.065139,0.012345,0.97156,0.0020524,-0.00029316,0.00050997,0.0010476,-0.00029384,0.0017567,0.206472,0.0804,0.64548,8.76616E-05,0.01237641,0.00234555,0.1845964,7.40916E-05,-1.05831E-05,1.84099E-05,3.78184E-05,-1.06076E-05,6.34169E-05
0.002304,1.7289,0.67,5.379,0.066574,0.011973,0.97388,0.0022123,-0.0002717,0.00052117,0.0010076,-0.00017357,0.0013881,0.207468,0.0804,0.64548,8.31744E-05,0.01264906,0.00227487,0.1850372,7.9864E-05,-9.80837E-06,1.88142E-05,3.63744E-05,-6.26588E-06,5.01104E-05
0.002214,1.7371,0.67,5.379,0.068118,0.011697,0.97621,0.0023224,-0.00026035,0.0004777,0.0010553,-0.00010717,0.0010503,0.208452,0.0804,0.64548,7.99254E-05,0.01294242,0.00222243,0.1854799,8.38386E-05,-9.39864E-06,1.7245E-05,3.80963E-05,-3.86884E-06,3.79158E-05
0.0022067,1.7454,0.67,5.379,0.069519,0.011824,0.97786,0.0023854,-0.00028549,0.00043252,0.0011661,-0.00010307,0.00086201,0.209448,0.0804,0.64548,7.96619E-05,0.01320861,0.00224656,0.1857934,8.61129E-05,-1.03062E-05,1.5614E-05,4.20962E-05,-3.72083E-06,3.11186E-05
0.002248,1.7536,0.67,5.379,0.070649,0.012708,0.97916,0.0024122,-0.00034999,0.00041013,0.0012871,-0.0001192,0.00079677,0.210432,0.0804,0.64548,8.11528E-05,0.01342331,0.00241452,0.1860404,8.70804E-05,-1.26346E-05,1.48057E-05,4.64643E-05,-4.30312E-06,2.87634E-05
0.0022897,1.7619,0.67,5.379,0.071453,0.014164,0.98108,0.0024133,-0.00044629,0.00040433,0.0014102,-0.00012849,0.00075605,0.211428,0.0804,0.64548,8.26582E-05,0.01357607,0.00269116,0.1864052,8.71201E-05,-1.61111E-05,1.45963E-05,5.09082E-05,-4.63849E-06,2.72934E-05
0.0023212,1.7701,0.67,5.379,0.071903,0.015209,0.98353,0.0023977,-0.00055467,0.00040079,0.0015383,-0.00012512,0.00070626,0.212412,0.0804,0.64548,8.37953E-05,0.01366157,0.00288971,0.1868707,8.6557E-05,-2.00236E-05,1.44685E-05,5.55326E-05,-4.51683E-06,2.5496E-05
0.0023389,1.7784,0.67,5.379,0.072023,0.015038,0.9855,0.0023602,-0.00064109,0.00038728,0.0016302,-0.00012985,0.00068743,0.213408,0.0804,0.64548,8.44343E-05,0.01368437,0.00285722,0.187245,8.52032E-05,-2.31433E-05,1.39808E-05,5.88502E-05,-4.68759E-06,2.48162E-05
0.0023331,1.7866,0.67,5.379,0.071935,0.013861,0.98739,0.0022928,-0.0006829,0.00036275,0.0016614,-0.00015994,0.00071202,0.214392,0.0804,0.64548,8.42249E-05,0.01366765,0.00263359,0.1876041,8.27701E-05,-2.46527E-05,1.30953E-05,5.99765E-05,-5.77383E-06,2.57039E-05
0.00231,1.7949,0.67,5.379,0.071774,0.012439,0.99008,0.0022018,-0.00068744,0.00034869,0.0016547,-0.00020854,0.0007636,0.215388,0.0804,0.64548,0.000083391,0.01363706,0.00236341,0.1881152,7.9485E-05,-2.48166E-05,1.25877E-05,5.97347E-05,-7.52829E-06,2.7566E-05
0.0022902,1.8032,0.67,5.379,0.071609,0.011352,0.99354,0.0020971,-0.00066961,0.00037244,0.0016413,-0.0002707,0.00084203,0.216384,0.0804,0.64548,8.26762E-05,0.01360571,0.00215688,0.1887726,7.57053E-05,-2.41729E-05,1.34451E-05,5.92509E-05,-9.77227E-06,3.03973E-05
0.002301,1.8114,0.67,5.379,0.07146,0.010818,0.99716,0.0019909,-0.00064773,0.0004499,0.0016497,-0.00034267,0.00096133,0.217368,0.0804,0.64548,8.30661E-05,0.0135774,0.00205542,0.1894604,7.18715E-05,-2.33831E-05,1.62414E-05,5.95542E-05,-1.23704E-05,3.4704E-05
0.0023467,1.8197,0.67,5.379,0.071342,0.0109,1.0002,0.001897,-0.0006438,0.00056446,0.0016845,-0.0004488,0.0011119,0.218364,0.0804,0.64548,8.47159E-05,0.01355498,0.002071,0.190038,6.84817E-05,-2.32412E-05,2.0377E-05,6.08105E-05,-1.62017E-05,4.01396E-05
0.0024258,1.8279,0.67,5.379,0.07126,0.011464,1.0022,0.0018203,-0.00067148,0.00068033,0.0017429,-0.00058973,0.0012885,0.219348,0.0804,0.64548,8.75714E-05,0.0135394,0.00217816,0.190418,6.57128E-05,-2.42404E-05,2.45599E-05,6.29187E-05,-2.12893E-05,4.65149E-05
0.0025246,1.8362,0.67,5.379,0.071213,0.012179,1.0033,0.001761,-0.00072953,0.00077575,0.0018186,-0.00073232,0.0014695,0.220344,0.0804,0.64548,9.11381E-05,0.01353047,0.00231401,0.190627,6.35721E-05,-2.6336E-05,2.80046E-05,6.56515E-05,-2.64368E-05,5.3049E-05
0.0026031,1.8446,0.67,5.379,0.071231,0.012937,1.0039,0.0017136,-0.00079717,0.00082789,0.0018912,-0.00084105,0.0016013,0.221352,0.0804,0.64548,9.39719E-05,0.01353389,0.00245803,0.190741,6.1861E-05,-2.87778E-05,2.98868E-05,6.82723E-05,-3.03619E-05,5.78069E-05
0.0026351,1.8534,0.67,5.379,0.071323,0.013725,1.0045,0.0016654,-0.00084109,0.00082766,0.0019202,-0.00091214,0.0016846,0.222408,0.0804,0.64548,9.51271E-05,0.01355137,0.00260775,0.190855,6.01209E-05,-3.03633E-05,2.98785E-05,6.93192E-05,-3.29283E-05,6.08141E-05
0.0026015,1.8626,0.67,5.379,0.071477,0.014338,1.0049,0.001617,-0.00084416,0.00076936,0.0018616,-0.00094533,0.0017243,0.223512,0.0804,0.64548,9.39142E-05,0.01358063,0.00272422,0.190931,5.83737E-05,-3.04742E-05,2.77739E-05,6.72038E-05,-3.41264E-05,6.22472E-05
0.0025626,1.8723,0.67,5.379,0.071659,0.01416,1.0055,0.0015836,-0.00083571,0.00069849,0.0017715,-0.00096236,0.00177,0.224676,0.0804,0.64548,9.25099E-05,0.01361521,0.0026904,0.191045,5.7168E-05,-3.01691E-05,2.52155E-05,6.39512E-05,-3.47412E-05,0.000063897
0.0025923,1.8824,0.67,5.379,0.07175,0.013426,1.0072,0.0015748,-0.00083773,0.00061472,0.0017366,-0.00098293,0.0018731,0.225888,0.0804,0.64548,9.3582E-05,0.0136325,0.00255094,0.191368,5.68503E-05,-3.02421E-05,2.21914E-05,6.26913E-05,-3.54838E-05,6.76189E-05
0.0026888,1.8931,0.67,5.379,0.071574,0.013287,1.0105,0.0015706,-0.00082476,0.00055309,0.0017609,-0.0010423,0.0020461,0.227172,0.0804,0.64548,9.70657E-05,0.01359906,0.00252453,0.191995,5.66987E-05,-2.97738E-05,1.99665E-05,6.35685E-05,-3.7627E-05,7.38642E-05
0.0027537,1.9042,0.67,5.379,0.070973,0.013793,1.0134,0.0015416,-0.00077253,0.00050474,0.0017467,-0.0010767,0.0022191,0.228504,0.0804,0.64548,9.94086E-05,0.01348487,0.00262067,0.192546,5.56518E-05,-2.78883E-05,1.82211E-05,6.30559E-05,-3.88689E-05,8.01095E-05
0.0027798,1.9159,0.67,5.379,0.070148,0.01367,1.0142,0.0015051,-0.0006941,0.00042672,0.0016335,-0.0010167,0.002421,0.229908,0.0804,0.64548,0.000100351,0.01332812,0.0025973,0.192698,5.43341E-05,-2.5057E-05,1.54046E-05,5.89694E-05,-3.67029E-05,8.73981E-05
0.0027009,1.9282,0.67,5.379,0.06961,0.012724,1.0138,0.0014905,-0.00057055,0.00035334,0.0014239,-0.00086709,0.0024875,0.231384,0.0804,0.64548,9.75025E-05,0.0132259,0.00241756,0.192622,5.38071E-05,-2.05969E-05,1.27556E-05,5.14028E-05,-3.13019E-05,8.97988E-05
0.0024502,1.941,0.67,5.379,0.069474,0.0123,1.0143,0.0014895,-0.00037931,0.00022979,0.001199,-0.00062704,0.0022119,0.23292,0.0804,0.64548,8.84522E-05,0.01320006,0.002337,0.192717,5.3771E-05,-1.36931E-05,8.29542E-06,4.32839E-05,-2.26361E-05,7.98496E-05
0.0021683,1.9545,0.67,5.379,0.06902,0.012367,1.0172,0.0014754,-0.00017291,5.45E-05,0.0010512,-0.00046616,0.00181,0.23454,0.0804,0.64548,7.82756E-05,0.0131138,0.00234973,0.193268,5.32619E-05,-6.24205E-06,1.96698E-06,3.79483E-05,-1.68284E-05,0.000065341
0.0019959,1.9686,0.67,5.379,0.067496,0.012975,1.0195,0.0014384,-1.49E-05,-0.00015818,0.00097697,-0.00034519,0.0015763,0.236232,0.0804,0.64548,7.2052E-05,0.01282424,0.00246525,0.193705,5.19262E-05,-5.3789E-07,-5.7103E-06,3.52686E-05,-1.24614E-05,5.69044E-05
0.0018835,1.9833,0.67,5.379,0.065441,0.012244,1.0183,0.0014027,7.01E-05,-0.00028081,0.00095858,-0.00027587,0.0014058,0.237996,0.0804,0.64548,6.79944E-05,0.01243379,0.00232636,0.193477,5.06375E-05,2.52945E-06,-1.01372E-05,3.46047E-05,-9.95891E-06,5.07494E-05
0.0018619,1.9988,0.67,5.379,0.063978,0.0092877,1.0141,0.0013833,8.33E-05,-0.0002863,0.000946,-0.0002695,0.0013945,0.239856,0.0804,0.64548,6.72146E-05,0.01215582,0.001764663,0.192679,4.99371E-05,3.00576E-06,-1.03354E-05,3.41506E-05,-9.72895E-06,5.03415E-05
0.0021415,2.0149,0.67,5.379,0.062684,0.0051804,1.0113,0.0013597,3.66E-05,-0.00016171,0.00078847,-8.20E-05,0.0021348,0.241788,0.0804,0.64548,7.73082E-05,0.01190996,0.000984276,0.192147,4.90852E-05,1.32122E-06,-5.83773E-06,2.84638E-05,-2.96089E-06,7.70663E-05
0.0024943,2.0319,0.67,5.379,0.060836,0.0020798,1.006,0.0013235,6.02E-05,0.00011331,0.00068991,0.00022439,0.0029752,0.243828,0.0804,0.64548,9.00442E-05,0.01155884,0.000395162,0.19114,4.77784E-05,2.17199E-06,4.09049E-06,2.49058E-05,8.10048E-06,0.000107405
0.002932,2.0496,0.67,5.379,0.058203,-0.0018689,1.0015,0.001304,4.85E-05,0.00059528,0.0006639,0.00019553,0.0038962,0.245952,0.0804,0.64548,0.000105845,0.01105857,-0.000355091,0.190285,4.70744E-05,1.75056E-06,2.14896E-05,2.39668E-05,7.05863E-06,0.000140653
0.0037405,2.0681,0.67,5.379,0.054606,-0.00026605,0.98934,0.0013748,-9.05E-05,0.0011037,0.00069889,-1.21E-05,0.0054073,0.248172,0.0804,0.64548,0.000135032,0.01037514,-5.05495E-05,0.1879746,4.96303E-05,-3.26658E-06,3.98436E-05,2.52299E-05,-4.3764E-07,0.000195204
0.0048349,2.0875,0.67,5.379,0.051051,0.0024876,0.98319,0.0015869,-0.0003011,0.0018468,0.00083674,-0.00058781,0.0072462,0.2505,0.0804,0.64548,0.00017454,0.00969969,0.000472644,0.1868061,5.72871E-05,-1.08697E-05,6.66695E-05,3.02063E-05,-2.12199E-05,0.000261588
0.0055114,2.1078,0.67,5.379,0.048249,0.0085673,0.98077,0.0018184,-0.00025986,0.0026347,0.00088392,-0.00066825,0.0083204,0.252936,0.0804,0.64548,0.000198962,0.00916731,0.001627787,0.1863463,6.56442E-05,-9.38095E-06,9.51127E-05,3.19095E-05,-2.41238E-05,0.000300366
0.0052094,2.129,0.67,5.379,0.047613,0.016688,0.96841,0.0019515,-0.00017461,0.0026752,0.00088615,-0.00031072,0.0075811,0.25548,0.0804,0.64548,0.000188059,0.00904647,0.00317072,0.1839979,7.04492E-05,-6.30342E-06,9.65747E-05,3.199E-05,-1.1217E-05,0.000273678
0.004398,2.1511,0.67,5.379,0.048934,0.017167,0.97201,0.0019739,-6.00E-05,0.0023227,0.00095417,-9.00E-05,0.0058679,0.258132,0.0804,0.64548,0.000158768,0.00929746,0.00326173,0.1846819,7.12578E-05,-2.16441E-06,8.38495E-05,3.44455E-05,-3.24972E-06,0.000211831
0.0037017,2.1743,0.67,5.379,0.047565,0.019562,0.97837,0.0018613,0.00013581,0.0018921,0.0010907,0.00010629,0.0044513,0.260916,0.0804,0.64548,0.000133631,0.00903735,0.00371678,0.1858903,6.71929E-05,4.90274E-06,6.83048E-05,3.93743E-05,3.83707E-06,0.000160692
0.0033991,2.1984,0.67,5.379,0.04298,0.023606,0.97021,0.0016251,0.00033513,0.0015364,0.0011584,0.00027798,0.0040146,0.263808,0.0804,0.64548,0.000122708,0.0081662,0.00448514,0.1843399,5.86661E-05,1.20982E-05,5.5464E-05,4.18182E-05,1.00351E-05,0.000144927
0.0038828,2.2237,0.67,5.379,0.040467,0.025926,0.94264,0.0014701,0.00062699,0.0015274,0.0017073,0.0010449,0.0045882,0.266844,0.0804,0.64548,0.000140169,0.00768873,0.00492594,0.1791016,5.30706E-05,2.26343E-05,5.51391E-05,6.16335E-05,3.77209E-05,0.000165634
0.0052983,2.2501,0.67,5.379,0.03956,0.026631,0.9247,0.0014775,0.000489,0.0016606,0.0020713,0.0010938,0.0070477,0.270012,0.0804,0.64548,0.000191269,0.0075164,0.00505989,0.175693,5.33378E-05,1.76529E-05,5.99477E-05,7.47739E-05,3.94862E-05,0.000254422
0.0049754,2.2776,0.67,5.379,0.035207,0.028984,0.91621,0.0015205,8.88E-05,0.0013657,0.0017636,7.31E-05,0.0066666,0.273312,0.0804,0.64548,0.000179612,0.00668933,0.00550696,0.1740799,5.48901E-05,3.2064E-06,4.93018E-05,6.3666E-05,2.63747E-06,0.000240664
0.0051205,2.3063,0.67,5.379,0.027667,0.036623,0.90569,0.0016299,2.15E-05,0.0011563,0.0015632,-0.00074485,0.007048,0.276756,0.0804,0.64548,0.00018485,0.00525673,0.00695837,0.1720811,5.88394E-05,7.74345E-07,4.17424E-05,5.64315E-05,-2.68891E-05,0.000254433
0.0060153,2.3362,0.67,5.379,0.019354,0.050987,0.89513,0.0018367,0.00029946,0.0014846,0.0019127,-0.00061461,0.0082812,0.280344,0.0804,0.64548,0.000217152,0.00367726,0.00968753,0.1700747,6.63049E-05,1.08105E-05,5.35941E-05,6.90485E-05,-2.21874E-05,0.000298951
0.0053188,2.3674,0.67,5.379,0.013345,0.058474,0.87181,0.0021097,0.00039503,0.0013145,0.0027624,-0.00024898,0.0057656,0.284088,0.0804,0.64548,0.000192009,0.00253555,0.01111006,0.1656439,7.61602E-05,1.42606E-05,4.74535E-05,9.97226E-05,-8.98818E-06,0.000208138
0.0055628,2.3999,0.67,5.379,0.0086475,0.063822,0.8445,0.0021083,0.00089505,0.0012323,0.0043001,0.00046438,0.0047173,0.287988,0.0804,0.64548,0.000200817,0.001643025,0.01212618,0.160455,7.61096E-05,3.23113E-05,4.4486E-05,0.000155234,1.67641E-05,0.000170295
0.0056845,2.4338,0.67,5.379,0.0026708,0.067905,0.79846,0.0014251,0.00083182,0.0015371,0.0040931,0.0011748,0.0058508,0.292056,0.0804,0.64548,0.00020521,0.000507452,0.01290195,0.1517074,5.14461E-05,3.00287E-05,5.54893E-05,0.000147761,4.24103E-05,0.000211214
0.0043048,2.4691,0.67,5.379,-0.00024532,0.058657,0.68439,0.00047707,0.00012422,0.00094351,0.0022505,0.00099336,0.005882,0.296292,0.0804,0.64548,0.000155403,-4.66108E-05,0.01114483,0.1300341,1.72222E-05,4.48434E-06,3.40607E-05,8.12431E-05,3.58603E-05,0.00021234
0.001637,2.5058,0.67,5.379,0.00031956,0.025793,0.3008,3.00E-05,2.13E-05,0.00016564,0.00085745,0.000397,0.0023866,0.300696,0.0804,0.64548,5.90957E-05,6.07164E-05,0.00490067,0.057152,1.08372E-06,7.70302E-07,5.9796E-06,3.09539E-05,1.43317E-05,8.61563E-05
6.36E-08,2.544,0.67,5.379,0.00036985,7.89E-14,3.34E-17,1.27E-07,2.72E-17,2.38E-21,5.83E-27,5.08E-31,1.75E-34,0.30528,0.0804,0.64548,2.29545E-09,7.02715E-05,1.49819E-14,6.34847E-18,4.59084E-09,9.82823E-19,8.58566E-23,2.10398E-28,1.8346E-32,6.30631E-36
0,2.5837,0.67,5.379,0,0,0,0,0,0,0,0,0,0.310044,0.0804,0.64548,0,0,0,0,0,0,0,0,0,0
0,2.625,0.67,5.379,0,0,0,0,0,0,0,0,0,0.315,0.0804,0.64548,0,0,0,0,0,0,0,0,0,0
0,-0.125,0.67,5.4006,0,0,0,0,0,0,0,0,0,-0.015,0.0804,0.648072,0,0,0,0,0,0,0,0,0,0
0,-0.083719,0.67,5.4006,0,0,0,0,0,0,0,0,0,-0.01004628,0.0804,0.648072,0,0,0,0,0,0,0,0,0,0
2.15E-07,-0.044001,0.67,5.4006,-0.00075979,-2.11E-13,2.20E-17,4.30E-07,1.19E-16,-1.02E-20,3.31E-26,-2.82E-30,5.66E-34,-0.00528012,0.0804,0.648072,7.76511E-09,-0.00014436,-4.009E-14,4.18931E-18,1.55306E-08,4.30998E-18,-3.66668E-22,1.19607E-27,-1.01683E-31,2.04301E-35
0.00093881,-0.0058053,0.67,5.4006,-0.0024774,0.024694,0.38028,1.24E-05,-2.01E-05,-3.76E-05,0.00078701,-0.00018116,0.0010782,-0.000696636,0.0804,0.648072,3.3891E-05,-0.000470706,0.00469186,0.0722532,4.46629E-07,-7.25141E-07,-1.35841E-06,2.84111E-05,-6.53988E-06,3.8923E-05
0.002464,0.030909,0.67,5.4006,-0.00836,0.055926,0.86106,0.00019059,-0.00011787,-0.00021535,0.0020472,-0.0004664,0.0026901,0.00370908,0.0804,0.648072,8.89504E-05,-0.0015884,0.01062594,0.1636014,6.8803E-06,-4.25511E-06,-7.77414E-06,7.39039E-05,-1.6837E-05,9.71126E-05
0.002778,0.066184,0.67,5.4006,-0.018581,0.051277,0.9727,0.00049786,-0.00016988,-0.00020968,0.0017338,-0.00048394,0.0033242,0.00794208,0.0804,0.648072,0.000100286,-0.00353039,0.00974263,0.184813,1.79727E-05,-6.13267E-06,-7.56945E-06,6.25902E-05,-1.74702E-05,0.000120004
0.0027468,0.10006,0.67,5.4006,-0.030194,0.039181,1.006,0.00055814,-0.0002512,-7.12E-05,0.0014245,-0.00044676,0.0035109,0.0120072,0.0804,0.648072,9.91595E-05,-0.00573686,0.00744439,0.19114,2.01489E-05,-9.06832E-06,-2.57144E-06,5.14245E-05,-1.6128E-05,0.000126743
0.0030514,0.13258,0.67,5.4006,-0.038612,0.03077,1.0316,0.00044411,-0.00021132,2.35E-05,0.0014155,-0.00067666,0.0042432,0.0159096,0.0804,0.648072,0.000110156,-0.00733628,0.0058463,0.196004,1.60324E-05,-7.62865E-06,8.47267E-07,5.10996E-05,-2.44274E-05,0.00015318
0.0025845,0.16379,0.67,5.4006,-0.039909,0.017021,1.0467,0.00048378,-7.28E-05,-8.95E-05,0.0009018,-0.00049292,0.0037834,0.0196548,0.0804,0.648072,9.33005E-05,-0.00758271,0.00323399,0.198873,1.74645E-05,-2.62642E-06,-3.22979E-06,3.2555E-05,-1.77944E-05,0.000136581
0.0022476,0.19372,0.67,5.4006,-0.039039,0.013476,1.0518,0.0006637,2.43E-05,-0.00024337,0.00093963,-0.00032706,0.0028919,0.0232464,0.0804,0.648072,8.11384E-05,-0.00741741,0.00256044,0.199842,2.39596E-05,8.76003E-07,-8.78566E-06,3.39206E-05,-1.18069E-05,0.000104398
0.0035012,0.22242,0.67,5.4006,-0.039165,0.020046,1.056,0.00094633,4.16E-05,-0.00084682,0.0011515,-0.00061618,0.0049045,0.0266904,0.0804,0.648072,0.000126393,-0.00744135,0.00380874,0.20064,3.41625E-05,1.50223E-06,-3.05702E-05,4.15692E-05,-2.22441E-05,0.000177052
0.0033635,0.24993,0.67,5.4006,-0.041509,0.02439,1.0622,0.0012241,4.87E-05,-0.0011973,0.001172,-0.00028519,0.004331,0.0299916,0.0804,0.648072,0.000121422,-0.00788671,0.0046341,0.201818,4.419E-05,1.75767E-06,-4.32225E-05,4.23092E-05,-1.02954E-05,0.000156349
0.0022551,0.27629,0.67,5.4006,-0.045953,0.025315,1.0648,0.001276,0.00015097,-0.00098572,0.0011003,-0.0001418,0.002134,0.0331548,0.0804,0.648072,8.14091E-05,-0.00873107,0.00480985,0.202312,4.60636E-05,5.45002E-06,-3.55845E-05,3.97208E-05,-5.11898E-06,7.70374E-05
0.0028553,0.30154,0.67,5.4006,-0.049547,0.024065,1.0623,0.0012505,6.72E-05,-0.00080809,0.0015434,-0.00070931,0.0029167,0.0361848,0.0804,0.648072,0.000103076,-0.00941393,0.00457235,0.201837,4.51431E-05,2.42643E-06,-2.9172E-05,5.57167E-05,-2.56061E-05,0.000105293
0.0038942,0.32572,0.67,5.4006,-0.052296,0.016944,1.0672,0.0013583,-1.00E-07,-0.00086526,0.0019278,-0.0013173,0.0045022,0.0390864,0.0804,0.648072,0.000140581,-0.00993624,0.00321936,0.202768,4.90346E-05,-3.6248E-09,-3.12359E-05,6.95936E-05,-4.75545E-05,0.000162529
0.0034693,0.34887,0.67,5.4006,-0.055353,0.013317,1.0749,0.00148,3.85E-05,-0.0006253,0.0015536,-0.0012072,0.0039051,0.0418644,0.0804,0.648072,0.000125242,-0.01051707,0.00253023,0.204231,0.000053428,1.39097E-06,-2.25733E-05,5.6085E-05,-4.35799E-05,0.000140974
0.0024228,0.37102,0.67,5.4006,-0.058068,0.018737,1.0722,0.0014616,0.00017297,-0.00025783,0.0012471,-0.00058164,0.0021368,0.0445224,0.0804,0.648072,8.74631E-05,-0.01103292,0.00356003,0.203718,5.27638E-05,6.24422E-06,-9.30766E-06,4.50203E-05,-2.09972E-05,7.71385E-05
0.002165,0.39221,0.67,5.4006,-0.061084,0.027971,1.0698,0.0013528,0.00020987,-0.00029434,0.0011908,-0.00035344,0.0017864,0.0470652,0.0804,0.648072,7.81565E-05,-0.01160596,0.00531449,0.203262,4.88361E-05,7.57631E-06,-1.06257E-05,4.29879E-05,-1.27592E-05,6.4489E-05
0.0020418,0.41248,0.67,5.4006,-0.065027,0.03435,1.0662,0.0013021,0.00011314,-0.00011456,0.0011168,-0.00054277,0.0016648,0.0494976,0.0804,0.648072,7.3709E-05,-0.01235513,0.0065265,0.202578,4.70058E-05,4.08435E-06,-4.13562E-06,4.03165E-05,-1.9594E-05,6.00993E-05
0.0025672,0.43187,0.67,5.4006,-0.06811,0.036545,1.0641,0.0013835,0.00019869,-0.0003926,0.0011763,-0.00083203,0.0025744,0.0518244,0.0804,0.648072,9.26759E-05,-0.0129409,0.00694355,0.202179,4.99444E-05,7.17271E-06,-1.41729E-05,4.24644E-05,-3.00363E-05,9.29358E-05
0.0031181,0.4504,0.67,5.4006,-0.069528,0.038288,1.0565,0.001571,0.00040402,-0.00066384,0.0013805,-0.0011142,0.0032847,0.054048,0.0804,0.648072,0.000112563,-0.01321032,0.00727472,0.200735,5.67131E-05,1.45851E-05,-2.39646E-05,4.98361E-05,-4.02226E-05,0.000118578
0.0036681,0.46812,0.67,5.4006,-0.070547,0.03823,1.0545,0.0016524,0.00049037,-0.00053601,0.0016634,-0.0016315,0.0040203,0.0561744,0.0804,0.648072,0.000132418,-0.01340393,0.0072637,0.200355,5.96516E-05,1.77024E-05,-1.935E-05,6.00487E-05,-5.88972E-05,0.000145133
0.0036962,0.48504,0.67,5.4006,-0.072594,0.038372,1.057,0.0015359,0.00032742,-0.0002315,0.0018147,-0.0016545,0.0040418,0.0582048,0.0804,0.648072,0.000133433,-0.01379286,0.00729068,0.20083,5.5446E-05,1.18199E-05,-8.35715E-06,6.55107E-05,-5.97275E-05,0.000145909
0.0029574,0.50122,0.67,5.4006,-0.075743,0.037052,1.0597,0.0013578,0.00011356,5.29E-05,0.0018452,-0.0012456,0.0027117,0.0601464,0.0804,0.648072,0.000106762,-0.01439117,0.00703988,0.201343,4.90166E-05,4.09952E-06,1.9085E-06,6.66117E-05,-4.49662E-05,9.78924E-05
0.002477,0.51667,0.67,5.4006,-0.078909,0.033852,1.0596,0.0012063,-3.90E-05,0.00011504,0.0016709,-0.00099772,0.0020768,0.0620004,0.0804,0.648072,8.94197E-05,-0.01499271,0.00643188,0.201324,4.35474E-05,-1.40848E-06,4.15294E-06,6.03195E-05,-3.60177E-05,7.49725E-05
0.0022682,0.53142,0.67,5.4006,-0.081111,0.031165,1.0619,0.0010902,-0.00013369,1.52E-05,0.0014695,-0.0008558,0.0019767,0.0637704,0.0804,0.648072,8.1882E-05,-0.01541109,0.00592135,0.201761,3.93562E-05,-4.82621E-06,5.48034E-07,5.3049E-05,-3.08944E-05,7.13589E-05
0.0021634,0.54551,0.67,5.4006,-0.0828,0.028564,1.066,0.0010061,-0.00012358,-0.00015559,0.0013449,-0.00055607,0.0019758,0.0654612,0.0804,0.648072,7.80987E-05,-0.015732,0.00542716,0.20254,3.63202E-05,-4.46124E-06,-5.6168E-06,4.85509E-05,-2.00741E-05,7.13264E-05
0.0020688,0.55896,0.67,5.4006,-0.084789,0.025022,1.0663,0.00098751,-7.47E-05,-0.00035008,0.0012883,-0.00014677,0.0018619,0.0670752,0.0804,0.648072,7.46837E-05,-0.01610991,0.00475418,0.202597,3.56491E-05,-2.69811E-06,-1.26379E-05,4.65076E-05,-5.2984E-06,6.72146E-05
0.0021771,0.5718,0.67,5.4006,-0.08674,0.020866,1.0673,0.0010637,1.05E-06,-0.00056208,0.0014262,-5.06E-05,0.0018642,0.068616,0.0804,0.648072,7.85933E-05,-0.0164806,0.00396454,0.202787,3.83996E-05,3.78942E-08,-2.02911E-05,5.14858E-05,-1.82814E-06,6.72976E-05
0.0023229,0.58405,0.67,5.4006,-0.088017,0.018237,1.0692,0.0012184,0.00015435,-0.00078947,0.0015974,-0.00015773,0.0018299,0.070086,0.0804,0.648072,8.38567E-05,-0.01672323,0.00346503,0.203148,4.39842E-05,5.57204E-06,-2.84999E-05,5.76661E-05,-5.69405E-06,6.60594E-05
0.0025057,0.59575,0.67,5.4006,-0.088745,0.016845,1.0694,0.0014024,0.0003242,-0.0010141,0.0016997,-0.00024579,0.0019092,0.07149,0.0804,0.648072,9.04558E-05,-0.01686155,0.00320055,0.203186,5.06266E-05,1.17036E-05,-3.6609E-05,6.13592E-05,-8.87302E-06,6.89221E-05
0.0027334,0.6069,0.67,5.4006,-0.089602,0.014765,1.0695,0.0015681,0.00042195,-0.0011819,0.001793,-0.00024117,0.0021057,0.072828,0.0804,0.648072,9.86757E-05,-0.01702438,0.00280535,0.203205,5.66084E-05,1.52324E-05,-4.26666E-05,6.47273E-05,-8.70624E-06,7.60158E-05
0.0028473,0.61755,0.67,5.4006,-0.090876,0.011002,1.0694,0.0016812,0.00045606,-0.001235,0.0017844,-0.00017388,0.002229,0.074106,0.0804,0.648072,0.000102788,-0.01726644,0.00209038,0.203186,6.06913E-05,1.64638E-05,-4.45835E-05,6.44168E-05,-6.27707E-06,8.04669E-05
0.0027963,0.6277,0.67,5.4006,-0.092438,0.0062435,1.0698,0.0017195,0.00044536,-0.0011816,0.0016885,-0.00010809,0.0021847,0.075324,0.0804,0.648072,0.000100946,-0.01756322,0.001186265,0.203262,6.2074E-05,1.60775E-05,-4.26558E-05,6.09549E-05,-3.90205E-06,7.88677E-05
0.0026146,0.63738,0.67,5.4006,-0.094219,0.0016207,1.0735,0.0016762,0.00041195,-0.0010711,0.0015615,-0.00013919,0.0019914,0.0764856,0.0804,0.648072,9.43871E-05,-0.01790161,0.000307933,0.203965,6.05108E-05,1.48714E-05,-3.86667E-05,5.63702E-05,-5.02476E-06,7.18895E-05
0.0024226,0.64661,0.67,5.4006,-0.09618,-0.0022025,1.079,0.0015625,0.00035782,-0.00093981,0.0014162,-0.00024562,0.0018665,0.0775932,0.0804,0.648072,8.74559E-05,-0.0182742,-0.000418475,0.20501,5.64063E-05,1.29173E-05,-3.39271E-05,5.11248E-05,-8.86688E-06,6.73807E-05
0.0022405,0.65542,0.67,5.4006,-0.09834,-0.0050859,1.0848,0.0014054,0.00028889,-0.00080795,0.0012842,-0.00034794,0.0017913,0.0786504,0.0804,0.648072,8.08821E-05,-0.0186846,-0.000966321,0.206112,5.07349E-05,1.04289E-05,-2.9167E-05,4.63596E-05,-1.25606E-05,6.46659E-05
0.0020436,0.66381,0.67,5.4006,-0.10072,-0.0071228,1.0903,0.0012253,0.00021982,-0.00066906,0.0011754,-0.00045226,0.0016865,0.0796572,0.0804,0.648072,7.3774E-05,-0.0191368,-0.001353332,0.207157,4.42333E-05,7.9355E-06,-2.41531E-05,4.24319E-05,-1.63266E-05,6.08827E-05
0.0017988,0.67207,0.67,5.4006,-0.1032,-0.0084304,1.0945,0.0010376,0.00015005,-0.00048779,0.0010891,-0.00053132,0.0014708,0.0806484,0.0804,0.648072,6.49367E-05,-0.019608,-0.001601776,0.207955,3.74574E-05,5.41681E-06,-1.76092E-05,3.93165E-05,-1.91807E-05,5.30959E-05
0.0015634,0.68032,0.67,5.4006,-0.10565,-0.0093682,1.0975,0.00087065,7.97E-05,-0.00028945,0.0010193,-0.00056758,0.0012368,0.0816384,0.0804,0.648072,5.64387E-05,-0.0200735,-0.001779958,0.208525,3.14305E-05,2.87551E-06,-1.04491E-05,3.67967E-05,-2.04896E-05,4.46485E-05
0.0014068,0.68858,0.67,5.4006,-0.10798,-0.010266,1.0999,0.00074846,1.97E-05,-0.00013082,0.00095244,-0.00059182,0.0011127,0.0826296,0.0804,0.648072,5.07855E-05,-0.0205162,-0.00195054,0.208981,2.70194E-05,7.10737E-07,-4.7226E-06,3.43831E-05,-2.13647E-05,4.01685E-05
0.0013612,0.69683,0.67,5.4006,-0.11015,-0.011233,1.1025,0.00068053,-3.17E-05,-4.72E-05,0.00086965,-0.00061678,0.0011722,0.0836196,0.0804,0.648072,4.91393E-05,-0.0209285,-0.00213427,0.209475,2.45671E-05,-1.14589E-06,-1.70244E-06,3.13944E-05,-2.22658E-05,4.23164E-05
0.001387,0.70509,0.67,5.4006,-0.112,-0.012285,1.1043,0.00066268,-8.42E-05,7.86E-08,0.0007848,-0.00063,0.0013266,0.0846108,0.0804,0.648072,5.00707E-05,-0.02128,-0.00233415,0.209817,2.39227E-05,-3.03818E-06,2.83721E-09,2.83313E-05,-0.000022743,4.78903E-05
0.0014105,0.71335,0.67,5.4006,-0.1135,-0.013607,1.1047,0.00067844,-0.00013325,3.94E-05,0.00072817,-0.00062315,0.0014145,0.085602,0.0804,0.648072,5.09191E-05,-0.021565,-0.00258533,0.209893,2.44917E-05,-4.81033E-06,1.42191E-06,2.62869E-05,-2.24957E-05,5.10635E-05
0.0014277,0.7216,0.67,5.4006,-0.11475,-0.01509,1.1037,0.00071082,-0.00017125,6.71E-05,0.00072144,-0.00061638,0.0014231,0.086592,0.0804,0.648072,5.154E-05,-0.0218025,-0.0028671,0.209703,2.56606E-05,-6.18213E-06,2.42112E-06,2.6044E-05,-2.22513E-05,5.13739E-05
0.0014556,0.72986,0.67,5.4006,-0.11576,-0.016232,1.1016,0.00074877,-0.00019685,7.67E-05,0.00076434,-0.00061674,0.001398,0.0875832,0.0804,0.648072,5.25472E-05,-0.0219944,-0.00308408,0.209304,2.70306E-05,-7.10629E-06,2.77028E-06,2.75927E-05,-2.22643E-05,5.04678E-05
0.0015006,0.73811,0.67,5.4006,-0.11632,-0.016657,1.0981,0.00078693,-0.00020634,6.86E-05,0.0008543,-0.00062491,0.0013601,0.0885732,0.0804,0.648072,5.41717E-05,-0.0221008,-0.00316483,0.208639,2.84082E-05,-7.44887E-06,2.47624E-06,3.08402E-05,-2.25593E-05,4.90996E-05
0.0015697,0.74637,0.67,5.4006,-0.1165,-0.016281,1.0932,0.00082114,-0.00019672,4.95E-05,0.00098325,-0.00063981,0.0013351,0.0895644,0.0804,0.648072,5.66662E-05,-0.022135,-0.00309339,0.207708,2.96432E-05,-7.10159E-06,1.78543E-06,3.54953E-05,-2.30971E-05,4.81971E-05
0.0016724,0.75463,0.67,5.4006,-0.11661,-0.015201,1.0875,0.00085354,-0.00017584,2.41E-05,0.0011318,-0.00065981,0.0013595,0.0905556,0.0804,0.648072,6.03736E-05,-0.0221559,-0.00288819,0.206625,3.08128E-05,-6.34782E-06,8.71562E-07,4.0858E-05,-2.38191E-05,4.9078E-05
0.0017972,0.76288,0.67,5.4006,-0.11671,-0.013673,1.0817,0.00089229,-0.00015106,-2.01E-05,0.001283,-0.00069725,0.0014192,0.0915456,0.0804,0.648072,6.48789E-05,-0.0221749,-0.00259787,0.205523,3.22117E-05,-5.45327E-06,-7.2478E-07,4.63163E-05,-2.51707E-05,5.12331E-05
0.0019253,0.77114,0.67,5.4006,-0.11676,-0.01173,1.0763,0.00093367,-0.000131,-8.03E-05,0.0014273,-0.00075959,0.0014896,0.0925368,0.0804,0.648072,6.95033E-05,-0.0221844,-0.0022287,0.204497,3.37055E-05,-4.7291E-06,-2.90045E-06,5.15255E-05,-2.74212E-05,5.37746E-05
0.0020612,0.7794,0.67,5.4006,-0.11686,-0.0092299,1.0713,0.0009686,-0.00011964,-0.00013259,0.0015677,-0.00083705,0.001586,0.093528,0.0804,0.648072,7.44093E-05,-0.0222034,-0.001753681,0.203547,3.49665E-05,-4.319E-06,-4.7865E-06,5.6594E-05,-3.02175E-05,5.72546E-05
0.0022156,0.78765,0.67,5.4006,-0.11687,-0.0061687,1.0662,0.00099222,-0.00011368,-0.00014701,0.0017159,-0.00092907,0.0017232,0.094518,0.0804,0.648072,7.99832E-05,-0.0222053,-0.001172053,0.202578,3.58191E-05,-4.10385E-06,-5.30706E-06,6.1944E-05,-3.35394E-05,6.22075E-05
0.002393,0.79591,0.67,5.4006,-0.11658,-0.0028012,1.0608,0.0010098,-0.00011652,-0.00010966,0.0018685,-0.0010266,0.0019077,0.0955092,0.0804,0.648072,8.63873E-05,-0.0221502,-0.000532228,0.201552,3.64538E-05,-4.20637E-06,-3.95873E-06,6.74529E-05,-3.70603E-05,6.8868E-05
0.0025844,0.80416,0.67,5.4006,-0.1163,0.00042963,1.0555,0.0010351,-0.00013575,-4.49E-05,0.0019997,-0.0011093,0.0021341,0.0964992,0.0804,0.648072,9.32968E-05,-0.022097,8.16297E-05,0.200545,3.73671E-05,-4.90058E-06,-1.62241E-06,7.21892E-05,-4.00457E-05,7.7041E-05
0.0027632,0.81242,0.67,5.4006,-0.11629,0.0032576,1.0505,0.0010591,-0.00018571,5.41E-05,0.002092,-0.0011677,0.0023752,0.0974904,0.0804,0.648072,9.97515E-05,-0.0220951,0.000618944,0.199595,3.82335E-05,-6.70413E-06,1.95406E-06,7.55212E-05,-4.2154E-05,8.57447E-05
0.002937,0.82068,0.67,5.4006,-0.11648,0.0058294,1.0456,0.0010628,-0.00028767,0.00020751,0.0021832,-0.0012141,0.0026281,0.0984816,0.0804,0.648072,0.000106026,-0.0221312,0.001107586,0.198664,3.83671E-05,-1.03849E-05,7.49111E-06,7.88135E-05,-4.3829E-05,9.48744E-05
0.0031109,0.82893,0.67,5.4006,-0.11698,0.0084,1.0409,0.0010603,-0.00044058,0.00037936,0.0023337,-0.0012589,0.0028279,0.0994716,0.0804,0.648072,0.000112303,-0.0222262,0.001596,0.197771,3.82768E-05,-1.59049E-05,1.36949E-05,8.42466E-05,-4.54463E-05,0.000102087
0.0032341,0.83719,0.67,5.4006,-0.11785,0.010793,1.0369,0.0010815,-0.00060474,0.00051872,0.0025212,-0.0012814,0.0028655,0.1004628,0.0804,0.648072,0.000116751,-0.0223915,0.00205067,0.197011,3.90422E-05,-2.18311E-05,1.87258E-05,9.10153E-05,-4.62585E-05,0.000103445
0.0032523,0.84544,0.67,5.4006,-0.11892,0.012547,1.0334,0.0011262,-0.00072687,0.00061641,0.0026308,-0.0012563,0.0027477,0.1014528,0.0804,0.648072,0.000117408,-0.0225948,0.00238393,0.196346,4.06558E-05,-2.624E-05,2.22524E-05,9.49719E-05,-4.53524E-05,9.9192E-05
0.0031759,0.8537,0.67,5.4006,-0.11998,0.013588,1.0292,0.0011804,-0.0007787,0.00067124,0.0025789,-0.0011928,0.0025925,0.102444,0.0804,0.648072,0.00011465,-0.0227962,0.00258172,0.195548,4.26124E-05,-2.81111E-05,2.42318E-05,9.30983E-05,-4.30601E-05,9.35893E-05
0.0030423,0.86196,0.67,5.4006,-0.12091,0.014313,1.0236,0.0012453,-0.00077875,0.00069264,0.0024014,-0.0011175,0.0024381,0.1034352,0.0804,0.648072,0.000109827,-0.0229729,0.00271947,0.194484,4.49553E-05,-2.81129E-05,2.50043E-05,8.66905E-05,-4.03418E-05,8.80154E-05
0.0028993,0.87021,0.67,5.4006,-0.12157,0.014903,1.0167,0.0013245,-0.0007558,0.00071819,0.0021897,-0.0010569,0.0022844,0.1044252,0.0804,0.648072,0.000104665,-0.0230983,0.00283157,0.193173,4.78145E-05,-2.72844E-05,2.59267E-05,7.90482E-05,-3.81541E-05,8.24668E-05
0.0027637,0.87847,0.67,5.4006,-0.12184,0.015037,1.01,0.0014136,-0.00070499,0.00077005,0.0019864,-0.0010123,0.0021274,0.1054164,0.0804,0.648072,9.97696E-05,-0.0231496,0.00285703,0.1919,5.1031E-05,-2.54501E-05,2.77988E-05,7.1709E-05,-3.6544E-05,7.67991E-05
0.0026373,0.88672,0.67,5.4006,-0.12192,0.014541,1.005,0.001518,-0.00061947,0.00081,0.0017991,-0.00094932,0.0019574,0.1064064,0.0804,0.648072,9.52065E-05,-0.0231648,0.00276279,0.19095,5.47998E-05,-2.23629E-05,0.000029241,6.49475E-05,-3.42705E-05,7.06621E-05
0.0025288,0.89498,0.67,5.4006,-0.12194,0.013836,1.0018,0.0016352,-0.00052197,0.00080646,0.0016526,-0.00087876,0.00177,0.1073976,0.0804,0.648072,9.12897E-05,-0.0231686,0.00262884,0.190342,5.90307E-05,-1.88431E-05,2.91132E-05,5.96589E-05,-3.17232E-05,0.000063897
0.0024556,0.90324,0.67,5.4006,-0.12156,0.013475,0.99869,0.0017402,-0.00044247,0.00076664,0.0015563,-0.00083431,0.0016147,0.1083888,0.0804,0.648072,8.86472E-05,-0.0230964,0.00256025,0.1897511,6.28212E-05,-1.59732E-05,2.76757E-05,5.61824E-05,-3.01186E-05,5.82907E-05
0.0024,0.91149,0.67,5.4006,-0.12074,0.013416,0.99495,0.001825,-0.00039595,0.00070271,0.0014806,-0.00081206,0.0014943,0.1093788,0.0804,0.648072,0.00008664,-0.0229406,0.00254904,0.1890405,6.58825E-05,-1.42938E-05,2.53678E-05,5.34497E-05,-2.93154E-05,5.39442E-05
0.0023733,0.91975,0.67,5.4006,-0.11977,0.013112,0.9907,0.0019156,-0.0003842,0.00063108,0.0014005,-0.00081069,0.0014306,0.11037,0.0804,0.648072,8.56761E-05,-0.0227563,0.00249128,0.188233,6.91532E-05,-1.38696E-05,2.2782E-05,5.05581E-05,-2.92659E-05,5.16447E-05
0.0023862,0.92801,0.67,5.4006,-0.11871,0.011983,0.98636,0.0020205,-0.00040049,0.00058185,0.0013206,-0.00084405,0.0014314,0.1113612,0.0804,0.648072,8.61418E-05,-0.0225549,0.00227677,0.1874084,7.29401E-05,-1.44577E-05,2.10048E-05,4.76737E-05,-3.04702E-05,5.16735E-05
0.0024489,0.93626,0.67,5.4006,-0.11765,0.009793,0.98207,0.0021236,-0.00042215,0.00057096,0.0012604,-0.00091226,0.0015138,0.1123512,0.0804,0.648072,8.84053E-05,-0.0223535,0.00186067,0.1865933,7.6662E-05,-1.52396E-05,2.06117E-05,4.55004E-05,-3.29326E-05,5.46482E-05
0.0025754,0.94452,0.67,5.4006,-0.11654,0.0070582,0.97719,0.0022319,-0.00043137,0.00060614,0.0012355,-0.00099744,0.0016834,0.1133424,0.0804,0.648072,9.29719E-05,-0.0221426,0.001341058,0.1856661,8.05716E-05,-1.55725E-05,2.18817E-05,4.46016E-05,-3.60076E-05,6.07707E-05
0.0027643,0.95277,0.67,5.4006,-0.11535,0.0046135,0.97104,0.00236,-0.00043435,0.00068432,0.0012426,-0.0010717,0.001926,0.1143324,0.0804,0.648072,9.97912E-05,-0.0219165,0.000876565,0.1844976,0.000085196,-1.568E-05,2.4704E-05,4.48579E-05,-3.86884E-05,6.95286E-05
0.0029384,0.96103,0.67,5.4006,-0.11418,0.0029522,0.96348,0.0025028,-0.00042504,0.00079239,0.0012474,-0.0010875,0.0021265,0.1153236,0.0804,0.648072,0.000106076,-0.0216942,0.000560918,0.1830612,9.03511E-05,-1.53439E-05,2.86053E-05,4.50311E-05,-3.92588E-05,7.67667E-05
0.0030085,0.96929,0.67,5.4006,-0.11287,0.0023081,0.95473,0.0026449,-0.00038763,0.00088817,0.0012135,-0.0010108,0.0021587,0.1163148,0.0804,0.648072,0.000108607,-0.0214453,0.000438539,0.1813987,9.54809E-05,-1.39934E-05,3.20629E-05,4.38074E-05,-3.64899E-05,7.79291E-05
0.0029653,0.97754,0.67,5.4006,-0.11172,0.0026781,0.94558,0.0027906,-0.00033111,0.00093709,0.0011458,-0.00084935,0.0019943,0.1173048,0.0804,0.648072,0.000107047,-0.0212268,0.000508839,0.1796602,0.000100741,-1.19531E-05,3.38289E-05,4.13634E-05,-3.06615E-05,7.19942E-05
0.0028731,0.9858,0.67,5.4006,-0.11099,0.003571,0.93646,0.0029283,-0.00026108,0.00091517,0.0010778,-0.00065288,0.00174,0.118296,0.0804,0.648072,0.000103719,-0.0210881,0.00067849,0.1779274,0.000105712,-9.42499E-06,3.30376E-05,3.89086E-05,-2.3569E-05,0.000062814
0.0028325,0.99405,0.67,5.4006,-0.11001,0.0044766,0.92738,0.0030448,-0.00017646,0.00084886,0.001048,-0.00048592,0.0015723,0.119286,0.0804,0.648072,0.000102253,-0.0209019,0.000850554,0.1762022,0.000109917,-6.37021E-06,3.06438E-05,3.78328E-05,-1.75417E-05,5.676E-05
0.0028313,1.0023,0.67,5.4006,-0.10855,0.00546,0.91912,0.003147,-7.81E-05,0.00077426,0.0010819,-0.00039049,0.0014337,0.120276,0.0804,0.648072,0.00010221,-0.0206245,0.0010374,0.1746328,0.000113607,-2.82053E-06,2.79508E-05,3.90566E-05,-1.40967E-05,5.17566E-05
0.0028782,1.0106,0.67,5.4006,-0.10694,0.0066794,0.91237,0.0032462,3.90E-05,0.00070348,0.0011918,-0.00036996,0.0013185,0.121272,0.0804,0.648072,0.000103903,-0.0203186,0.001269086,0.1733503,0.000117188,1.40743E-06,2.53956E-05,4.3024E-05,-1.33556E-05,4.75979E-05
0.0029692,1.0188,0.67,5.4006,-0.10513,0.0081003,0.90718,0.0033356,0.0001724,0.00065425,0.0013513,-0.00039281,0.0012514,0.122256,0.0804,0.648072,0.000107188,-0.0199747,0.001539057,0.1723642,0.000120415,6.22364E-06,2.36184E-05,4.87819E-05,-1.41804E-05,4.51755E-05
0.0030971,1.0271,0.67,5.4006,-0.10306,0.0095079,0.90307,0.003403,0.00031059,0.00059597,0.0015096,-0.00041186,0.0012816,0.123252,0.0804,0.648072,0.000111805,-0.0195814,0.001806501,0.1715833,0.000122848,1.12123E-05,2.15145E-05,5.44966E-05,-1.48681E-05,4.62658E-05
0.0032404,1.0353,0.67,5.4006,-0.10077,0.010584,0.89948,0.003466,0.0004229,0.00053659,0.0016142,-0.0004211,0.0014006,0.124236,0.0804,0.648072,0.000116978,-0.0191463,0.00201096,0.1709012,0.000125123,1.52667E-05,1.93709E-05,5.82726E-05,-1.52017E-05,5.05617E-05
0.003344,1.0436,0.67,5.4006,-0.098407,0.011137,0.89584,0.0035138,0.00048159,0.00044186,0.0016292,-0.00044459,0.001545,0.125232,0.0804,0.648072,0.000120718,-0.01869733,0.00211603,0.1702096,0.000126848,1.73854E-05,1.59511E-05,5.88141E-05,-1.60497E-05,5.57745E-05
0.0034015,1.0518,0.67,5.4006,-0.096306,0.011167,0.89186,0.0035241,0.00047123,0.00032264,0.0015557,-0.00049149,0.0017232,0.126216,0.0804,0.648072,0.000122794,-0.01829814,0.00212173,0.1694534,0.00012722,1.70114E-05,1.16473E-05,5.61608E-05,-1.77428E-05,6.22075E-05
0.0033966,1.0601,0.67,5.4006,-0.094597,0.010776,0.88747,0.003475,0.00039473,0.0002124,0.0014202,-0.00055488,0.0018981,0.127212,0.0804,0.648072,0.000122617,-0.01797343,0.00204744,0.1686193,0.000125448,1.42498E-05,7.66764E-06,5.12692E-05,-2.00312E-05,6.85214E-05
0.003389,1.0684,0.67,5.4006,-0.093253,0.010116,0.88262,0.0033637,0.0002814,0.0001203,0.0012797,-0.00063392,0.0021345,0.128208,0.0804,0.648072,0.000122343,-0.01771807,0.00192204,0.1676978,0.00012143,1.01585E-05,4.34283E-06,4.61972E-05,-2.28845E-05,7.70555E-05
0.0034259,1.0766,0.67,5.4006,-0.092209,0.0094832,0.87769,0.0032284,0.0001616,8.70E-05,0.0011859,-0.00074847,0.0024374,0.129192,0.0804,0.648072,0.000123675,-0.01751971,0.001801808,0.1667611,0.000116545,5.83376E-06,3.14232E-06,4.2811E-05,-2.70198E-05,8.79901E-05
0.003511,1.0849,0.67,5.4006,-0.091362,0.0091579,0.87283,0.0030816,5.98E-05,7.43E-05,0.0011522,-0.00090461,0.0027882,0.130188,0.0804,0.648072,0.000126747,-0.01735878,0.001740001,0.1658377,0.000111246,2.15871E-06,2.68342E-06,4.15944E-05,-3.26564E-05,0.000100654
0.0036709,1.0931,0.67,5.4006,-0.090557,0.0092435,0.86792,0.00294,-1.28E-05,8.51E-05,0.001156,-0.0010727,0.0032459,0.131172,0.0804,0.648072,0.000132519,-0.01720583,0.001756265,0.1649048,0.000106134,-4.62658E-07,3.0707E-06,4.17316E-05,-3.87245E-05,0.000117177
0.003826,1.1014,0.67,5.4006,-0.089536,0.0095855,0.86276,0.0028058,-6.28E-05,9.60E-05,0.0011602,-0.0012209,0.003686,0.132168,0.0804,0.648072,0.000138119,-0.01701184,0.001821245,0.1639244,0.000101289,-2.26726E-06,3.46614E-06,4.18832E-05,-4.40745E-05,0.000133065
0.0039276,1.1096,0.67,5.4006,-0.0881,0.0099841,0.85727,0.0026618,-9.75E-05,6.97E-05,0.0011509,-0.0013246,0.0040425,0.133152,0.0804,0.648072,0.000141786,-0.016739,0.001896979,0.1628813,9.6091E-05,-3.51816E-06,2.51621E-06,4.15475E-05,-4.78181E-05,0.000145934
0.0039747,1.1179,0.67,5.4006,-0.086351,0.010485,0.85173,0.0025266,-0.00012047,4.49E-05,0.0011397,-0.001398,0.0042831,0.134148,0.0804,0.648072,0.000143487,-0.01640669,0.00199215,0.1618287,9.12103E-05,-4.34897E-06,1.62186E-06,4.11432E-05,-5.04678E-05,0.00015462
0.0040157,1.1262,0.67,5.4006,-0.08439,0.011399,0.84605,0.0024159,-0.00012759,2.35E-05,0.0011413,-0.001455,0.0044742,0.135144,0.0804,0.648072,0.000144967,-0.0160341,0.00216581,0.1607495,8.7214E-05,-4.606E-06,8.49614E-07,4.12009E-05,-5.25255E-05,0.000161519
0.0040978,1.1344,0.67,5.4006,-0.082137,0.013104,0.84062,0.0023261,-0.00011838,3.51E-05,0.0011752,-0.0014841,0.0046943,0.136128,0.0804,0.648072,0.000147931,-0.01560603,0.00248976,0.1597178,8.39722E-05,-4.27352E-06,1.26671E-06,4.24247E-05,-5.3576E-05,0.000169464
0.0041706,1.1427,0.67,5.4006,-0.079519,0.015522,0.83604,0.0022369,-0.00010905,6.44E-05,0.0012575,-0.0015182,0.004847,0.137124,0.0804,0.648072,0.000150559,-0.01510861,0.00294918,0.1588476,8.07521E-05,-3.93671E-06,2.32462E-06,4.53958E-05,-5.4807E-05,0.000174977
0.0042176,1.1509,0.67,5.4006,-0.076594,0.01784,0.83227,0.0021362,-0.00011322,8.91E-05,0.0013999,-0.0016012,0.0048991,0.138108,0.0804,0.648072,0.000152255,-0.01455286,0.0033896,0.1581313,7.71168E-05,-4.08724E-06,3.21575E-06,5.05364E-05,-5.78033E-05,0.000176858
0.0042408,1.1592,0.67,5.4006,-0.073521,0.019058,0.82913,0.0020428,-0.00011912,0.00012242,0.001589,-0.0017408,0.0048498,0.139104,0.0804,0.648072,0.000153093,-0.01396899,0.00362102,0.1575347,7.37451E-05,-4.30023E-06,4.41936E-06,5.73629E-05,-6.28429E-05,0.000175078
0.0042216,1.1674,0.67,5.4006,-0.070404,0.018934,0.82654,0.0019746,-9.87E-05,0.0001504,0.0017699,-0.0018782,0.0046988,0.140088,0.0804,0.648072,0.0001524,-0.01337676,0.00359746,0.1570426,7.12831E-05,-3.56231E-06,5.42944E-06,6.38934E-05,-6.7803E-05,0.000169627
0.0041819,1.1757,0.67,5.4006,-0.067443,0.018232,0.82502,0.001938,-5.17E-05,0.00013648,0.0018941,-0.001973,0.0045318,0.141084,0.0804,0.648072,0.000150967,-0.01281417,0.00346408,0.1567538,6.99618E-05,-1.86489E-06,4.92693E-06,6.8377E-05,-7.12253E-05,0.000163598
0.0041387,1.1839,0.67,5.4006,-0.06473,0.017645,0.82501,0.0019271,-4.04E-06,9.30E-05,0.0019291,-0.0020338,0.0044212,0.142068,0.0804,0.648072,0.000149407,-0.0122987,0.00335255,0.1567519,6.95683E-05,-1.45783E-07,3.35589E-06,6.96405E-05,-7.34202E-05,0.000159605
0.0040691,1.1922,0.67,5.4006,-0.062194,0.017308,0.82581,0.0019242,2.60E-05,6.59E-06,0.001857,-0.0020366,0.0043569,0.143064,0.0804,0.648072,0.000146895,-0.01181686,0.00328852,0.1569039,6.94636E-05,9.39827E-07,2.37812E-07,6.70377E-05,-7.35213E-05,0.000157284
0.0039919,1.2005,0.67,5.4006,-0.059663,0.01717,0.82669,0.0019286,2.95E-05,-0.00010302,0.001687,-0.0019683,0.0043681,0.14406,0.0804,0.648072,0.000144108,-0.01133597,0.0032623,0.1570711,6.96225E-05,1.06343E-06,-3.71902E-06,6.09007E-05,-7.10556E-05,0.000157688
0.0039095,1.2087,0.67,5.4006,-0.056934,0.017089,0.82728,0.0019353,9.34E-06,-0.00017918,0.0014677,-0.0018592,0.0044159,0.145044,0.0804,0.648072,0.000141133,-0.01081746,0.00324691,0.1571832,6.98643E-05,3.37239E-07,-6.4684E-06,5.2984E-05,-6.71171E-05,0.000159414
0.0037756,1.217,0.67,5.4006,-0.053982,0.016877,0.82771,0.0019032,-1.55E-05,-0.00020497,0.0012855,-0.001732,0.0043625,0.14604,0.0804,0.648072,0.000136299,-0.01025658,0.00320663,0.1572649,6.87055E-05,-5.58323E-07,-7.39942E-06,4.64066E-05,-6.25252E-05,0.000157486
0.0035829,1.2252,0.67,5.4006,-0.05093,0.016515,0.829,0.0018113,-3.21E-05,-0.00016214,0.0011937,-0.0015999,0.0041608,0.147024,0.0804,0.648072,0.000129343,-0.0096767,0.00313785,0.15751,6.53879E-05,-1.15928E-06,-5.85325E-06,4.30926E-05,-5.77564E-05,0.000150205
0.0033399,1.2335,0.67,5.4006,-0.047933,0.016114,0.8319,0.0017026,-3.48E-05,-5.60E-05,0.001185,-0.0014781,0.0037921,0.14802,0.0804,0.648072,0.00012057,-0.00910727,0.00306166,0.158061,6.14639E-05,-1.25711E-06,-2.02322E-06,4.27785E-05,-5.33594E-05,0.000136895
0.003038,1.2417,0.67,5.4006,-0.045023,0.015688,0.83605,0.001602,-1.97E-05,7.14E-05,0.001216,-0.001344,0.003258,0.149004,0.0804,0.648072,0.000109672,-0.00855437,0.00298072,0.1588495,5.78322E-05,-7.10665E-07,2.57599E-06,4.38976E-05,-4.85184E-05,0.000117614
0.0027468,1.25,0.67,5.4006,-0.042076,0.015029,0.84071,0.0015088,7.31E-06,0.00016119,0.0012426,-0.0011496,0.0027422,0.15,0.0804,0.648072,9.91595E-05,-0.00799444,0.00285551,0.1597349,5.44677E-05,2.63826E-07,5.81896E-06,4.48579E-05,-4.15006E-05,9.89934E-05
0.0025477,1.2583,0.67,5.4006,-0.038868,0.013742,0.84535,0.0014504,2.73E-05,0.00021411,0.0012556,-0.00089515,0.0023894,0.150996,0.0804,0.648072,9.1972E-05,-0.00738492,0.00261098,0.1606165,5.23594E-05,9.84952E-07,7.72937E-06,4.53272E-05,-3.23149E-05,8.62573E-05
0.0024372,1.2665,0.67,5.4006,-0.035362,0.011667,0.84964,0.0014375,2.58E-05,0.00022304,0.0012701,-0.0006381,0.0021668,0.15198,0.0804,0.648072,8.79829E-05,-0.00671878,0.00221673,0.1614316,5.18938E-05,9.32968E-07,8.05174E-06,4.58506E-05,-2.30354E-05,7.82215E-05
0.0023705,1.2748,0.67,5.4006,-0.03175,0.0089255,0.85303,0.0014511,1.07E-05,0.00021937,0.0012898,-0.00044399,0.0020001,0.152976,0.0804,0.648072,8.55751E-05,-0.0060325,0.001695845,0.1620757,5.23847E-05,3.86487E-07,7.91926E-06,4.65618E-05,-1.6028E-05,7.22036E-05
0.0023219,1.283,0.67,5.4006,-0.028269,0.0061554,0.85515,0.0014627,-1.05E-05,0.00022631,0.0013111,-0.00031758,0.00187,0.15396,0.0804,0.648072,8.38206E-05,-0.00537111,0.001169526,0.1624785,5.28035E-05,-3.80711E-07,8.16979E-06,4.73307E-05,-1.14646E-05,0.000067507
0.0023375,1.2913,0.67,5.4006,-0.025097,0.0042235,0.85608,0.0014574,-4.05E-05,0.00021529,0.0013467,-0.00019935,0.0018708,0.154956,0.0804,0.648072,8.43838E-05,-0.00476843,0.000802465,0.1626552,5.26121E-05,-1.46209E-06,7.77197E-06,4.86159E-05,-7.19654E-06,6.75359E-05
0.0024127,1.2995,0.67,5.4006,-0.022286,0.0033078,0.856,0.001478,-7.42E-05,0.00016756,0.001383,-5.54E-05,0.0019645,0.15594,0.0804,0.648072,8.70985E-05,-0.00423434,0.000628482,0.16264,5.33558E-05,-2.6792E-06,6.04892E-06,4.99263E-05,-1.9994E-06,7.09185E-05
0.0024416,1.3078,0.67,5.4006,-0.01965,0.0029724,0.85525,0.001522,-9.79E-05,0.00012664,0.0013699,9.37E-05,0.0019913,0.156936,0.0804,0.648072,8.81418E-05,-0.0037335,0.000564756,0.1624975,5.49442E-05,-3.53307E-06,4.5717E-06,4.94534E-05,3.38304E-06,7.18859E-05
0.0023517,1.316,0.67,5.4006,-0.01692,0.0027912,0.8541,0.0014842,-0.00010212,0.00013278,0.0012671,0.00021295,0.0019521,0.15792,0.0804,0.648072,8.48964E-05,-0.0032148,0.000530328,0.162279,5.35796E-05,-3.68653E-06,4.79336E-06,4.57423E-05,7.6875E-06,7.04708E-05
0.0022281,1.3243,0.67,5.4006,-0.014036,0.0027123,0.85259,0.0013856,-9.66E-05,0.00012152,0.00109,0.00028754,0.0019806,0.158916,0.0804,0.648072,8.04344E-05,-0.00266684,0.000515337,0.1619921,5.00202E-05,-3.48733E-06,4.38687E-06,0.000039349,1.03802E-05,7.14997E-05
0.0020819,1.3326,0.67,5.4006,-0.0111,0.0028144,0.85078,0.0013072,-8.80E-05,7.52E-05,0.00090732,0.00031973,0.0019492,0.159912,0.0804,0.648072,7.51566E-05,-0.002109,0.000534736,0.1616482,4.71899E-05,-3.17608E-06,2.7162E-06,3.27543E-05,1.15423E-05,7.03661E-05
0.0018912,1.3408,0.67,5.4006,-0.0080818,0.0029093,0.84857,0.00122,-7.45E-05,5.98E-05,0.00076366,0.00030869,0.0017987,0.160896,0.0804,0.648072,6.82723E-05,-0.001535542,0.000552767,0.1612283,0.000044042,-2.69006E-06,2.1582E-06,2.75681E-05,1.11437E-05,6.49331E-05
0.001754,1.3491,0.67,5.4006,-0.0049891,0.0026962,0.84597,0.0011709,-5.78E-05,2.15E-05,0.00066561,0.0002572,0.0016715,0.161892,0.0804,0.648072,6.33194E-05,-0.000947929,0.000512278,0.1607343,4.22695E-05,-2.08539E-06,7.76331E-07,2.40285E-05,9.28492E-06,6.03412E-05
0.0016411,1.3573,0.67,5.4006,-0.0018257,0.0021251,0.84358,0.0011651,-4.16E-05,-4.76E-05,0.00060647,0.00018486,0.0015107,0.162876,0.0804,0.648072,5.92437E-05,-0.000346883,0.000403769,0.1602802,4.20601E-05,-1.50075E-06,-1.7198E-06,2.18936E-05,6.67345E-06,5.45363E-05
0.0015047,1.3656,0.67,5.4006,0.0014829,0.0012153,0.84222,0.0010954,-3.04E-05,-1.69E-05,0.00057547,0.00011555,0.0013385,0.163872,0.0804,0.648072,5.43197E-05,0.000281751,0.000230907,0.1600218,3.95439E-05,-1.09686E-06,-6.09079E-07,2.07745E-05,4.17136E-06,4.83199E-05
0.0014458,1.3738,0.67,5.4006,0.0047774,0.00019382,0.84214,0.0010311,-2.13E-05,-3.44E-05,0.00055774,4.92E-05,0.0013028,0.164856,0.0804,0.648072,5.21934E-05,0.000907706,3.68258E-05,0.1600066,3.72227E-05,-7.68352E-07,-1.2431E-06,2.01344E-05,1.7772E-06,4.70311E-05
0.0014058,1.3821,0.67,5.4006,0.0079329,-0.00068784,0.84324,0.001017,-1.13E-05,-8.81E-05,0.00055378,-1.35E-05,0.0012408,0.165852,0.0804,0.648072,5.07494E-05,0.001507251,-0.00013069,0.1602156,3.67137E-05,-4.09013E-07,-3.18211E-06,1.99915E-05,-4.88722E-07,4.47929E-05
0.0013423,1.3903,0.67,5.4006,0.011109,-0.0012497,0.84485,0.00096268,-6.67E-06,-4.09E-05,0.00057482,-5.86E-05,0.0011471,0.166836,0.0804,0.648072,4.8457E-05,0.00211071,-0.000237443,0.1605215,3.47527E-05,-2.40679E-07,-1.47736E-06,2.0751E-05,-2.11477E-06,4.14103E-05
0.0013939,1.3986,0.67,5.4006,0.014271,-0.001348,0.84668,0.00092595,-7.26E-06,-4.13E-05,0.00061792,-8.81E-05,0.001244,0.167832,0.0804,0.648072,5.03198E-05,0.00271149,-0.00025612,0.1608692,3.34268E-05,-2.62075E-07,-1.49064E-06,2.23069E-05,-3.17897E-06,4.49084E-05
0.0014055,1.4069,0.67,5.4006,0.017305,-0.0012498,0.84867,0.00092531,-1.52E-05,-6.63E-05,0.00067739,-0.00011541,0.0012083,0.168828,0.0804,0.648072,5.07386E-05,0.00328795,-0.000237462,0.1612473,3.34037E-05,-5.47493E-07,-2.39209E-06,2.44538E-05,-4.1663E-06,4.36196E-05
0.0014549,1.4151,0.67,5.4006,0.020325,-0.0011647,0.85103,0.00092484,-3.64E-05,-8.89E-05,0.00075228,-0.00012769,0.0012327,0.169812,0.0804,0.648072,5.25219E-05,0.00386175,-0.000221293,0.1616957,3.33867E-05,-1.31545E-06,-3.21001E-06,2.71573E-05,-4.60961E-06,4.45005E-05
0.001534,1.4234,0.67,5.4006,0.02324,-0.001165,0.85491,0.00095465,-6.14E-05,-0.00011391,0.00084471,-0.00015039,0.0012687,0.170808,0.0804,0.648072,5.53774E-05,0.0044156,-0.00022135,0.1624329,3.44629E-05,-2.21632E-06,-4.11215E-06,3.0494E-05,-5.42908E-06,4.58001E-05
0.0015669,1.4316,0.67,5.4006,0.025994,-0.0012994,0.85986,0.00096966,-8.81E-05,-8.79E-05,0.00095586,-0.00017442,0.0012083,0.171792,0.0804,0.648072,5.65651E-05,0.00493886,-0.000246886,0.1633734,3.50047E-05,-3.18055E-06,-3.17146E-06,3.45065E-05,-6.29656E-06,4.36196E-05
0.0016588,1.4399,0.67,5.4006,0.028526,-0.0018093,0.86526,0.00096824,-0.00011814,-0.00010358,0.0010743,-0.00018433,0.001275,0.172788,0.0804,0.648072,5.98827E-05,0.00541994,-0.000343767,0.1643994,3.49535E-05,-4.26485E-06,-3.73924E-06,3.87822E-05,-6.65431E-06,4.60275E-05
0.0017083,1.4481,0.67,5.4006,0.030783,-0.0028829,0.87121,0.0009529,-0.00015004,-0.00011623,0.0011869,-0.00019213,0.0012769,0.173772,0.0804,0.648072,6.16696E-05,0.00584877,-0.000547751,0.1655299,3.43997E-05,-5.41644E-06,-4.1959E-06,4.28471E-05,-6.93589E-06,4.60961E-05
0.0017594,1.4564,0.67,5.4006,0.032869,-0.0043762,0.87765,0.00091841,-0.00017823,-0.00011274,0.0012834,-0.00020153,0.001317,0.174768,0.0804,0.648072,6.35143E-05,0.00624511,-0.000831478,0.1667535,3.31546E-05,-6.4341E-06,-4.06991E-06,4.63307E-05,-7.27523E-06,4.75437E-05
0.0018013,1.4647,0.67,5.4006,0.034906,-0.0062246,0.88462,0.00090025,-0.00019836,-0.00011326,0.0013534,-0.00022639,0.0013488,0.175764,0.0804,0.648072,6.50269E-05,0.00663214,-0.001182674,0.1680778,3.2499E-05,-7.1608E-06,-4.08869E-06,4.88577E-05,-8.17268E-06,4.86917E-05
0.0018428,1.4729,0.67,5.4006,0.036986,-0.0082261,0.89152,0.00088792,-0.000217,-8.64E-05,0.0013963,-0.00027139,0.0014012,0.176748,0.0804,0.648072,6.65251E-05,0.00702734,-0.001562959,0.1693888,3.20539E-05,-7.8337E-06,-3.11817E-06,5.04064E-05,-9.79718E-06,5.05833E-05
0.0018782,1.4812,0.67,5.4006,0.039152,-0.010333,0.89776,0.00086656,-0.00023938,-5.50E-05,0.001412,-0.00034378,0.0014779,0.177744,0.0804,0.648072,6.7803E-05,0.00743888,-0.00196327,0.1705744,3.12828E-05,-8.64162E-06,-1.98622E-06,5.09732E-05,-1.24105E-05,5.33522E-05
0.0019077,1.4894,0.67,5.4006,0.04138,-0.012402,0.90302,0.00083005,-0.00026294,-2.03E-05,0.0013996,-0.00044721,0.0015858,0.178728,0.0804,0.648072,6.8868E-05,0.0078622,-0.00235638,0.1715738,2.99648E-05,-9.49213E-06,-7.33408E-07,5.05256E-05,-1.61443E-05,5.72474E-05
0.0019489,1.4977,0.67,5.4006,0.043583,-0.013927,0.90733,0.00078671,-0.00026883,1.04E-05,0.0013604,-0.0005944,0.0017508,0.179724,0.0804,0.648072,7.03553E-05,0.00828077,-0.00264613,0.1723927,2.84002E-05,-9.70476E-06,3.76415E-07,4.91104E-05,-2.14578E-05,6.32039E-05
0.0020156,1.5059,0.67,5.4006,0.045811,-0.014397,0.91157,0.00075933,-0.00025149,5.10E-05,0.0013173,-0.00075801,0.0019546,0.180708,0.0804,0.648072,7.27632E-05,0.00870409,-0.00273543,0.1731983,2.74118E-05,-9.07879E-06,1.84179E-06,4.75545E-05,-2.73642E-05,7.05611E-05
0.0020973,1.5142,0.67,5.4006,0.04812,-0.013694,0.91652,0.0007496,-0.00022943,0.0001054,0.0013084,-0.00090454,0.0021365,0.181704,0.0804,0.648072,7.57125E-05,0.0091428,-0.00260186,0.1741388,2.70606E-05,-8.28242E-06,3.80494E-06,4.72332E-05,-3.26539E-05,7.71277E-05
0.0021899,1.5224,0.67,5.4006,0.050491,-0.012448,0.92225,0.00073993,-0.0002219,0.00018391,0.0013451,-0.0010174,0.0022948,0.182688,0.0804,0.648072,7.90554E-05,0.00959329,-0.00236512,0.1752275,2.67115E-05,-8.01059E-06,6.63915E-06,4.85581E-05,-3.67281E-05,8.28423E-05
0.0022783,1.5307,0.67,5.4006,0.052917,-0.011318,0.92831,0.00072372,-0.00022972,0.00026276,0.0014062,-0.0010847,0.0024267,0.183684,0.0804,0.648072,8.22466E-05,0.01005423,-0.00215042,0.1763789,2.61263E-05,-8.29289E-06,9.48564E-06,5.07638E-05,-3.91577E-05,8.76039E-05
0.0023124,1.539,0.67,5.4006,0.055446,-0.010759,0.93397,0.00070138,-0.00024266,0.00031112,0.0014525,-0.0011103,0.0024709,0.18468,0.0804,0.648072,8.34776E-05,0.01053474,-0.00204421,0.1774543,2.53198E-05,-8.76003E-06,1.12314E-05,5.24353E-05,-4.00818E-05,8.91995E-05
0.0022857,1.5472,0.67,5.4006,0.058052,-0.010643,0.93892,0.00066892,-0.00025671,0.0003272,0.0014564,-0.0011088,0.0024461,0.185664,0.0804,0.648072,8.25138E-05,0.01102988,-0.00202217,0.1783948,2.4148E-05,-9.26723E-06,1.18119E-05,5.2576E-05,-4.00277E-05,8.83042E-05
0.0022101,1.5555,0.67,5.4006,0.060459,-0.010575,0.9431,0.00063314,-0.00026462,0.00032822,0.0014254,-0.0010852,0.0023616,0.18666,0.0804,0.648072,7.97846E-05,0.01148721,-0.00200925,0.179189,2.28564E-05,-9.55278E-06,1.18487E-05,5.14569E-05,-3.91757E-05,8.52538E-05
0.0021219,1.5637,0.67,5.4006,0.062475,-0.010428,0.94633,0.00061494,-0.00026191,0.00031651,0.0013713,-0.0010486,0.0022575,0.187644,0.0804,0.648072,7.66006E-05,0.01187025,-0.00198132,0.1798027,2.21993E-05,-9.45495E-06,1.1426E-05,4.95039E-05,-3.78545E-05,8.14958E-05
0.0020383,1.572,0.67,5.4006,0.06428,-0.010151,0.94849,0.0006178,-0.00025647,0.00029232,0.0012985,-0.0010124,0.0021602,0.18864,0.0804,0.648072,7.35826E-05,0.0122132,-0.00192869,0.1802131,2.23026E-05,-9.25857E-06,1.05528E-05,4.68759E-05,-3.65476E-05,7.79832E-05
0.0019696,1.5802,0.67,5.4006,0.065955,-0.0098216,0.94973,0.00063536,-0.00025418,0.00026224,0.0012202,-0.00097145,0.0020837,0.189624,0.0804,0.648072,7.11026E-05,0.01253145,-0.001866104,0.1804487,2.29365E-05,-9.1759E-06,9.46686E-06,4.40492E-05,-3.50693E-05,7.52216E-05
0.0019023,1.5885,0.67,5.4006,0.06731,-0.0093757,0.95052,0.00065934,-0.00025504,0.00023828,0.001155,-0.00092101,0.0019903,0.19062,0.0804,0.648072,6.8673E-05,0.0127889,-0.001781383,0.1805988,2.38022E-05,-9.20694E-06,8.60191E-06,4.16955E-05,-3.32485E-05,7.18498E-05
0.0018347,1.5968,0.67,5.4006,0.068364,-0.0085856,0.9511,0.00067484,-0.00026292,0.00023486,0.0011219,-0.00086969,0.0018726,0.191616,0.0804,0.648072,6.62327E-05,0.01298916,-0.001631264,0.180709,2.43617E-05,-9.49141E-06,8.47845E-06,4.05006E-05,-3.13958E-05,6.76009E-05
0.0017833,1.605,0.67,5.4006,0.069273,-0.0072974,0.95099,0.00068139,-0.00028345,0.00024772,0.0011305,-0.0008231,0.0017548,0.1926,0.0804,0.648072,6.43771E-05,0.01316187,-0.001386506,0.1806881,2.45982E-05,-1.02325E-05,8.94269E-06,4.08111E-05,-2.97139E-05,6.33483E-05
0.0017508,1.6133,0.67,5.4006,0.070025,-0.0055736,0.94958,0.00069615,-0.00031067,0.00025062,0.0011707,-0.00075733,0.0016348,0.193596,0.0804,0.648072,6.32039E-05,0.01330475,-0.001058984,0.1804202,2.5131E-05,-1.12152E-05,9.04738E-06,4.22623E-05,-2.73396E-05,5.90163E-05
0.0017021,1.6215,0.67,5.4006,0.070601,-0.0036293,0.9471,0.00073056,-0.00032583,0.00021632,0.0012096,-0.00062918,0.001464,0.19458,0.0804,0.648072,6.14458E-05,0.01341419,-0.000689567,0.179949,2.63732E-05,-1.17625E-05,7.80915E-06,4.36666E-05,-2.27134E-05,5.28504E-05
0.0016284,1.6298,0.67,5.4006,0.071046,-0.0015088,0.94482,0.00077757,-0.00031907,0.00014905,0.0012232,-0.00045397,0.001256,0.195576,0.0804,0.648072,5.87852E-05,0.01349874,-0.000286672,0.1795158,2.80703E-05,-1.15184E-05,5.38071E-06,4.41575E-05,-1.63883E-05,4.53416E-05
0.0015523,1.638,0.67,5.4006,0.071425,0.00094092,0.94427,0.00082277,-0.00029913,7.24E-05,0.0012074,-0.00030888,0.0010744,0.19656,0.0804,0.648072,5.6038E-05,0.01357075,0.000178775,0.1794113,2.9702E-05,-1.07986E-05,2.61353E-06,4.35871E-05,-1.11506E-05,3.87858E-05
0.0015074,1.6463,0.67,5.4006,0.071751,0.0035099,0.94602,0.00086885,-0.0002811,1.11E-05,0.0011709,-0.00023359,0.00097501,0.197556,0.0804,0.648072,5.44171E-05,0.01363269,0.000666881,0.1797438,3.13655E-05,-1.01477E-05,3.99808E-07,4.22695E-05,-8.4326E-06,3.51979E-05
0.0014984,1.6545,0.67,5.4006,0.07186,0.0057568,0.94929,0.00093443,-0.00026781,-1.85E-05,0.0011274,-0.00019945,0.00093499,0.19854,0.0804,0.648072,5.40922E-05,0.0136534,0.001093792,0.1803651,3.37329E-05,-9.66794E-06,-6.66153E-07,4.06991E-05,-7.20015E-06,3.37531E-05
0.0015069,1.6628,0.67,5.4006,0.071628,0.0074208,0.9531,0.0010288,-0.00025451,-3.24E-05,0.0010805,-0.00017441,0.00090452,0.199536,0.0804,0.648072,5.43991E-05,0.01360932,0.001409952,0.181089,3.71397E-05,-9.18781E-06,-1.16867E-06,3.90061E-05,-6.2962E-06,3.26532E-05
0.0015344,1.6711,0.67,5.4006,0.071139,0.00834,0.9567,0.0011468,-0.00024189,-3.97E-05,0.0010353,-0.00015575,0.00088674,0.200532,0.0804,0.648072,5.53918E-05,0.01351641,0.0015846,0.181773,4.13995E-05,-8.73223E-06,-1.43443E-06,3.73743E-05,-5.62258E-06,3.20113E-05
0.0016157,1.6793,0.67,5.4006,0.070612,0.0088093,0.95943,0.0012712,-0.00022767,-3.89E-05,0.0010107,-0.00013017,0.00094953,0.201516,0.0804,0.648072,5.83268E-05,0.01341628,0.001673767,0.1822917,4.58903E-05,-8.21889E-06,-1.4053E-06,3.64863E-05,-4.69914E-06,3.4278E-05
0.0017712,1.6876,0.67,5.4006,0.070281,0.0095508,0.9621,0.0013911,-0.00021591,-1.33E-05,0.0010341,-0.0001039,0.0011172,0.202512,0.0804,0.648072,6.39403E-05,0.01335339,0.001814652,0.182799,5.02187E-05,-7.79435E-06,-4.80383E-07,3.7331E-05,-3.75079E-06,4.03309E-05
0.0019767,1.6958,0.67,5.4006,0.070209,0.010727,0.96501,0.0015158,-0.00022705,6.59E-05,0.0011067,-0.00012721,0.001331,0.203496,0.0804,0.648072,7.13589E-05,0.01333971,0.00203813,0.1833519,5.47204E-05,-8.19651E-06,2.3791E-06,3.99519E-05,-4.59228E-06,4.80491E-05
0.0022049,1.7041,0.67,5.4006,0.070298,0.011692,0.96607,0.0016587,-0.00026671,0.00020272,0.0011568,-0.00023575,0.0015944,0.204492,0.0804,0.648072,7.95969E-05,0.01335662,0.00222148,0.1835533,5.98791E-05,-9.62823E-06,7.31819E-06,4.17605E-05,-8.51058E-06,5.75578E-05
0.0023939,1.7123,0.67,5.4006,0.070594,0.012009,0.96545,0.0018198,-0.00030763,0.00036048,0.0011308,-0.00033264,0.0018371,0.205476,0.0804,0.648072,8.64198E-05,0.01341286,0.00228171,0.1834355,6.56948E-05,-1.11054E-05,1.30133E-05,4.08219E-05,-1.20083E-05,6.63193E-05
0.002427,1.7206,0.67,5.4006,0.071358,0.011855,0.96599,0.0019835,-0.00031912,0.00047098,0.0010625,-0.00029287,0.0018079,0.206472,0.0804,0.648072,8.76147E-05,0.01355802,0.00225245,0.1835381,7.16044E-05,-1.15202E-05,1.70024E-05,3.83563E-05,-1.05726E-05,6.52652E-05
0.0023257,1.7289,0.67,5.4006,0.072685,0.011515,0.96832,0.0021387,-0.00030063,0.00050088,0.001017,-0.00017306,0.0014958,0.207468,0.0804,0.648072,8.39578E-05,0.01381015,0.00218785,0.1839808,7.72071E-05,-1.08527E-05,1.80818E-05,3.67137E-05,-6.24747E-06,5.39984E-05
0.0022416,1.7371,0.67,5.4006,0.074254,0.01126,0.97099,0.002281,-0.0002813,0.00048377,0.0010469,-9.32E-05,0.0011552,0.208452,0.0804,0.648072,8.09218E-05,0.01410826,0.0021394,0.1844881,8.23441E-05,-1.01549E-05,1.74641E-05,3.77931E-05,-3.36456E-06,4.17027E-05
0.0022281,1.7454,0.67,5.4006,0.075648,0.011379,0.97301,0.0023817,-0.00029416,0.00045234,0.001146,-8.32E-05,0.00092852,0.209448,0.0804,0.648072,8.04344E-05,0.01437312,0.00216201,0.1848719,8.59794E-05,-1.06192E-05,1.63295E-05,4.13706E-05,-3.00504E-06,3.35196E-05
0.0022512,1.7536,0.67,5.4006,0.076739,0.012205,0.97447,0.0024104,-0.00035172,0.00041136,0.0012653,-0.00010317,0.00082658,0.210432,0.0804,0.648072,8.12683E-05,0.01458041,0.00231895,0.1851493,8.70154E-05,-1.26971E-05,1.48501E-05,4.56773E-05,-3.72444E-06,2.98395E-05
0.0022833,1.7619,0.67,5.4006,0.077576,0.013655,0.97634,0.0023989,-0.00044041,0.00038578,0.0013866,-0.00011631,0.00078103,0.211428,0.0804,0.648072,8.24271E-05,0.01473944,0.00259445,0.1855046,8.66003E-05,-1.58988E-05,1.39267E-05,5.00563E-05,-4.19879E-06,2.81952E-05
0.0023242,1.7701,0.67,5.4006,0.078132,0.014839,0.97892,0.0023926,-0.00054099,0.0003911,0.0015164,-0.00011409,0.00073933,0.212412,0.0804,0.648072,8.39036E-05,0.01484508,0.00281941,0.1859948,8.63729E-05,-1.95297E-05,1.41187E-05,5.4742E-05,-4.11865E-06,2.66898E-05
0.0023536,1.7784,0.67,5.4006,0.078364,0.014879,0.98122,0.0023783,-0.00063222,0.00039161,0.0016146,-0.0001227,0.00071435,0.213408,0.0804,0.648072,8.4965E-05,0.01488916,0.00282701,0.1864318,8.58566E-05,-2.28231E-05,1.41371E-05,5.82871E-05,-4.42947E-06,2.5788E-05
0.0023467,1.7866,0.67,5.4006,0.078332,0.013838,0.9833,0.0023244,-0.00068686,0.00036474,0.0016522,-0.00015422,0.00071683,0.214392,0.0804,0.648072,8.47159E-05,0.01488308,0.00262922,0.186827,8.39108E-05,-2.47956E-05,1.31671E-05,5.96444E-05,-5.56734E-06,2.58776E-05
0.0023207,1.7949,0.67,5.4006,0.078143,0.012392,0.98602,0.0022327,-0.00069606,0.00033507,0.0016569,-0.00019417,0.00075179,0.215388,0.0804,0.648072,8.37773E-05,0.01484717,0.00235448,0.1873438,8.06005E-05,-2.51278E-05,1.2096E-05,5.98141E-05,-7.00954E-06,2.71396E-05
0.0022976,1.8032,0.67,5.4006,0.077892,0.011169,0.98951,0.0021258,-0.00067533,0.00034288,0.0016518,-0.00024542,0.00081753,0.216384,0.0804,0.648072,8.29434E-05,0.01479948,0.00212211,0.1880069,7.67414E-05,-2.43794E-05,1.2378E-05,5.963E-05,-8.85966E-06,2.95128E-05
0.0022978,1.8114,0.67,5.4006,0.077631,0.010485,0.9933,0.0020201,-0.00065043,0.00041013,0.0016544,-0.00031134,0.00092106,0.217368,0.0804,0.648072,8.29506E-05,0.01474989,0.00199215,0.188727,7.29256E-05,-2.34805E-05,1.48057E-05,5.97238E-05,-1.12394E-05,3.32503E-05
0.0023326,1.8197,0.67,5.4006,0.077398,0.010476,0.99668,0.0019232,-0.00064358,0.00052354,0.0016773,-0.00040685,0.0010646,0.218364,0.0804,0.648072,8.42069E-05,0.01470562,0.00199044,0.1893692,6.94275E-05,-2.32332E-05,1.88998E-05,6.05505E-05,-1.46873E-05,3.84321E-05
0.0024033,1.8279,0.67,5.4006,0.077219,0.011051,0.99917,0.0018408,-0.0006679,0.00064592,0.0017269,-0.00053878,0.0012388,0.219348,0.0804,0.648072,8.67591E-05,0.01467161,0.00209969,0.1898423,6.64529E-05,-2.41112E-05,2.33177E-05,6.23411E-05,-1.945E-05,4.47207E-05
0.0024997,1.8362,0.67,5.4006,0.077087,0.01184,1.0007,0.0017769,-0.00072245,0.00074758,0.0017987,-0.00068282,0.0014237,0.220344,0.0804,0.648072,9.02392E-05,0.01464653,0.0022496,0.190133,6.41461E-05,-2.60804E-05,2.69876E-05,6.49331E-05,-2.46498E-05,5.13956E-05
0.0025813,1.8446,0.67,5.4006,0.077015,0.012637,1.0015,0.0017267,-0.00078701,0.00080451,0.0018701,-0.00079832,0.0015658,0.221352,0.0804,0.648072,9.31849E-05,0.01463285,0.00240103,0.190285,6.23339E-05,-2.84111E-05,2.90428E-05,6.75106E-05,-2.88194E-05,5.65254E-05
0.0026198,1.8534,0.67,5.4006,0.077006,0.013407,1.0024,0.0016771,-0.0008311,0.00081053,0.0019041,-0.00088114,0.0016585,0.222408,0.0804,0.648072,9.45748E-05,0.01463114,0.00254733,0.190456,6.05433E-05,-3.00027E-05,2.92601E-05,6.8738E-05,-3.18092E-05,5.98719E-05
0.0025903,1.8626,0.67,5.4006,0.077034,0.014071,1.0029,0.001623,-0.00083416,0.00075347,0.001855,-0.00092192,0.0017027,0.223512,0.0804,0.648072,9.35098E-05,0.01463646,0.00267349,0.190551,5.85903E-05,-3.01132E-05,2.72003E-05,6.69655E-05,-3.32813E-05,6.14675E-05
0.0025482,1.8723,0.67,5.4006,0.077068,0.01405,1.0036,0.0015798,-0.0008217,0.0006775,0.001766,-0.00094317,0.0017505,0.224676,0.0804,0.648072,9.199E-05,0.01464292,0.0026695,0.190684,5.70308E-05,-2.96634E-05,2.44578E-05,6.37526E-05,-3.40484E-05,6.31931E-05
0.0025716,1.8824,0.67,5.4006,0.077036,0.013354,1.0051,0.0015686,-0.00082406,0.00059106,0.0017247,-0.00096119,0.0018499,0.225888,0.0804,0.648072,9.28348E-05,0.01463684,0.00253726,0.190969,5.66265E-05,-2.97486E-05,2.13373E-05,6.22617E-05,-3.4699E-05,6.67814E-05
0.0026701,1.8931,0.67,5.4006,0.076782,0.013104,1.0084,0.0015761,-0.00082128,0.00052708,0.0017515,-0.0010196,0.0020126,0.227172,0.0804,0.648072,9.63906E-05,0.01458858,0.00248976,0.191596,5.68972E-05,-2.96482E-05,1.90276E-05,6.32292E-05,-3.68076E-05,7.26549E-05
0.0027506,1.9042,0.67,5.4006,0.076083,0.013632,1.0117,0.0015637,-0.00078153,0.00048294,0.001753,-0.0010657,0.0021844,0.228504,0.0804,0.648072,9.92967E-05,0.01445577,0.00259008,0.192223,5.64496E-05,-2.82132E-05,1.74341E-05,6.32833E-05,-3.84718E-05,7.88568E-05
0.0027969,1.9159,0.67,5.4006,0.075064,0.013695,1.0128,0.0015339,-0.00071206,0.00041831,0.0016561,-0.0010219,0.0024038,0.229908,0.0804,0.648072,0.000100968,0.01426216,0.00260205,0.192432,5.53738E-05,-2.57054E-05,1.5101E-05,5.97852E-05,-3.68906E-05,8.67772E-05
0.0027519,1.9282,0.67,5.4006,0.074261,0.012788,1.0125,0.0015197,-0.00060247,0.00036095,0.0014591,-0.00089331,0.0025251,0.231384,0.0804,0.648072,9.93436E-05,0.01410959,0.00242972,0.192375,5.48612E-05,-2.17492E-05,1.30303E-05,5.26735E-05,-3.22485E-05,9.11561E-05
0.0025239,1.941,0.67,5.4006,0.073911,0.012269,1.0128,0.0015223,-0.00042374,0.0002501,0.0012359,-0.00066448,0.0022896,0.23292,0.0804,0.648072,9.11128E-05,0.01404309,0.00233111,0.192432,5.4955E-05,-1.5297E-05,9.02861E-06,4.4616E-05,-2.39877E-05,8.26546E-05
0.0022348,1.9545,0.67,5.4006,0.073364,0.012295,1.0159,0.0015071,-0.0002142,7.95E-05,0.0010808,-0.00050697,0.0018817,0.23454,0.0804,0.648072,8.06763E-05,0.01393916,0.00233605,0.193021,5.44063E-05,-7.73262E-06,2.8697E-06,3.90169E-05,-1.83016E-05,6.79294E-05
0.002043,1.9686,0.67,5.4006,0.071782,0.012968,1.0188,0.001461,-4.36E-05,-0.00013478,0.0009945,-0.00038145,0.0016304,0.236232,0.0804,0.648072,7.37523E-05,0.01363858,0.00246392,0.193572,5.27421E-05,-1.57252E-06,-4.86556E-06,3.59015E-05,-1.37703E-05,5.88574E-05
0.0019141,1.9833,0.67,5.4006,0.06959,0.012513,1.0181,0.0014177,5.58E-05,-0.00026534,0.00097072,-0.00029493,0.0014398,0.237996,0.0804,0.648072,6.9099E-05,0.0132221,0.00237747,0.193439,5.1179E-05,2.01611E-06,-9.57877E-06,3.5043E-05,-1.0647E-05,5.19768E-05
0.0018886,1.9988,0.67,5.4006,0.067982,0.0099662,1.0139,0.0013909,8.15E-05,-0.000287,0.00097577,-0.00029201,0.0014105,0.239856,0.0804,0.648072,6.81785E-05,0.01291658,0.001893578,0.192641,5.02115E-05,2.94266E-06,-1.03607E-05,3.52253E-05,-1.05416E-05,5.09191E-05
0.0021374,2.0149,0.67,5.4006,0.06664,0.0059388,1.0112,0.0013541,3.95E-05,-0.00018057,0.00082189,-0.00011444,0.0020989,0.241788,0.0804,0.648072,7.71601E-05,0.0126616,0.001128372,0.192128,4.8883E-05,1.42418E-06,-6.51858E-06,2.96702E-05,-4.13128E-06,7.57703E-05
0.0024655,2.0319,0.67,5.4006,0.064794,0.0028128,1.006,0.0013082,6.01E-05,6.81E-05,0.00071374,0.00020258,0.0029091,0.243828,0.0804,0.648072,8.90046E-05,0.01231086,0.000534432,0.19114,4.7226E-05,2.16903E-06,2.45985E-06,2.5766E-05,7.31314E-06,0.000105019
0.0029114,2.0496,0.67,5.4006,0.062154,-0.0012944,1.0019,0.0012923,5.04E-05,0.00055415,0.00067383,0.00019982,0.0038566,0.245952,0.0804,0.648072,0.000105102,0.01180926,-0.000245936,0.190361,4.6652E-05,1.81868E-06,2.00048E-05,2.43253E-05,7.2135E-06,0.000139223
0.0037038,2.0681,0.67,5.4006,0.05845,2.48E-05,0.9902,0.0013688,-7.67E-05,0.0010647,0.00069665,2.05E-05,0.0053421,0.248172,0.0804,0.648072,0.000133707,0.0111055,4.70611E-06,0.188138,4.94137E-05,-2.7693E-06,3.84357E-05,2.51491E-05,7.41241E-07,0.00019285
0.0047636,2.0875,0.67,5.4006,0.054684,0.0024797,0.98351,0.0015804,-0.00028639,0.0017846,0.00082434,-0.00054789,0.0071225,0.2505,0.0804,0.648072,0.000171966,0.01038996,0.000471143,0.1868669,5.70524E-05,-1.03387E-05,6.44241E-05,2.97587E-05,-1.97788E-05,0.000257122
0.0054825,2.1078,0.67,5.4006,0.051617,0.0081772,0.98181,0.001817,-0.0002607,0.0026045,0.00086145,-0.0006496,0.0082866,0.252936,0.0804,0.648072,0.000197918,0.00980723,0.001553668,0.1865439,6.55937E-05,-9.41127E-06,9.40225E-05,3.10983E-05,-2.34506E-05,0.000299146
0.0052229,2.129,0.67,5.4006,0.050621,0.016563,0.96974,0.0019541,-0.00017428,0.0026719,0.00087706,-0.00030295,0.0076146,0.25548,0.0804,0.648072,0.000188547,0.00961799,0.00314697,0.1842506,7.0543E-05,-6.29151E-06,9.64556E-05,3.16619E-05,-1.09365E-05,0.000274887
0.0044052,2.1511,0.67,5.4006,0.05173,0.017312,0.97231,0.0019738,-5.47E-05,0.0023104,0.000948,-8.51E-05,0.0058886,0.258132,0.0804,0.648072,0.000159028,0.0098287,0.00328928,0.1847389,7.12542E-05,-1.97362E-06,8.34054E-05,3.42228E-05,-3.072E-06,0.000212578
0.0037168,2.1743,0.67,5.4006,0.050341,0.019557,0.97925,0.0018656,0.00012851,0.0018986,0.0010891,0.00010408,0.0044789,0.260916,0.0804,0.648072,0.000134176,0.00956479,0.00371583,0.1860575,6.73482E-05,4.63921E-06,6.85395E-05,3.93165E-05,3.75729E-06,0.000161688
0.0034169,2.1984,0.67,5.4006,0.045541,0.023534,0.97174,0.0016322,0.00031597,0.0015644,0.0011533,0.00026524,0.0040484,0.263808,0.0804,0.648072,0.00012335,0.00865279,0.00447146,0.1846306,5.89224E-05,1.14065E-05,5.64748E-05,4.16341E-05,9.57516E-06,0.000146147
0.0038852,2.2237,0.67,5.4006,0.042641,0.026183,0.94399,0.0014752,0.00061488,0.0015361,0.0017149,0.0010411,0.0045802,0.266844,0.0804,0.648072,0.000140256,0.00810179,0.00497477,0.1793581,5.32547E-05,2.21972E-05,5.54532E-05,6.19079E-05,3.75837E-05,0.000165345
0.005295,2.2501,0.67,5.4006,0.041544,0.027232,0.92622,0.0014955,0.00050023,0.0016635,0.0020882,0.001116,0.0070063,0.270012,0.0804,0.648072,0.00019115,0.00789336,0.00517408,0.1759818,5.39876E-05,1.80583E-05,6.00524E-05,7.5384E-05,4.02876E-05,0.000252927
0.0049909,2.2776,0.67,5.4006,0.037182,0.029328,0.91832,0.001559,0.00011231,0.0013846,0.0017595,9.27E-05,0.0066633,0.273312,0.0804,0.648072,0.000180171,0.00706458,0.00557232,0.1744808,5.62799E-05,4.05439E-06,4.99841E-05,6.3518E-05,3.34531E-06,0.000240545
0.0051103,2.3063,0.67,5.4006,0.029653,0.036619,0.90755,0.0016814,3.39E-05,0.0011526,0.0015517,-0.00074654,0.0069876,0.276756,0.0804,0.648072,0.000184482,0.00563407,0.00695761,0.1724345,6.06985E-05,1.22466E-06,4.16089E-05,5.60164E-05,-2.69501E-05,0.000252252
0.0060248,2.3362,0.67,5.4006,0.021131,0.051101,0.89682,0.001901,0.00030899,0.0014866,0.0019058,-0.00060485,0.0082428,0.280344,0.0804,0.648072,0.000217495,0.00401489,0.00970919,0.1703958,6.86261E-05,1.11545E-05,5.36663E-05,6.87994E-05,-2.18351E-05,0.000297565
0.005335,2.3674,0.67,5.4006,0.014634,0.058779,0.87357,0.0021779,0.00041656,0.001349,0.0027663,-0.00018285,0.005726,0.284088,0.0804,0.648072,0.000192594,0.00278046,0.01116801,0.1659783,7.86222E-05,1.50378E-05,4.86989E-05,9.98634E-05,-6.60089E-06,0.000206709
0.0055531,2.3999,0.67,5.4006,0.0095935,0.063945,0.84569,0.002136,0.00088802,0.0012505,0.0042851,0.00046515,0.0046851,0.287988,0.0804,0.648072,0.000200467,0.001822765,0.01214955,0.1606811,7.71096E-05,3.20575E-05,4.51431E-05,0.000154692,1.67919E-05,0.000169132
0.005659,2.4338,0.67,5.4006,0.0033595,0.068494,0.80016,0.0014095,0.00080817,0.0015138,0.0040723,0.0011182,0.0058361,0.292056,0.0804,0.648072,0.00020429,0.000638305,0.01301386,0.1520304,5.0883E-05,2.91749E-05,5.46482E-05,0.00014701,4.0367E-05,0.000210683
0.0042584,2.4691,0.67,5.4006,7.52E-05,0.059745,0.68647,0.00046537,0.00011925,0.00091544,0.002245,0.00097788,0.0058065,0.296292,0.0804,0.648072,0.000153728,1.42846E-05,0.01135155,0.1304293,1.67999E-05,4.30493E-06,3.30474E-05,8.10445E-05,3.53015E-05,0.000209615
0.0016198,2.5058,0.67,5.4006,0.00052399,0.026274,0.30174,2.93E-05,2.05E-05,0.00016062,0.00085557,0.00039073,0.0023547,0.300696,0.0804,0.648072,5.84748E-05,9.95581E-05,0.00499206,0.0573306,1.05946E-06,7.39364E-07,5.79838E-06,3.08861E-05,1.41054E-05,8.50047E-05
9.40E-08,2.544,0.67,5.4006,0.00050843,1.09E-13,4.85E-17,1.88E-07,4.03E-17,8.68E-21,8.62E-27,1.85E-30,8.10E-34,0.30528,0.0804,0.648072,3.39336E-09,9.66017E-05,2.06283E-14,9.21975E-18,6.7868E-09,1.45346E-18,3.13207E-22,3.11269E-28,6.69511E-32,2.92327E-35
0,2.5837,0.67,5.4006,0,0,0,0,0,0,0,0,0,0.310044,0.0804,0.648072,0,0,0,0,0,0,0,0,0,0
0,2.625,0.67,5.4006,0,0,0,0,0,0,0,0,0,0.315,0.0804,0.648072,0,0,0,0,0,0,0,0,0,0
0,-0.125,0.67,5.4214,0,0,0,0,0,0,0,0,0,-0.015,0.0804,0.650568,0,0,0,0,0,0,0,0,0,0
0,-0.083719,0.67,5.4214,0,0,0,0,0,0,0,0,0,-0.01004628,0.0804,0.650568,0,0,0,0,0,0,0,0,0,0
8.51E-08,-0.044001,0.67,5.4214,-0.00093499,-2.60E-13,2.47E-17,1.70E-07,4.73E-17,-7.99E-21,1.31E-26,-2.22E-30,5.23E-34,-0.00528012,0.0804,0.650568,3.07186E-09,-0.000177648,-4.93563E-14,4.68787E-18,6.14386E-09,1.70591E-18,-2.88518E-22,4.73668E-28,-8.00445E-32,1.88832E-35
0.00093334,-0.0058053,0.67,5.4214,-0.0026744,0.024773,0.38128,1.20E-05,-2.00E-05,-3.77E-05,0.00078852,-0.00018447,0.0010662,-0.000696636,0.0804,0.650568,3.36936E-05,-0.000508136,0.00470687,0.0724432,4.32081E-07,-7.22866E-07,-1.36122E-06,2.84656E-05,-6.65937E-06,3.84898E-05
0.0024495,0.030909,0.67,5.4214,-0.0084666,0.056102,0.86328,0.0001883,-0.0001175,-0.00021578,0.0020509,-0.00047468,0.0026598,0.00370908,0.0804,0.650568,8.8427E-05,-0.001608654,0.01065938,0.1640232,6.79763E-06,-4.24175E-06,-7.78966E-06,7.40375E-05,-1.71359E-05,9.60188E-05
0.002746,0.066184,0.67,5.4214,-0.018885,0.051409,0.97528,0.00049237,-0.00017195,-0.00019649,0.0017357,-0.00048709,0.0032639,0.00794208,0.0804,0.650568,9.91306E-05,-0.00358815,0.00976771,0.1853032,1.77746E-05,-6.2074E-06,-7.09329E-06,6.26588E-05,-1.75839E-05,0.000117827
0.0027171,0.10006,0.67,5.4214,-0.030839,0.039205,1.0087,0.00055547,-0.00025121,-5.67E-05,0.0014254,-0.00045168,0.0034534,0.0120072,0.0804,0.650568,9.80873E-05,-0.00585941,0.00744895,0.191653,2.00525E-05,-9.06868E-06,-2.04553E-06,5.14569E-05,-1.63056E-05,0.000124668
0.0030538,0.13258,0.67,5.4214,-0.039527,0.030867,1.0338,0.0004472,-0.00020997,2.47E-05,0.001414,-0.00067945,0.0042465,0.0159096,0.0804,0.650568,0.000110242,-0.00751013,0.00586473,0.196422,1.61439E-05,-7.57992E-06,8.92067E-07,5.10454E-05,-2.45281E-05,0.000153299
0.0025926,0.16379,0.67,5.4214,-0.040908,0.017283,1.0488,0.00049382,-7.42E-05,-9.37E-05,0.00090363,-0.00049651,0.0037877,0.0196548,0.0804,0.650568,9.35929E-05,-0.00777252,0.00328377,0.199272,1.78269E-05,-2.67988E-06,-3.3834E-06,3.2621E-05,-1.7924E-05,0.000136736
0.0022592,0.19372,0.67,5.4214,-0.040131,0.013907,1.0544,0.00067761,2.13E-05,-0.00025542,0.00094927,-0.00034298,0.0028915,0.0232464,0.0804,0.650568,8.15571E-05,-0.00762489,0.00264233,0.200336,2.44617E-05,7.69255E-07,-9.22066E-06,3.42686E-05,-1.23816E-05,0.000104383
0.0035134,0.22242,0.67,5.4214,-0.040428,0.020563,1.0584,0.00096213,3.94E-05,-0.00084794,0.0011525,-0.00062323,0.0049122,0.0266904,0.0804,0.650568,0.000126834,-0.00768132,0.00390697,0.201096,3.47329E-05,1.42191E-06,-3.06106E-05,4.16053E-05,-2.24986E-05,0.00017733
0.0033533,0.24993,0.67,5.4214,-0.04298,0.024674,1.0644,0.0012345,5.81E-05,-0.0011785,0.0011683,-0.0002866,0.0043038,0.0299916,0.0804,0.650568,0.000121054,-0.0081662,0.00468806,0.202236,4.45655E-05,2.09846E-06,-4.25439E-05,4.21756E-05,-1.03463E-05,0.000155367
0.0022503,0.27629,0.67,5.4214,-0.047587,0.025441,1.0667,0.0012761,0.00015448,-0.00096598,0.0011085,-0.00015719,0.0021161,0.0331548,0.0804,0.650568,8.12358E-05,-0.00904153,0.00483379,0.202673,4.60672E-05,5.57673E-06,-3.48719E-05,4.00169E-05,-5.67456E-06,7.63912E-05
0.0028664,0.30154,0.67,5.4214,-0.051354,0.024066,1.0644,0.0012542,5.84E-05,-0.00080672,0.0015776,-0.0007443,0.0029009,0.0361848,0.0804,0.650568,0.000103477,-0.00975726,0.00457254,0.202236,4.52766E-05,2.10651E-06,-2.91226E-05,5.69514E-05,-2.68692E-05,0.000104722
0.0038836,0.32572,0.67,5.4214,-0.054364,0.016903,1.0694,0.0013703,1.47E-06,-0.00087453,0.0019299,-0.0013379,0.0044669,0.0390864,0.0804,0.650568,0.000140198,-0.01032916,0.00321157,0.203186,4.94678E-05,5.30959E-08,-3.15705E-05,6.96694E-05,-4.82982E-05,0.000161255
0.0034398,0.34887,0.67,5.4214,-0.057591,0.013514,1.0764,0.001488,4.51E-05,-0.00060272,0.0015188,-0.0011863,0.0038727,0.0418644,0.0804,0.650568,0.000124177,-0.01094229,0.00256766,0.204516,5.37168E-05,1.62825E-06,-2.17582E-05,5.48287E-05,-4.28254E-05,0.000139804
0.0023964,0.37102,0.67,5.4214,-0.060394,0.019149,1.0735,0.0014571,0.0001697,-0.00023132,0.0012288,-0.00056097,0.0021069,0.0445224,0.0804,0.650568,8.651E-05,-0.01147486,0.00363831,0.203965,5.26013E-05,6.12617E-06,-8.35065E-06,4.43597E-05,-2.0251E-05,7.60591E-05
0.0021582,0.39221,0.67,5.4214,-0.06361,0.028408,1.0715,0.0013434,0.00019973,-0.00028656,0.0011829,-0.00036527,0.0017901,0.0470652,0.0804,0.650568,7.7911E-05,-0.0120859,0.00539752,0.203585,4.84967E-05,7.21025E-06,-1.03448E-05,4.27027E-05,-1.31862E-05,6.46226E-05
0.0020593,0.41248,0.67,5.4214,-0.067751,0.03461,1.0679,0.001299,0.00011886,-0.0001258,0.0011173,-0.00056853,0.0017023,0.0494976,0.0804,0.650568,7.43407E-05,-0.01287269,0.0065759,0.202901,4.68939E-05,4.29085E-06,-4.54138E-06,4.03345E-05,-2.05239E-05,6.1453E-05
0.0026206,0.43187,0.67,5.4214,-0.070875,0.036764,1.0654,0.0013988,0.000224,-0.00043738,0.0011891,-0.00086239,0.0026533,0.0518244,0.0804,0.650568,9.46037E-05,-0.01346625,0.00698516,0.202426,5.04967E-05,8.0864E-06,-1.57894E-05,4.29265E-05,-3.11323E-05,9.57841E-05
0.003186,0.4504,0.67,5.4214,-0.072283,0.038476,1.0576,0.0015945,0.00042749,-0.0006846,0.0014072,-0.0011526,0.0033703,0.054048,0.0804,0.650568,0.000115015,-0.01373377,0.00731044,0.200944,5.75615E-05,1.54324E-05,-2.47141E-05,5.07999E-05,-4.16089E-05,0.000121668
0.0037237,0.46812,0.67,5.4214,-0.073441,0.038384,1.0559,0.0016665,0.00049165,-0.00052334,0.0016822,-0.0016593,0.0040987,0.0561744,0.0804,0.650568,0.000134426,-0.01395379,0.00729296,0.200621,6.01607E-05,1.77486E-05,-1.88926E-05,6.07274E-05,-5.99007E-05,0.000147963
0.0036926,0.48504,0.67,5.4214,-0.075803,0.038424,1.0583,0.0015462,0.00030984,-0.00021069,0.0018147,-0.0016319,0.0040242,0.0582048,0.0804,0.650568,0.000133303,-0.01440257,0.00730056,0.201077,5.58178E-05,1.11852E-05,-7.60591E-06,6.55107E-05,-5.89116E-05,0.000145274
0.0029134,0.50122,0.67,5.4214,-0.079275,0.036718,1.0607,0.0013612,9.06E-05,7.25E-05,0.0018162,-0.0012088,0.0026495,0.0601464,0.0804,0.650568,0.000105174,-0.01506225,0.00697642,0.201533,4.91393E-05,3.2694E-06,2.61877E-06,6.55648E-05,-4.36377E-05,9.5647E-05
0.0024645,0.51667,0.67,5.4214,-0.082661,0.033425,1.0607,0.0011996,-6.66E-05,0.00011659,0.0016317,-0.00098659,0.0020977,0.0620004,0.0804,0.650568,8.89685E-05,-0.01570559,0.00635075,0.201533,4.33056E-05,-2.40455E-06,4.2089E-06,5.89044E-05,-3.56159E-05,7.5727E-05
0.0022791,0.53142,0.67,5.4214,-0.08505,0.030832,1.0634,0.001083,-0.00015621,-3.78E-06,0.0014465,-0.0008374,0.0020287,0.0637704,0.0804,0.650568,8.22755E-05,-0.0161595,0.00585808,0.202046,3.90963E-05,-5.63918E-06,-1.36545E-07,5.22187E-05,-3.02301E-05,7.32361E-05
0.0021887,0.54551,0.67,5.4214,-0.086954,0.028109,1.0674,0.0010064,-0.0001375,-0.00018779,0.0013297,-0.00051446,0.0020414,0.0654612,0.0804,0.650568,7.90121E-05,-0.01652126,0.00534071,0.202806,3.6331E-05,-4.96375E-06,-6.77922E-06,4.80022E-05,-1.8572E-05,7.36945E-05
0.0021037,0.55896,0.67,5.4214,-0.089115,0.024444,1.0676,0.001004,-8.30E-05,-0.00038914,0.0012915,-0.00011778,0.0019117,0.0670752,0.0804,0.650568,7.59436E-05,-0.01693185,0.00464436,0.202844,3.62444E-05,-2.99561E-06,-1.4048E-05,4.66232E-05,-4.25186E-06,6.90124E-05
0.0022177,0.5718,0.67,5.4214,-0.091125,0.020334,1.0688,0.0011007,3.33E-06,-0.00060495,0.0014419,-5.47E-05,0.0018927,0.068616,0.0804,0.650568,8.0059E-05,-0.01731375,0.00386346,0.203072,3.97353E-05,1.20065E-07,-2.18387E-05,5.20526E-05,-1.97489E-06,6.83265E-05
0.0023656,0.58405,0.67,5.4214,-0.092396,0.017835,1.0704,0.0012714,0.00016684,-0.00083784,0.0016037,-0.00016924,0.0018562,0.070086,0.0804,0.650568,8.53982E-05,-0.01755524,0.00338865,0.203376,4.58975E-05,6.02292E-06,-3.0246E-05,5.78936E-05,-6.10956E-06,6.70088E-05
0.0025659,0.59575,0.67,5.4214,-0.093167,0.016428,1.0702,0.0014669,0.00033918,-0.001071,0.0017045,-0.00025572,0.0019603,0.07149,0.0804,0.650568,9.2629E-05,-0.01770173,0.00312132,0.203338,5.29551E-05,1.22444E-05,-3.86631E-05,6.15325E-05,-9.23149E-06,7.07668E-05
0.0028004,0.6069,0.67,5.4214,-0.094165,0.01411,1.0701,0.0016428,0.00043458,-0.0012375,0.0017932,-0.00024861,0.0021647,0.072828,0.0804,0.650568,0.000101094,-0.01789135,0.0026809,0.203319,5.93051E-05,1.56883E-05,-4.46738E-05,6.47345E-05,-8.97482E-06,7.81457E-05
0.0028922,0.61755,0.67,5.4214,-0.095624,0.010081,1.0697,0.0017554,0.00046364,-0.0012752,0.0017709,-0.00018103,0.0022581,0.074106,0.0804,0.650568,0.000104408,-0.01816856,0.00191539,0.203243,6.33699E-05,1.67374E-05,-4.60347E-05,6.39295E-05,-6.53518E-06,8.15174E-05
0.0028094,0.6277,0.67,5.4214,-0.097386,0.0052236,1.0704,0.0017766,0.00044738,-0.0012065,0.0016661,-0.00013005,0.002176,0.075324,0.0804,0.650568,0.000101419,-0.01850334,0.000992484,0.203376,6.41353E-05,1.61504E-05,-4.35547E-05,6.01462E-05,-4.69481E-06,7.85536E-05
0.0026152,0.63738,0.67,5.4214,-0.099385,0.00065044,1.0746,0.0017123,0.00040823,-0.0010897,0.0015327,-0.00017815,0.0019856,0.0764856,0.0804,0.650568,9.44087E-05,-0.01888315,0.000123584,0.204174,6.1814E-05,1.47371E-05,-3.93382E-05,5.53305E-05,-6.43122E-06,7.16802E-05
0.0024252,0.64661,0.67,5.4214,-0.10157,-0.0030457,1.0802,0.0015852,0.00034761,-0.00095737,0.0013866,-0.00028511,0.0018787,0.0775932,0.0804,0.650568,8.75497E-05,-0.0192983,-0.000578683,0.205238,5.72257E-05,1.25487E-05,-3.45611E-05,5.00563E-05,-1.02925E-05,6.78211E-05
0.0022356,0.65542,0.67,5.4214,-0.10393,-0.0057872,1.086,0.0014171,0.00027418,-0.0008201,0.0012567,-0.00038527,0.0017974,0.0786504,0.0804,0.650568,8.07052E-05,-0.0197467,-0.001099568,0.20634,5.11573E-05,9.8979E-06,-2.96056E-05,4.53669E-05,-1.39082E-05,6.48861E-05
0.0020259,0.66381,0.67,5.4214,-0.10641,-0.007681,1.0911,0.0012285,0.00019891,-0.00066809,0.0011509,-0.00048245,0.0016723,0.0796572,0.0804,0.650568,7.3135E-05,-0.0202179,-0.00145939,0.207309,4.43489E-05,7.18065E-06,-2.4118E-05,4.15475E-05,-1.74164E-05,6.037E-05
0.0017832,0.67207,0.67,5.4214,-0.10894,-0.0088872,1.0949,0.001046,0.0001216,-0.00048008,0.0010705,-0.00054728,0.00145,0.0806484,0.0804,0.650568,6.43735E-05,-0.0206986,-0.001688568,0.208031,3.77606E-05,4.38976E-06,-1.73309E-05,3.86451E-05,-1.97568E-05,0.000052345
0.0015608,0.68032,0.67,5.4214,-0.11146,-0.0098184,1.0976,0.00088944,4.96E-05,-0.00027532,0.0010056,-0.0005779,0.0012265,0.0816384,0.0804,0.650568,5.63449E-05,-0.0211774,-0.001865496,0.208544,3.21088E-05,1.79135E-06,-9.93905E-06,3.63022E-05,-2.08622E-05,4.42767E-05
0.0014287,0.68858,0.67,5.4214,-0.11388,-0.01075,1.1001,0.0007769,-8.25E-06,-0.00011696,0.00093928,-0.00060139,0.0011412,0.0826296,0.0804,0.650568,5.15761E-05,-0.0216372,-0.0020425,0.209019,2.80461E-05,-2.97709E-07,-4.22226E-06,3.3908E-05,-2.17102E-05,4.11973E-05
0.0014089,0.69683,0.67,5.4214,-0.11613,-0.011712,1.1027,0.00072477,-5.87E-05,-3.94E-05,0.00085658,-0.00062294,0.0012365,0.0836196,0.0804,0.650568,5.08613E-05,-0.0220647,-0.00222528,0.209513,2.61642E-05,-2.11824E-06,-1.42054E-06,3.09225E-05,-2.24881E-05,4.46377E-05
0.0014398,0.70509,0.67,5.4214,-0.11816,-0.012768,1.1041,0.00071736,-0.00010986,1.41E-05,0.00077759,-0.00063164,0.0013846,0.0846108,0.0804,0.650568,5.19768E-05,-0.0224504,-0.00242592,0.209779,2.58967E-05,-3.96595E-06,5.09299E-07,2.8071E-05,-2.28022E-05,4.99841E-05
0.0014596,0.71335,0.67,5.4214,-0.11989,-0.014144,1.1041,0.00073311,-0.00015602,5.67E-05,0.00073189,-0.00062359,0.0014541,0.085602,0.0804,0.650568,5.26916E-05,-0.0227791,-0.00268736,0.209779,2.64653E-05,-5.63232E-06,2.04745E-06,2.64212E-05,-2.25116E-05,5.2493E-05
0.0014777,0.7216,0.67,5.4214,-0.12119,-0.015617,1.1028,0.00076399,-0.00019072,7.95E-05,0.00073793,-0.00061959,0.0014535,0.086592,0.0804,0.650568,5.3345E-05,-0.0230261,-0.00296723,0.209532,2.758E-05,-6.88499E-06,2.87147E-06,2.66393E-05,-2.23672E-05,5.24714E-05
0.0015101,0.72986,0.67,5.4214,-0.12201,-0.016591,1.1002,0.00079951,-0.00021294,8.52E-05,0.00079491,-0.00062288,0.0014258,0.0875832,0.0804,0.650568,5.45146E-05,-0.0231819,-0.00315229,0.209038,2.88623E-05,-7.68713E-06,3.07608E-06,2.86963E-05,-2.2486E-05,5.14714E-05
0.0015627,0.73811,0.67,5.4214,-0.12255,-0.016766,1.0961,0.00083206,-0.00021775,7.57E-05,0.00089964,-0.00063433,0.0013937,0.0885732,0.0804,0.650568,5.64135E-05,-0.0232845,-0.00318554,0.208259,3.00374E-05,-7.86078E-06,2.73302E-06,3.2477E-05,-2.28993E-05,5.03126E-05
0.0016399,0.74637,0.67,5.4214,-0.12289,-0.016182,1.0909,0.00086087,-0.00020445,5.41E-05,0.0010373,-0.00065022,0.0013816,0.0895644,0.0804,0.650568,5.92004E-05,-0.0233491,-0.00307458,0.207271,3.10774E-05,-7.38065E-06,1.95131E-06,3.74465E-05,-2.34729E-05,4.98758E-05
0.0017443,0.75463,0.67,5.4214,-0.12298,-0.014964,1.085,0.00089032,-0.00018203,2.25E-05,0.0011849,-0.0006737,0.0014134,0.0905556,0.0804,0.650568,6.29692E-05,-0.0233662,-0.00284316,0.20615,3.21406E-05,-6.57128E-06,8.12142E-07,4.27749E-05,-2.43206E-05,5.10237E-05
0.0018651,0.76288,0.67,5.4214,-0.12306,-0.013266,1.0792,0.00092787,-0.00016035,-2.48E-05,0.0013308,-0.00071548,0.0014715,0.0915456,0.0804,0.650568,6.73301E-05,-0.0233814,-0.00252054,0.205048,3.34961E-05,-5.78864E-06,-8.96471E-07,4.80419E-05,-2.58288E-05,5.31212E-05
0.0019996,0.77114,0.67,5.4214,-0.12332,-0.011085,1.0738,0.00097463,-0.00014691,-8.68E-05,0.0014728,-0.00077878,0.0015518,0.0925368,0.0804,0.650568,7.21856E-05,-0.0234308,-0.00210615,0.204022,3.51841E-05,-5.30345E-06,-3.13168E-06,5.31681E-05,-2.8114E-05,5.602E-05
0.0021464,0.7794,0.67,5.4214,-0.12346,-0.0083699,1.0684,0.0010183,-0.00014024,-0.00013752,0.0016171,-0.00085985,0.0016573,0.093528,0.0804,0.650568,7.7485E-05,-0.0234574,-0.001590281,0.202996,3.67606E-05,-5.06266E-06,-4.96447E-06,5.83773E-05,-3.10406E-05,5.98285E-05
0.0023119,0.78765,0.67,5.4214,-0.12333,-0.00517,1.0629,0.0010417,-0.00013894,-0.00013454,0.0017712,-0.0009571,0.0018109,0.094518,0.0804,0.650568,8.34596E-05,-0.0234327,-0.0009823,0.201951,3.76054E-05,-5.01573E-06,-4.85689E-06,6.39403E-05,-3.45513E-05,6.53735E-05
0.0025058,0.79591,0.67,5.4214,-0.12321,-0.0018122,1.0572,0.001053,-0.00014598,-8.58E-05,0.0019243,-0.0010595,0.0020343,0.0955092,0.0804,0.650568,9.04594E-05,-0.0234099,-0.000344318,0.200868,3.80133E-05,-5.26988E-06,-3.0976E-06,6.94672E-05,-3.8248E-05,7.34382E-05
0.0026959,0.80416,0.67,5.4214,-0.12315,0.0012546,1.0517,0.0010679,-0.00017088,-6.85E-06,0.0020474,-0.0011442,0.0022765,0.0964992,0.0804,0.650568,9.7322E-05,-0.0233985,0.000238374,0.199823,3.85512E-05,-6.16877E-06,-2.47281E-07,7.39111E-05,-4.13056E-05,8.21817E-05
0.0028706,0.81242,0.67,5.4214,-0.12321,0.0039409,1.0466,0.0010821,-0.00023718,0.00012174,0.0021376,-0.0012015,0.0025215,0.0974904,0.0804,0.650568,0.000103629,-0.0234099,0.000748771,0.198854,3.90638E-05,-8.5622E-06,4.39481E-06,7.71674E-05,-4.33742E-05,9.10262E-05
0.003054,0.82068,0.67,5.4214,-0.12366,0.0065046,1.0416,0.0010962,-0.00036014,0.00028341,0.0022485,-0.0012471,0.0027632,0.0984816,0.0804,0.650568,0.000110249,-0.0234954,0.001235874,0.197904,3.95728E-05,-1.30011E-05,1.02311E-05,8.11709E-05,-4.50203E-05,9.97515E-05
0.0032112,0.82893,0.67,5.4214,-0.12444,0.0090353,1.0372,0.0011171,-0.00052088,0.00043659,0.0024165,-0.0012794,0.0028888,0.0994716,0.0804,0.650568,0.000115924,-0.0236436,0.001716707,0.197068,4.03273E-05,-1.88038E-05,1.57609E-05,8.72357E-05,-4.61863E-05,0.000104286
0.0032725,0.83719,0.67,5.4214,-0.12546,0.011157,1.0334,0.0011396,-0.0006718,0.00056191,0.0025759,-0.0012708,0.0028296,0.1004628,0.0804,0.650568,0.000118137,-0.0238374,0.00211983,0.196346,4.11396E-05,-2.4252E-05,2.0285E-05,9.299E-05,-4.58759E-05,0.000102149
0.0032445,0.84544,0.67,5.4214,-0.12663,0.012515,1.0296,0.0011709,-0.00076466,0.00065266,0.0026125,-0.0012187,0.0027056,0.1014528,0.0804,0.650568,0.000117126,-0.0240597,0.00237785,0.195624,4.22695E-05,-2.76042E-05,2.3561E-05,9.43113E-05,-4.39951E-05,9.76722E-05
0.0031564,0.8537,0.67,5.4214,-0.12777,0.01331,1.025,0.0012333,-0.00078959,0.00070103,0.0024952,-0.0011414,0.0025841,0.102444,0.0804,0.650568,0.000113946,-0.0242763,0.0025289,0.19475,4.45221E-05,-2.85042E-05,2.53072E-05,9.00767E-05,-4.12045E-05,9.3286E-05
0.0030299,0.86196,0.67,5.4214,-0.12863,0.013983,1.0187,0.0013205,-0.00077416,0.000728,0.002297,-0.0010656,0.0024424,0.1034352,0.0804,0.650568,0.000109379,-0.0244397,0.00265677,0.193553,4.76701E-05,-2.79472E-05,2.62808E-05,8.29217E-05,-3.84682E-05,8.81706E-05
0.002894,0.87021,0.67,5.4214,-0.12911,0.014468,1.0115,0.0014057,-0.00073572,0.00075655,0.0020909,-0.0010222,0.0022915,0.1044252,0.0804,0.650568,0.000104473,-0.0245309,0.00274892,0.192185,5.07458E-05,-2.65595E-05,2.73115E-05,7.54815E-05,-3.69014E-05,8.27232E-05
0.0027651,0.87847,0.67,5.4214,-0.12943,0.014331,1.005,0.0015005,-0.00067009,0.00079408,0.0018931,-0.00097512,0.0021367,0.1054164,0.0804,0.650568,9.98201E-05,-0.0245917,0.00272289,0.19095,5.41681E-05,-2.41902E-05,2.86663E-05,6.83409E-05,-3.52018E-05,7.71349E-05
0.0026417,0.88672,0.67,5.4214,-0.12962,0.013671,1.0005,0.0016211,-0.00057739,0.00081511,0.0017193,-0.00089973,0.0019431,0.1064064,0.0804,0.650568,9.53654E-05,-0.0246278,0.00259749,0.190095,5.85217E-05,-2.08438E-05,2.94255E-05,6.20667E-05,-3.24803E-05,7.01459E-05
0.0025448,0.89498,0.67,5.4214,-0.12939,0.013118,0.99728,0.0017351,-0.00047917,0.00081725,0.0015999,-0.00083953,0.0017547,0.1073976,0.0804,0.650568,9.18673E-05,-0.0245841,0.00249242,0.1894832,6.26371E-05,-1.7298E-05,2.95027E-05,5.77564E-05,-3.0307E-05,6.33447E-05
0.0024784,0.90324,0.67,5.4214,-0.12887,0.012972,0.99381,0.0018209,-0.00040976,0.00077297,0.0015253,-0.0008128,0.0016107,0.1083888,0.0804,0.650568,8.94702E-05,-0.0244853,0.00246468,0.1888239,6.57345E-05,-1.47923E-05,2.79042E-05,5.50633E-05,-2.93421E-05,5.81463E-05
0.0024389,0.91149,0.67,5.4214,-0.12815,0.012949,0.98963,0.0019044,-0.00038319,0.0006964,0.0014567,-0.00079683,0.0015167,0.1093788,0.0804,0.650568,8.80443E-05,-0.0243485,0.00246031,0.1880297,6.87488E-05,-1.38332E-05,2.514E-05,5.25869E-05,-2.87656E-05,5.47529E-05
0.002434,0.91975,0.67,5.4214,-0.12721,0.012485,0.98499,0.0020026,-0.00038396,0.00062978,0.0013814,-0.00080743,0.001484,0.11037,0.0804,0.650568,8.78674E-05,-0.0241699,0.00237215,0.1871481,7.22939E-05,-1.3861E-05,2.27351E-05,4.98685E-05,-2.91482E-05,5.35724E-05
0.0024723,0.92801,0.67,5.4214,-0.1262,0.011021,0.98038,0.002108,-0.00039454,0.00060899,0.0013099,-0.00085854,0.0015267,0.1113612,0.0804,0.650568,8.925E-05,-0.023978,0.00209399,0.1862722,7.60988E-05,-1.42429E-05,2.19845E-05,4.72874E-05,-3.09933E-05,5.51139E-05
0.0025556,0.93626,0.67,5.4214,-0.12521,0.0085107,0.97574,0.0022249,-0.00040574,0.00062131,0.001255,-0.00093429,0.0016313,0.1123512,0.0804,0.650568,9.22572E-05,-0.0237899,0.001617033,0.1853906,8.03189E-05,-1.46472E-05,2.24293E-05,4.53055E-05,-3.37279E-05,5.88899E-05
0.002712,0.94452,0.67,5.4214,-0.12423,0.0056653,0.97029,0.0023597,-0.00041242,0.00067215,0.0012343,-0.0010227,0.00183,0.1133424,0.0804,0.650568,9.79032E-05,-0.0236037,0.001076407,0.1843551,8.51852E-05,-1.48884E-05,2.42646E-05,4.45582E-05,-3.69195E-05,0.000066063
0.002914,0.95277,0.67,5.4214,-0.12311,0.0032681,0.96343,0.0025032,-0.00040931,0.00076515,0.001241,-0.0010857,0.0020839,0.1143324,0.0804,0.650568,0.000105195,-0.0233909,0.000620939,0.1830517,9.03655E-05,-1.47761E-05,2.76219E-05,4.48001E-05,-3.91938E-05,7.52288E-05
0.0030625,0.96103,0.67,5.4214,-0.12177,0.0017627,0.95521,0.002649,-0.00038494,0.00087508,0.001228,-0.001065,0.0022481,0.1153236,0.0804,0.650568,0.000110556,-0.0231363,0.000334913,0.1814899,9.56289E-05,-1.38963E-05,3.15904E-05,4.43308E-05,-3.84465E-05,8.11564E-05
0.0030836,0.96929,0.67,5.4214,-0.12067,0.001383,0.94623,0.0027979,-0.00034647,0.00095958,0.0011777,-0.00094392,0.0021916,0.1163148,0.0804,0.650568,0.000111318,-0.0229273,0.00026277,0.1797837,0.000101004,-1.25076E-05,3.46408E-05,4.2515E-05,-3.40755E-05,7.91168E-05
0.0030055,0.97754,0.67,5.4214,-0.11982,0.001907,0.93702,0.0029415,-0.00029963,0.00097175,0.0011161,-0.00076117,0.0019534,0.1173048,0.0804,0.650568,0.000108499,-0.0227658,0.00036233,0.1780338,0.000106188,-1.08166E-05,3.50802E-05,4.02912E-05,-2.74782E-05,7.05177E-05
0.0029287,0.9858,0.67,5.4214,-0.11866,0.0027759,0.92755,0.0030693,-0.00022673,0.00093406,0.0010643,-0.00056787,0.0017239,0.118296,0.0804,0.650568,0.000105726,-0.0225454,0.000527421,0.1762345,0.000110802,-8.18495E-06,3.37196E-05,3.84212E-05,-2.05001E-05,6.22328E-05
0.0028999,0.99405,0.67,5.4214,-0.11745,0.0036787,0.91834,0.0031732,-0.00012892,0.00085581,0.0010481,-0.0004199,0.0015784,0.119286,0.0804,0.650568,0.000104686,-0.0223155,0.000698953,0.1744846,0.000114553,-4.65401E-06,3.08947E-05,3.78364E-05,-1.51584E-05,5.69802E-05
0.0029129,1.0023,0.67,5.4214,-0.11627,0.0047122,0.91028,0.003264,-1.97E-05,0.00077615,0.0011005,-0.0003496,0.0014613,0.120276,0.0804,0.650568,0.000105156,-0.0220913,0.000895318,0.1729532,0.00011783,-7.11423E-07,2.8019E-05,3.97281E-05,-1.26206E-05,5.27529E-05
0.0029623,1.0106,0.67,5.4214,-0.11465,0.0059964,0.90368,0.0033514,0.0001002,0.00070387,0.0012312,-0.000351,0.001342,0.121272,0.0804,0.650568,0.000106939,-0.0217835,0.001139316,0.1716992,0.000120986,3.61722E-06,2.54097E-05,4.44463E-05,-1.26711E-05,4.84462E-05
0.0030827,1.0188,0.67,5.4214,-0.11254,0.0074121,0.89854,0.0034347,0.00022905,0.00065636,0.0014029,-0.00037988,0.0013277,0.122256,0.0804,0.650568,0.000111285,-0.0213826,0.001408299,0.1707226,0.000123993,8.26871E-06,2.36946E-05,5.06447E-05,-1.37137E-05,4.793E-05
0.0032309,1.0271,0.67,5.4214,-0.11012,0.0087024,0.89437,0.0035151,0.00035795,0.00060989,0.0015602,-0.00039789,0.0013865,0.123252,0.0804,0.650568,0.000116635,-0.0209228,0.001653456,0.1699303,0.000126895,1.2922E-05,2.2017E-05,5.63232E-05,-1.43638E-05,5.00527E-05
0.0033724,1.0353,0.67,5.4214,-0.10771,0.0096486,0.89057,0.0035833,0.00045918,0.00053332,0.0016514,-0.00041242,0.0015101,0.124236,0.0804,0.650568,0.000121744,-0.0204649,0.001833234,0.1692083,0.000129357,1.65764E-05,1.92529E-05,5.96155E-05,-1.48884E-05,5.45146E-05
0.0034712,1.0436,0.67,5.4214,-0.1056,0.010089,0.88663,0.0036176,0.00049986,0.00043459,0.0016455,-0.00044602,0.0016794,0.125232,0.0804,0.650568,0.00012531,-0.020064,0.00191691,0.1684597,0.000130595,1.80449E-05,1.56887E-05,5.94026E-05,-1.61013E-05,6.06263E-05
0.0034974,1.0518,0.67,5.4214,-0.10375,0.0099965,0.88221,0.0035916,0.00046963,0.00031272,0.0015502,-0.00049582,0.0018531,0.126216,0.0804,0.650568,0.000126256,-0.0197125,0.001899335,0.1676199,0.000129657,1.69536E-05,1.12892E-05,5.59622E-05,-1.78991E-05,6.68969E-05
0.0034892,1.0601,0.67,5.4214,-0.10209,0.0094683,0.87731,0.0035096,0.00037477,0.00021,0.0014046,-0.00056108,0.0020642,0.127212,0.0804,0.650568,0.00012596,-0.0193971,0.001798977,0.1666889,0.000126697,1.35292E-05,0.000007581,5.07061E-05,-2.0255E-05,7.45176E-05
0.0034717,1.0684,0.67,5.4214,-0.10066,0.0086888,0.87201,0.0033813,0.0002464,0.00012422,0.0012675,-0.00064229,0.0022946,0.128208,0.0804,0.650568,0.000125328,-0.0191254,0.001650872,0.1656819,0.000122065,8.89504E-06,4.48434E-06,4.57568E-05,-2.31867E-05,8.28351E-05
0.003522,1.0766,0.67,5.4214,-0.099457,0.0080051,0.86662,0.0032296,0.00012375,6.82E-05,0.0011834,-0.00075996,0.002631,0.129192,0.0804,0.650568,0.000127144,-0.01889683,0.001520969,0.1646578,0.000116589,4.46738E-06,2.46151E-06,4.27207E-05,-2.74346E-05,9.49791E-05
0.0036447,1.0849,0.67,5.4214,-0.098438,0.0077038,0.86138,0.0030815,3.00E-05,6.54E-05,0.0011566,-0.00092311,0.0030513,0.130188,0.0804,0.650568,0.000131574,-0.01870322,0.001463722,0.1636622,0.000111242,1.08246E-06,2.3617E-06,4.17533E-05,-3.33243E-05,0.000110152
0.0038056,1.0931,0.67,5.4214,-0.097424,0.0078463,0.85606,0.0029272,-3.31E-05,6.58E-05,0.0011592,-0.0010886,0.0035248,0.131172,0.0804,0.650568,0.000137382,-0.01851056,0.001490797,0.1626514,0.000105672,-1.19664E-06,2.37506E-06,4.18471E-05,-3.92985E-05,0.000127245
0.0039673,1.1014,0.67,5.4214,-0.096196,0.0082115,0.8505,0.0027912,-7.87E-05,9.18E-05,0.0011589,-0.0012258,0.0039846,0.132168,0.0804,0.650568,0.00014322,-0.01827724,0.001560185,0.161595,0.000100762,-2.83966E-06,3.31387E-06,4.18363E-05,-4.42514E-05,0.000143844
0.0040718,1.1096,0.67,5.4214,-0.0947,0.0085852,0.84478,0.0026961,-0.00011104,0.00010138,0.0011462,-0.0013222,0.0043013,0.133152,0.0804,0.650568,0.000146992,-0.017993,0.001631188,0.1605082,9.73292E-05,-4.00854E-06,3.65982E-06,4.13778E-05,-4.77314E-05,0.000155277
0.0041611,1.1179,0.67,5.4214,-0.092866,0.0090987,0.83891,0.002645,-0.00012434,9.77E-05,0.0011359,-0.0013936,0.0045413,0.134148,0.0804,0.650568,0.000150216,-0.01764454,0.001728753,0.1593929,9.54845E-05,-4.48867E-06,3.52834E-06,4.1006E-05,-5.0309E-05,0.000163941
0.0042223,1.1262,0.67,5.4214,-0.090731,0.010161,0.83297,0.0025924,-0.00011433,9.15E-05,0.0011463,-0.0014465,0.0047059,0.135144,0.0804,0.650568,0.000152425,-0.01723889,0.00193059,0.1582643,9.35856E-05,-4.12731E-06,3.30232E-06,4.13814E-05,-5.22187E-05,0.000169883
0.0042702,1.1344,0.67,5.4214,-0.088373,0.012097,0.82734,0.0024772,-9.38E-05,5.96E-05,0.0011928,-0.0014721,0.0048703,0.136128,0.0804,0.650568,0.000154154,-0.01679087,0.00229843,0.1571946,8.94269E-05,-3.38575E-06,2.15282E-06,4.30601E-05,-5.31428E-05,0.000175818
0.0043348,1.1427,0.67,5.4214,-0.085673,0.014617,0.82254,0.0023496,-8.50E-05,8.73E-05,0.0012863,-0.0015102,0.0050338,0.137124,0.0804,0.650568,0.000156486,-0.01627787,0.00277723,0.1562826,8.48206E-05,-3.06947E-06,3.14987E-06,4.64354E-05,-5.45182E-05,0.00018172
0.0043995,1.1509,0.67,5.4214,-0.082574,0.016783,0.81855,0.0022632,-9.61E-05,0.00014175,0.0014382,-0.0016159,0.0050976,0.138108,0.0804,0.650568,0.000158822,-0.01568906,0.00318877,0.1555245,8.17015E-05,-3.4708E-06,5.11718E-06,5.1919E-05,-5.8334E-05,0.000184023
0.0044248,1.1592,0.67,5.4214,-0.079216,0.017647,0.81516,0.0021974,-0.00010293,0.00019351,0.0016286,-0.0017681,0.0050237,0.139104,0.0804,0.650568,0.000159735,-0.01505104,0.00335293,0.1548804,7.93261E-05,-3.71577E-06,6.98571E-06,5.87925E-05,-6.38284E-05,0.000181356
0.0043825,1.1674,0.67,5.4214,-0.075936,0.017222,0.81252,0.0021157,-8.24E-05,0.00021341,0.0017958,-0.0019028,0.0048534,0.140088,0.0804,0.650568,0.000158208,-0.01442784,0.00327218,0.1543788,7.63768E-05,-2.97334E-06,7.7041E-06,6.48284E-05,-6.86911E-05,0.000175208
0.0043097,1.1757,0.67,5.4214,-0.072865,0.01644,0.81112,0.0020339,-3.92E-05,0.00016921,0.0018997,-0.0019889,0.0046859,0.141084,0.0804,0.650568,0.00015558,-0.01384435,0.0031236,0.1541128,7.34238E-05,-1.41451E-06,6.10848E-06,6.85792E-05,-7.17993E-05,0.000169161
0.0042802,1.1839,0.67,5.4214,-0.069983,0.015884,0.8112,0.0020075,1.04E-05,0.00012159,0.0019132,-0.0020255,0.0046397,0.142068,0.0804,0.650568,0.000154515,-0.01329677,0.00301796,0.154128,7.24708E-05,3.75512E-07,4.3894E-06,6.90665E-05,-7.31206E-05,0.000167493
0.0042203,1.1922,0.67,5.4214,-0.067254,0.015557,0.81209,0.0020187,4.30E-05,3.65E-05,0.0018223,-0.0019994,0.0045997,0.143064,0.0804,0.650568,0.000152353,-0.01277826,0.00295583,0.1542971,7.28751E-05,1.55371E-06,1.31819E-06,6.5785E-05,-7.21783E-05,0.000166049
0.0041081,1.2005,0.67,5.4214,-0.064528,0.015401,0.81283,0.0020192,4.39E-05,-8.23E-05,0.0016444,-0.0019096,0.0045525,0.14406,0.0804,0.650568,0.000148302,-0.01226032,0.00292619,0.1544377,7.28931E-05,1.58418E-06,-2.97139E-06,5.93628E-05,-6.89366E-05,0.000164345
0.0040361,1.2087,0.67,5.4214,-0.061563,0.015292,0.81306,0.0020228,2.05E-05,-0.00013226,0.0014352,-0.0017912,0.0046141,0.145044,0.0804,0.650568,0.000145703,-0.01169697,0.00290548,0.1544814,7.30231E-05,7.38534E-07,-4.77459E-06,5.18107E-05,-6.46623E-05,0.000166569
0.003925,1.217,0.67,5.4214,-0.058313,0.015042,0.8133,0.0020105,-6.67E-06,-0.00012009,0.0012726,-0.0016623,0.0045669,0.14604,0.0804,0.650568,0.000141693,-0.01107947,0.00285798,0.154527,7.25791E-05,-2.40675E-07,-4.33525E-06,4.59409E-05,-6.0009E-05,0.000164865
0.0037125,1.2252,0.67,5.4214,-0.055024,0.014654,0.81456,0.0019408,-2.34E-05,-8.83E-05,0.0011987,-0.0015387,0.0042856,0.147024,0.0804,0.650568,0.000134021,-0.01045456,0.00278426,0.1547664,7.00629E-05,-8.43801E-07,-3.18842E-06,4.32731E-05,-5.55471E-05,0.00015471
0.0034592,1.2335,0.67,5.4214,-0.051834,0.014246,0.81733,0.0018506,-2.44E-05,1.13E-05,0.0012005,-0.0014269,0.0038672,0.14802,0.0804,0.650568,0.000124877,-0.00984846,0.00270674,0.1552927,6.68067E-05,-8.82356E-07,4.07822E-07,4.33381E-05,-5.15111E-05,0.000139606
0.0031856,1.2417,0.67,5.4214,-0.048701,0.013805,0.82144,0.0017663,-9.18E-06,0.00016161,0.0012302,-0.0012934,0.0033748,0.149004,0.0804,0.650568,0.000115,-0.00925319,0.00262295,0.1560736,6.37634E-05,-3.3125E-07,5.83412E-06,4.44102E-05,-4.66917E-05,0.00012183
0.0028873,1.25,0.67,5.4214,-0.045512,0.013105,0.8262,0.00166,1.32E-05,0.00022787,0.0012516,-0.001102,0.0028629,0.15,0.0804,0.650568,0.000104232,-0.00864728,0.00248995,0.156978,0.000059926,4.77314E-07,8.22611E-06,4.51828E-05,-3.97822E-05,0.000103351
0.002689,1.2583,0.67,5.4214,-0.042124,0.011777,0.83086,0.0015749,2.90E-05,0.00022674,0.0012636,-0.00084614,0.0025394,0.150996,0.0804,0.650568,9.70729E-05,-0.00800356,0.00223763,0.1578634,5.68539E-05,1.04596E-06,8.18531E-06,4.5616E-05,-3.05457E-05,9.16723E-05
0.0026032,1.2665,0.67,5.4214,-0.038423,0.0096694,0.83517,0.0015602,2.87E-05,0.00023967,0.0012805,-0.00058084,0.0023658,0.15198,0.0804,0.650568,9.39755E-05,-0.00730037,0.001837186,0.1586823,5.63232E-05,1.03553E-06,8.65209E-06,4.62261E-05,-2.09683E-05,8.54054E-05
0.0025408,1.2748,0.67,5.4214,-0.034531,0.0069278,0.83854,0.0015678,1.22E-05,0.00025837,0.0013026,-0.00038497,0.0022112,0.152976,0.0804,0.650568,9.17229E-05,-0.00656089,0.001316282,0.1593226,5.65976E-05,4.39951E-07,9.32716E-06,4.70239E-05,-1.38974E-05,7.98243E-05
0.0025016,1.283,0.67,5.4214,-0.030763,0.0042367,0.84055,0.0015653,-1.18E-05,0.00025439,0.0013264,-0.00025933,0.0021116,0.15396,0.0804,0.650568,9.03078E-05,-0.00584497,0.000804973,0.1597045,5.65073E-05,-4.27099E-07,9.18348E-06,4.7883E-05,-9.36181E-06,7.62288E-05
0.002523,1.2913,0.67,5.4214,-0.027376,0.0024325,0.84145,0.0015707,-3.88E-05,0.00020977,0.0013629,-0.00013939,0.0021125,0.154956,0.0804,0.650568,9.10803E-05,-0.00520144,0.000462175,0.1598755,5.67023E-05,-1.40194E-06,7.5727E-06,4.92007E-05,-5.03198E-06,7.62613E-05
0.0025435,1.2995,0.67,5.4214,-0.024284,0.0016268,0.8413,0.0015688,-6.88E-05,0.00016546,0.0013955,2.81E-06,0.0021227,0.15594,0.0804,0.650568,9.18204E-05,-0.00461396,0.000309092,0.159847,5.66337E-05,-2.48267E-06,5.97311E-06,5.03776E-05,1.01264E-07,7.66295E-05
0.0025231,1.3078,0.67,5.4214,-0.0212,0.0013542,0.84025,0.001532,-9.34E-05,0.00014073,0.0013778,0.00014506,0.0021365,0.156936,0.0804,0.650568,9.10839E-05,-0.004028,0.000257298,0.1596475,5.53052E-05,-3.37062E-06,5.08035E-06,4.97386E-05,5.23667E-06,7.71277E-05
0.0024968,1.316,0.67,5.4214,-0.01804,0.0012193,0.83887,0.0014922,-0.00010512,0.00010323,0.0012738,0.00026038,0.0022275,0.15792,0.0804,0.650568,9.01345E-05,-0.0034276,0.000231667,0.1593853,5.38684E-05,-3.79483E-06,3.7266E-06,4.59842E-05,9.39972E-06,8.04128E-05
0.0023804,1.3243,0.67,5.4214,-0.014928,0.0011812,0.8374,0.0014587,-0.00010911,5.16E-05,0.0010986,0.00032765,0.0022036,0.158916,0.0804,0.650568,8.59324E-05,-0.00283632,0.000224428,0.159106,5.26591E-05,-3.93887E-06,1.86168E-06,3.96595E-05,1.18282E-05,7.955E-05
0.0022053,1.3326,0.67,5.4214,-0.011785,0.0012699,0.83541,0.0013906,-0.0001047,4.29E-05,0.00091617,0.00035185,0.0021039,0.159912,0.0804,0.650568,7.96113E-05,-0.00223915,0.000241281,0.1587279,5.02007E-05,-3.77967E-06,1.54728E-06,3.30737E-05,1.27018E-05,7.59508E-05
0.0020525,1.3408,0.67,5.4214,-0.0085285,0.0013309,0.83305,0.0013086,-9.29E-05,5.74E-05,0.00076902,0.00033811,0.0020274,0.160896,0.0804,0.650568,7.40953E-05,-0.001620415,0.000252871,0.1582795,4.72405E-05,-3.35344E-06,2.07228E-06,2.77616E-05,1.22058E-05,7.31891E-05
0.0018693,1.3491,0.67,5.4214,-0.0051881,0.0011138,0.83064,0.0012465,-7.79E-05,4.15E-05,0.00066698,0.00028093,0.0018252,0.161892,0.0804,0.650568,6.74817E-05,-0.000985739,0.000211622,0.1578216,4.49987E-05,-2.81064E-06,1.49952E-06,2.4078E-05,1.01416E-05,6.58897E-05
0.001688,1.3573,0.67,5.4214,-0.0016929,0.00058467,0.82811,0.0011686,-5.79E-05,1.50E-05,0.00060628,0.00020168,0.0016012,0.162876,0.0804,0.650568,6.09368E-05,-0.000321651,0.000111087,0.1573409,4.21865E-05,-2.09196E-06,5.40128E-07,2.18867E-05,7.28065E-06,5.78033E-05
0.0016332,1.3656,0.67,5.4214,0.001954,-0.00026702,0.8266,0.0010908,-4.32E-05,-8.20E-06,0.00057543,0.00013602,0.0016002,0.163872,0.0804,0.650568,5.89585E-05,0.00037126,-5.07338E-05,0.157054,3.93779E-05,-1.55822E-06,-2.96052E-07,2.0773E-05,4.91032E-06,5.77672E-05
0.0015517,1.3738,0.67,5.4214,0.0055875,-0.0012745,0.8268,0.0010592,-3.03E-05,-4.48E-05,0.00056053,7.05E-05,0.0014838,0.164856,0.0804,0.650568,5.60164E-05,0.001061625,-0.000242155,0.157092,3.82371E-05,-1.09275E-06,-1.61732E-06,2.02351E-05,2.54368E-06,5.35652E-05
0.0014522,1.3821,0.67,5.4214,0.0091793,-0.0021223,0.8278,0.0010148,-1.80E-05,-4.80E-05,0.00056168,8.57E-06,0.0013279,0.165852,0.0804,0.650568,5.24244E-05,0.001744067,-0.000403237,0.157282,3.66343E-05,-6.5045E-07,-1.73385E-06,2.02766E-05,3.09518E-07,4.79372E-05
0.0015158,1.3903,0.67,5.4214,0.012716,-0.002661,0.82937,0.00099678,-2.06E-05,-6.55E-05,0.00058681,-2.09E-05,0.0014479,0.166836,0.0804,0.650568,5.47204E-05,0.00241604,-0.00050559,0.1575803,3.59838E-05,-7.42397E-07,-2.3656E-06,2.11838E-05,-7.5597E-07,5.22692E-05
0.0015225,1.3986,0.67,5.4214,0.016154,-0.0027696,0.83151,0.0010261,-2.35E-05,-9.69E-05,0.00063355,-5.46E-05,0.0013853,0.167832,0.0804,0.650568,5.49623E-05,0.00306926,-0.000526224,0.1579869,3.70422E-05,-8.49289E-07,-3.49852E-06,2.28712E-05,-1.97157E-06,5.00093E-05
0.0015739,1.4069,0.67,5.4214,0.019553,-0.0026206,0.83359,0.001051,-2.87E-05,-5.47E-05,0.0006937,-8.13E-05,0.0014031,0.168828,0.0804,0.650568,5.68178E-05,0.00371507,-0.000497914,0.1583821,3.79411E-05,-1.03607E-06,-1.97583E-06,2.50426E-05,-2.93576E-06,5.06519E-05
0.0016613,1.4151,0.67,5.4214,0.022762,-0.0024998,0.83619,0.0011024,-4.36E-05,-0.00010222,0.0007636,-9.75E-05,0.0014566,0.169812,0.0804,0.650568,5.99729E-05,0.00432478,-0.000474962,0.1588761,3.97966E-05,-1.57558E-06,-3.69014E-06,2.7566E-05,-3.51841E-06,5.25833E-05
0.0016507,1.4234,0.67,5.4214,0.025849,-0.0024961,0.84005,0.0010985,-6.09E-05,-9.95E-05,0.00084966,-0.00012001,0.0013533,0.170808,0.0804,0.650568,5.95903E-05,0.00491131,-0.000474259,0.1596095,3.96559E-05,-2.20015E-06,-3.59231E-06,3.06727E-05,-4.33236E-06,4.88541E-05
0.0017071,1.4316,0.67,5.4214,0.028862,-0.0026054,0.84502,0.0010542,-8.68E-05,-6.72E-05,0.00095399,-0.0001344,0.0014059,0.171792,0.0804,0.650568,6.16263E-05,0.00548378,-0.000495026,0.1605538,3.80566E-05,-3.13251E-06,-2.42657E-06,3.4439E-05,-4.85184E-06,5.0753E-05
0.0017517,1.4399,0.67,5.4214,0.031656,-0.0030676,0.85071,0.0010385,-0.00012132,-0.000114,0.0010679,-0.00014618,0.001397,0.172788,0.0804,0.650568,6.32364E-05,0.00601464,-0.000582844,0.1616349,3.74899E-05,-4.37965E-06,-4.1154E-06,3.85512E-05,-5.2771E-06,5.04317E-05
0.0018281,1.4481,0.67,5.4214,0.034235,-0.0040936,0.85674,0.0010296,-0.00015907,-0.0001409,0.0011797,-0.00015039,0.0014469,0.173772,0.0804,0.650568,6.59944E-05,0.00650465,-0.000777784,0.1627806,3.71686E-05,-5.74243E-06,-5.08649E-06,4.25872E-05,-5.42908E-06,5.22331E-05
0.0018895,1.4564,0.67,5.4214,0.036688,-0.0055481,0.86333,0.0010274,-0.00018986,-0.00016572,0.0012767,-0.00016314,0.0014748,0.174768,0.0804,0.650568,6.8211E-05,0.00697072,-0.001054139,0.1640327,3.70891E-05,-6.85395E-06,-5.98249E-06,4.60889E-05,-5.88935E-06,5.32403E-05
0.0019137,1.4647,0.67,5.4214,0.039096,-0.0073198,0.87047,0.0010117,-0.00021142,-0.00013581,0.0013488,-0.00018481,0.0014668,0.175764,0.0804,0.650568,6.90846E-05,0.00742824,-0.001390762,0.1653893,3.65224E-05,-7.63226E-06,-4.90274E-06,4.86917E-05,-6.67164E-06,5.29515E-05
0.001949,1.4729,0.67,5.4214,0.041541,-0.0092153,0.87761,0.00098646,-0.00022971,-0.00010209,0.0013965,-0.00022627,0.001515,0.176748,0.0804,0.650568,7.03589E-05,0.00789279,-0.001750907,0.1667459,3.56112E-05,-8.29253E-06,-3.68545E-06,5.04137E-05,-8.16835E-06,5.46915E-05
0.0019681,1.4812,0.67,5.4214,0.043969,-0.011209,0.8842,0.00095458,-0.00024612,-6.92E-05,0.0014169,-0.0002914,0.0015648,0.177744,0.0804,0.650568,7.10484E-05,0.00835411,-0.00212971,0.167998,3.44603E-05,-8.88493E-06,-2.49982E-06,5.11501E-05,-1.05195E-05,5.64893E-05
0.0019917,1.4894,0.67,5.4214,0.046293,-0.01321,0.88982,0.00091903,-0.0002617,-4.55E-05,0.0014089,-0.00038946,0.0016556,0.178728,0.0804,0.650568,7.19004E-05,0.00879567,-0.0025099,0.1690658,3.3177E-05,-9.44737E-06,-1.64226E-06,5.08613E-05,-1.40595E-05,5.97672E-05
0.0020291,1.4977,0.67,5.4214,0.048602,-0.014805,0.8945,0.00088757,-0.00026734,-4.14E-05,0.0013746,-0.00053461,0.0017961,0.179724,0.0804,0.650568,7.32505E-05,0.00923438,-0.00281295,0.169955,3.20413E-05,-9.65097E-06,-1.49371E-06,4.96231E-05,-1.92994E-05,6.48392E-05
0.0020939,1.5059,0.67,5.4214,0.050976,-0.015506,0.89892,0.00086353,-0.00025419,-2.62E-05,0.0013289,-0.00069687,0.0019954,0.180708,0.0804,0.650568,7.55898E-05,0.00968544,-0.00294614,0.1707948,3.11734E-05,-9.17626E-06,-9.46831E-07,4.79733E-05,-2.5157E-05,7.20339E-05
0.0021675,1.5142,0.67,5.4214,0.05347,-0.015066,0.90395,0.00085362,-0.00023705,2.07E-05,0.001308,-0.00084425,0.0021734,0.181704,0.0804,0.650568,7.82468E-05,0.0101593,-0.00286254,0.1717505,3.08157E-05,-8.55751E-06,7.48786E-07,4.72188E-05,-3.04774E-05,7.84597E-05
0.0022506,1.5224,0.67,5.4214,0.05613,-0.01391,0.90983,0.00084252,-0.00023433,0.00010187,0.0013347,-0.0009648,0.0023239,0.182688,0.0804,0.650568,8.12467E-05,0.0106647,-0.0026429,0.1728677,3.0415E-05,-8.45931E-06,3.67751E-06,4.81827E-05,-3.48293E-05,8.38928E-05
0.0023254,1.5307,0.67,5.4214,0.058901,-0.012614,0.9162,0.00081031,-0.00024294,0.00020218,0.0013945,-0.0010488,0.002446,0.183684,0.0804,0.650568,8.39469E-05,0.01119119,-0.00239666,0.174078,2.92522E-05,-8.77013E-06,7.2987E-06,5.03415E-05,-3.78617E-05,8.83006E-05
0.0023723,1.539,0.67,5.4214,0.061605,-0.01178,0.92231,0.00077265,-0.00025159,0.00027975,0.0014446,-0.0010844,0.0025273,0.18468,0.0804,0.650568,8.564E-05,0.01170495,-0.0022382,0.1752389,2.78927E-05,-9.0824E-06,1.0099E-05,5.21501E-05,-3.91468E-05,9.12355E-05
0.0023522,1.5472,0.67,5.4214,0.064117,-0.011509,0.92773,0.00074195,-0.0002576,0.00031616,0.0014557,-0.0010873,0.0025068,0.185664,0.0804,0.650568,8.49144E-05,0.01218223,-0.00218671,0.1762687,2.67844E-05,-9.29936E-06,1.14134E-05,5.25508E-05,-3.92515E-05,9.04955E-05
0.0022823,1.5555,0.67,5.4214,0.066547,-0.011455,0.93237,0.00071771,-0.00025934,0.00030894,0.0014332,-0.0010675,0.0024136,0.18666,0.0804,0.650568,8.2391E-05,0.01264393,-0.00217645,0.1771503,2.59093E-05,-9.36217E-06,1.11527E-05,5.17385E-05,-3.85368E-05,8.7131E-05
0.0021944,1.5637,0.67,5.4214,0.068916,-0.011335,0.93612,0.00070085,-0.00025613,0.00028016,0.0013855,-0.0010342,0.0023024,0.187644,0.0804,0.650568,7.92178E-05,0.01309404,-0.00215365,0.1778628,2.53007E-05,-9.24629E-06,1.01138E-05,5.00166E-05,-3.73346E-05,8.31166E-05
0.0021021,1.572,0.67,5.4214,0.070928,-0.01102,0.9388,0.00068505,-0.00025527,0.00026171,0.001314,-0.00099866,0.0022051,0.18864,0.0804,0.650568,7.58858E-05,0.01347632,-0.0020938,0.178372,2.47303E-05,-9.21525E-06,9.44773E-06,4.74354E-05,-3.60516E-05,7.96041E-05
0.0020136,1.5802,0.67,5.4214,0.072522,-0.010664,0.94042,0.00067657,-0.00025845,0.00025412,0.0012316,-0.00095848,0.0021191,0.189624,0.0804,0.650568,7.2691E-05,0.01377918,-0.00202616,0.1786798,2.44242E-05,-9.33005E-06,9.17373E-06,4.44608E-05,-3.46011E-05,7.64995E-05
0.0019327,1.5885,0.67,5.4214,0.073971,-0.010279,0.94149,0.000684,-0.00026244,0.00024939,0.001161,-0.00090971,0.0020203,0.19062,0.0804,0.650568,6.97705E-05,0.01405449,-0.00195301,0.1788831,2.46924E-05,-9.47408E-06,9.00298E-06,4.19121E-05,-3.28405E-05,7.29328E-05
0.0018661,1.5968,0.67,5.4214,0.075288,-0.0095779,0.94236,0.00070212,-0.00027057,0.0002428,0.0011216,-0.00085837,0.0019085,0.191616,0.0804,0.650568,6.73662E-05,0.01430472,-0.001819801,0.1790484,2.53465E-05,-9.76758E-06,8.76508E-06,4.04898E-05,-3.09872E-05,6.88969E-05
0.0018208,1.605,0.67,5.4214,0.076306,-0.0083083,0.94267,0.0007207,-0.00028904,0.00024246,0.0011226,-0.00081176,0.0017983,0.1926,0.0804,0.650568,6.57309E-05,0.01449814,-0.001578577,0.1791073,2.60173E-05,-1.04343E-05,8.75281E-06,4.05259E-05,-2.93045E-05,6.49186E-05
0.0017891,1.6133,0.67,5.4214,0.077042,-0.0065988,0.9418,0.00073754,-0.00031834,0.00024108,0.001159,-0.00075277,0.0016817,0.193596,0.0804,0.650568,6.45865E-05,0.01463798,-0.001253772,0.178942,2.66252E-05,-1.14921E-05,8.70299E-06,4.18399E-05,-2.7175E-05,6.07094E-05
0.0017408,1.6215,0.67,5.4214,0.077592,-0.0047362,0.9398,0.00075943,-0.00034112,0.00021788,0.0012044,-0.00063893,0.0015179,0.19458,0.0804,0.650568,6.28429E-05,0.01474248,-0.000899878,0.178562,2.74154E-05,-1.23144E-05,7.86547E-06,4.34788E-05,-2.30654E-05,5.47962E-05
0.0016652,1.6298,0.67,5.4214,0.078052,-0.0027356,0.93768,0.00079099,-0.00033805,0.00016125,0.0012281,-0.00046732,0.0013113,0.195576,0.0804,0.650568,6.01137E-05,0.01482988,-0.000519764,0.1781592,2.85547E-05,-1.22036E-05,5.82113E-06,4.43344E-05,-1.68703E-05,4.73379E-05
0.0015862,1.638,0.67,5.4214,0.07846,-0.00037078,0.93698,0.0008313,-0.00031612,8.36E-05,0.0012208,-0.00030851,0.0011202,0.19656,0.0804,0.650568,5.72618E-05,0.0149074,-7.04482E-05,0.1780262,3.00099E-05,-1.14119E-05,3.01912E-06,4.40709E-05,-1.11372E-05,4.04392E-05
0.0015394,1.6463,0.67,5.4214,0.078748,0.0022473,0.93847,0.00088718,-0.0002941,1.21E-05,0.0011874,-0.00021751,0.0010043,0.197556,0.0804,0.650568,5.55723E-05,0.01496212,0.000426987,0.1783093,3.20272E-05,-1.0617E-05,4.37713E-07,4.28651E-05,-7.85211E-06,3.62552E-05
0.0015333,1.6545,0.67,5.4214,0.078839,0.0046301,0.94167,0.00096439,-0.00028016,-2.39E-05,0.0011415,-0.0001804,0.00096076,0.19854,0.0804,0.650568,5.53521E-05,0.01497941,0.000879719,0.1789173,3.48145E-05,-1.01138E-05,-8.61382E-07,4.12082E-05,-6.51244E-06,3.46834E-05
0.0015378,1.6628,0.67,5.4214,0.07866,0.0063926,0.94564,0.0010531,-0.00027344,-4.18E-05,0.0010956,-0.00016323,0.00092687,0.199536,0.0804,0.650568,5.55146E-05,0.0149454,0.001214594,0.1796716,3.80169E-05,-9.87118E-06,-1.50949E-06,3.95512E-05,-5.8926E-06,3.346E-05
0.0015511,1.6711,0.67,5.4214,0.078214,0.0073976,0.94957,0.0011534,-0.00026675,-5.68E-05,0.0010499,-0.00014794,0.00089891,0.200532,0.0804,0.650568,5.59947E-05,0.01486066,0.001405544,0.1804183,4.16377E-05,-9.62968E-06,-2.05048E-06,3.79014E-05,-5.34063E-06,3.24507E-05
0.001613,1.6793,0.67,5.4214,0.07767,0.0079323,0.95267,0.0012754,-0.00025512,-5.82E-05,0.0010159,-0.0001254,0.00093463,0.201516,0.0804,0.650568,5.82293E-05,0.0147573,0.001507137,0.1810073,4.60419E-05,-9.20983E-06,-2.10037E-06,3.6674E-05,-4.52694E-06,3.37401E-05
0.0017494,1.6876,0.67,5.4214,0.077277,0.0086545,0.95551,0.0014066,-0.00024489,-3.76E-05,0.0010238,-9.65E-05,0.0010684,0.202512,0.0804,0.650568,6.31533E-05,0.01468263,0.001644355,0.1815469,5.07783E-05,-8.84053E-06,-1.35729E-06,3.69592E-05,-3.48441E-06,3.85692E-05
0.0019297,1.6958,0.67,5.4214,0.07713,0.009814,0.95874,0.0015204,-0.00024971,2.70E-05,0.0010858,-0.00010126,0.0012532,0.203496,0.0804,0.650568,6.96622E-05,0.0146547,0.00186466,0.1821606,5.48864E-05,-9.01453E-06,9.74231E-07,3.91974E-05,-3.65549E-06,4.52405E-05
0.0021402,1.7041,0.67,5.4214,0.077118,0.010857,0.96042,0.0016268,-0.00027746,0.00014514,0.0011432,-0.00019065,0.0015104,0.204492,0.0804,0.650568,7.72612E-05,0.01465242,0.00206283,0.1824798,5.87275E-05,-1.00163E-05,5.23955E-06,4.12695E-05,-6.88247E-06,5.45254E-05
0.0023511,1.7123,0.67,5.4214,0.077315,0.011312,0.9601,0.0017711,-0.00031528,0.00030609,0.0011347,-0.00029391,0.0017965,0.205476,0.0804,0.650568,8.48747E-05,0.01468985,0.00214928,0.182419,6.39367E-05,-1.13816E-05,1.10498E-05,4.09627E-05,-1.06102E-05,6.48537E-05
0.002432,1.7206,0.67,5.4214,0.077983,0.011296,0.96054,0.0019464,-0.00033526,0.0004419,0.0010757,-0.00028285,0.0018419,0.206472,0.0804,0.650568,8.77952E-05,0.01481677,0.00214624,0.1825026,7.0265E-05,-1.21029E-05,1.59526E-05,3.88328E-05,-1.02109E-05,6.64926E-05
0.0023503,1.7289,0.67,5.4214,0.079149,0.011042,0.96285,0.0021042,-0.00032707,0.00048992,0.0010247,-0.00017619,0.0015716,0.207468,0.0804,0.650568,8.48458E-05,0.01503831,0.00209798,0.1829415,7.59616E-05,-1.18072E-05,1.76861E-05,3.69917E-05,-6.36046E-06,5.67348E-05
0.0022547,1.7371,0.67,5.4214,0.080611,0.010781,0.96574,0.0022349,-0.00031168,0.00048012,0.0010411,-8.89E-05,0.0012333,0.208452,0.0804,0.650568,8.13947E-05,0.01531609,0.00204839,0.1834906,8.06799E-05,-1.12516E-05,1.73323E-05,3.75837E-05,-3.20871E-06,4.45221E-05
0.0022351,1.7454,0.67,5.4214,0.082087,0.010843,0.96814,0.0023375,-0.00031721,0.00045757,0.001131,-6.90E-05,0.0010017,0.209448,0.0804,0.650568,8.06871E-05,0.01559653,0.00206017,0.1839466,8.43838E-05,-1.14513E-05,1.65183E-05,4.08291E-05,-2.49242E-06,3.61614E-05
0.002262,1.7536,0.67,5.4214,0.083296,0.01161,0.9699,0.0023898,-0.0003618,0.00042658,0.0012484,-8.53E-05,0.00088571,0.210432,0.0804,0.650568,8.16582E-05,0.01582624,0.0022059,0.184281,8.62718E-05,-1.3061E-05,1.53995E-05,4.50672E-05,-3.07951E-06,3.19741E-05
0.0022903,1.7619,0.67,5.4214,0.084122,0.013086,0.97179,0.0023992,-0.00044286,0.00039278,0.0013649,-0.00010716,0.00081661,0.211428,0.0804,0.650568,8.26798E-05,0.01598318,0.00248634,0.1846401,8.66111E-05,-1.59872E-05,1.41794E-05,4.92729E-05,-3.86848E-06,2.94796E-05
0.0023232,1.7701,0.67,5.4214,0.08459,0.014458,0.97442,0.0023938,-0.00053713,0.00037573,0.0014913,-0.00011174,0.00076134,0.212412,0.0804,0.650568,8.38675E-05,0.0160721,0.00274702,0.1851398,8.64162E-05,-1.93904E-05,1.35639E-05,5.38359E-05,-4.03381E-06,2.74844E-05
0.0023594,1.7784,0.67,5.4214,0.084754,0.014724,0.97699,0.0023803,-0.00062221,0.00036717,0.0015992,-0.00011272,0.00073929,0.213408,0.0804,0.650568,8.51743E-05,0.01610326,0.00279756,0.1856281,8.59288E-05,-2.24618E-05,1.32548E-05,5.77311E-05,-4.06919E-06,2.66884E-05
0.0023642,1.7866,0.67,5.4214,0.084697,0.013768,0.9793,0.0023493,-0.00068119,0.0003483,0.0016437,-0.00013988,0.00073529,0.214392,0.0804,0.650568,8.53476E-05,0.01609243,0.00261592,0.186067,8.48097E-05,-2.4591E-05,1.25736E-05,5.93376E-05,-5.04967E-06,2.6544E-05
0.0023364,1.7949,0.67,5.4214,0.084513,0.012271,0.9821,0.0022816,-0.0007023,0.00031962,0.0016439,-0.00018195,0.00074726,0.215388,0.0804,0.650568,8.4344E-05,0.01605747,0.00233149,0.186599,8.23658E-05,-2.5353E-05,1.15383E-05,5.93448E-05,-6.5684E-06,2.69761E-05
0.0023058,1.8032,0.67,5.4214,0.084267,0.010954,0.98562,0.0021773,-0.000688,0.00031326,0.0016369,-0.00022659,0.00079739,0.216384,0.0804,0.650568,8.32394E-05,0.01601073,0.00208126,0.1872678,7.86005E-05,-2.48368E-05,1.13087E-05,5.90921E-05,-8.1799E-06,2.87858E-05
0.0022986,1.8114,0.67,5.4214,0.083993,0.010174,0.98952,0.0020665,-0.00065919,0.00036763,0.0016426,-0.00028168,0.00088821,0.217368,0.0804,0.650568,8.29795E-05,0.01595867,0.00193306,0.1880088,7.46007E-05,-2.37968E-05,1.32714E-05,5.92979E-05,-1.01686E-05,3.20644E-05
0.0023236,1.8197,0.67,5.4214,0.083698,0.01007,0.99321,0.0019659,-0.00064282,0.00047882,0.0016651,-0.00036821,0.0010162,0.218364,0.0804,0.650568,8.3882E-05,0.01590262,0.0019133,0.1887099,7.0969E-05,-2.32058E-05,1.72854E-05,6.01101E-05,-1.32924E-05,3.66848E-05
0.0023818,1.8279,0.67,5.4214,0.083396,0.010611,0.99612,0.0018739,-0.00065679,0.00060509,0.001707,-0.00049276,0.0011827,0.219348,0.0804,0.650568,8.5983E-05,0.01584524,0.00201609,0.1892628,6.76478E-05,-2.37101E-05,2.18437E-05,6.16227E-05,-1.77886E-05,4.26955E-05
0.0024686,1.8362,0.67,5.4214,0.083111,0.011447,0.99805,0.0017958,-0.00070398,0.00071636,0.0017693,-0.00063487,0.0013722,0.220344,0.0804,0.650568,8.91165E-05,0.01579109,0.00217493,0.1896295,6.48284E-05,-2.54137E-05,2.58606E-05,6.38717E-05,-2.29188E-05,4.95364E-05
0.0025548,1.8446,0.67,5.4214,0.082895,0.012294,0.99921,0.0017391,-0.00076702,0.0007852,0.0018385,-0.00075411,0.0015319,0.221352,0.0804,0.650568,9.22283E-05,0.01575005,0.00233586,0.1898499,6.27815E-05,-2.76894E-05,2.83457E-05,6.63699E-05,-2.72234E-05,5.53016E-05
0.0026087,1.8534,0.67,5.4214,0.082773,0.013049,1.0003,0.0016936,-0.00081676,0.00080394,0.0018855,-0.00084638,0.0016384,0.222408,0.0804,0.650568,9.41741E-05,0.01572687,0.00247931,0.190057,6.1139E-05,-2.9485E-05,2.90222E-05,6.80666E-05,-3.05543E-05,5.91462E-05
0.0025921,1.8626,0.67,5.4214,0.082704,0.013734,1.0011,0.0016448,-0.00082636,0.00075078,0.0018545,-0.00089727,0.0016849,0.223512,0.0804,0.650568,9.35748E-05,0.01571376,0.00260946,0.190209,5.93773E-05,-2.98316E-05,2.71032E-05,6.69475E-05,-3.23914E-05,6.08249E-05
0.0025469,1.8723,0.67,5.4214,0.082624,0.013869,1.0019,0.0016004,-0.00081253,0.00066548,0.0017696,-0.00092644,0.0017237,0.224676,0.0804,0.650568,9.19431E-05,0.01569856,0.00263511,0.190361,5.77744E-05,-2.93323E-05,2.40238E-05,6.38826E-05,-3.34445E-05,6.22256E-05
0.0025603,1.8824,0.67,5.4214,0.082462,0.01325,1.0032,0.0015807,-0.00081067,0.00057166,0.0017211,-0.00094498,0.0018187,0.225888,0.0804,0.650568,9.24268E-05,0.01566778,0.0025175,0.190608,5.70633E-05,-2.92652E-05,2.06369E-05,6.21317E-05,-3.41138E-05,6.56551E-05
0.0026564,1.8931,0.67,5.4214,0.082095,0.012894,1.0064,0.0015848,-0.00081251,0.00050315,0.001746,-0.00099743,0.001982,0.227172,0.0804,0.650568,9.5896E-05,0.01559805,0.00244986,0.191216,5.72113E-05,-2.93316E-05,1.81637E-05,6.30306E-05,-3.60072E-05,7.15502E-05
0.002743,1.9042,0.67,5.4214,0.081297,0.013402,1.01,0.0015815,-0.00078732,0.0004639,0.0017563,-0.0010475,0.0021483,0.228504,0.0804,0.650568,9.90223E-05,0.01544643,0.00254638,0.1919,5.70922E-05,-2.84223E-05,1.67468E-05,6.34024E-05,-3.78148E-05,7.75536E-05
0.0028014,1.9159,0.67,5.4214,0.080108,0.013646,1.0117,0.0015608,-0.00072976,0.00040781,0.0016721,-0.0010208,0.00237,0.229908,0.0804,0.650568,0.000101131,0.01522052,0.00259274,0.192223,5.63449E-05,-2.63443E-05,1.47219E-05,6.03628E-05,-3.68509E-05,0.000085557
0.0027861,1.9282,0.67,5.4214,0.079042,0.01282,1.0115,0.0015431,-0.0006306,0.00035944,0.0014895,-0.00091337,0.0025396,0.231384,0.0804,0.650568,0.000100578,0.01501798,0.0024358,0.192185,5.57059E-05,-2.27647E-05,1.29758E-05,5.3771E-05,-3.29727E-05,9.16796E-05
0.0025857,1.941,0.67,5.4214,0.078447,0.01222,1.0116,0.0015398,-0.00046292,0.00026507,0.0012718,-0.00069864,0.0023597,0.23292,0.0804,0.650568,9.33438E-05,0.01490493,0.0023218,0.192204,5.55868E-05,-1.67114E-05,9.56903E-06,4.5912E-05,-2.52209E-05,8.51852E-05
0.0023008,1.9545,0.67,5.4214,0.077783,0.012189,1.0146,0.0015316,-0.00025272,0.00010582,0.0011113,-0.00054786,0.0019586,0.23454,0.0804,0.650568,8.30589E-05,0.01477877,0.00231591,0.192774,5.52908E-05,-9.12319E-06,3.8201E-06,4.01179E-05,-1.97777E-05,7.07055E-05
0.0020906,1.9686,0.67,5.4214,0.076144,0.012906,1.018,0.0014873,-7.08E-05,-0.00011053,0.0010133,-0.00042003,0.0016806,0.236232,0.0804,0.650568,7.54707E-05,0.01446736,0.00245214,0.19342,5.36915E-05,-2.55689E-06,-3.99013E-06,3.65801E-05,-1.51631E-05,6.06697E-05
0.0019393,1.9833,0.67,5.4214,0.073807,0.012702,1.0179,0.0014286,4.17E-05,-0.00025225,0.00098214,-0.00031706,0.0014678,0.237996,0.0804,0.650568,7.00087E-05,0.01402333,0.00241338,0.193401,5.15725E-05,1.50367E-06,-9.10623E-06,3.54553E-05,-1.14459E-05,5.29876E-05
0.0019133,1.9988,0.67,5.4214,0.072025,0.010574,1.0139,0.0013933,7.94E-05,-0.00028892,0.0010038,-0.00031528,0.0014294,0.239856,0.0804,0.650568,6.90701E-05,0.01368475,0.00200906,0.192641,5.02981E-05,2.86638E-06,-1.043E-05,3.62372E-05,-1.13816E-05,5.16013E-05
0.0021372,2.0149,0.67,5.4214,0.070616,0.0066634,1.0113,0.0013522,4.30E-05,-0.00019567,0.00085688,-0.00014935,0.0020655,0.241788,0.0804,0.650568,7.71529E-05,0.01341704,0.001266046,0.192147,4.88144E-05,1.55342E-06,-7.06369E-06,3.09334E-05,-5.39154E-06,7.45646E-05
0.0024414,2.0319,0.67,5.4214,0.068754,0.0035338,1.006,0.0012978,6.13E-05,2.61E-05,0.00074042,0.00017559,0.0028446,0.243828,0.0804,0.650568,8.81345E-05,0.01306326,0.000671422,0.19114,4.68506E-05,2.2117E-06,9.43149E-07,2.67292E-05,6.3388E-06,0.00010269
0.0028899,2.0496,0.67,5.4214,0.0661,-0.00072973,1.0023,0.0012855,5.35E-05,0.0005097,0.00068509,0.00020097,0.0038093,0.245952,0.0804,0.650568,0.000104325,0.012559,-0.000138649,0.190437,4.64066E-05,1.93232E-06,1.84002E-05,2.47317E-05,7.25502E-06,0.000137516
0.0036676,2.0681,0.67,5.4214,0.062301,0.00029507,0.9912,0.0013678,-6.39E-05,0.0010253,0.0006947,5.24E-05,0.0052728,0.248172,0.0804,0.650568,0.0001324,0.01183719,5.60633E-05,0.188328,4.93776E-05,-2.30517E-06,3.70133E-05,2.50787E-05,1.89038E-06,0.000190348
0.0046928,2.0875,0.67,5.4214,0.058327,0.0024806,0.98394,0.0015773,-0.00027133,0.001722,0.00081237,-0.00050799,0.0069959,0.2505,0.0804,0.650568,0.00016941,0.01108213,0.000471314,0.1869486,5.69405E-05,-9.79501E-06,6.21642E-05,2.93266E-05,-1.83384E-05,0.000252552
0.0054463,2.1078,0.67,5.4214,0.054995,0.0077857,0.98285,0.0018171,-0.00025826,0.0025642,0.00084024,-0.00063053,0.0082353,0.252936,0.0804,0.650568,0.000196611,0.01044905,0.001479283,0.1867415,6.55973E-05,-9.32319E-06,9.25676E-05,3.03327E-05,-2.27621E-05,0.000297294
0.005235,2.129,0.67,5.4214,0.053643,0.016392,0.97116,0.0019582,-0.0001722,0.0026613,0.00086882,-0.00029419,0.0076429,0.25548,0.0804,0.650568,0.000188984,0.01019217,0.00311448,0.1845204,7.0691E-05,-6.21642E-06,9.60729E-05,3.13644E-05,-1.06203E-05,0.000275909
0.0044146,2.1511,0.67,5.4214,0.054516,0.017431,0.97269,0.001977,-4.74E-05,0.0022957,0.00094215,-7.89E-05,0.0059101,0.258132,0.0804,0.650568,0.000159367,0.01035804,0.00331189,0.1848111,7.13697E-05,-1.71175E-06,8.28748E-05,3.40116E-05,-2.84811E-06,0.000213355
0.0037332,2.1743,0.67,5.4214,0.0531,0.01955,0.9801,0.0018741,0.0001228,0.0019024,0.0010877,0.00010217,0.0045046,0.260916,0.0804,0.650568,0.000134769,0.010089,0.0037145,0.186219,6.7655E-05,4.43308E-06,6.86766E-05,3.9266E-05,3.68834E-06,0.000162616
0.0034383,2.1984,0.67,5.4214,0.048106,0.023446,0.97333,0.0016445,0.00029705,0.0015901,0.0011486,0.00025353,0.0040835,0.263808,0.0804,0.650568,0.000124123,0.00914014,0.00445474,0.1849327,5.93665E-05,1.07235E-05,5.74026E-05,4.14645E-05,9.15243E-06,0.000147414
0.0038901,2.2237,0.67,5.4214,0.044811,0.0264,0.94546,0.001484,0.00060149,0.0015423,0.001722,0.0010344,0.0045742,0.266844,0.0804,0.650568,0.000140433,0.00851409,0.005016,0.1796374,5.35724E-05,2.17138E-05,5.5677E-05,6.21642E-05,3.73418E-05,0.000165129
0.0052907,2.2501,0.67,5.4214,0.043483,0.027805,0.92779,0.0015125,0.00051096,0.001662,0.0021068,0.0011372,0.006962,0.270012,0.0804,0.650568,0.000190994,0.00826177,0.00528295,0.1762801,5.46013E-05,1.84457E-05,5.99982E-05,7.60555E-05,4.10529E-05,0.000251328
0.0050058,2.2776,0.67,5.4214,0.039091,0.029682,0.92044,0.0015942,0.00013818,0.0014018,0.0017593,0.00011641,0.0066581,0.273312,0.0804,0.650568,0.000180709,0.00742729,0.00563958,0.1748836,5.75506E-05,4.9883E-06,5.0605E-05,6.35107E-05,4.2024E-06,0.000240357
0.0050987,2.3063,0.67,5.4214,0.031586,0.036625,0.90943,0.0017288,4.75E-05,0.0011494,0.0015437,-0.00074549,0.0069249,0.276756,0.0804,0.650568,0.000184063,0.00600134,0.00695875,0.1727917,6.24097E-05,1.71558E-06,4.14933E-05,5.57276E-05,-2.69122E-05,0.000249989
0.0060288,2.3362,0.67,5.4214,0.022877,0.051162,0.89849,0.001959,0.00031657,0.001485,0.0018987,-0.00059474,0.0081998,0.280344,0.0804,0.650568,0.00021764,0.00434663,0.00972078,0.1707131,7.07199E-05,1.14282E-05,5.36085E-05,6.85431E-05,-2.14701E-05,0.000296013
0.0053503,2.3674,0.67,5.4214,0.015921,0.059034,0.87526,0.0022362,0.00043594,0.0013811,0.0027656,-0.00012336,0.0056989,0.284088,0.0804,0.650568,0.000193146,0.00302499,0.01121646,0.1662994,8.07268E-05,1.57374E-05,4.98577E-05,9.98382E-05,-4.4533E-06,0.00020573
0.0055387,2.3999,0.67,5.4214,0.010577,0.064095,0.84693,0.0021522,0.0008773,0.001267,0.0042633,0.00046211,0.0046619,0.287988,0.0804,0.650568,0.000199947,0.00200963,0.01217805,0.1609167,7.76944E-05,3.16705E-05,4.57387E-05,0.000153905,1.66822E-05,0.000168295
0.0056228,2.4338,0.67,5.4214,0.004103,0.069082,0.80196,0.0013879,0.00078122,0.0014877,0.0040463,0.0010611,0.0058113,0.292056,0.0804,0.650568,0.000202983,0.00077957,0.01312558,0.1523724,5.01032E-05,2.8202E-05,5.3706E-05,0.000146071,3.83057E-05,0.000209788
0.0042054,2.4691,0.67,5.4214,0.00042848,0.060787,0.68857,0.00045273,0.00011428,0.00088665,0.0022383,0.00095861,0.0057199,0.296292,0.0804,0.650568,0.000151815,8.14112E-05,0.01154953,0.1308283,1.63436E-05,4.12551E-06,3.20081E-05,8.08026E-05,3.46058E-05,0.000206488
0.0016005,2.5058,0.67,5.4214,0.00064622,0.026734,0.30269,2.87E-05,1.96E-05,0.00015554,0.0008532,0.00038301,0.0023192,0.300696,0.0804,0.650568,5.77781E-05,0.000122782,0.00507946,0.0575111,1.03481E-06,7.08715E-07,5.61499E-06,3.08005E-05,1.38267E-05,8.37231E-05
1.48E-07,2.544,0.67,5.4214,0.00055809,1.19E-13,3.76E-17,2.97E-07,6.36E-17,1.19E-20,1.36E-26,2.55E-30,1.03E-33,0.30528,0.0804,0.650568,5.36049E-09,0.000106037,2.2667E-14,7.144E-18,1.0721E-08,2.29553E-18,4.30023E-22,4.91502E-28,9.18781E-32,3.70675E-35
0,2.5837,0.67,5.4214,0,0,0,0,0,0,0,0,0,0.310044,0.0804,0.650568,0,0,0,0,0,0,0,0,0,0
0,2.625,0.67,5.4214,0,0,0,0,0,0,0,0,0,0.315,0.0804,0.650568,0,0,0,0,0,0,0,0,0,0
0,-0.125,0.67,5.4413,0,0,0,0,0,0,0,0,0,-0.015,0.0804,0.652956,0,0,0,0,0,0,0,0,0,0
0,-0.083719,0.67,5.4413,0,0,0,0,0,0,0,0,0,-0.01004628,0.0804,0.652956,0,0,0,0,0,0,0,0,0,0
1.74E-08,-0.044001,0.67,5.4413,-0.0010298,-2.86E-13,-2.40E-19,3.48E-08,9.67E-18,-3.43E-22,2.69E-27,-9.49E-32,1.64E-35,-0.00528012,0.0804,0.652956,6.28393E-10,-0.000195662,-5.43837E-14,-4.56589E-20,1.25679E-09,3.49156E-19,-1.23668E-23,9.70007E-29,-3.42524E-33,5.92148E-37
0.0009289,-0.0058053,0.67,5.4413,-0.0027943,0.024845,0.38227,1.17E-05,-2.01E-05,-3.73E-05,0.00078977,-0.00018688,0.0010564,-0.000696636,0.0804,0.652956,3.35333E-05,-0.000530917,0.00472055,0.0726313,4.21468E-07,-7.27307E-07,-1.34704E-06,2.85107E-05,-6.74637E-06,3.8136E-05
0.0024373,0.030909,0.67,5.4413,-0.0085884,0.056262,0.86547,0.00018578,-0.00011824,-0.00021351,0.0020539,-0.00048068,0.002635,0.00370908,0.0804,0.652956,8.79865E-05,-0.001631796,0.01068978,0.1644393,6.70666E-06,-4.26846E-06,-7.70771E-06,7.41458E-05,-1.73525E-05,9.51235E-05
0.0027165,0.066184,0.67,5.4413,-0.019209,0.051521,0.97782,0.00048642,-0.00017515,-0.00018186,0.0017377,-0.00048955,0.0032088,0.00794208,0.0804,0.652956,9.80657E-05,-0.00364971,0.00978899,0.1857858,1.75598E-05,-6.32292E-06,-6.56515E-06,6.2731E-05,-1.76728E-05,0.000115838
0.0026904,0.10006,0.67,5.4413,-0.031475,0.039208,1.0114,0.00055309,-0.00025111,-4.13E-05,0.0014265,-0.0004607,0.0034012,0.0120072,0.0804,0.652956,9.71234E-05,-0.00598025,0.00744952,0.192166,1.99665E-05,-9.06507E-06,-1.4918E-06,5.14967E-05,-1.66313E-05,0.000122783
0.0030574,0.13258,0.67,5.4413,-0.040404,0.030946,1.036,0.0004505,-0.00020821,2.67E-05,0.0014124,-0.00068708,0.004252,0.0159096,0.0804,0.652956,0.000110372,-0.00767676,0.00587974,0.19684,1.62631E-05,-7.51638E-06,9.62209E-07,5.09876E-05,-2.48036E-05,0.000153497
0.0026021,0.16379,0.67,5.4413,-0.041869,0.017527,1.0509,0.00050239,-7.54E-05,-9.82E-05,0.00090611,-0.00050199,0.0037957,0.0196548,0.0804,0.652956,9.39358E-05,-0.00795511,0.00333013,0.199671,1.81363E-05,-2.72288E-06,-3.54672E-06,3.27106E-05,-1.81218E-05,0.000137025
0.002271,0.19372,0.67,5.4413,-0.041192,0.014318,1.0569,0.0006902,1.85E-05,-0.00026571,0.0009596,-0.00035961,0.0028922,0.0232464,0.0804,0.652956,8.19831E-05,-0.00782648,0.00272042,0.200811,2.49162E-05,6.69005E-07,-9.59213E-06,3.46416E-05,-1.29819E-05,0.000104408
0.003522,0.22242,0.67,5.4413,-0.041663,0.02105,1.0608,0.00097583,3.77E-05,-0.00084663,0.0011529,-0.00062962,0.0049153,0.0266904,0.0804,0.652956,0.000127144,-0.00791597,0.0039995,0.201552,3.52275E-05,1.36252E-06,-3.05633E-05,4.16197E-05,-2.27293E-05,0.000177442
0.0033422,0.24993,0.67,5.4413,-0.04442,0.024934,1.0665,0.001244,6.62E-05,-0.0011583,0.0011644,-0.00028579,0.004276,0.0299916,0.0804,0.652956,0.000120653,-0.0084398,0.00473746,0.202635,4.49084E-05,2.38866E-06,-4.18146E-05,4.20348E-05,-1.0317E-05,0.000154364
0.0022489,0.27629,0.67,5.4413,-0.049188,0.025563,1.0685,0.0012768,0.00015657,-0.00094974,0.0011192,-0.00017124,0.0021018,0.0331548,0.0804,0.652956,8.11853E-05,-0.00934572,0.00485697,0.203015,4.60925E-05,5.65218E-06,-3.42856E-05,4.04031E-05,-6.18176E-06,7.5875E-05
0.0028831,0.30154,0.67,5.4413,-0.053132,0.024061,1.0666,0.0012597,5.05E-05,-0.00080908,0.0016117,-0.00077923,0.0028948,0.0361848,0.0804,0.652956,0.00010408,-0.01009508,0.00457159,0.202654,4.54752E-05,1.82482E-06,-2.92078E-05,5.81824E-05,-2.81302E-05,0.000104502
0.0038715,0.32572,0.67,5.4413,-0.0564,0.016855,1.0716,0.0013859,2.35E-06,-0.00088272,0.0019292,-0.0013558,0.0044278,0.0390864,0.0804,0.652956,0.000139761,-0.010716,0.00320245,0.203604,5.0031E-05,8.49686E-08,-3.18662E-05,6.96441E-05,-4.89444E-05,0.000159844
0.0034076,0.34887,0.67,5.4413,-0.059786,0.01372,1.0779,0.001498,4.93E-05,-0.00058099,0.0014845,-0.001162,0.0038326,0.0418644,0.0804,0.652956,0.000123014,-0.01135934,0.0026068,0.204801,5.40778E-05,1.7789E-06,-2.09737E-05,5.35905E-05,-4.19482E-05,0.000138357
0.002374,0.37102,0.67,5.4413,-0.062678,0.019568,1.0749,0.0014538,0.00016468,-0.00020718,0.0012129,-0.00054185,0.0020814,0.0445224,0.0804,0.652956,8.57014E-05,-0.01190882,0.00371792,0.204231,5.24822E-05,5.94495E-06,-7.4792E-06,4.37857E-05,-1.95608E-05,7.51385E-05
0.0021561,0.39221,0.67,5.4413,-0.066101,0.028833,1.0733,0.0013376,0.00019066,-0.00028207,0.0011779,-0.00038072,0.0017966,0.0470652,0.0804,0.652956,7.78352E-05,-0.01255919,0.00547827,0.203927,4.82874E-05,6.88283E-06,-1.01827E-05,4.25222E-05,-1.3744E-05,6.48573E-05
0.0020854,0.41248,0.67,5.4413,-0.070434,0.034853,1.0695,0.0013045,0.00012705,-0.00014162,0.0011208,-0.00059617,0.0017455,0.0494976,0.0804,0.652956,7.52829E-05,-0.01338246,0.00662207,0.203205,4.70925E-05,4.58651E-06,-5.11248E-06,4.04609E-05,-2.15217E-05,6.30126E-05
0.0026758,0.43187,0.67,5.4413,-0.073579,0.036972,1.0667,0.0014176,0.0002506,-0.00048692,0.001204,-0.00089538,0.0027299,0.0518244,0.0804,0.652956,9.65964E-05,-0.01398001,0.00702468,0.202673,5.11754E-05,9.04666E-06,-1.75778E-05,4.34644E-05,-3.23232E-05,9.85494E-05
0.0032531,0.4504,0.67,5.4413,-0.07499,0.038654,1.0588,0.0016185,0.00045044,-0.00070717,0.0014343,-0.0011921,0.0034533,0.054048,0.0804,0.652956,0.000117437,-0.0142481,0.00734426,0.201172,5.84279E-05,1.62609E-05,-2.55288E-05,5.17782E-05,-4.30348E-05,0.000124664
0.0037773,0.46812,0.67,5.4413,-0.076323,0.038521,1.0573,0.0016857,0.00049129,-0.00051277,0.0016995,-0.0016869,0.0041693,0.0561744,0.0804,0.652956,0.000136361,-0.01450137,0.00731899,0.200887,6.08538E-05,1.77356E-05,-1.8511E-05,6.1352E-05,-6.08971E-05,0.000150512
0.0036812,0.48504,0.67,5.4413,-0.079011,0.038415,1.0598,0.0015538,0.00028951,-0.00019729,0.0018109,-0.0016078,0.0039977,0.0582048,0.0804,0.652956,0.000132891,-0.01501209,0.00729885,0.201362,5.60922E-05,1.04513E-05,-7.12217E-06,6.53735E-05,-5.80416E-05,0.000144317
0.0028697,0.50122,0.67,5.4413,-0.082797,0.03633,1.0619,0.0013596,6.47E-05,8.84E-05,0.0017832,-0.0011735,0.0025966,0.0601464,0.0804,0.652956,0.000103596,-0.01573143,0.0069027,0.201761,4.90816E-05,2.33394E-06,3.19146E-06,6.43735E-05,-4.23634E-05,9.37373E-05
0.0024566,0.51667,0.67,5.4413,-0.086399,0.032994,1.0619,0.0011958,-9.41E-05,0.00011145,0.0015925,-0.00098079,0.0021249,0.0620004,0.0804,0.652956,8.86833E-05,-0.01641581,0.00626886,0.201761,4.31684E-05,-3.39795E-06,4.02335E-06,5.74893E-05,-3.54065E-05,7.67089E-05
0.0022979,0.53142,0.67,5.4413,-0.088967,0.030478,1.0651,0.0010803,-0.00017757,-3.52E-05,0.001424,-0.00081604,0.0020914,0.0637704,0.0804,0.652956,8.29542E-05,-0.01690373,0.00579082,0.202369,3.89988E-05,-6.41028E-06,-1.27018E-06,5.14064E-05,-2.9459E-05,7.54995E-05
0.0022165,0.54551,0.67,5.4413,-0.091085,0.027617,1.069,0.0010105,-0.00015101,-0.00022485,0.0013162,-0.00047346,0.0021064,0.0654612,0.0804,0.652956,8.00157E-05,-0.01730615,0.00524723,0.20311,3.64791E-05,-5.45146E-06,-8.11709E-06,4.75148E-05,-1.70919E-05,7.6041E-05
0.0021329,0.55896,0.67,5.4413,-0.093419,0.023848,1.069,0.0010241,-8.98E-05,-0.0004247,0.0012976,-9.47E-05,0.0019441,0.0670752,0.0804,0.652956,7.69977E-05,-0.01774961,0.00453112,0.20311,3.697E-05,-3.24084E-06,-1.53317E-05,4.68434E-05,-3.42022E-06,7.0182E-05
0.0022539,0.5718,0.67,5.4413,-0.095475,0.019793,1.0704,0.0011383,8.20E-06,-0.00064518,0.0014569,-6.11E-05,0.0019126,0.068616,0.0804,0.652956,8.13658E-05,-0.01814025,0.00376067,0.203376,4.10926E-05,2.95923E-07,-2.3291E-05,5.25941E-05,-2.20531E-06,6.90449E-05
0.0024079,0.58405,0.67,5.4413,-0.096737,0.017418,1.0716,0.0013242,0.00018137,-0.00088843,0.0016087,-0.00018146,0.0018829,0.070086,0.0804,0.652956,8.69252E-05,-0.01838003,0.00330942,0.203604,4.78036E-05,6.54746E-06,-3.20723E-05,5.80741E-05,-6.55071E-06,6.79727E-05
0.0026267,0.59575,0.67,5.4413,-0.097583,0.015967,1.0711,0.0015335,0.00035366,-0.0011268,0.0017086,-0.00026289,0.0020113,0.07149,0.0804,0.652956,9.48239E-05,-0.01854077,0.00303373,0.203509,5.53594E-05,1.27671E-05,-4.06775E-05,6.16805E-05,-9.49033E-06,7.26079E-05
0.0028548,0.6069,0.67,5.4413,-0.098758,0.013387,1.0707,0.001712,0.00044534,-0.0012789,0.0017906,-0.00025247,0.002207,0.072828,0.0804,0.652956,0.000103058,-0.01876402,0.00254353,0.203433,6.18032E-05,1.60768E-05,-4.61683E-05,6.46407E-05,-9.11417E-06,7.96727E-05
0.002918,0.61755,0.67,5.4413,-0.10042,0.0091093,1.0702,0.0018132,0.00047237,-0.0012967,0.0017549,-0.00018857,0.002268,0.074106,0.0804,0.652956,0.00010534,-0.0190798,0.001730767,0.203338,6.54565E-05,1.70526E-05,-4.68109E-05,6.33519E-05,-6.80738E-06,8.18748E-05
0.0028157,0.6277,0.67,5.4413,-0.10239,0.0041819,1.0712,0.0018257,0.00045131,-0.0012243,0.0016423,-0.00015325,0.0021633,0.075324,0.0804,0.652956,0.000101647,-0.0194541,0.000794561,0.203528,6.59078E-05,1.62923E-05,-4.41972E-05,5.9287E-05,-5.53233E-06,7.80951E-05
0.0026203,0.63738,0.67,5.4413,-0.1046,-0.00032461,1.0759,0.0017579,0.00040501,-0.0011111,0.0015034,-0.00021609,0.0019793,0.0764856,0.0804,0.652956,9.45928E-05,-0.019874,-6.16759E-05,0.204421,6.34602E-05,1.46209E-05,-4.01107E-05,5.42727E-05,-7.80085E-06,7.14527E-05
0.0024311,0.64661,0.67,5.4413,-0.10697,-0.0038801,1.0816,0.0016227,0.00033862,-0.00097412,0.0013576,-0.00032424,0.0018819,0.0775932,0.0804,0.652956,8.77627E-05,-0.0203243,-0.000737219,0.205504,5.85795E-05,1.22242E-05,-3.51657E-05,4.90094E-05,-1.17051E-05,6.79366E-05
0.0022355,0.65542,0.67,5.4413,-0.1095,-0.0064586,1.0872,0.0014463,0.00025843,-0.00082903,0.0012309,-0.00041939,0.0017938,0.0786504,0.0804,0.652956,8.07016E-05,-0.020805,-0.001227134,0.206568,5.22114E-05,9.32932E-06,-2.9928E-05,4.44355E-05,-1.514E-05,6.47562E-05
0.0020227,0.66381,0.67,5.4413,-0.11219,-0.0081963,1.0919,0.0012574,0.00017529,-0.00067162,0.0011291,-0.00050647,0.0016589,0.0796572,0.0804,0.652956,7.30195E-05,-0.0213161,-0.001557297,0.207461,4.53921E-05,6.32797E-06,-2.42455E-05,4.07605E-05,-1.82836E-05,5.98863E-05
0.0017767,0.67207,0.67,5.4413,-0.11492,-0.009327,1.0952,0.0010697,9.53E-05,-0.00047006,0.0010539,-0.00056334,0.0014298,0.0806484,0.0804,0.652956,6.41389E-05,-0.0218348,-0.00177213,0.208088,3.86162E-05,3.43968E-06,-1.69692E-05,3.80458E-05,-2.03366E-05,5.16158E-05
0.0015618,0.68032,0.67,5.4413,-0.11758,-0.010281,1.0978,0.00090161,2.60E-05,-0.0002533,0.00099206,-0.0005896,0.0012299,0.0816384,0.0804,0.652956,5.6381E-05,-0.0223402,-0.00195339,0.208582,3.25481E-05,9.38275E-07,-9.14413E-06,3.58134E-05,-2.12846E-05,4.43994E-05
0.0014478,0.68858,0.67,5.4413,-0.12014,-0.011234,1.1005,0.00078718,-2.88E-05,-0.00010207,0.00092432,-0.00060973,0.0011841,0.0826296,0.0804,0.652956,5.22656E-05,-0.0228266,-0.00213446,0.209095,2.84172E-05,-1.04145E-06,-3.68473E-06,3.3368E-05,-2.20113E-05,4.2746E-05
0.0014364,0.69683,0.67,5.4413,-0.12247,-0.012197,1.103,0.00073445,-7.77E-05,-2.75E-05,0.00083965,-0.0006278,0.0012988,0.0836196,0.0804,0.652956,5.1854E-05,-0.0232693,-0.00231743,0.20957,2.65136E-05,-2.80432E-06,-9.9275E-07,3.03114E-05,-2.26636E-05,4.68867E-05
0.0014651,0.70509,0.67,5.4413,-0.12442,-0.013328,1.104,0.00072462,-0.00012627,2.86E-05,0.00076479,-0.00062959,0.0014407,0.0846108,0.0804,0.652956,5.28901E-05,-0.0236398,-0.00253232,0.20976,2.61588E-05,-4.55835E-06,1.03112E-06,2.76089E-05,-2.27282E-05,5.20093E-05
0.0014841,0.71335,0.67,5.4413,-0.12593,-0.01477,1.1035,0.00074415,-0.00016741,6.97E-05,0.00073161,-0.00062085,0.0014924,0.085602,0.0804,0.652956,5.3576E-05,-0.0239267,-0.0028063,0.209665,2.68638E-05,-6.0435E-06,2.5161E-06,2.64111E-05,-2.24127E-05,5.38756E-05
0.0015119,0.7216,0.67,5.4413,-0.12716,-0.016127,1.1017,0.0007814,-0.0001982,9.11E-05,0.00075532,-0.00062248,0.0014871,0.086592,0.0804,0.652956,5.45796E-05,-0.0241604,-0.00306413,0.209323,2.82085E-05,-7.15502E-06,3.28795E-06,2.72671E-05,-2.24715E-05,5.36843E-05
0.0015576,0.72986,0.67,5.4413,-0.12815,-0.016885,1.0987,0.00082174,-0.00021737,9.87E-05,0.00082975,-0.00063099,0.0014637,0.0875832,0.0804,0.652956,5.62294E-05,-0.0243485,-0.00320815,0.208753,2.96648E-05,-7.84706E-06,3.56343E-06,2.9954E-05,-2.27787E-05,5.28396E-05
0.0016227,0.73811,0.67,5.4413,-0.12875,-0.016875,1.0942,0.00085849,-0.00021842,9.40E-05,0.00094619,-0.00064406,0.0014407,0.0885732,0.0804,0.652956,5.85795E-05,-0.0244625,-0.00320625,0.207898,3.09915E-05,-7.88496E-06,3.39372E-06,3.41575E-05,-2.32506E-05,5.20093E-05
0.0017098,0.74637,0.67,5.4413,-0.129,-0.016094,1.0886,0.00089617,-0.00020416,7.12E-05,0.0010864,-0.00066012,0.001437,0.0895644,0.0804,0.652956,6.17238E-05,-0.02451,-0.00305786,0.206834,3.23517E-05,-7.37018E-06,2.57083E-06,3.9219E-05,-2.38303E-05,5.18757E-05
0.0018193,0.75463,0.67,5.4413,-0.12928,-0.014657,1.0826,0.00093825,-0.00018675,2.76E-05,0.0012321,-0.00068742,0.0014682,0.0905556,0.0804,0.652956,6.56767E-05,-0.0245632,-0.00278483,0.205694,3.38708E-05,-6.74168E-06,9.96613E-07,4.44788E-05,-2.48159E-05,5.3002E-05
0.0019454,0.76288,0.67,5.4413,-0.12966,-0.01277,1.0768,0.00098426,-0.00017335,-3.76E-05,0.001376,-0.00073391,0.0015305,0.0915456,0.0804,0.652956,7.02289E-05,-0.0246354,-0.0024263,0.204592,3.55318E-05,-6.25794E-06,-1.35588E-06,4.96736E-05,-2.64942E-05,5.52511E-05
0.002082,0.77114,0.67,5.4413,-0.1299,-0.010398,1.0712,0.0010281,-0.00016631,-0.00010447,0.0015179,-0.00080079,0.0016181,0.0925368,0.0804,0.652956,7.51602E-05,-0.024681,-0.00197562,0.203528,3.71144E-05,-6.00379E-06,-3.77137E-06,5.47962E-05,-2.89085E-05,5.84134E-05
0.0022313,0.7794,0.67,5.4413,-0.13005,-0.0074664,1.0655,0.0010586,-0.00016447,-0.00013218,0.0016674,-0.00088523,0.0017367,0.093528,0.0804,0.652956,8.05499E-05,-0.0247095,-0.001418616,0.202445,3.82155E-05,-5.93737E-06,-4.7717E-06,6.01931E-05,-3.19568E-05,6.26949E-05
0.0024196,0.78765,0.67,5.4413,-0.1301,-0.0041541,1.0595,0.0010785,-0.00016576,-0.00010772,0.0018292,-0.00099103,0.0019316,0.094518,0.0804,0.652956,8.73476E-05,-0.024719,-0.000789279,0.201305,3.89339E-05,-5.98394E-06,-3.88869E-06,6.60341E-05,-3.57762E-05,6.97308E-05
0.0026264,0.79591,0.67,5.4413,-0.12996,-0.00089077,1.0536,0.0010963,-0.00017546,-4.67E-05,0.0019814,-0.0011,0.0021751,0.0955092,0.0804,0.652956,9.4813E-05,-0.0246924,-0.000169246,0.200184,3.95764E-05,-6.33411E-06,-1.68609E-06,7.15285E-05,-0.00003971,7.85211E-05
0.0028116,0.80416,0.67,5.4413,-0.12996,0.0020001,1.048,0.0011095,-0.00021238,5.20E-05,0.0020945,-0.0011808,0.0024191,0.0964992,0.0804,0.652956,0.000101499,-0.0246924,0.000380019,0.19912,4.0053E-05,-7.66692E-06,1.87543E-06,7.56115E-05,-4.26269E-05,8.73295E-05
0.0029879,0.81242,0.67,5.4413,-0.13037,0.0046075,1.0428,0.0011197,-0.00029741,0.00018357,0.0021875,-0.0012358,0.0026686,0.0974904,0.0804,0.652956,0.000107863,-0.0247703,0.000875425,0.198132,4.04212E-05,-1.07365E-05,6.62688E-06,7.89688E-05,-4.46124E-05,9.63365E-05
0.0031555,0.82068,0.67,5.4413,-0.13103,0.0071571,1.038,0.0011306,-0.00043437,0.0003371,0.0023192,-0.0012766,0.0028612,0.0984816,0.0804,0.652956,0.000113914,-0.0248957,0.001359849,0.19722,4.08147E-05,-1.56808E-05,1.21693E-05,8.37231E-05,-4.60853E-05,0.000103289
0.0032656,0.82893,0.67,5.4413,-0.13198,0.0095369,1.0337,0.001148,-0.00059599,0.00049285,0.0024884,-0.001283,0.0028948,0.0994716,0.0804,0.652956,0.000117888,-0.0250762,0.001812011,0.196403,4.14428E-05,-2.15152E-05,1.77919E-05,8.98312E-05,-4.63163E-05,0.000104502
0.0032955,0.83719,0.67,5.4413,-0.13321,0.011304,1.0299,0.0011854,-0.00072686,0.00061864,0.0025979,-0.0012441,0.0028078,0.1004628,0.0804,0.652956,0.000118968,-0.0253099,0.00214776,0.195681,4.27929E-05,-2.62396E-05,2.23329E-05,9.37842E-05,-4.4912E-05,0.000101362
0.0032515,0.84544,0.67,5.4413,-0.13449,0.012314,1.0259,0.0012444,-0.00078952,0.00069367,0.0025601,-0.0011731,0.0026984,0.1014528,0.0804,0.652956,0.000117379,-0.0255531,0.00233966,0.194921,4.49228E-05,-2.85017E-05,2.50415E-05,9.24196E-05,-4.23489E-05,9.74122E-05
0.0031404,0.8537,0.67,5.4413,-0.13558,0.012979,1.0206,0.0013071,-0.00079273,0.00073211,0.0023987,-0.00109,0.0025752,0.102444,0.0804,0.652956,0.000113368,-0.0257602,0.00246601,0.193914,4.71863E-05,-2.86176E-05,2.64292E-05,8.65931E-05,-0.000039349,9.29647E-05
0.0030122,0.86196,0.67,5.4413,-0.13637,0.013613,1.0137,0.0013729,-0.00076309,0.00075334,0.0021964,-0.0010309,0.0024552,0.1034352,0.0804,0.652956,0.00010874,-0.0259103,0.00258647,0.192603,4.95617E-05,-2.75475E-05,2.71956E-05,7.929E-05,-3.72155E-05,8.86327E-05
0.0028961,0.87021,0.67,5.4413,-0.13691,0.013901,1.0064,0.0014675,-0.00071298,0.00078505,0.0019955,-0.00099096,0.0023291,0.1044252,0.0804,0.652956,0.000104549,-0.0260129,0.00264119,0.191216,5.29768E-05,-2.57386E-05,2.83403E-05,7.20376E-05,-3.57737E-05,8.40805E-05
0.0027712,0.87847,0.67,5.4413,-0.13717,0.013529,1.0003,0.0015925,-0.00063408,0.00081982,0.0018057,-0.00092754,0.0021442,0.1054164,0.0804,0.652956,0.00010004,-0.0260623,0.00257051,0.190057,5.74893E-05,-2.28903E-05,2.95955E-05,6.51858E-05,-3.34842E-05,7.74056E-05
0.0026429,0.88672,0.67,5.4413,-0.13719,0.012861,0.99618,0.0017013,-0.00053244,0.00083937,0.0016553,-0.00085632,0.0019292,0.1064064,0.0804,0.652956,9.54087E-05,-0.0260661,0.00244359,0.1892742,6.14169E-05,-1.92211E-05,3.03013E-05,5.97563E-05,-3.09132E-05,6.96441E-05
0.0025546,0.89498,0.67,5.4413,-0.13707,0.012476,0.9928,0.0017806,-0.00044668,0.00081852,0.0015629,-0.00081296,0.0017657,0.1073976,0.0804,0.652956,9.22211E-05,-0.0260433,0.00237044,0.188632,6.42797E-05,-1.61251E-05,2.95486E-05,5.64207E-05,-2.93479E-05,6.37418E-05
0.0025101,0.90324,0.67,5.4413,-0.1366,0.012483,0.98888,0.001873,-0.00040121,0.0007564,0.0015,-0.00079059,0.0016472,0.1083888,0.0804,0.652956,9.06146E-05,-0.025954,0.00237177,0.1878872,6.76153E-05,-1.44837E-05,2.7306E-05,0.00005415,-2.85403E-05,5.94639E-05
0.0025011,0.91149,0.67,5.4413,-0.13579,0.01243,0.98419,0.0019901,-0.00038081,0.00068659,0.0014342,-0.00078722,0.001578,0.1093788,0.0804,0.652956,9.02897E-05,-0.0258001,0.0023617,0.1869961,7.18426E-05,-1.37472E-05,2.47859E-05,5.17746E-05,-2.84186E-05,5.69658E-05
0.0025166,0.91975,0.67,5.4413,-0.13493,0.011686,0.97923,0.0021011,-0.00037396,0.00065486,0.001365,-0.00081411,0.0015672,0.11037,0.0804,0.652956,9.08493E-05,-0.0256367,0.00222034,0.1860537,7.58497E-05,-1.35E-05,2.36404E-05,4.92765E-05,-2.93894E-05,5.65759E-05
0.0025673,0.92801,0.67,5.4413,-0.13407,0.0098168,0.97439,0.0022107,-0.00038163,0.00064329,0.001298,-0.00087407,0.0016259,0.1113612,0.0804,0.652956,9.26795E-05,-0.0254733,0.001865192,0.1851341,7.98063E-05,-1.37768E-05,2.32228E-05,4.68578E-05,-3.15539E-05,5.8695E-05
0.0026854,0.93626,0.67,5.4413,-0.1332,0.0070164,0.96934,0.0023519,-0.00038618,0.00067151,0.001247,-0.00095704,0.0017719,0.1123512,0.0804,0.652956,9.69429E-05,-0.025308,0.001333116,0.1841746,8.49036E-05,-1.39411E-05,2.42415E-05,4.50167E-05,-3.45491E-05,6.39656E-05
0.0028843,0.94452,0.67,5.4413,-0.13216,0.0041366,0.96315,0.0025129,-0.00037827,0.0007457,0.0012288,-0.0010429,0.0020268,0.1133424,0.0804,0.652956,0.000104123,-0.0251104,0.000785954,0.1829985,9.07157E-05,-1.36555E-05,2.69198E-05,4.43597E-05,-3.76487E-05,7.31675E-05
0.0030826,0.95277,0.67,5.4413,-0.13094,0.0018779,0.95559,0.0026704,-0.0003636,0.00085181,0.0012255,-0.0010782,0.0022693,0.1143324,0.0804,0.652956,0.000111282,-0.0248786,0.000356801,0.1815621,9.64014E-05,-1.3126E-05,3.07503E-05,4.42406E-05,-3.8923E-05,8.19217E-05
0.0031788,0.96103,0.67,5.4413,-0.12987,0.00060269,0.94701,0.0028216,-0.00034339,0.0009504,0.0012011,-0.001013,0.0023349,0.1153236,0.0804,0.652956,0.000114755,-0.0246753,0.000114511,0.1799319,0.00010186,-1.23964E-05,3.43094E-05,4.33597E-05,-3.65693E-05,8.42899E-05
0.0031627,0.96929,0.67,5.4413,-0.12875,0.00046554,0.9378,0.0029766,-0.00031388,0.0010008,0.0011558,-0.00086457,0.0021929,0.1163148,0.0804,0.652956,0.000114173,-0.0244625,8.84526E-05,0.178182,0.000107455,-1.13311E-05,3.61289E-05,4.17244E-05,-3.1211E-05,7.91637E-05
0.0030736,0.97754,0.67,5.4413,-0.12759,0.0011293,0.92826,0.0031173,-0.00025902,0.00099574,0.0010986,-0.00066802,0.0019312,0.1173048,0.0804,0.652956,0.000110957,-0.0242421,0.000214567,0.1763694,0.000112535,-9.35062E-06,3.59462E-05,3.96595E-05,-2.41155E-05,6.97163E-05
0.003001,0.9858,0.67,5.4413,-0.12676,0.0020085,0.91861,0.0032212,-0.00017518,0.00093461,0.001045,-0.00047923,0.0017358,0.118296,0.0804,0.652956,0.000108336,-0.0240844,0.000381615,0.1745359,0.000116285,-6.324E-06,3.37394E-05,3.77245E-05,-1.73002E-05,6.26624E-05
0.0029715,0.99405,0.67,5.4413,-0.12567,0.0028856,0.9094,0.0033067,-7.61E-05,0.00086133,0.0010416,-0.00035663,0.0015948,0.119286,0.0804,0.652956,0.000107271,-0.0238773,0.000548264,0.172786,0.000119372,-2.74638E-06,3.1094E-05,3.76018E-05,-1.28743E-05,5.75723E-05
0.0029949,1.0023,0.67,5.4413,-0.12397,0.0039524,0.90139,0.0033909,3.07E-05,0.00078448,0.0011221,-0.00031322,0.0014769,0.120276,0.0804,0.652956,0.000108116,-0.0235543,0.000750956,0.1712641,0.000122411,1.10997E-06,2.83197E-05,4.05078E-05,-1.13072E-05,5.33161E-05
0.0030817,1.0106,0.67,5.4413,-0.12207,0.0052355,0.89493,0.0034728,0.00015054,0.00072932,0.0012807,-0.00033081,0.0014098,0.121272,0.0804,0.652956,0.000111249,-0.0231933,0.000994745,0.1700367,0.000125368,5.43449E-06,2.63285E-05,4.62333E-05,-1.19422E-05,5.08938E-05
0.0032146,1.0188,0.67,5.4413,-0.12004,0.0065866,0.88986,0.003542,0.00028282,0.00067165,0.0014699,-0.00035699,0.0014173,0.122256,0.0804,0.652956,0.000116047,-0.0228076,0.001251454,0.1690734,0.000127866,1.02098E-05,2.42466E-05,5.30634E-05,-1.28873E-05,5.11645E-05
0.0033779,1.0271,0.67,5.4413,-0.11787,0.0078068,0.88562,0.0036117,0.0004099,0.000612,0.0016228,-0.00037368,0.0015213,0.123252,0.0804,0.652956,0.000121942,-0.0223953,0.001483292,0.1682678,0.000130382,1.47974E-05,2.20932E-05,5.85831E-05,-1.34898E-05,5.49189E-05
0.0035139,1.0353,0.67,5.4413,-0.11559,0.0086697,0.88159,0.0036718,0.00049778,0.000528,0.0016917,-0.00039585,0.0016643,0.124236,0.0804,0.652956,0.000126852,-0.0219621,0.001647243,0.1675021,0.000132552,1.79699E-05,1.90608E-05,6.10704E-05,-1.42902E-05,6.00812E-05
0.0035922,1.0436,0.67,5.4413,-0.11326,0.0089724,0.87719,0.0036857,0.00051543,0.00040752,0.0016554,-0.00043962,0.0018433,0.125232,0.0804,0.652956,0.000129678,-0.0215194,0.001704756,0.1666661,0.000133054,1.8607E-05,1.47115E-05,5.97599E-05,-1.58703E-05,6.65431E-05
0.0036056,1.0518,0.67,5.4413,-0.11115,0.0087001,0.87227,0.0036532,0.00045993,0.00027733,0.0015355,-0.00049611,0.0020227,0.126216,0.0804,0.652956,0.000130162,-0.0211185,0.001653019,0.1657313,0.000131881,1.66035E-05,1.00116E-05,5.54316E-05,-1.79096E-05,7.30195E-05
0.003601,1.0601,0.67,5.4413,-0.10944,0.008011,0.86684,0.0035821,0.00034815,0.00016103,0.0013853,-0.00056344,0.0022345,0.127212,0.0804,0.652956,0.000129996,-0.0207936,0.00152209,0.1646996,0.000129314,1.25682E-05,5.81318E-06,5.00093E-05,-2.03402E-05,8.06655E-05
0.0036336,1.0684,0.67,5.4413,-0.1081,0.007147,0.86106,0.0034811,0.00022013,9.61E-05,0.0012556,-0.00065525,0.0025306,0.128208,0.0804,0.652956,0.000131173,-0.020539,0.00135793,0.1636014,0.000125668,7.94669E-06,3.46892E-06,4.53272E-05,-2.36545E-05,9.13547E-05
0.0037074,1.0766,0.67,5.4413,-0.10705,0.0065028,0.85527,0.0033453,0.0001088,6.60E-05,0.0011824,-0.00078419,0.0028871,0.129192,0.0804,0.652956,0.000133837,-0.0203395,0.001235532,0.1625013,0.000120765,3.92768E-06,2.38141E-06,4.26846E-05,-2.83093E-05,0.000104224
0.00386,1.0849,0.67,5.4413,-0.1061,0.0062885,0.84961,0.003194,2.58E-05,7.87E-05,0.0011616,-0.00095262,0.0033643,0.130188,0.0804,0.652956,0.000139346,-0.020159,0.001194815,0.1614259,0.000115303,9.31308E-07,2.84161E-06,4.19338E-05,-3.43896E-05,0.000121451
0.0040329,1.0931,0.67,5.4413,-0.10507,0.0064609,0.84394,0.0030516,-3.12E-05,0.0001021,0.0011631,-0.001111,0.0038511,0.131172,0.0804,0.652956,0.000145588,-0.0199633,0.001227571,0.1603486,0.000110163,-1.12654E-06,3.68581E-06,4.19879E-05,-4.01071E-05,0.000139025
0.0041608,1.1014,0.67,5.4413,-0.10376,0.0067537,0.83806,0.0029,-7.05E-05,0.0001085,0.0011581,-0.00123,0.0042635,0.132168,0.0804,0.652956,0.000150205,-0.0197144,0.001283203,0.1592314,0.00010469,-2.54559E-06,3.91685E-06,4.18074E-05,-0.000044403,0.000153912
0.0042191,1.1096,0.67,5.4413,-0.10199,0.0070416,0.83199,0.0027367,-9.51E-05,0.00010865,0.0011453,-0.0013153,0.0045562,0.133152,0.0804,0.652956,0.00015231,-0.0193781,0.001337904,0.1580781,9.87949E-05,-3.4325E-06,3.92227E-06,4.13453E-05,-4.74823E-05,0.000164479
0.0042521,1.1179,0.67,5.4413,-0.099873,0.0075986,0.82572,0.0026009,-0.00010339,0.00010164,0.0011445,-0.0013795,0.0047587,0.134148,0.0804,0.652956,0.000153501,-0.01897587,0.001443734,0.1568868,9.38925E-05,-3.73238E-06,3.6692E-06,4.13165E-05,-4.98E-05,0.000171789
0.0043358,1.1262,0.67,5.4413,-0.097493,0.0088538,0.81943,0.0025208,-9.28E-05,0.00012786,0.0011643,-0.0014214,0.0049866,0.135144,0.0804,0.652956,0.000156522,-0.01852367,0.001682222,0.1556917,9.10009E-05,-3.35156E-06,4.61575E-06,4.20312E-05,-5.13125E-05,0.000180016
0.0044163,1.1344,0.67,5.4413,-0.094732,0.011056,0.81365,0.0024514,-7.53E-05,0.00015139,0.001218,-0.0014418,0.0051631,0.136128,0.0804,0.652956,0.000159428,-0.01799908,0.00210064,0.1545935,8.84955E-05,-2.72006E-06,5.46518E-06,4.39698E-05,-5.2049E-05,0.000186388
0.004475,1.1427,0.67,5.4413,-0.091593,0.013717,0.80868,0.002356,-7.58E-05,0.00016894,0.0013233,-0.0014933,0.0052706,0.137124,0.0804,0.652956,0.000161548,-0.01740267,0.00260623,0.1536492,8.50516E-05,-2.73717E-06,6.09873E-06,4.77711E-05,-5.39081E-05,0.000190269
0.0045176,1.1509,0.67,5.4413,-0.08821,0.015654,0.80444,0.0022614,-9.48E-05,0.00019222,0.0014851,-0.0016271,0.0052886,0.138108,0.0804,0.652956,0.000163085,-0.0167599,0.00297426,0.1528436,8.16365E-05,-3.42094E-06,6.93914E-06,5.36121E-05,-5.87383E-05,0.000190918
0.0045382,1.1592,0.67,5.4413,-0.084806,0.01606,0.80081,0.0021887,-9.50E-05,0.00023184,0.0016656,-0.0017893,0.0052221,0.139104,0.0804,0.652956,0.000163829,-0.01611314,0.0030514,0.1521539,7.90121E-05,-3.42806E-06,8.36942E-06,6.01282E-05,-6.45937E-05,0.000188518
0.0045201,1.1674,0.67,5.4413,-0.081447,0.015372,0.79818,0.0021404,-6.19E-05,0.00023086,0.0018123,-0.0019148,0.0050876,0.140088,0.0804,0.652956,0.000163176,-0.01547493,0.00292068,0.1516542,7.72684E-05,-2.2347E-06,8.33405E-06,6.5424E-05,-6.91243E-05,0.000183662
0.0044815,1.1757,0.67,5.4413,-0.078281,0.014542,0.79699,0.0021238,-1.45E-05,0.00015332,0.0018964,-0.0019889,0.0049428,0.141084,0.0804,0.652956,0.000161782,-0.01487339,0.00276298,0.1514281,7.66692E-05,-5.21681E-07,5.53485E-06,6.846E-05,-7.17993E-05,0.000178435
0.0044354,1.1839,0.67,5.4413,-0.075401,0.01397,0.79723,0.0021366,3.03E-05,3.33E-05,0.001887,-0.0020008,0.0048471,0.142068,0.0804,0.652956,0.000160118,-0.01432619,0.0026543,0.1514737,7.71313E-05,1.09452E-06,1.20116E-06,6.81207E-05,-7.22289E-05,0.00017498
0.0043793,1.1922,0.67,5.4413,-0.072621,0.013677,0.79804,0.0021636,5.53E-05,-8.67E-05,0.0017798,-0.0019511,0.0048151,0.143064,0.0804,0.652956,0.000158093,-0.01379799,0.00259863,0.1516276,7.8106E-05,1.99665E-06,-3.13081E-06,6.42508E-05,-7.04347E-05,0.000173825
0.0042898,1.2005,0.67,5.4413,-0.069659,0.013568,0.79851,0.0021876,4.96E-05,-0.00017342,0.0016021,-0.0018516,0.00479,0.14406,0.0804,0.652956,0.000154862,-0.01323521,0.00257792,0.1517169,7.89724E-05,1.79233E-06,-6.26046E-06,5.78358E-05,-6.68428E-05,0.000172919
0.0041744,1.2087,0.67,5.4413,-0.066433,0.013441,0.79847,0.0021734,2.16E-05,-0.00023834,0.0014069,-0.0017305,0.0047686,0.145044,0.0804,0.652956,0.000150696,-0.01262227,0.00255379,0.1517093,7.84597E-05,7.79146E-07,-8.60407E-06,5.07891E-05,-6.24711E-05,0.000172146
0.0040442,1.217,0.67,5.4413,-0.063016,0.013132,0.7985,0.0021105,-9.10E-06,-0.00025037,0.0012658,-0.0016048,0.004712,0.14604,0.0804,0.652956,0.000145996,-0.01197304,0.00249508,0.151715,7.61891E-05,-3.28535E-07,-9.03836E-06,4.56954E-05,-5.79333E-05,0.000170103
0.0038394,1.2252,0.67,5.4413,-0.059477,0.012733,0.79964,0.0020295,-2.65E-05,-0.00017559,0.0012115,-0.0014903,0.0044377,0.147024,0.0804,0.652956,0.000138602,-0.01130063,0.00241927,0.1519316,7.3265E-05,-9.56975E-07,-6.3388E-06,4.37352E-05,-5.37998E-05,0.000160201
0.0035579,1.2335,0.67,5.4413,-0.055998,0.012337,0.80235,0.0019355,-2.64E-05,-4.62E-05,0.0012206,-0.0013864,0.0039597,0.14802,0.0804,0.652956,0.00012844,-0.01063962,0.00234403,0.1524465,6.98716E-05,-9.54773E-07,-1.66847E-06,4.40637E-05,-5.0049E-05,0.000142945
0.0032694,1.2417,0.67,5.4413,-0.052637,0.011867,0.80647,0.0018297,-9.09E-06,7.10E-05,0.0012468,-0.0012477,0.0034623,0.149004,0.0804,0.652956,0.000118025,-0.01000103,0.00225473,0.1532293,6.60522E-05,-3.28225E-07,2.56444E-06,4.50095E-05,-4.5042E-05,0.000124989
0.0030252,1.25,0.67,5.4413,-0.049216,0.011099,0.8113,0.001746,1.37E-05,0.0001592,0.001261,-0.0010459,0.0030433,0.15,0.0804,0.652956,0.00010921,-0.00935104,0.00210881,0.154147,6.30306E-05,4.95148E-07,5.74712E-06,4.55221E-05,-3.7757E-05,0.000109863
0.0028346,1.2583,0.67,5.4413,-0.045536,0.0096655,0.81604,0.001689,2.66E-05,0.00019052,0.0012689,-0.00078781,0.0027112,0.150996,0.0804,0.652956,0.000102329,-0.00865184,0.001836445,0.1550476,6.09729E-05,9.61451E-07,6.87777E-06,4.58073E-05,-2.84399E-05,9.78743E-05
0.0027394,1.2665,0.67,5.4413,-0.04157,0.0074693,0.82026,0.0016474,2.59E-05,0.00020212,0.0012865,-0.00051801,0.0025451,0.15198,0.0804,0.652956,9.88923E-05,-0.0078983,0.001419167,0.1558494,5.94711E-05,9.33763E-07,7.29653E-06,4.64427E-05,-1.87002E-05,9.18781E-05
0.0027126,1.2748,0.67,5.4413,-0.037463,0.0047218,0.82348,0.0016464,1.72E-05,0.00023397,0.0013081,-0.00031655,0.0024706,0.152976,0.0804,0.652956,9.79249E-05,-0.00711797,0.000897142,0.1564612,5.9435E-05,6.20126E-07,8.44632E-06,4.72224E-05,-1.14275E-05,8.91887E-05
0.002701,1.283,0.67,5.4413,-0.033519,0.0021367,0.8255,0.0016854,5.04E-06,0.00025308,0.0013312,-0.00019396,0.0023854,0.15396,0.0804,0.652956,9.75061E-05,-0.00636861,0.000405973,0.156845,6.08429E-05,1.81785E-07,9.13619E-06,4.80563E-05,-7.00196E-06,8.61129E-05
0.0026901,1.2913,0.67,5.4413,-0.029883,0.00049604,0.82633,0.0016991,-1.55E-05,0.00023849,0.001367,-7.76E-05,0.0023141,0.154956,0.0804,0.652956,9.71126E-05,-0.00567777,9.42476E-05,0.1570027,6.13375E-05,-5.60633E-07,8.60949E-06,4.93487E-05,-2.80176E-06,8.3539E-05
0.0027138,1.2995,0.67,5.4413,-0.026431,-0.00017998,0.82584,0.0016667,-4.63E-05,0.00021323,0.001397,6.51E-05,0.002364,0.15594,0.0804,0.652956,9.79682E-05,-0.00502189,-3.41962E-05,0.1569096,6.01679E-05,-1.67255E-06,7.6976E-06,5.04317E-05,2.3495E-06,8.53404E-05
0.0027568,1.3078,0.67,5.4413,-0.023066,-0.00038368,0.82462,0.0016642,-7.93E-05,0.00016554,0.0013768,0.0002069,0.0024726,0.156936,0.0804,0.652956,9.95205E-05,-0.00438254,-7.28992E-05,0.1566778,6.00776E-05,-2.86284E-06,5.97599E-06,4.97025E-05,7.46909E-06,8.92609E-05
0.0027154,1.316,0.67,5.4413,-0.019748,-0.00047255,0.82325,0.0016867,-0.00010136,0.00011532,0.0012726,0.0003128,0.0024716,0.15792,0.0804,0.652956,9.80259E-05,-0.00375212,-8.97845E-05,0.1564175,6.08899E-05,-3.6591E-06,4.16305E-06,4.59409E-05,1.12921E-05,8.92248E-05
0.0025448,1.3243,0.67,5.4413,-0.016265,-0.00047631,0.8216,0.001614,-0.00011029,0.00012582,0.0010992,0.00036797,0.0023764,0.158916,0.0804,0.652956,9.18673E-05,-0.00309035,-9.04989E-05,0.156104,5.82654E-05,-3.98147E-06,4.5421E-06,3.96811E-05,1.32837E-05,8.5788E-05
0.002376,1.3326,0.67,5.4413,-0.012615,-0.00038371,0.8194,0.0014951,-0.00011034,9.32E-05,0.00091891,0.00038605,0.0023379,0.159912,0.0804,0.652956,8.57736E-05,-0.00239685,-7.29049E-05,0.155686,5.39731E-05,-3.98327E-06,3.36481E-06,3.31727E-05,1.39364E-05,8.43982E-05
0.0022155,1.3408,0.67,5.4413,-0.0089209,-0.00030074,0.81698,0.0014339,-0.00010208,4.67E-05,0.00077431,0.00036169,0.0022227,0.160896,0.0804,0.652956,7.99796E-05,-0.001694971,-5.71406E-05,0.1552262,5.17638E-05,-3.68509E-06,1.68547E-06,2.79526E-05,1.3057E-05,8.02395E-05
0.0020147,1.3491,0.67,5.4413,-0.0051097,-0.00048959,0.81452,0.0013585,-8.84E-05,7.22E-05,0.00067551,0.00029231,0.0019953,0.161892,0.0804,0.652956,7.27307E-05,-0.000970843,-9.30221E-05,0.1547588,4.90419E-05,-3.19099E-06,2.60559E-06,2.43859E-05,1.05524E-05,7.20303E-05
0.001906,1.3573,0.67,5.4413,-0.0012182,-0.0010138,0.81203,0.0012997,-7.07E-05,1.28E-05,0.00061685,0.00021602,0.0018953,0.162876,0.0804,0.652956,6.88066E-05,-0.000231458,-0.000192622,0.1542857,4.69192E-05,-2.55111E-06,4.60383E-07,2.22683E-05,7.79832E-06,6.84203E-05
0.0018071,1.3656,0.67,5.4413,0.0026194,-0.0018345,0.81064,0.0012631,-5.13E-05,-8.75E-05,0.00058465,0.00014671,0.0017663,0.163872,0.0804,0.652956,6.52363E-05,0.000497686,-0.000348555,0.1540216,4.55979E-05,-1.85135E-06,-3.1603E-06,2.11059E-05,5.29623E-06,6.37634E-05
0.0016726,1.3738,0.67,5.4413,0.0065143,-0.0028262,0.81068,0.0011673,-3.69E-05,-3.81E-05,0.00056945,8.12E-05,0.0016083,0.164856,0.0804,0.652956,6.03809E-05,0.001237717,-0.000536978,0.1540292,4.21395E-05,-1.33306E-06,-1.3753E-06,2.05571E-05,2.93157E-06,5.80596E-05
0.0016746,1.3821,0.67,5.4413,0.010402,-0.003633,0.81169,0.0011226,-2.95E-05,-4.05E-05,0.00056981,3.22E-05,0.0016569,0.165852,0.0804,0.652956,6.04531E-05,0.00197638,-0.00069027,0.1542211,4.05259E-05,-1.06665E-06,-1.46147E-06,2.05701E-05,1.16293E-06,5.98141E-05
0.0016962,1.3903,0.67,5.4413,0.014128,-0.0041243,0.81353,0.0011523,-2.77E-05,-0.00010246,0.00059112,-3.20E-06,0.001649,0.166836,0.0804,0.652956,6.12328E-05,0.00268432,-0.000783617,0.1545707,4.1598E-05,-9.99356E-07,-3.69881E-06,2.13394E-05,-1.15379E-07,5.95289E-05
0.0016628,1.3986,0.67,5.4413,0.017866,-0.0042577,0.81563,0.0011296,-2.95E-05,-3.84E-05,0.00063638,-3.61E-05,0.0015596,0.167832,0.0804,0.652956,6.00271E-05,0.00339454,-0.000808963,0.1549697,4.07786E-05,-1.06369E-06,-1.38613E-06,2.29733E-05,-1.30418E-06,5.63016E-05
0.0017274,1.4069,0.67,5.4413,0.021568,-0.0041356,0.81794,0.0011073,-3.75E-05,-3.37E-05,0.00069706,-5.50E-05,0.0016505,0.168828,0.0804,0.652956,6.23591E-05,0.00409792,-0.000785764,0.1554086,3.99735E-05,-1.35404E-06,-1.21502E-06,2.51639E-05,-1.98705E-06,5.95831E-05
0.0017342,1.4151,0.67,5.4413,0.025217,-0.0040193,0.82076,0.0011123,-5.20E-05,-6.00E-05,0.00077061,-7.24E-05,0.0015855,0.169812,0.0804,0.652956,6.26046E-05,0.00479123,-0.000763667,0.1559444,4.0154E-05,-1.8785E-06,-2.16571E-06,2.7819E-05,-2.61212E-06,5.72366E-05
0.0017892,1.4234,0.67,5.4413,0.028807,-0.0039934,0.82452,0.0011113,-7.89E-05,-9.36E-05,0.00086051,-7.14E-05,0.0016065,0.170808,0.0804,0.652956,6.45901E-05,0.00547333,-0.000758746,0.1566588,4.01179E-05,-2.84732E-06,-3.37838E-06,3.10644E-05,-2.57826E-06,5.79947E-05
0.0018635,1.4316,0.67,5.4413,0.032212,-0.0040517,0.82967,0.0011486,-0.00010783,-0.00013567,0.00096409,-8.00E-05,0.0016144,0.171792,0.0804,0.652956,6.72724E-05,0.00612028,-0.000769823,0.1576373,4.14645E-05,-3.89266E-06,-4.89769E-06,3.48036E-05,-2.88851E-06,5.82798E-05
0.0019214,1.4399,0.67,5.4413,0.035364,-0.0044281,0.83557,0.001184,-0.00013249,-0.00011215,0.0010748,-9.58E-05,0.0015839,0.172788,0.0804,0.652956,6.93625E-05,0.00671916,-0.000841339,0.1587583,4.27424E-05,-4.78289E-06,-4.04862E-06,3.88003E-05,-3.45658E-06,5.71788E-05
0.0020268,1.4481,0.67,5.4413,0.038206,-0.0053687,0.84181,0.0012076,-0.00015775,-0.00015419,0.0011833,-0.00010215,0.0016627,0.173772,0.0804,0.652956,7.31675E-05,0.00725914,-0.001020053,0.1599439,4.35944E-05,-5.69478E-06,-5.56626E-06,4.27171E-05,-3.68762E-06,6.00235E-05
0.0020446,1.4564,0.67,5.4413,0.040824,-0.0067412,0.84851,0.0011917,-0.00018057,-0.00016669,0.0012777,-0.00011702,0.0016198,0.174768,0.0804,0.652956,7.38101E-05,0.00775656,-0.001280828,0.1612169,4.30204E-05,-6.51858E-06,-6.01751E-06,4.6125E-05,-4.22442E-06,5.84748E-05
0.0020622,1.4647,0.67,5.4413,0.043423,-0.0084205,0.85576,0.001141,-0.00020292,-0.00015352,0.0013472,-0.00014091,0.0016362,0.175764,0.0804,0.652956,7.44454E-05,0.00825037,-0.001599895,0.1625944,4.11901E-05,-7.32541E-06,-5.54207E-06,4.86339E-05,-5.08685E-06,5.90668E-05
0.0020734,1.4729,0.67,5.4413,0.046057,-0.010231,0.8632,0.001108,-0.00022314,-0.0001578,0.0013904,-0.00018915,0.0016484,0.176748,0.0804,0.652956,7.48497E-05,0.00875083,-0.00194389,0.164008,3.99988E-05,-8.05535E-06,-5.69658E-06,5.01934E-05,-6.82832E-06,5.95072E-05
0.002085,1.4812,0.67,5.4413,0.048768,-0.012137,0.87011,0.0010675,-0.00024699,-0.00012723,0.0014104,-0.00024896,0.0016922,0.177744,0.0804,0.652956,7.52685E-05,0.00926592,-0.00230603,0.1653209,3.85368E-05,-8.91634E-06,-4.593E-06,5.09154E-05,-8.98746E-06,6.10884E-05
0.0020966,1.4894,0.67,5.4413,0.051524,-0.014102,0.87618,0.0010186,-0.000277,-9.92E-05,0.0014093,-0.00033565,0.0017652,0.178728,0.0804,0.652956,7.56873E-05,0.00978956,-0.00267938,0.1664742,3.67715E-05,-9.9997E-06,-3.57932E-06,5.08757E-05,-1.2117E-05,6.37237E-05
0.0021243,1.4977,0.67,5.4413,0.054179,-0.015798,0.88127,0.00097934,-0.00029368,-8.45E-05,0.0013844,-0.00046506,0.0018848,0.179724,0.0804,0.652956,7.66872E-05,0.01029401,-0.00300162,0.1674413,3.53542E-05,-1.06018E-05,-3.05132E-06,4.99768E-05,-1.67887E-05,6.80413E-05
0.0021686,1.5059,0.67,5.4413,0.056787,-0.016679,0.88594,0.00095684,-0.00027852,-6.39E-05,0.0013469,-0.00062451,0.0020336,0.180708,0.0804,0.652956,7.82865E-05,0.01078953,-0.00316901,0.1683286,3.45419E-05,-1.00546E-05,-2.30665E-06,4.86231E-05,-2.25448E-05,7.3413E-05
0.0022448,1.5142,0.67,5.4413,0.05943,-0.016369,0.89104,0.00095551,-0.00024873,-2.36E-05,0.001324,-0.00077891,0.0022101,0.181704,0.0804,0.652956,8.10373E-05,0.0112917,-0.00311011,0.1692976,3.44939E-05,-8.97915E-06,-8.5261E-07,4.77964E-05,-2.81187E-05,7.97846E-05
0.0023223,1.5224,0.67,5.4413,0.062126,-0.015276,0.89704,0.00095568,-0.0002313,5.79E-05,0.0013379,-0.00090756,0.002351,0.182688,0.0804,0.652956,8.3835E-05,0.01180394,-0.00290244,0.1704376,3.45E-05,-8.34993E-06,2.09041E-06,4.82982E-05,-3.27629E-05,8.48711E-05
0.0023817,1.5307,0.67,5.4413,0.064878,-0.014,0.90371,0.00092322,-0.0002358,0.00015349,0.001389,-0.00099991,0.0024511,0.183684,0.0804,0.652956,8.59794E-05,0.01232682,-0.00266,0.1717049,3.33282E-05,-8.51238E-06,5.54099E-06,5.01429E-05,-3.60968E-05,8.84847E-05
0.0024203,1.539,0.67,5.4413,0.067742,-0.013087,0.91028,0.00086566,-0.00025373,0.00022509,0.0014442,-0.0010529,0.0025308,0.18468,0.0804,0.652956,8.73728E-05,0.01287098,-0.00248653,0.1729532,3.12503E-05,-9.15965E-06,8.12575E-06,5.21356E-05,-3.80097E-05,9.13619E-05
0.0024143,1.5472,0.67,5.4413,0.070684,-0.012614,0.91619,0.00081222,-0.00026974,0.00027733,0.0014626,-0.0010665,0.0025537,0.185664,0.0804,0.652956,8.71562E-05,0.01342996,-0.00239666,0.1740761,2.93211E-05,-9.73761E-06,1.00116E-05,5.27999E-05,-3.85007E-05,9.21886E-05
0.0023544,1.5555,0.67,5.4413,0.073375,-0.012375,0.92135,0.00077825,-0.00027451,0.0002993,0.0014401,-0.0010469,0.0024905,0.18666,0.0804,0.652956,8.49938E-05,0.01394125,-0.00235125,0.1750565,2.80948E-05,-9.90981E-06,1.08047E-05,5.19876E-05,-3.77931E-05,8.99071E-05
0.0022528,1.5637,0.67,5.4413,0.075638,-0.012213,0.92561,0.00075807,-0.00026922,0.00030016,0.0013918,-0.0010103,0.0023557,0.187644,0.0804,0.652956,8.13261E-05,0.01437122,-0.00232047,0.1758659,2.73663E-05,-9.71884E-06,1.08358E-05,5.0244E-05,-3.64718E-05,8.50408E-05
0.0021521,1.572,0.67,5.4413,0.077723,-0.011945,0.92881,0.00074141,-0.00026248,0.00028038,0.0013252,-0.00097489,0.0022375,0.18864,0.0804,0.652956,7.76908E-05,0.01476737,-0.00226955,0.1764739,2.67649E-05,-9.47553E-06,1.01217E-05,4.78397E-05,-3.51935E-05,8.07738E-05
0.002062,1.5802,0.67,5.4413,0.079646,-0.01161,0.93095,0.00073384,-0.00026277,0.00025731,0.0012463,-0.00093797,0.0021438,0.189624,0.0804,0.652956,7.44382E-05,0.01513274,-0.0022059,0.1768805,2.64916E-05,-9.486E-06,9.28889E-06,4.49914E-05,-3.38607E-05,7.73912E-05
0.0019831,1.5885,0.67,5.4413,0.081155,-0.011207,0.93235,0.00074266,-0.00027042,0.0002394,0.0011707,-0.00089184,0.0020528,0.19062,0.0804,0.652956,7.15899E-05,0.01541945,-0.00212933,0.1771465,2.681E-05,-9.76216E-06,8.64234E-06,4.22623E-05,-3.21954E-05,7.41061E-05
0.0019117,1.5968,0.67,5.4413,0.082351,-0.010538,0.93349,0.00075847,-0.00028345,0.00023534,0.0011232,-0.00084373,0.0019417,0.191616,0.0804,0.652956,6.90124E-05,0.01564669,-0.00200222,0.1773631,2.73808E-05,-1.02325E-05,8.49577E-06,4.05475E-05,-3.04587E-05,7.00954E-05
0.0018662,1.605,0.67,5.4413,0.083444,-0.009389,0.93418,0.00077228,-0.0003036,0.00024437,0.0011181,-0.00080073,0.001842,0.1926,0.0804,0.652956,6.73698E-05,0.01585436,-0.00178391,0.1774942,2.78793E-05,-1.096E-05,8.82176E-06,4.03634E-05,-2.89064E-05,6.64962E-05
0.0018362,1.6133,0.67,5.4413,0.084364,-0.0077608,0.93387,0.00078619,-0.00032942,0.00024886,0.0011481,-0.00074638,0.0017381,0.193596,0.0804,0.652956,6.62868E-05,0.01602916,-0.001474552,0.1774353,2.83815E-05,-1.18921E-05,8.98385E-06,4.14464E-05,-2.69443E-05,6.27454E-05
0.0017893,1.6215,0.67,5.4413,0.085022,-0.0059185,0.93243,0.00080754,-0.00035247,0.00021905,0.0011918,-0.00064291,0.0015794,0.19458,0.0804,0.652956,6.45937E-05,0.01615418,-0.001124515,0.1771617,2.91522E-05,-1.27242E-05,7.90771E-06,4.3024E-05,-2.32091E-05,5.70163E-05
0.0017162,1.6298,0.67,5.4413,0.085451,-0.0039884,0.93058,0.00083971,-0.00035871,0.00015206,0.0012245,-0.00048031,0.0013682,0.195576,0.0804,0.652956,6.19548E-05,0.01623569,-0.000757796,0.1768102,3.03135E-05,-1.29494E-05,5.48937E-06,4.42045E-05,-1.73392E-05,4.9392E-05
0.0016397,1.638,0.67,5.4413,0.085784,-0.0017216,0.92975,0.00087577,-0.00034486,6.86E-05,0.0012279,-0.00031339,0.0011758,0.19656,0.0804,0.652956,5.91932E-05,0.01629896,-0.000327104,0.1766525,3.16153E-05,-1.24494E-05,2.4761E-06,4.43272E-05,-1.13134E-05,4.24464E-05
0.0015863,1.6463,0.67,5.4413,0.086114,0.00084332,0.93098,0.00091832,-0.00032262,-3.74E-07,0.0012025,-0.00020827,0.0010517,0.197556,0.0804,0.652956,5.72654E-05,0.01636166,0.000160231,0.1768862,3.31514E-05,-1.16466E-05,-1.34891E-08,4.34103E-05,-7.51855E-06,3.79664E-05
0.0015684,1.6545,0.67,5.4413,0.086297,0.0032921,0.93407,0.00098167,-0.00030122,-3.56E-05,0.0011568,-0.00016173,0.00099841,0.19854,0.0804,0.652956,5.66192E-05,0.01639643,0.000625499,0.1774733,3.54383E-05,-1.0874E-05,-1.28642E-06,4.17605E-05,-5.83845E-06,3.60426E-05
0.0015681,1.6628,0.67,5.4413,0.086169,0.0052662,0.93816,0.0010698,-0.00028814,-4.97E-05,0.0011028,-0.0001417,0.00096364,0.199536,0.0804,0.652956,5.66084E-05,0.01637211,0.001000578,0.1782504,3.86198E-05,-1.04019E-05,-1.79356E-06,3.98111E-05,-5.11537E-06,3.47874E-05
0.0015754,1.6711,0.67,5.4413,0.085729,0.0064718,0.94243,0.0011728,-0.00028511,-6.47E-05,0.001053,-0.00013624,0.00092507,0.200532,0.0804,0.652956,5.68719E-05,0.01628851,0.001229642,0.1790617,4.23381E-05,-1.02925E-05,-2.33387E-06,3.80133E-05,-4.91826E-06,3.3395E-05
0.0016147,1.6793,0.67,5.4413,0.085136,0.0070414,0.94593,0.0012821,-0.00027997,-7.64E-05,0.0010181,-0.00012419,0.00092909,0.201516,0.0804,0.652956,5.82907E-05,0.01617584,0.001337866,0.1797267,4.62838E-05,-1.01069E-05,-2.75631E-06,3.67534E-05,-4.48326E-06,3.35401E-05
0.0017242,1.6876,0.67,5.4413,0.084666,0.0076818,0.94893,0.001397,-0.00026942,-6.37E-05,0.0010197,-9.52E-05,0.0010318,0.202512,0.0804,0.652956,6.22436E-05,0.01608654,0.001459542,0.1802967,5.04317E-05,-9.72606E-06,-2.29903E-06,3.68112E-05,-3.43791E-06,3.7248E-05
0.0018903,1.6958,0.67,5.4413,0.084475,0.008809,0.95242,0.0015126,-0.00027143,-8.99E-07,0.0010734,-8.71E-05,0.0011947,0.203496,0.0804,0.652956,6.82398E-05,0.01605025,0.00167371,0.1809598,5.46049E-05,-9.79862E-06,-3.24683E-08,3.87497E-05,-3.14287E-06,4.31287E-05
0.0020805,1.7041,0.67,5.4413,0.084418,0.009953,0.95481,0.0016226,-0.00029765,0.00011073,0.0011307,-0.00015814,0.0014078,0.204492,0.0804,0.652956,7.51061E-05,0.01603942,0.00189107,0.1814139,5.85759E-05,-1.07452E-05,3.99735E-06,4.08183E-05,-5.70885E-06,5.08216E-05
0.0022901,1.7123,0.67,5.4413,0.084407,0.01056,0.95493,0.0017434,-0.00033568,0.00025925,0.0011324,-0.00026314,0.0017044,0.205476,0.0804,0.652956,8.26726E-05,0.01603733,0.0020064,0.1814367,6.29367E-05,-1.2118E-05,9.35893E-06,4.08796E-05,-9.49935E-06,6.15288E-05
0.002411,1.7206,0.67,5.4413,0.084774,0.010655,0.95521,0.0018901,-0.00036112,0.00039986,0.0010868,-0.00027502,0.0018451,0.206472,0.0804,0.652956,8.70371E-05,0.01610706,0.00202445,0.1814899,6.82326E-05,-1.30364E-05,1.44349E-05,3.92335E-05,-9.92822E-06,6.66081E-05
0.0023716,1.7289,0.67,5.4413,0.085805,0.010479,0.95742,0.0020504,-0.00035985,0.00046695,0.0010371,-0.00018106,0.0016556,0.207468,0.0804,0.652956,8.56148E-05,0.01630295,0.00199101,0.1819098,7.40194E-05,-1.29906E-05,1.68569E-05,3.74393E-05,-6.53627E-06,5.97672E-05
0.0022783,1.7371,0.67,5.4413,0.087232,0.010268,0.96055,0.002195,-0.00034421,0.00046373,0.0010381,-8.78E-05,0.0013235,0.208452,0.0804,0.652956,8.22466E-05,0.01657408,0.00195092,0.1825045,7.92395E-05,-1.2426E-05,1.67407E-05,3.74754E-05,-3.16889E-06,4.77784E-05
0.0022324,1.7454,0.67,5.4413,0.088599,0.010311,0.96334,0.0022893,-0.0003426,0.00043,0.0011135,-6.00E-05,0.0010619,0.209448,0.0804,0.652956,8.05896E-05,0.01683381,0.00195909,0.1830346,8.26437E-05,-1.23679E-05,0.000015523,4.01974E-05,-2.16506E-06,3.83346E-05
0.0022516,1.7536,0.67,5.4413,0.089732,0.010992,0.96539,0.0023366,-0.00037565,0.00040085,0.00123,-7.11E-05,0.00093663,0.210432,0.0804,0.652956,8.12828E-05,0.01704908,0.00208848,0.1834241,8.43513E-05,-1.3561E-05,1.44707E-05,0.000044403,-2.56498E-06,3.38123E-05
0.0022935,1.7619,0.67,5.4413,0.090625,0.012416,0.96737,0.0023683,-0.00044601,0.00038429,0.0013496,-9.17E-05,0.00086912,0.211428,0.0804,0.652956,8.27954E-05,0.01721875,0.00235904,0.1838003,8.54956E-05,-1.6101E-05,1.38729E-05,4.87206E-05,-3.30947E-06,3.13752E-05
0.0023265,1.7701,0.67,5.4413,0.091212,0.013902,0.9701,0.0023844,-0.00053703,0.00036651,0.0014724,-0.00010604,0.00079628,0.212412,0.0804,0.652956,8.39867E-05,0.01733028,0.00264138,0.184319,8.60768E-05,-1.93868E-05,1.3231E-05,5.31536E-05,-3.82804E-06,2.87457E-05
0.0023531,1.7784,0.67,5.4413,0.091441,0.014446,0.97291,0.0023732,-0.0006224,0.00034383,0.0015804,-0.00011199,0.00075264,0.213408,0.0804,0.652956,8.49469E-05,0.01737379,0.00274474,0.1848529,8.56725E-05,-2.24686E-05,1.24123E-05,5.70524E-05,-4.04284E-06,2.71703E-05
0.0023635,1.7866,0.67,5.4413,0.091393,0.01373,0.97542,0.0023423,-0.00068108,0.00032164,0.0016397,-0.000133,0.00074498,0.214392,0.0804,0.652956,8.53224E-05,0.01736467,0.0026087,0.1853298,8.4557E-05,-2.4587E-05,1.16112E-05,5.91932E-05,-4.8013E-06,2.68938E-05
0.0023485,1.7949,0.67,5.4413,0.091183,0.012266,0.9783,0.0022904,-0.00070573,0.00030224,0.0016558,-0.00017062,0.00075072,0.215388,0.0804,0.652956,8.47809E-05,0.01732477,0.00233054,0.185877,8.26834E-05,-2.54769E-05,1.09109E-05,5.97744E-05,-6.15938E-06,2.7101E-05
0.0023199,1.8032,0.67,5.4413,0.090865,0.010807,0.98188,0.0022064,-0.00069928,0.00029534,0.0016522,-0.00021213,0.00078122,0.216384,0.0804,0.652956,8.37484E-05,0.01726435,0.00205333,0.1865572,7.9651E-05,-2.5244E-05,1.06618E-05,5.96444E-05,-7.65789E-06,2.8202E-05
0.0023056,1.8114,0.67,5.4413,0.090473,0.009843,0.98588,0.002101,-0.00067512,0.00033485,0.0016514,-0.00025994,0.0008589,0.217368,0.0804,0.652956,8.32322E-05,0.01718987,0.00187017,0.1873172,7.58461E-05,-2.43718E-05,1.20881E-05,5.96155E-05,-9.38383E-06,3.10063E-05
0.0023214,1.8197,0.67,5.4413,0.090068,0.009602,0.9898,0.0020002,-0.00065774,0.00043431,0.0016658,-0.00033367,0.00097689,0.218364,0.0804,0.652956,8.38025E-05,0.01711292,0.00182438,0.188062,7.22072E-05,-2.37444E-05,1.56786E-05,6.01354E-05,-1.20455E-05,3.52657E-05
0.0023709,1.8279,0.67,5.4413,0.089686,0.010096,0.9931,0.0019118,-0.000665,0.00056267,0.0016998,-0.00044918,0.0011301,0.219348,0.0804,0.652956,8.55895E-05,0.01704034,0.00191824,0.188689,6.9016E-05,-2.40065E-05,2.03124E-05,6.13628E-05,-1.62154E-05,4.07966E-05
0.0024484,1.8362,0.67,5.4413,0.089313,0.010974,0.99551,0.0018296,-0.00070085,0.00068085,0.0017516,-0.00058953,0.0013157,0.220344,0.0804,0.652956,8.83872E-05,0.01696947,0.00208506,0.1891469,6.60486E-05,-2.53007E-05,2.45787E-05,6.32328E-05,-2.1282E-05,4.74968E-05
0.0025274,1.8446,0.67,5.4413,0.088968,0.01189,0.997,0.0017602,-0.00075487,0.00075108,0.0018101,-0.00071285,0.0014844,0.221352,0.0804,0.652956,9.12391E-05,0.01690392,0.0022591,0.18943,6.35432E-05,-2.72508E-05,2.7114E-05,6.53446E-05,-2.57339E-05,5.35868E-05
0.0025895,1.8534,0.67,5.4413,0.088699,0.012671,0.99839,0.0017065,-0.00080303,0.0007828,0.0018591,-0.00081467,0.0016135,0.222408,0.0804,0.652956,9.3481E-05,0.01685281,0.00240749,0.1896941,6.16047E-05,-2.89894E-05,2.82591E-05,6.71135E-05,-2.94096E-05,5.82474E-05
0.0025895,1.8626,0.67,5.4413,0.088482,0.013379,0.99942,0.0016583,-0.00081395,0.00074633,0.0018445,-0.00087425,0.0016761,0.223512,0.0804,0.652956,9.3481E-05,0.01681158,0.00254201,0.1898898,5.98646E-05,-2.93836E-05,2.69425E-05,6.65865E-05,-3.15604E-05,6.05072E-05
0.0025447,1.8723,0.67,5.4413,0.08826,0.013649,1.0003,0.0016155,-0.00079767,0.00066651,0.001767,-0.00090711,0.0017069,0.224676,0.0804,0.652956,9.18637E-05,0.0167694,0.00259331,0.190057,5.83196E-05,-2.87959E-05,2.4061E-05,6.37887E-05,-3.27467E-05,6.16191E-05
0.002546,1.8824,0.67,5.4413,0.087966,0.013128,1.0016,0.0015955,-0.00079332,0.00056644,0.0017097,-0.00092632,0.0017868,0.225888,0.0804,0.652956,9.19106E-05,0.01671354,0.00249432,0.190304,5.75976E-05,-2.86389E-05,2.04485E-05,6.17202E-05,-3.34402E-05,6.45035E-05
0.0026387,1.8931,0.67,5.4413,0.087492,0.01268,1.0046,0.0016004,-0.00079907,0.00048433,0.0017322,-0.00097564,0.0019447,0.227172,0.0804,0.652956,9.52571E-05,0.01662348,0.0024092,0.190874,5.77744E-05,-2.88464E-05,1.74843E-05,6.25324E-05,-3.52206E-05,7.02037E-05
0.002732,1.9042,0.67,5.4413,0.086597,0.01313,1.0085,0.0015997,-0.00078335,0.00044596,0.0017566,-0.0010271,0.0021076,0.228504,0.0804,0.652956,9.86252E-05,0.01645343,0.0024947,0.191615,5.77492E-05,-2.82789E-05,1.60992E-05,6.34133E-05,-3.70783E-05,7.60844E-05
0.0028003,1.9159,0.67,5.4413,0.08525,0.013538,1.0106,0.0015838,-0.0007398,0.00039794,0.0016887,-0.0010153,0.0023279,0.229908,0.0804,0.652956,0.000101091,0.0161975,0.00257222,0.192014,5.71752E-05,-2.67068E-05,1.43656E-05,6.09621E-05,-3.66523E-05,8.40372E-05
0.0028099,1.9282,0.67,5.4413,0.083933,0.012816,1.0106,0.001567,-0.00065746,0.00035695,0.0015187,-0.00093046,0.0025341,0.231384,0.0804,0.652956,0.000101437,0.01594727,0.00243504,0.192014,5.65687E-05,-2.37343E-05,1.28859E-05,5.48251E-05,-3.35896E-05,9.1481E-05
0.0026366,1.941,0.67,5.4413,0.083077,0.012146,1.0105,0.0015562,-0.00050061,0.00027569,0.0013058,-0.00072927,0.0024111,0.23292,0.0804,0.652956,9.51813E-05,0.01578463,0.00230774,0.191995,5.61788E-05,-1.8072E-05,9.95241E-06,4.71394E-05,-2.63266E-05,8.70407E-05
0.0023605,1.9545,0.67,5.4413,0.082258,0.012048,1.0135,0.0015461,-0.00028877,0.00012819,0.0011412,-0.0005854,0.0020336,0.23454,0.0804,0.652956,8.52141E-05,0.01562902,0.00228912,0.192565,5.58142E-05,-1.04246E-05,4.62766E-06,4.11973E-05,-2.11329E-05,7.3413E-05
0.0021408,1.9686,0.67,5.4413,0.080551,0.012799,1.0174,0.0015105,-9.62E-05,-8.15E-05,0.0010329,-0.00045967,0.0017383,0.236232,0.0804,0.652956,7.72829E-05,0.01530469,0.00243181,0.193306,5.45291E-05,-3.47112E-06,-2.94186E-06,3.72877E-05,-1.65941E-05,6.27526E-05
0.0019695,1.9833,0.67,5.4413,0.07808,0.012818,1.0179,0.0014479,2.83E-05,-0.00023333,0.00099389,-0.00034164,0.0014971,0.237996,0.0804,0.652956,7.1099E-05,0.0148352,0.00243542,0.193401,5.22692E-05,1.02015E-06,-8.42321E-06,3.58794E-05,-1.23332E-05,5.40453E-05
0.0019363,1.9988,0.67,5.4413,0.076108,0.011111,1.0139,0.0013968,7.68E-05,-0.00029276,0.0010306,-0.00033965,0.0014453,0.239856,0.0804,0.652956,6.99004E-05,0.01446052,0.00211109,0.192641,5.04245E-05,2.77385E-06,-1.05686E-05,3.72047E-05,-1.22614E-05,5.21753E-05
0.0021371,2.0149,0.67,5.4413,0.074598,0.0073537,1.0114,0.001347,4.59E-05,-0.00021163,0.0008925,-0.00018709,0.0020348,0.241788,0.0804,0.652956,7.71493E-05,0.01417362,0.001397203,0.192166,4.86267E-05,1.65641E-06,-7.63984E-06,3.22193E-05,-6.75395E-06,7.34563E-05
0.0024197,2.0319,0.67,5.4413,0.0727,0.00424,1.0061,0.0012898,6.16E-05,-1.45E-05,0.00076973,0.00014365,0.00278,0.243828,0.0804,0.652956,8.73512E-05,0.013813,0.0008056,0.191159,4.65618E-05,2.22463E-06,-5.24172E-07,2.77873E-05,5.18577E-06,0.000100358
0.002868,2.0496,0.67,5.4413,0.070021,-0.00017571,1.0028,0.0012811,5.61E-05,0.00046218,0.0006984,0.0001981,0.0037564,0.245952,0.0804,0.652956,0.000103535,0.01330399,-3.33849E-05,0.190532,4.62477E-05,2.02579E-06,1.66847E-05,2.52122E-05,7.15141E-06,0.000135606
0.0036304,2.0681,0.67,5.4413,0.066138,0.00054805,0.99232,0.0013683,-5.09E-05,0.00098341,0.00069405,8.41E-05,0.0051985,0.248172,0.0804,0.652956,0.000131057,0.01256622,0.00010413,0.1885408,4.93956E-05,-1.83601E-06,3.55011E-05,2.50552E-05,3.03717E-06,0.000187666
0.0046204,2.0875,0.67,5.4413,0.061964,0.0024874,0.9845,0.0015775,-0.00025526,0.0016571,0.00080198,-0.00046544,0.0068614,0.2505,0.0804,0.652956,0.000166796,0.01177316,0.000472606,0.187055,5.69478E-05,-9.21489E-06,5.98213E-05,2.89515E-05,-1.68024E-05,0.000247697
0.0054052,2.1078,0.67,5.4413,0.058371,0.0073946,0.98387,0.0018193,-0.00025691,0.0025174,0.00082099,-0.00061149,0.0081702,0.252936,0.0804,0.652956,0.000195128,0.01109049,0.001404974,0.1869353,6.56767E-05,-9.27445E-06,9.08781E-05,2.96377E-05,-2.20748E-05,0.000294944
0.0052451,2.129,0.67,5.4413,0.056662,0.016178,0.97264,0.0019619,-0.00017211,0.0026487,0.00086132,-0.0002869,0.007667,0.25548,0.0804,0.652956,0.000189348,0.01076578,0.00307382,0.1848016,7.08246E-05,-6.21317E-06,9.56181E-05,3.10937E-05,-1.03571E-05,0.000276779
0.0044241,2.1511,0.67,5.4413,0.057279,0.017525,0.97317,0.0019793,-4.06E-05,0.00228,0.00093581,-7.08E-05,0.0059331,0.258132,0.0804,0.652956,0.00015971,0.01088301,0.00332975,0.1849023,7.14527E-05,-1.46432E-06,0.000082308,3.37827E-05,-2.55628E-06,0.000214185
0.0037464,2.1743,0.67,5.4413,0.055823,0.019543,0.98091,0.00188,0.00011783,0.0019008,0.0010842,0.00010308,0.0045285,0.260916,0.0804,0.652956,0.000135245,0.01060637,0.00371317,0.1863729,0.000067868,4.25366E-06,6.86189E-05,3.91396E-05,3.72119E-06,0.000163479
0.0034562,2.1984,0.67,5.4413,0.050655,0.023348,0.97494,0.0016546,0.00027879,0.0016122,0.0011418,0.00024282,0.0041159,0.263808,0.0804,0.652956,0.000124769,0.00962445,0.00443612,0.1852386,5.97311E-05,1.00643E-05,5.82004E-05,4.1219E-05,8.7658E-06,0.000148584
0.0038954,2.2237,0.67,5.4413,0.046964,0.026581,0.94704,0.0014927,0.00058776,0.0015479,0.0017271,0.0010251,0.0045709,0.266844,0.0804,0.652956,0.000140624,0.00892316,0.00505039,0.1799376,5.38865E-05,2.12181E-05,5.58792E-05,6.23483E-05,3.70061E-05,0.000165009
0.0052851,2.2501,0.67,5.4413,0.04537,0.028347,0.9294,0.0015291,0.00052121,0.001659,0.0021254,0.0011563,0.0069157,0.270012,0.0804,0.652956,0.000190792,0.0086203,0.00538593,0.176586,5.52005E-05,1.88157E-05,5.98899E-05,7.67269E-05,4.17424E-05,0.000249657
0.0050191,2.2776,0.67,5.4413,0.040928,0.030041,0.92256,0.0016284,0.00016472,0.0014196,0.001762,0.00014335,0.0066478,0.273312,0.0804,0.652956,0.00018119,0.00777632,0.00570779,0.1752864,5.87852E-05,5.94639E-06,5.12476E-05,6.36082E-05,5.17494E-06,0.000239986
0.0050867,2.3063,0.67,5.4413,0.033457,0.036643,0.91133,0.0017756,6.21E-05,0.0011472,0.0015382,-0.00074052,0.0068595,0.276756,0.0804,0.652956,0.00018363,0.00635683,0.00696217,0.1731527,6.40992E-05,2.24304E-06,4.14139E-05,5.5529E-05,-2.67328E-05,0.000247628
0.0060306,2.3362,0.67,5.4413,0.024587,0.051179,0.90014,0.0020134,0.00032444,0.0014805,0.0018912,-0.00058531,0.0081567,0.280344,0.0804,0.652956,0.000217705,0.00467153,0.00972401,0.1710266,7.26837E-05,1.17123E-05,5.34461E-05,6.82723E-05,-2.11297E-05,0.000294457
0.0053658,2.3674,0.67,5.4413,0.017206,0.059251,0.87688,0.0022852,0.00045442,0.0014109,0.00276,-7.23E-05,0.0056864,0.284088,0.0804,0.652956,0.000193705,0.00326914,0.01125769,0.1666072,8.24957E-05,1.64046E-05,5.09335E-05,0.000099636,-2.60909E-06,0.000205279
0.0055223,2.3999,0.67,5.4413,0.011586,0.06427,0.8482,0.0021595,0.00086374,0.0012821,0.0042372,0.00045546,0.0046479,0.287988,0.0804,0.652956,0.000199355,0.00220134,0.0122113,0.161158,7.7958E-05,3.1181E-05,4.62838E-05,0.000152963,1.64421E-05,0.000167789
0.0055823,2.4338,0.67,5.4413,0.0048849,0.06966,0.80383,0.0013622,0.00075237,0.0014594,0.0040197,0.0010062,0.0057827,0.292056,0.0804,0.652956,0.000201521,0.000928131,0.0132354,0.1527277,4.91754E-05,2.71606E-05,5.26843E-05,0.000145111,3.63238E-05,0.000208755
0.004151,2.4691,0.67,5.4413,0.00080806,0.061772,0.69066,0.00043927,0.00010888,0.00085631,0.002233,0.00093843,0.0056296,0.296292,0.0804,0.652956,0.000149851,0.000153531,0.01173668,0.1312254,1.58576E-05,3.93057E-06,3.09128E-05,8.06113E-05,3.38773E-05,0.000203229
0.001581,2.5058,0.67,5.4413,0.00061103,0.027168,0.30363,2.79E-05,1.87E-05,0.00015023,0.00085136,0.000375,0.0022828,0.300696,0.0804,0.652956,5.70741E-05,0.000116096,0.00516192,0.0576897,1.0073E-06,6.75539E-07,5.4233E-06,3.07341E-05,1.35375E-05,8.24091E-05
1.89E-07,2.544,0.67,5.4413,0.00044492,9.52E-14,1.52E-17,3.79E-07,8.10E-17,8.12E-21,1.73E-26,1.74E-30,4.50E-34,0.30528,0.0804,0.652956,6.83265E-09,8.45348E-05,1.80815E-14,2.89275E-18,1.36653E-08,2.92511E-18,2.93302E-22,6.26118E-28,6.26407E-32,1.62353E-35
0,2.5837,0.67,5.4413,0,0,0,0,0,0,0,0,0,0.310044,0.0804,0.652956,0,0,0,0,0,0,0,0,0,0
0,2.625,0.67,5.4413,0,0,0,0,0,0,0,0,0,0.315,0.0804,0.652956,0,0,0,0,0,0,0,0,0,0
0,-0.125,0.67,5.4604,0,0,0,0,0,0,0,0,0,-0.015,0.0804,0.655248,0,0,0,0,0,0,0,0,0,0
0,-0.083719,0.67,5.4604,0,0,0,0,0,0,0,0,0,-0.01004628,0.0804,0.655248,0,0,0,0,0,0,0,0,0,0
7.79E-09,-0.044001,0.67,5.4604,-0.0011269,-3.13E-13,1.63E-17,1.56E-08,4.33E-18,-6.10E-22,1.20E-27,-1.69E-31,3.13E-35,-0.00528012,0.0804,0.655248,2.81335E-10,-0.000214111,-5.95365E-14,3.10365E-18,5.62655E-10,1.56429E-19,-2.20048E-23,4.34897E-29,-6.11281E-33,1.12961E-36
0.00092591,-0.0058053,0.67,5.4604,-0.0029178,0.02491,0.38323,1.16E-05,-2.02E-05,-3.72E-05,0.00079114,-0.00018855,0.001049,-0.000696636,0.0804,0.655248,3.34254E-05,-0.000554382,0.0047329,0.0728137,4.20385E-07,-7.30086E-07,-1.3413E-06,2.85602E-05,-6.80666E-06,3.78689E-05
0.0024297,0.030909,0.67,5.4604,-0.0087168,0.056406,0.86762,0.0001856,-0.00011869,-0.00021258,0.0020572,-0.00048479,0.0026165,0.00370908,0.0804,0.655248,8.77122E-05,-0.001656192,0.01071714,0.1648478,6.70016E-06,-4.28471E-06,-7.67414E-06,7.42649E-05,-1.75009E-05,9.44557E-05
0.0026904,0.066184,0.67,5.4604,-0.019543,0.051618,0.98031,0.00048161,-0.00017831,-0.00016842,0.0017409,-0.00049202,0.0031583,0.00794208,0.0804,0.655248,9.71234E-05,-0.00371317,0.00980742,0.1862589,1.73861E-05,-6.43699E-06,-6.07996E-06,6.28465E-05,-1.77619E-05,0.000114015
0.0026665,0.10006,0.67,5.4604,-0.032102,0.039195,1.014,0.00054859,-0.00024995,-2.57E-05,0.0014281,-0.00047184,0.0033563,0.0120072,0.0804,0.655248,9.62607E-05,-0.00609938,0.00744705,0.19266,1.98041E-05,-9.0232E-06,-9.27842E-07,5.15544E-05,-1.70334E-05,0.000121162
0.0030644,0.13258,0.67,5.4604,-0.041243,0.03101,1.0381,0.00045643,-0.00020561,2.96E-05,0.0014113,-0.00069714,0.0042611,0.0159096,0.0804,0.655248,0.000110625,-0.00783617,0.0058919,0.197239,1.64771E-05,-7.42252E-06,1.06852E-06,5.09479E-05,-2.51668E-05,0.000153826
0.0026127,0.16379,0.67,5.4604,-0.042793,0.017753,1.0529,0.0005118,-7.64E-05,-0.00010161,0.00090978,-0.00050973,0.0038038,0.0196548,0.0804,0.655248,9.43185E-05,-0.00813067,0.00337307,0.200051,1.8476E-05,-2.75865E-06,-3.66812E-06,3.28431E-05,-1.84013E-05,0.000137317
0.0022825,0.19372,0.67,5.4604,-0.042225,0.014709,1.0593,0.00070024,1.67E-05,-0.00027523,0.00096995,-0.00037699,0.0028948,0.0232464,0.0804,0.655248,8.23983E-05,-0.00802275,0.00279471,0.201267,2.52787E-05,6.02834E-07,-9.9358E-06,3.50152E-05,-1.36093E-05,0.000104502
0.0035256,0.22242,0.67,5.4604,-0.042865,0.02151,1.0632,0.00098946,3.78E-05,-0.00084539,0.0011522,-0.00063207,0.0049096,0.0266904,0.0804,0.655248,0.000127274,-0.00814435,0.0040869,0.202008,3.57195E-05,1.36324E-06,-3.05186E-05,4.15944E-05,-2.28177E-05,0.000177237
0.0033274,0.24993,0.67,5.4604,-0.045824,0.025174,1.0686,0.0012522,7.46E-05,-0.0011377,0.0011596,-0.00028106,0.0042431,0.0299916,0.0804,0.655248,0.000120119,-0.00870656,0.00478306,0.203034,4.52044E-05,2.69422E-06,-4.1071E-05,4.18616E-05,-1.01463E-05,0.000153176
0.0022492,0.27629,0.67,5.4604,-0.050754,0.025683,1.0704,0.0012754,0.00015768,-0.00093328,0.0011303,-0.0001851,0.0020928,0.0331548,0.0804,0.655248,8.11961E-05,-0.00964326,0.00487977,0.203376,4.60419E-05,5.69225E-06,-3.36914E-05,4.08038E-05,-6.68211E-06,7.55501E-05
0.0029029,0.30154,0.67,5.4604,-0.05488,0.024047,1.0687,0.0012632,4.37E-05,-0.0008135,0.0016447,-0.0008121,0.002898,0.0361848,0.0804,0.655248,0.000104795,-0.0104272,0.00456893,0.203053,4.56015E-05,1.57706E-06,-2.93674E-05,5.93737E-05,-2.93168E-05,0.000104618
0.0038579,0.32572,0.67,5.4604,-0.058405,0.016802,1.0738,0.0014,4.36E-06,-0.00088807,0.0019268,-0.0013704,0.0043889,0.0390864,0.0804,0.655248,0.00013927,-0.01109695,0.00319238,0.204022,0.00005054,1.57558E-07,-3.20593E-05,6.95575E-05,-4.94714E-05,0.000158439
0.003372,0.34887,0.67,5.4604,-0.061934,0.013935,1.0793,0.001505,5.45E-05,-0.00055898,0.0014509,-0.001136,0.0037881,0.0418644,0.0804,0.655248,0.000121729,-0.01176746,0.00264765,0.205067,5.43305E-05,1.96673E-06,-2.01792E-05,5.23775E-05,-4.10096E-05,0.00013675
0.0023535,0.37102,0.67,5.4604,-0.064914,0.019994,1.0763,0.0014494,0.00016094,-0.00018768,0.0011977,-0.00052423,0.0020599,0.0445224,0.0804,0.655248,8.49614E-05,-0.01233366,0.00379886,0.204497,5.23233E-05,5.80993E-06,-6.77525E-06,4.3237E-05,-1.89247E-05,7.43624E-05
0.0021557,0.39221,0.67,5.4604,-0.068557,0.029244,1.075,0.0013334,0.000182,-0.0002817,0.0011732,-0.00039724,0.0018049,0.0470652,0.0804,0.655248,7.78208E-05,-0.01302583,0.00555636,0.20425,4.81357E-05,6.5702E-06,-1.01694E-05,4.23525E-05,-1.43404E-05,6.51569E-05
0.0021139,0.41248,0.67,5.4604,-0.073066,0.03508,1.0712,0.0013094,0.00013483,-0.00016089,0.0011251,-0.00062311,0.0017934,0.0494976,0.0804,0.655248,7.63118E-05,-0.01388254,0.0066652,0.203528,4.72693E-05,4.86736E-06,-5.80813E-06,4.06161E-05,-2.24943E-05,6.47417E-05
0.0027316,0.43187,0.67,5.4604,-0.076221,0.03717,1.068,0.0014359,0.0002745,-0.00053366,0.0012198,-0.00092966,0.0028074,0.0518244,0.0804,0.655248,9.86108E-05,-0.01448199,0.0070623,0.20292,5.1836E-05,9.90945E-06,-1.92651E-05,4.40348E-05,-3.35607E-05,0.000101347
0.0033161,0.4504,0.67,5.4604,-0.077657,0.038817,1.06,0.0016415,0.00046881,-0.00072772,0.0014601,-0.0012322,0.0035305,0.054048,0.0804,0.655248,0.000119711,-0.01475483,0.00737523,0.2014,5.92582E-05,1.6924E-05,-2.62707E-05,5.27096E-05,-4.44824E-05,0.000127451
0.003818,0.46812,0.67,5.4604,-0.079191,0.038629,1.0589,0.0017,0.00048557,-0.00049901,0.0017124,-0.0017059,0.0042236,0.0561744,0.0804,0.655248,0.00013783,-0.01504629,0.00733951,0.201191,0.00006137,1.75291E-05,-1.80143E-05,6.18176E-05,-6.1583E-05,0.000152472
0.0036564,0.48504,0.67,5.4604,-0.082212,0.038341,1.0613,0.0015582,0.00026478,-0.00017768,0.0018001,-0.0015783,0.0039546,0.0582048,0.0804,0.655248,0.000131996,-0.01562028,0.00728479,0.201647,5.6251E-05,9.55856E-06,-6.41425E-06,6.49836E-05,-5.69766E-05,0.000142761
0.0028289,0.50122,0.67,5.4604,-0.086299,0.035899,1.0631,0.0013608,3.97E-05,0.00010009,0.0017467,-0.0011431,0.0025503,0.0601464,0.0804,0.655248,0.000102123,-0.01639681,0.00682081,0.201989,4.91249E-05,1.43173E-06,3.61325E-06,6.30559E-05,-4.12659E-05,9.20658E-05
0.0024603,0.51667,0.67,5.4604,-0.090092,0.032572,1.0633,0.0011953,-0.00012,9.41E-05,0.0015561,-0.00097488,0.0021692,0.0620004,0.0804,0.655248,8.88168E-05,-0.01711748,0.00618868,0.202027,4.31503E-05,-0.000004332,3.39661E-06,5.61752E-05,-3.51932E-05,7.83081E-05
0.0023169,0.53142,0.67,5.4604,-0.092844,0.030108,1.0669,0.0010777,-0.00019739,-6.92E-05,0.0014038,-0.00079188,0.0021524,0.0637704,0.0804,0.655248,8.36401E-05,-0.01764036,0.00572052,0.202711,3.8905E-05,-7.12578E-06,-2.49682E-06,5.06772E-05,-2.85869E-05,7.77016E-05
0.0022367,0.54551,0.67,5.4604,-0.095189,0.027095,1.0706,0.0010148,-0.00016023,-0.0002541,0.0013039,-0.00043512,0.0021547,0.0654612,0.0804,0.655248,8.07449E-05,-0.01808591,0.00514805,0.203414,3.66343E-05,-5.7843E-06,-9.17301E-06,4.70708E-05,-1.57078E-05,7.77847E-05
0.0021606,0.55896,0.67,5.4604,-0.097677,0.023239,1.0705,0.0010463,-9.33E-05,-0.00045987,0.0013046,-7.66E-05,0.0019703,0.0670752,0.0804,0.655248,7.79977E-05,-0.01855863,0.00441541,0.203395,3.77714E-05,-3.36827E-06,-1.66013E-05,4.70961E-05,-2.76537E-06,7.11278E-05
0.0022908,0.5718,0.67,5.4604,-0.099763,0.019247,1.072,0.0011797,1.55E-05,-0.00069092,0.0014706,-6.95E-05,0.0019312,0.068616,0.0804,0.655248,8.26979E-05,-0.01895497,0.00365693,0.20368,4.25872E-05,5.60886E-07,-2.49422E-05,5.30887E-05,-2.50863E-06,6.97163E-05
0.00245,0.58405,0.67,5.4604,-0.10103,0.016992,1.0728,0.0013834,0.00019609,-0.00093707,0.0016137,-0.00019246,0.0019028,0.070086,0.0804,0.655248,0.000088445,-0.0191957,0.00322848,0.203832,4.99407E-05,7.07885E-06,-3.38282E-05,5.82546E-05,-6.94781E-06,6.86911E-05
0.002684,0.59575,0.67,5.4604,-0.10198,0.015465,1.072,0.0016034,0.00036771,-0.001175,0.001714,-0.00026864,0.0020506,0.07149,0.0804,0.655248,9.68924E-05,-0.0193762,0.00293835,0.20368,5.78827E-05,1.32743E-05,-4.24175E-05,6.18754E-05,-9.6979E-06,7.40267E-05
0.0029053,0.6069,0.67,5.4604,-0.10334,0.012605,1.0714,0.0017844,0.00045823,-0.0013157,0.0017875,-0.00025751,0.0022387,0.072828,0.0804,0.655248,0.000104881,-0.0196346,0.00239495,0.203566,6.44168E-05,1.65421E-05,-4.74968E-05,6.45288E-05,-9.29611E-06,8.08171E-05
0.0029505,0.61755,0.67,5.4604,-0.1052,0.0081008,1.0707,0.0018862,0.00048084,-0.001326,0.0017382,-0.00019776,0.0022766,0.074106,0.0804,0.655248,0.000106513,-0.019988,0.001539152,0.203433,6.80918E-05,1.73583E-05,-4.78686E-05,6.2749E-05,-7.13914E-06,8.21853E-05
0.0028295,0.6277,0.67,5.4604,-0.10739,0.0031382,1.0723,0.0018927,0.00045281,-0.0012485,0.0016183,-0.00017863,0.0021481,0.075324,0.0804,0.655248,0.000102145,-0.0204041,0.000596258,0.203737,6.83265E-05,1.63464E-05,-4.50709E-05,5.84206E-05,-6.44854E-06,7.75464E-05
0.0026222,0.63738,0.67,5.4604,-0.10982,-0.0012729,1.0774,0.0018063,0.00040147,-0.0011245,0.0014742,-0.00025633,0.0019639,0.0764856,0.0804,0.655248,9.46614E-05,-0.0208658,-0.000241851,0.204706,6.52074E-05,1.44931E-05,-4.05945E-05,5.32186E-05,-9.25351E-06,7.08968E-05
0.002431,0.64661,0.67,5.4604,-0.11241,-0.0046692,1.0831,0.0016519,0.00032782,-0.00098032,0.0013289,-0.00036202,0.0018813,0.0775932,0.0804,0.655248,8.77591E-05,-0.0213579,-0.000887148,0.205789,5.96336E-05,1.18343E-05,-3.53896E-05,4.79733E-05,-1.30689E-05,6.79149E-05
0.0022311,0.65542,0.67,5.4604,-0.11514,-0.0070887,1.0885,0.0014661,0.00023922,-0.00083441,0.0012045,-0.00045076,0.0017916,0.0786504,0.0804,0.655248,8.05427E-05,-0.0218766,-0.001346853,0.206815,5.29262E-05,8.63584E-06,-3.01222E-05,4.34825E-05,-1.62724E-05,6.46768E-05
0.0020076,0.66381,0.67,5.4604,-0.11793,-0.0087047,1.0928,0.0012676,0.00015123,-0.00066584,0.0011072,-0.00053105,0.0016403,0.0796572,0.0804,0.655248,7.24744E-05,-0.0224067,-0.001653893,0.207632,4.57604E-05,5.4594E-06,-2.40368E-05,3.99699E-05,-1.91709E-05,5.92148E-05
0.0017625,0.67207,0.67,5.4604,-0.1207,-0.0097941,1.0956,0.0010704,6.88E-05,-0.00044638,0.0010385,-0.00057904,0.0014162,0.0806484,0.0804,0.655248,6.36263E-05,-0.022933,-0.001860879,0.208164,3.86414E-05,2.48278E-06,-1.61143E-05,3.74899E-05,-2.09033E-05,5.11248E-05
0.001568,0.68032,0.67,5.4604,-0.12343,-0.01077,1.0982,0.00091012,-1.79E-06,-0.00023374,0.00097962,-0.00059938,0.0012463,0.0816384,0.0804,0.655248,5.66048E-05,-0.0234517,-0.0020463,0.208658,3.28553E-05,-6.44746E-08,-8.43801E-06,3.53643E-05,-2.16376E-05,4.49914E-05
0.0014753,0.68858,0.67,5.4604,-0.12608,-0.011735,1.101,0.00081061,-5.68E-05,-9.23E-05,0.00090891,-0.00061936,0.0012311,0.0826296,0.0804,0.655248,5.32583E-05,-0.0239552,-0.00222965,0.20919,2.9263E-05,-2.05124E-06,-3.33365E-06,3.28117E-05,-2.23589E-05,4.44427E-05
0.0014815,0.69683,0.67,5.4604,-0.12846,-0.012701,1.1032,0.00077089,-0.0001062,-1.95E-05,0.00082323,-0.00063356,0.0013689,0.0836196,0.0804,0.655248,5.34822E-05,-0.0244074,-0.00241319,0.209608,2.78291E-05,-3.83382E-06,-7.0478E-07,2.97186E-05,-2.28715E-05,4.94173E-05
0.0015179,0.70509,0.67,5.4604,-0.13053,-0.013872,1.1038,0.00077943,-0.00015386,3.36E-05,0.00075831,-0.00063093,0.001498,0.0846108,0.0804,0.655248,5.47962E-05,-0.0248007,-0.00263568,0.209722,2.81374E-05,-5.55435E-06,1.21303E-06,2.7375E-05,-2.27766E-05,5.40778E-05
0.0015424,0.71335,0.67,5.4604,-0.1323,-0.015324,1.1029,0.00081067,-0.00019174,7.45E-05,0.0007425,-0.00062639,0.0015316,0.085602,0.0804,0.655248,5.56806E-05,-0.025137,-0.00291156,0.209551,2.92652E-05,-6.92181E-06,2.69017E-06,2.68043E-05,-2.26127E-05,5.52908E-05
0.0015777,0.7216,0.67,5.4604,-0.13364,-0.016584,1.1007,0.00084677,-0.00021889,9.47E-05,0.00078236,-0.00063235,0.0015263,0.086592,0.0804,0.655248,5.6955E-05,-0.0253916,-0.00315096,0.209133,3.05684E-05,-7.90193E-06,3.4199E-06,2.82432E-05,-2.28278E-05,5.50994E-05
0.0016287,0.72986,0.67,5.4604,-0.13446,-0.017158,1.0972,0.00088389,-0.0002323,9.79E-05,0.00086907,-0.00064163,0.0015045,0.0875832,0.0804,0.655248,5.87961E-05,-0.0255474,-0.00326002,0.208468,3.19084E-05,-8.38603E-06,3.53336E-06,3.13734E-05,-2.31628E-05,5.43125E-05
0.0016985,0.73811,0.67,5.4604,-0.13501,-0.016904,1.0922,0.0009171,-0.00022703,8.92E-05,0.00099431,-0.00065556,0.0014856,0.0885732,0.0804,0.655248,6.13159E-05,-0.0256519,-0.00321176,0.207518,3.31073E-05,-8.19578E-06,3.2212E-06,3.58946E-05,-2.36657E-05,5.36302E-05
0.0017856,0.74637,0.67,5.4604,-0.1355,-0.015898,1.0864,0.00094662,-0.00021098,6.55E-05,0.0011373,-0.00067381,0.0014873,0.0895644,0.0804,0.655248,6.44602E-05,-0.025745,-0.00302062,0.206416,3.4173E-05,-7.61638E-06,2.36329E-06,4.10565E-05,-2.43245E-05,5.36915E-05
0.0018968,0.75463,0.67,5.4604,-0.13585,-0.014309,1.0804,0.00098454,-0.00019522,1.90E-05,0.0012802,-0.00070419,0.0015289,0.0905556,0.0804,0.655248,6.84745E-05,-0.0258115,-0.00271871,0.205276,3.55419E-05,-7.04744E-06,6.86008E-07,4.62152E-05,-2.54213E-05,5.51933E-05
0.0020262,0.76288,0.67,5.4604,-0.13615,-0.012236,1.0745,0.0010372,-0.00018509,-5.33E-05,0.00142,-0.00075383,0.0015951,0.0915456,0.0804,0.655248,7.31458E-05,-0.0258685,-0.00232484,0.204155,3.74429E-05,-6.68175E-06,-1.92297E-06,0.000051262,-2.72133E-05,5.75831E-05
0.0021668,0.77114,0.67,5.4604,-0.13655,-0.0096097,1.0687,0.0010853,-0.00018339,-0.00011206,0.0015637,-0.00082364,0.0016846,0.0925368,0.0804,0.655248,7.82215E-05,-0.0259445,-0.001825843,0.203053,3.91793E-05,-6.62038E-06,-4.04537E-06,5.64496E-05,-2.97334E-05,6.08141E-05
0.0023376,0.7794,0.67,5.4604,-0.13675,-0.0065039,1.0625,0.001113,-0.00018423,-0.00011962,0.0017224,-0.00091684,0.0018399,0.093528,0.0804,0.655248,8.43874E-05,-0.0259825,-0.001235741,0.201875,4.01793E-05,-6.6507E-06,-4.31828E-06,6.21786E-05,-3.30979E-05,6.64204E-05
0.0025426,0.78765,0.67,5.4604,-0.13667,-0.0031869,1.0562,0.0011282,-0.00018753,-8.25E-05,0.00189,-0.0010332,0.0020671,0.094518,0.0804,0.655248,9.17879E-05,-0.0259673,-0.000605511,0.200678,4.0728E-05,-6.76983E-06,-2.9793E-06,0.000068229,-3.72985E-05,7.46223E-05
0.0027452,0.79591,0.67,5.4604,-0.13675,-5.87E-05,1.0501,0.0011377,-0.00020673,-4.90E-06,0.0020344,-0.0011411,0.0023182,0.0955092,0.0804,0.655248,9.91017E-05,-0.0259825,-1.11469E-05,0.199519,4.1071E-05,-7.46295E-06,-1.76818E-07,7.34418E-05,-4.11937E-05,8.3687E-05
0.0029322,0.80416,0.67,5.4604,-0.13709,0.0026865,1.0445,0.0011498,-0.00025837,0.00010546,0.0021389,-0.0012178,0.0025756,0.0964992,0.0804,0.655248,0.000105852,-0.0260471,0.000510435,0.198455,4.15078E-05,-9.32716E-06,3.80711E-06,7.72143E-05,-4.39626E-05,9.29792E-05
0.0031058,0.81242,0.67,5.4604,-0.13761,0.0052419,1.0393,0.0011691,-0.00036096,0.00024485,0.0022426,-0.0012696,0.0027998,0.0974904,0.0804,0.655248,0.000112119,-0.0261459,0.000995961,0.197467,4.22045E-05,-1.30307E-05,8.83909E-06,8.09579E-05,-4.58326E-05,0.000101073
0.0032434,0.82068,0.67,5.4604,-0.13853,0.0077374,1.0346,0.0011847,-0.00051248,0.00040434,0.0023902,-0.0012913,0.0029118,0.0984816,0.0804,0.655248,0.000117087,-0.0263207,0.001470106,0.196574,4.27677E-05,-1.85005E-05,1.45967E-05,8.62862E-05,-4.66159E-05,0.000105116
0.0033128,0.82893,0.67,5.4604,-0.13979,0.0098741,1.0305,0.0011996,-0.00066703,0.0005462,0.0025391,-0.0012698,0.002887,0.0994716,0.0804,0.655248,0.000119592,-0.0265601,0.001876079,0.195795,4.33056E-05,-2.40798E-05,1.97178E-05,9.16615E-05,-4.58398E-05,0.000104221
0.0033078,0.83719,0.67,5.4604,-0.14114,0.011251,1.0266,0.0012336,-0.00076963,0.00065042,0.0025834,-0.0012089,0.0027987,0.1004628,0.0804,0.655248,0.000119412,-0.0268166,0.00213769,0.195054,4.4533E-05,-2.77836E-05,2.34802E-05,9.32607E-05,-4.36413E-05,0.000101033
0.0032343,0.84544,0.67,5.4604,-0.14244,0.011995,1.0221,0.0012893,-0.00080185,0.0007243,0.0024828,-0.0011249,0.0026965,0.1014528,0.0804,0.655248,0.000116758,-0.0270636,0.00227905,0.194199,4.65437E-05,-2.89468E-05,2.61472E-05,8.96291E-05,-4.06089E-05,9.73437E-05
0.0031337,0.8537,0.67,5.4604,-0.14352,0.012612,1.0161,0.0013621,-0.00078372,0.00076374,0.002299,-0.0010488,0.0026063,0.102444,0.0804,0.655248,0.000113127,-0.0272688,0.00239628,0.193059,4.91718E-05,-2.82923E-05,2.7571E-05,8.29939E-05,-3.78617E-05,9.40874E-05
0.0030274,0.86196,0.67,5.4604,-0.14427,0.013183,1.0088,0.0014553,-0.00074531,0.0007797,0.0020992,-0.0010011,0.0025004,0.1034352,0.0804,0.655248,0.000109289,-0.0274113,0.00250477,0.191672,5.25363E-05,-2.69057E-05,2.81472E-05,7.57811E-05,-3.61397E-05,9.02644E-05
0.0029056,0.87021,0.67,5.4604,-0.1447,0.013249,1.0015,0.0015609,-0.00068486,0.00080468,0.0019032,-0.00095499,0.0023471,0.1044252,0.0804,0.655248,0.000104892,-0.027493,0.00251731,0.190285,5.63485E-05,-2.47234E-05,2.90489E-05,6.87055E-05,-3.44751E-05,8.47303E-05
0.0027665,0.87847,0.67,5.4604,-0.14498,0.012678,0.99585,0.001661,-0.00059072,0.00083882,0.0017275,-0.00088773,0.0021445,0.1054164,0.0804,0.655248,9.98707E-05,-0.0275462,0.00240882,0.1892115,5.99621E-05,-2.1325E-05,3.02814E-05,6.23628E-05,-3.20471E-05,7.74165E-05
0.0026676,0.88672,0.67,5.4604,-0.1451,0.012064,0.99198,0.001765,-0.00049342,0.00085051,0.0016037,-0.00082018,0.0019663,0.1064064,0.0804,0.655248,9.63004E-05,-0.027569,0.00229216,0.1884762,6.37165E-05,-1.78125E-05,3.07034E-05,5.78936E-05,-2.96085E-05,7.09834E-05
0.002617,0.89498,0.67,5.4604,-0.14479,0.01192,0.98831,0.001886,-0.00042884,0.00081122,0.0015322,-0.00078701,0.0018158,0.1073976,0.0804,0.655248,9.44737E-05,-0.0275101,0.0022648,0.1877789,6.80846E-05,-1.54811E-05,2.9285E-05,5.53124E-05,-2.84111E-05,6.55504E-05
0.0025936,0.90324,0.67,5.4604,-0.14425,0.012016,0.98384,0.0020053,-0.00039144,0.00074746,0.0014757,-0.00078046,0.0017063,0.1083888,0.0804,0.655248,9.3629E-05,-0.0274075,0.00228304,0.1869296,7.23913E-05,-1.4131E-05,2.69833E-05,5.32728E-05,-2.81746E-05,6.15974E-05
0.0025837,0.91149,0.67,5.4604,-0.14363,0.011773,0.9787,0.0021041,-0.00036943,0.00070334,0.0014134,-0.00078775,0.0016498,0.1093788,0.0804,0.655248,9.32716E-05,-0.0272897,0.00223687,0.185953,7.5958E-05,-1.33364E-05,2.53906E-05,5.10237E-05,-2.84378E-05,5.95578E-05
0.0026184,0.91975,0.67,5.4604,-0.14287,0.010674,0.97348,0.0022122,-0.00036513,0.00068866,0.0013473,-0.00082002,0.0016774,0.11037,0.0804,0.655248,9.45242E-05,-0.0271453,0.00202806,0.1849612,7.98604E-05,-1.31812E-05,2.48606E-05,4.86375E-05,-2.96027E-05,6.05541E-05
0.0027024,0.92801,0.67,5.4604,-0.1421,0.0084031,0.96841,0.0023553,-0.00036449,0.00068782,0.0012801,-0.00088709,0.0017694,0.1113612,0.0804,0.655248,9.75566E-05,-0.026999,0.001596589,0.1839979,8.50263E-05,-1.31581E-05,2.48303E-05,4.62116E-05,-3.20239E-05,6.38753E-05
0.0028569,0.93626,0.67,5.4604,-0.14125,0.0053866,0.96274,0.0025078,-0.00035297,0.00072963,0.001232,-0.00097716,0.0019741,0.1123512,0.0804,0.655248,0.000103134,-0.0268375,0.001023454,0.1829206,9.05316E-05,-1.27422E-05,2.63396E-05,4.44752E-05,-3.52755E-05,7.1265E-05
0.0030604,0.94452,0.67,5.4604,-0.14029,0.0025381,0.95584,0.0026603,-0.00034133,0.00082227,0.0012159,-0.0010491,0.0022446,0.1133424,0.0804,0.655248,0.00011048,-0.0266551,0.000482239,0.1816096,9.60368E-05,-1.2322E-05,2.96839E-05,4.3894E-05,-3.78725E-05,8.10301E-05
0.0032326,0.95277,0.67,5.4604,-0.13924,0.00045269,0.94778,0.0028275,-0.00033042,0.00093293,0.0012081,-0.0010469,0.0024297,0.1143324,0.0804,0.655248,0.000116697,-0.0264556,8.60111E-05,0.1800782,0.000102073,-1.19282E-05,3.36788E-05,4.36124E-05,-3.77931E-05,8.77122E-05
0.0032947,0.96103,0.67,5.4604,-0.13801,-0.00051794,0.93882,0.0030013,-0.00031096,0.0010233,0.0011803,-0.00094297,0.0024078,0.1153236,0.0804,0.655248,0.000118939,-0.0262219,-9.84086E-05,0.1783758,0.000108347,-1.12257E-05,3.69411E-05,4.26088E-05,-3.40412E-05,8.69216E-05
0.0032221,0.96929,0.67,5.4604,-0.13701,-0.00036906,0.92935,0.0031417,-0.00027713,0.0010486,0.0011286,-0.00076533,0.0021738,0.1163148,0.0804,0.655248,0.000116318,-0.0260319,-7.01214E-05,0.1765765,0.000113415,-1.00044E-05,3.78545E-05,4.07425E-05,-2.76284E-05,7.84742E-05
0.003122,0.97754,0.67,5.4604,-0.13626,0.00033824,0.91959,0.0032486,-0.00021823,0.0010321,0.001068,-0.00056682,0.0019275,0.1173048,0.0804,0.655248,0.000112704,-0.0258894,6.42656E-05,0.1747221,0.000117274,-7.8781E-06,3.72588E-05,3.85548E-05,-2.04622E-05,6.95828E-05
0.0030568,0.9858,0.67,5.4604,-0.13499,0.0011384,0.9096,0.0033373,-0.00012779,0.00097569,0.0010304,-0.00040022,0.0017458,0.118296,0.0804,0.655248,0.00011035,-0.0256481,0.000216296,0.172824,0.000120477,-4.61322E-06,3.52224E-05,3.71974E-05,-1.44479E-05,6.30234E-05
0.0030515,0.99405,0.67,5.4604,-0.1335,0.0020364,0.90037,0.0034156,-2.05E-05,0.00088999,0.001057,-0.00030151,0.0016305,0.119286,0.0804,0.655248,0.000110159,-0.025365,0.000386916,0.1710703,0.000123303,-7.39292E-07,3.21286E-05,3.81577E-05,-1.08845E-05,5.88611E-05
0.0030937,1.0023,0.67,5.4604,-0.13213,0.003159,0.89263,0.0034896,8.95E-05,0.00080085,0.0011692,-0.00027873,0.0015286,0.120276,0.0804,0.655248,0.000111683,-0.0251047,0.00060021,0.1695997,0.000125975,3.22918E-06,2.89107E-05,4.22081E-05,-1.00622E-05,5.51825E-05
0.0032199,1.0106,0.67,5.4604,-0.13036,0.0044593,0.88627,0.0035727,0.00021145,0.00071832,0.0013509,-0.00030696,0.0015161,0.121272,0.0804,0.655248,0.000116238,-0.0247684,0.000847267,0.1683913,0.000128974,7.63335E-06,2.59314E-05,4.87675E-05,-1.10813E-05,5.47312E-05
0.0033948,1.0188,0.67,5.4604,-0.1281,0.0057755,0.88122,0.0036708,0.00034752,0.00065929,0.0015437,-0.00033619,0.0015751,0.122256,0.0804,0.655248,0.000122552,-0.024339,0.001097345,0.1674318,0.000132516,1.25455E-05,2.38004E-05,5.57276E-05,-1.21365E-05,5.68611E-05
0.0035554,1.0271,0.67,5.4604,-0.12558,0.0068875,0.87679,0.0037487,0.00046677,0.00059347,0.001678,-0.00035473,0.0016841,0.123252,0.0804,0.655248,0.00012835,-0.0238602,0.001308625,0.1665901,0.000135328,1.68504E-05,2.14243E-05,6.05758E-05,-1.28058E-05,6.0796E-05
0.0036889,1.0353,0.67,5.4604,-0.12312,0.0075955,0.87239,0.0038045,0.00053618,0.00050668,0.0017156,-0.00038459,0.0018576,0.124236,0.0804,0.655248,0.000133169,-0.0233928,0.001443145,0.1657541,0.000137342,1.93561E-05,1.82911E-05,6.19332E-05,-1.38837E-05,6.70594E-05
0.0037546,1.0436,0.67,5.4604,-0.12106,0.0077408,0.8676,0.0038315,0.00053236,0.00038881,0.001651,-0.00043436,0.0020267,0.125232,0.0804,0.655248,0.000135541,-0.0230014,0.001470752,0.164844,0.000138317,1.92182E-05,1.4036E-05,5.96011E-05,-1.56804E-05,7.31639E-05
0.0037727,1.0518,0.67,5.4604,-0.11932,0.0073184,0.86216,0.0038035,0.00045223,0.00026247,0.0015131,-0.00049914,0.0022287,0.126216,0.0804,0.655248,0.000136194,-0.0226708,0.001390496,0.1638104,0.000137306,1.63255E-05,9.47517E-06,5.46229E-05,-1.8019E-05,8.04561E-05
0.003757,1.0601,0.67,5.4604,-0.11776,0.0064923,0.85617,0.0037037,0.00032706,0.00016937,0.0013561,-0.00056837,0.0024542,0.127212,0.0804,0.655248,0.000135628,-0.0223744,0.001233537,0.1626723,0.000133704,1.18069E-05,6.11426E-06,4.89552E-05,-2.05182E-05,8.85966E-05
0.0037741,1.0684,0.67,5.4604,-0.11637,0.0055527,0.84985,0.003532,0.00019197,0.00010402,0.0012338,-0.00066743,0.0027823,0.128208,0.0804,0.655248,0.000136245,-0.0221103,0.001055013,0.1614715,0.000127505,6.93012E-06,3.75512E-06,4.45402E-05,-2.40942E-05,0.000100441
0.0038675,1.0766,0.67,5.4604,-0.1151,0.004904,0.84363,0.0033432,7.72E-05,8.55E-05,0.0011771,-0.00080395,0.0032148,0.129192,0.0804,0.655248,0.000139617,-0.021869,0.00093176,0.1602897,0.00012069,2.78797E-06,3.08626E-06,4.24933E-05,-2.90226E-05,0.000116054
0.0040184,1.0849,0.67,5.4604,-0.11393,0.0047266,0.83763,0.003169,-4.23E-06,8.76E-05,0.0011731,-0.00096479,0.0036947,0.130188,0.0804,0.655248,0.000145064,-0.0216467,0.000898054,0.1591497,0.000114401,-1.52826E-07,3.16063E-06,4.23489E-05,-3.48289E-05,0.000133379
0.0041979,1.0931,0.67,5.4604,-0.11265,0.004908,0.83157,0.0030141,-5.76E-05,0.000104,0.0011785,-0.0011107,0.0042031,0.131172,0.0804,0.655248,0.000151544,-0.0214035,0.00093252,0.1579983,0.000108809,-2.07867E-06,3.7544E-06,4.25439E-05,-4.00963E-05,0.000151732
0.0043272,1.1014,0.67,5.4604,-0.11099,0.0051812,0.82529,0.0028928,-9.17E-05,0.00011938,0.0011684,-0.0012149,0.0045932,0.132168,0.0804,0.655248,0.000156212,-0.0210881,0.000984428,0.1568051,0.00010443,-3.31127E-06,4.30962E-06,4.21792E-05,-4.38579E-05,0.000165815
0.0044254,1.1096,0.67,5.4604,-0.10905,0.0054834,0.81885,0.0028181,-0.00011313,0.0001135,0.0011525,-0.0012992,0.0048802,0.133152,0.0804,0.655248,0.000159757,-0.0207195,0.001041846,0.1555815,0.000101733,-4.08399E-06,4.09735E-06,4.16053E-05,-4.69011E-05,0.000176175
0.0044928,1.1179,0.67,5.4604,-0.10683,0.0061464,0.81221,0.0027634,-0.00010891,0.00010621,0.0011503,-0.0013607,0.0050719,0.134148,0.0804,0.655248,0.00016219,-0.0202977,0.001167816,0.1543199,9.97587E-05,-3.93165E-06,3.83418E-06,4.15258E-05,-4.91213E-05,0.000183096
0.0045451,1.1262,0.67,5.4604,-0.10431,0.0076651,0.80561,0.0026667,-8.21E-05,8.08E-05,0.0011763,-0.0013965,0.0052472,0.135144,0.0804,0.655248,0.000164078,-0.0198189,0.001456369,0.1530659,9.62679E-05,-2.96525E-06,2.91656E-06,4.24644E-05,-5.04137E-05,0.000189424
0.0046156,1.1344,0.67,5.4604,-0.10147,0.010124,0.79961,0.002553,-6.90E-05,0.00010268,0.0012425,-0.0014249,0.0054357,0.136128,0.0804,0.655248,0.000166623,-0.0192793,0.00192356,0.1519259,9.21633E-05,-2.49104E-06,3.70675E-06,4.48543E-05,-5.14389E-05,0.000196229
0.0046941,1.1427,0.67,5.4604,-0.098244,0.012705,0.7945,0.0024736,-7.80E-05,0.00015508,0.0013607,-0.0015033,0.0055538,0.137124,0.0804,0.655248,0.000169457,-0.01866636,0.00241395,0.150955,8.9297E-05,-2.81706E-06,5.59839E-06,4.91213E-05,-5.42691E-05,0.000200492
0.0047502,1.1509,0.67,5.4604,-0.094729,0.0142,0.79003,0.0024194,-8.81E-05,0.00019693,0.0015265,-0.0016585,0.0055545,0.138108,0.0804,0.655248,0.000171482,-0.01799851,0.002698,0.1501057,8.73403E-05,-3.18196E-06,7.10917E-06,5.51067E-05,-5.98719E-05,0.000200517
0.0047504,1.1592,0.67,5.4604,-0.091108,0.014156,0.78627,0.0023643,-7.06E-05,0.00020964,0.0016973,-0.0018175,0.0054393,0.139104,0.0804,0.655248,0.000171489,-0.01731052,0.00268964,0.1493913,8.53512E-05,-2.54877E-06,7.568E-06,6.12725E-05,-6.56118E-05,0.000196359
0.0047098,1.1674,0.67,5.4604,-0.087683,0.0133,0.78376,0.0023077,-3.01E-05,0.00017715,0.0018291,-0.0019249,0.0052827,0.140088,0.0804,0.655248,0.000170024,-0.01665977,0.002527,0.1489144,8.3308E-05,-1.08744E-06,6.39512E-06,6.60305E-05,-6.94889E-05,0.000190705
0.0046926,1.1757,0.67,5.4604,-0.084467,0.012496,0.78274,0.0023059,1.29E-05,0.00012468,0.0018935,-0.0019762,0.0051857,0.141084,0.0804,0.655248,0.000169403,-0.01604873,0.00237424,0.1487206,8.3243E-05,4.64029E-07,4.50095E-06,6.83554E-05,-7.13408E-05,0.000187204
0.0046476,1.1839,0.67,5.4604,-0.081372,0.011987,0.78311,0.0023456,5.08E-05,4.17E-05,0.0018622,-0.0019669,0.0050875,0.142068,0.0804,0.655248,0.000167778,-0.01546068,0.00227753,0.1487909,8.46762E-05,1.83269E-06,1.50671E-06,6.72254E-05,-7.10051E-05,0.000183659
0.0045462,1.1922,0.67,5.4604,-0.078314,0.01173,0.78369,0.002363,6.65E-05,-8.15E-05,0.0017402,-0.0018969,0.0049894,0.143064,0.0804,0.655248,0.000164118,-0.01487966,0.0022287,0.1489011,8.53043E-05,2.40166E-06,-2.94063E-06,6.28212E-05,-6.84781E-05,0.000180117
0.0044806,1.2005,0.67,5.4604,-0.075078,0.011599,0.78374,0.0023886,5.31E-05,-0.00015312,0.0015627,-0.0017852,0.0050098,0.14406,0.0804,0.655248,0.00016175,-0.01426482,0.00220381,0.1489106,8.62285E-05,1.91828E-06,-5.52763E-06,5.64135E-05,-6.44457E-05,0.000180854
0.0043914,1.2087,0.67,5.4604,-0.071528,0.011429,0.78352,0.0024049,2.30E-05,-0.00018875,0.0013855,-0.0016591,0.0049925,0.145044,0.0804,0.655248,0.00015853,-0.01359032,0.00217151,0.1488688,8.68169E-05,8.31708E-07,-6.81388E-06,5.00166E-05,-5.98935E-05,0.000180229
0.0042181,1.217,0.67,5.4604,-0.067754,0.011098,0.78341,0.0023468,-1.02E-05,-0.00022871,0.0012673,-0.0015374,0.0048221,0.14604,0.0804,0.655248,0.000152273,-0.01287326,0.00210862,0.1488479,8.47195E-05,-3.68581E-07,-8.25643E-06,4.57495E-05,-5.55001E-05,0.000174078
0.004016,1.2252,0.67,5.4604,-0.063954,0.010684,0.78431,0.0022664,-2.88E-05,-0.00015731,0.0012287,-0.0014312,0.004537,0.147024,0.0804,0.655248,0.000144978,-0.01215126,0.00202996,0.1490189,8.1817E-05,-1.0395E-06,-5.67889E-06,4.43561E-05,-5.16663E-05,0.000163786
0.0037803,1.2335,0.67,5.4604,-0.060257,0.010259,0.78705,0.0022142,-2.88E-05,-6.72E-06,0.0012423,-0.0013317,0.0041042,0.14802,0.0804,0.655248,0.000136469,-0.01144883,0.00194921,0.1495395,7.99326E-05,-1.04145E-06,-2.42574E-07,4.4847E-05,-4.80744E-05,0.000148162
0.0034655,1.2417,0.67,5.4604,-0.056708,0.0097424,0.79134,0.0021205,-1.39E-05,9.58E-05,0.0012625,-0.0011984,0.003548,0.149004,0.0804,0.655248,0.000125105,-0.01077452,0.001851056,0.1503546,7.65501E-05,-5.01537E-07,3.45856E-06,4.55763E-05,-4.32622E-05,0.000128083
0.003189,1.25,0.67,5.4604,-0.053103,0.0088976,0.79613,0.0019858,1.20E-05,0.00015194,0.0012712,-0.00099397,0.003121,0.15,0.0804,0.655248,0.000115123,-0.01008957,0.001690544,0.1512647,7.16874E-05,4.32731E-07,5.48503E-06,4.58903E-05,-3.58823E-05,0.000112668
0.0030421,1.2583,0.67,5.4604,-0.049181,0.0074013,0.80079,0.001897,2.52E-05,0.00019623,0.00128,-0.00073045,0.0029072,0.150996,0.0804,0.655248,0.00010982,-0.00934439,0.001406247,0.1521501,6.84817E-05,9.08673E-07,7.0839E-06,0.000046208,-2.63692E-05,0.00010495
0.0029721,1.2665,0.67,5.4604,-0.044944,0.005169,0.80496,0.0018531,1.82E-05,0.00019811,0.0012988,-0.00046159,0.0027924,0.15198,0.0804,0.655248,0.000107293,-0.00853936,0.00098211,0.1529424,6.68969E-05,6.5702E-07,7.15177E-06,4.68867E-05,-1.66634E-05,0.000100806
0.0029036,1.2748,0.67,5.4604,-0.040626,0.0024263,0.80812,0.00182,1.14E-05,0.00019503,0.00132,-0.00026078,0.0026671,0.152976,0.0804,0.655248,0.00010482,-0.00771894,0.000460997,0.1535428,0.000065702,4.09807E-07,7.04058E-06,0.000047652,-9.41416E-06,9.62823E-05
0.0028467,1.283,0.67,5.4604,-0.036417,-4.69E-05,0.80999,0.0017868,1.10E-05,0.00020916,0.0013428,-0.00013512,0.0025639,0.15396,0.0804,0.655248,0.000102766,-0.00691923,-8.91271E-06,0.1538981,6.45035E-05,3.95981E-07,7.55068E-06,4.84751E-05,-4.87783E-06,9.25568E-05
0.0028583,1.2913,0.67,5.4604,-0.032417,-0.0015192,0.81053,0.0017575,-3.35E-06,0.00020055,0.001377,-1.20E-05,0.0025821,0.154956,0.0804,0.655248,0.000103185,-0.00615923,-0.000288648,0.1540007,6.34458E-05,-1.21054E-07,7.23986E-06,4.97097E-05,-4.31973E-07,9.32138E-05
0.0029129,1.2995,0.67,5.4604,-0.028648,-0.002076,0.80987,0.0017475,-3.14E-05,0.00015611,0.0014049,0.0001347,0.0026734,0.15594,0.0804,0.655248,0.000105156,-0.00544312,-0.00039444,0.1538753,6.30848E-05,-1.13365E-06,5.63557E-06,5.07169E-05,4.86267E-06,9.65097E-05
0.0029059,1.3078,0.67,5.4604,-0.024969,-0.0022061,0.80863,0.0017383,-5.80E-05,0.00013418,0.0013837,0.00027302,0.0026898,0.156936,0.0804,0.655248,0.000104903,-0.00474411,-0.000419159,0.1536397,6.27526E-05,-2.09427E-06,4.8439E-06,4.99516E-05,9.85602E-06,9.71018E-05
0.0028047,1.316,0.67,5.4604,-0.021134,-0.0022485,0.807,0.0016796,-7.77E-05,0.00013202,0.0012815,0.00037215,0.0026484,0.15792,0.0804,0.655248,0.00010125,-0.00401546,-0.000427215,0.15333,6.06336E-05,-2.80674E-06,4.76592E-06,4.62622E-05,1.34346E-05,9.56072E-05
0.0027092,1.3243,0.67,5.4604,-0.017189,-0.0022301,0.80506,0.0016,-8.86E-05,9.66E-05,0.001112,0.00042204,0.0027064,0.158916,0.0804,0.655248,9.78021E-05,-0.00326591,-0.000423719,0.1529614,0.00005776,-3.20016E-06,3.48903E-06,4.01432E-05,1.52356E-05,9.7701E-05
0.0025446,1.3326,0.67,5.4604,-0.013307,-0.0021434,0.80293,0.0015579,-9.01E-05,6.20E-05,0.0009339,0.00043004,0.0025975,0.159912,0.0804,0.655248,9.18601E-05,-0.00252833,-0.000407246,0.1525567,5.62402E-05,-3.25081E-06,2.23676E-06,3.37138E-05,1.55244E-05,9.37698E-05
0.0023384,1.3408,0.67,5.4604,-0.0093933,-0.0020833,0.80035,0.0015027,-8.35E-05,7.68E-05,0.00078999,0.00039499,0.002384,0.160896,0.0804,0.655248,8.44162E-05,-0.001784727,-0.000395827,0.1520665,5.42475E-05,-3.01417E-06,2.77212E-06,2.85186E-05,1.42591E-05,8.60624E-05
0.0022303,1.3491,0.67,5.4604,-0.0053051,-0.002271,0.79772,0.001432,-7.51E-05,8.59E-05,0.00069071,0.00032571,0.002338,0.161892,0.0804,0.655248,8.05138E-05,-0.001007969,-0.00043149,0.1515668,5.16952E-05,-2.71014E-06,3.10258E-06,2.49346E-05,1.17581E-05,8.44018E-05
0.0021064,1.3573,0.67,5.4604,-0.0011364,-0.0027781,0.79555,0.0014102,-6.30E-05,3.05E-05,0.00063073,0.00024364,0.0021719,0.162876,0.0804,0.655248,7.6041E-05,-0.000215916,-0.000527839,0.1511545,5.09082E-05,-2.2756E-06,1.10047E-06,2.27694E-05,8.7954E-06,7.84056E-05
0.0019204,1.3656,0.67,5.4604,0.0031653,-0.0035229,0.79404,0.0013333,-4.77E-05,-2.02E-07,0.00059625,0.0001597,0.0019112,0.163872,0.0804,0.655248,6.93264E-05,0.000601407,-0.000669351,0.1508676,4.81321E-05,-1.72017E-06,-7.27487E-09,2.15246E-05,5.76517E-06,6.89943E-05
0.0018766,1.3738,0.67,5.4604,0.0075568,-0.0044585,0.79388,0.00123,-4.47E-05,-3.30E-05,0.00057929,0.00010175,0.001944,0.164856,0.0804,0.655248,6.77453E-05,0.001435792,-0.000847115,0.1508372,0.000044403,-1.61237E-06,-1.19181E-06,2.09124E-05,3.67318E-06,7.01784E-05
0.00186,1.3821,0.67,5.4604,0.011781,-0.0052607,0.79524,0.0012248,-4.03E-05,-8.81E-05,0.00057627,5.74E-05,0.001919,0.165852,0.0804,0.655248,0.000067146,0.00223839,-0.000999533,0.1510956,4.42153E-05,-1.45375E-06,-3.1803E-06,2.08033E-05,2.07265E-06,6.92759E-05
0.0017775,1.3903,0.67,5.4604,0.015952,-0.0057203,0.79704,0.0011991,-3.56E-05,-6.74E-05,0.00059461,1.40E-05,0.0017613,0.166836,0.0804,0.655248,6.41678E-05,0.00303088,-0.001086857,0.1514376,4.32875E-05,-1.28379E-06,-2.43491E-06,2.14654E-05,5.05544E-07,6.35829E-05
0.0018818,1.3986,0.67,5.4604,0.020152,-0.0058364,0.79907,0.0011981,-4.86E-05,-8.67E-05,0.0006406,1.68E-06,0.0019249,0.167832,0.0804,0.655248,6.7933E-05,0.00382888,-0.001108916,0.1518233,4.32514E-05,-1.75471E-06,-3.13063E-06,2.31257E-05,6.07527E-08,6.94889E-05
0.0018966,1.4069,0.67,5.4604,0.024238,-0.0056965,0.80177,0.0012449,-6.24E-05,-9.18E-05,0.00069989,-2.92E-05,0.0018484,0.168828,0.0804,0.655248,6.84673E-05,0.00460522,-0.001082335,0.1523363,4.49409E-05,-2.2521E-06,-3.31506E-06,2.5266E-05,-1.05466E-06,6.67272E-05
0.0019519,1.4151,0.67,5.4604,0.028104,-0.0055272,0.80469,0.0012676,-7.44E-05,-7.34E-05,0.00076959,-5.43E-05,0.0018667,0.169812,0.0804,0.655248,7.04636E-05,0.00533976,-0.001050168,0.1528911,4.57604E-05,-2.68519E-06,-2.64905E-06,2.77822E-05,-1.95944E-06,6.73879E-05
0.0020431,1.4234,0.67,5.4604,0.031787,-0.0054611,0.80865,0.0013174,-9.29E-05,-0.00013809,0.00085591,-5.11E-05,0.0019128,0.170808,0.0804,0.655248,7.37559E-05,0.00603953,-0.001037609,0.1536435,4.75581E-05,-3.35383E-06,-4.98505E-06,3.08984E-05,-1.84301E-06,6.90521E-05
0.0020003,1.4316,0.67,5.4604,0.035351,-0.0055334,0.81385,0.0012906,-0.00011518,-0.00010356,0.00096054,-5.92E-05,0.0017495,0.171792,0.0804,0.655248,7.22108E-05,0.00671669,-0.001051346,0.1546315,4.65907E-05,-4.158E-06,-3.73852E-06,3.46755E-05,-2.13766E-06,6.3157E-05
0.00208,1.4399,0.67,5.4604,0.038821,-0.0058941,0.81984,0.0012326,-0.00014204,-0.00010662,0.001075,-5.39E-05,0.0018524,0.172788,0.0804,0.655248,0.000075088,0.00737599,-0.001119879,0.1557696,4.44969E-05,-5.12764E-06,-3.84898E-06,3.88075E-05,-1.94691E-06,6.68716E-05
0.0021204,1.4481,0.67,5.4604,0.042089,-0.0067923,0.8264,0.0012294,-0.0001726,-0.00017321,0.001186,-5.05E-05,0.0018253,0.173772,0.0804,0.655248,7.65464E-05,0.00799691,-0.001290537,0.157016,4.43813E-05,-6.23086E-06,-6.25288E-06,4.28146E-05,-1.82377E-06,6.58933E-05
0.0021779,1.4564,0.67,5.4604,0.045211,-0.0081216,0.83312,0.0012267,-0.00020051,-0.00019112,0.0012808,-5.08E-05,0.0018482,0.174768,0.0804,0.655248,7.86222E-05,0.00859009,-0.001543104,0.1582928,4.42839E-05,-7.23841E-06,-6.89943E-06,4.62369E-05,-1.8333E-06,6.672E-05
0.0022231,1.4647,0.67,5.4604,0.048244,-0.0096981,0.84058,0.0012465,-0.00021792,-0.00019654,0.0013492,-7.72E-05,0.0018506,0.175764,0.0804,0.655248,8.02539E-05,0.00916636,-0.001842639,0.1597102,4.49987E-05,-7.86691E-06,-7.09509E-06,4.87061E-05,-2.78728E-06,6.68067E-05
0.0022416,1.4729,0.67,5.4604,0.051257,-0.011371,0.8483,0.0012622,-0.00022815,-0.00016802,0.0013921,-0.00012933,0.001829,0.176748,0.0804,0.655248,8.09218E-05,0.00973883,-0.00216049,0.161177,4.55654E-05,-8.23622E-06,-6.06552E-06,5.02548E-05,-4.66881E-06,6.60269E-05
0.0022565,1.4812,0.67,5.4604,0.054236,-0.01311,0.8556,0.0012396,-0.00024556,-0.00013862,0.0014128,-0.00019502,0.0018606,0.177744,0.0804,0.655248,8.14597E-05,0.01030484,-0.0024909,0.162564,4.47496E-05,-8.86472E-06,-5.00418E-06,5.10021E-05,-7.04022E-06,6.71677E-05
0.0022419,1.4894,0.67,5.4604,0.057061,-0.014935,0.86214,0.0011864,-0.00027232,-0.00013302,0.0014124,-0.00028827,0.001885,0.178728,0.0804,0.655248,8.09326E-05,0.01084159,-0.00283765,0.1638066,4.2829E-05,-9.83075E-06,-4.80202E-06,5.09876E-05,-1.04065E-05,6.80485E-05
0.0022364,1.4977,0.67,5.4604,0.059834,-0.016662,0.86765,0.0011266,-0.00029335,-0.00013653,0.001389,-0.00040871,0.0019572,0.179724,0.0804,0.655248,8.0734E-05,0.01136846,-0.00316578,0.1648535,4.06703E-05,-1.05899E-05,-4.92873E-06,5.01429E-05,-1.47544E-05,7.06549E-05
0.0022552,1.5059,0.67,5.4604,0.06261,-0.017789,0.87262,0.0010784,-0.00029737,-0.00011906,0.0013491,-0.0005554,0.0020829,0.180708,0.0804,0.655248,8.14127E-05,0.0118959,-0.00337991,0.1657978,3.89302E-05,-1.07351E-05,-4.29807E-06,4.87025E-05,-2.00499E-05,7.51927E-05
0.0022892,1.5142,0.67,5.4604,0.065453,-0.017806,0.87786,0.0010339,-0.00028402,-7.38E-05,0.0013193,-0.00070751,0.0022251,0.181704,0.0804,0.655248,8.26401E-05,0.01243607,-0.00338314,0.1667934,3.73238E-05,-1.02531E-05,-2.66238E-06,4.76267E-05,-2.55411E-05,8.03261E-05
0.0023461,1.5224,0.67,5.4604,0.068475,-0.016876,0.88392,0.00099461,-0.00026567,1.06E-05,0.0013287,-0.00083911,0.0023689,0.182688,0.0804,0.655248,8.46942E-05,0.01301025,-0.00320644,0.1679448,3.59054E-05,-9.59069E-06,3.81252E-07,4.79661E-05,-3.02919E-05,8.55173E-05
0.0024305,1.5307,0.67,5.4604,0.071638,-0.015475,0.89084,0.0009775,-0.00025825,0.00010788,0.0013787,-0.00093895,0.0025048,0.183684,0.0804,0.655248,8.77411E-05,0.01361122,-0.00294025,0.1692596,3.52878E-05,-9.32283E-06,3.89447E-06,4.97711E-05,-3.38961E-05,9.04233E-05
0.0024865,1.539,0.67,5.4604,0.074682,-0.014303,0.89792,0.00097092,-0.00026571,0.00019953,0.0014355,-0.0010042,0.0025667,0.18468,0.0804,0.655248,8.97627E-05,0.01418958,-0.00271757,0.1706048,3.50502E-05,-9.59213E-06,7.20303E-06,5.18216E-05,-3.62516E-05,9.26579E-05
0.0024904,1.5472,0.67,5.4604,0.077468,-0.013689,0.90437,0.00093784,-0.0002799,0.00025682,0.0014607,-0.0010321,0.0025822,0.185664,0.0804,0.655248,8.99034E-05,0.01471892,-0.00260091,0.1718303,3.3856E-05,-1.01044E-05,9.2712E-06,5.27313E-05,-3.72588E-05,9.32174E-05
0.0024237,1.5555,0.67,5.4604,0.080208,-0.013429,0.91002,0.00087736,-0.00028682,0.00028101,0.0014491,-0.0010257,0.0025208,0.18666,0.0804,0.655248,8.74956E-05,0.01523952,-0.00255151,0.1729038,3.16727E-05,-1.03542E-05,1.01445E-05,5.23125E-05,-3.70278E-05,9.10009E-05
0.002323,1.5637,0.67,5.4604,0.082907,-0.013246,0.91485,0.00082855,-0.00028499,0.00028444,0.0014057,-0.00099102,0.0024116,0.187644,0.0804,0.655248,8.38603E-05,0.01575233,-0.00251674,0.1738215,2.99107E-05,-1.02881E-05,1.02683E-05,5.07458E-05,-3.57758E-05,8.70588E-05
0.0022128,1.572,0.67,5.4604,0.085159,-0.012926,0.91865,0.00080226,-0.00028082,0.0002775,0.001337,-0.00094797,0.0022864,0.18864,0.0804,0.655248,7.98821E-05,0.01618021,-0.00245594,0.1745435,2.89616E-05,-1.01376E-05,1.00178E-05,4.82657E-05,-3.42217E-05,8.2539E-05
0.0021202,1.5802,0.67,5.4604,0.086953,-0.012555,0.92128,0.00079223,-0.00027808,0.00026867,0.0012575,-0.00090939,0.0021907,0.189624,0.0804,0.655248,7.65392E-05,0.01652107,-0.00238545,0.1750432,2.85995E-05,-1.00387E-05,9.69899E-06,4.53958E-05,-3.2829E-05,7.90843E-05
0.0020396,1.5885,0.67,5.4604,0.08862,-0.012198,0.92308,0.00079614,-0.00028017,0.0002584,0.0011827,-0.00087051,0.0021003,0.19062,0.0804,0.655248,7.36296E-05,0.0168378,-0.00231762,0.1753852,2.87407E-05,-1.01141E-05,9.32824E-06,4.26955E-05,-3.14254E-05,7.58208E-05
0.0019614,1.5968,0.67,5.4604,0.090116,-0.011607,0.92455,0.00080348,-0.00029065,0.00024895,0.0011285,-0.00082661,0.0019907,0.191616,0.0804,0.655248,7.08065E-05,0.01712204,-0.00220533,0.1756645,2.90056E-05,-1.04925E-05,8.9871E-06,4.07389E-05,-2.98406E-05,7.18643E-05
0.0019033,1.605,0.67,5.4604,0.091262,-0.010488,0.92563,0.00081121,-0.00031315,0.00024494,0.0011123,-0.00078582,0.001883,0.1926,0.0804,0.655248,6.87091E-05,0.01733978,-0.00199272,0.1758697,2.92847E-05,-1.13047E-05,8.84233E-06,4.0154E-05,-2.83681E-05,6.79763E-05
0.0018786,1.6133,0.67,5.4604,0.092122,-0.0088997,0.92585,0.00082558,-0.00034583,0.00024634,0.001138,-0.00074163,0.0017935,0.193596,0.0804,0.655248,6.78175E-05,0.01750318,-0.001690943,0.1759115,2.98034E-05,-1.24845E-05,8.89287E-06,4.10818E-05,-2.67728E-05,6.47454E-05
0.0018465,1.6215,0.67,5.4604,0.092768,-0.0071266,0.92498,0.00085146,-0.00037398,0.00022671,0.0011833,-0.00065158,0.0016582,0.19458,0.0804,0.655248,6.66587E-05,0.01762592,-0.001354054,0.1757462,3.07377E-05,-1.35007E-05,8.18423E-06,4.27171E-05,-2.3522E-05,5.9861E-05
0.0017737,1.6298,0.67,5.4604,0.093249,-0.0052964,0.9235,0.00088216,-0.00038008,0.00016598,0.0012204,-0.00049346,0.0014448,0.195576,0.0804,0.655248,6.40306E-05,0.01771731,-0.001006316,0.175465,3.1846E-05,-1.37209E-05,5.99188E-06,4.40564E-05,-1.78139E-05,5.21573E-05
0.0016863,1.638,0.67,5.4604,0.093602,-0.0031405,0.92266,0.00091301,-0.00036535,7.75E-05,0.0012328,-0.00031814,0.0012269,0.19656,0.0804,0.655248,6.08754E-05,0.01778438,-0.000596695,0.1753054,3.29597E-05,-1.31891E-05,2.79685E-06,4.45041E-05,-1.14849E-05,4.42911E-05
0.0016349,1.6463,0.67,5.4604,0.093837,-0.00057003,0.92363,0.00095966,-0.00034815,-2.88E-06,0.0012142,-0.0001999,0.0010961,0.197556,0.0804,0.655248,5.90199E-05,0.01782903,-0.000108306,0.1754897,3.46437E-05,-1.25682E-05,-1.04127E-07,4.38326E-05,-7.21639E-06,3.95692E-05
0.0016217,1.6545,0.67,5.4604,0.09395,0.0019739,0.92656,0.001027,-0.00033588,-5.03E-05,0.0011726,-0.00015218,0.0010437,0.19854,0.0804,0.655248,5.85434E-05,0.0178505,0.000375041,0.1760464,3.70747E-05,-1.21253E-05,-1.81558E-06,4.23309E-05,-5.4937E-06,3.76776E-05
0.0016166,1.6628,0.67,5.4604,0.09385,0.0040386,0.93071,0.001103,-0.00032387,-7.39E-05,0.0011212,-0.00012968,0.0010091,0.199536,0.0804,0.655248,5.83593E-05,0.0178315,0.000767334,0.1768349,3.98183E-05,-1.16917E-05,-2.66808E-06,4.04753E-05,-4.68145E-06,3.64285E-05
0.0016151,1.6711,0.67,5.4604,0.09347,0.0053836,0.93527,0.0011961,-0.00031252,-7.86E-05,0.001066,-0.00012126,0.00096806,0.200532,0.0804,0.655248,5.83051E-05,0.0177593,0.001022884,0.1777013,4.31792E-05,-1.1282E-05,-2.83667E-06,3.84826E-05,-4.37749E-06,3.4947E-05
0.0016399,1.6793,0.67,5.4604,0.092886,0.0060852,0.93922,0.0013107,-0.00030389,-7.81E-05,0.0010204,-0.00011841,0.00094873,0.201516,0.0804,0.655248,5.92004E-05,0.01764834,0.001156188,0.1784518,4.73163E-05,-1.09704E-05,-2.82107E-06,3.68364E-05,-4.2746E-06,3.42492E-05
0.0017163,1.6876,0.67,5.4604,0.092318,0.0067152,0.94245,0.0014208,-0.00029722,-7.40E-05,0.0010086,-9.68E-05,0.0010031,0.202512,0.0804,0.655248,6.19584E-05,0.01754042,0.001275888,0.1790655,5.12909E-05,-1.07296E-05,-2.67256E-06,3.64105E-05,-3.49365E-06,3.62119E-05
0.0018534,1.6958,0.67,5.4604,0.091987,0.0077751,0.94611,0.0015141,-0.00030102,-3.14E-05,0.0010538,-7.79E-05,0.0011391,0.203496,0.0804,0.655248,6.69077E-05,0.01747753,0.001477269,0.1797609,5.4659E-05,-1.08668E-05,-1.13437E-06,3.80422E-05,-2.8123E-06,4.11215E-05
0.0020358,1.7041,0.67,5.4604,0.09186,0.0089521,0.94914,0.0016201,-0.00032464,6.87E-05,0.0011171,-0.00012521,0.0013345,0.204492,0.0804,0.655248,7.34924E-05,0.0174534,0.001700899,0.1803366,5.84856E-05,-1.17195E-05,2.48014E-06,4.03273E-05,-4.52008E-06,4.81755E-05
0.0022419,1.7123,0.67,5.4604,0.091846,0.0096949,0.9499,0.0017467,-0.00035846,0.000208,0.0011296,-0.00022572,0.0016075,0.205476,0.0804,0.655248,8.09326E-05,0.01745074,0.001842031,0.180481,6.30559E-05,-1.29404E-05,7.5088E-06,4.07786E-05,-8.14849E-06,5.80308E-05
0.0023792,1.7206,0.67,5.4604,0.092082,0.0099582,0.95017,0.0018662,-0.00038225,0.00034268,0.0010915,-0.0002616,0.0018007,0.206472,0.0804,0.655248,8.58891E-05,0.01749558,0.001892058,0.1805323,6.73698E-05,-1.37992E-05,1.23707E-05,3.94032E-05,-9.44376E-06,6.50053E-05
0.0023682,1.7289,0.67,5.4604,0.092796,0.0098949,0.95215,0.0019895,-0.00038469,0.00042425,0.001046,-0.00018957,0.0017009,0.207468,0.0804,0.655248,8.5492E-05,0.01763124,0.001880031,0.1809085,7.1821E-05,-1.38873E-05,1.53154E-05,3.77606E-05,-6.84348E-06,6.14025E-05
0.0022942,1.7371,0.67,5.4604,0.094031,0.0096989,0.95539,0.0021336,-0.00037194,0.0004503,0.0010398,-9.44E-05,0.0014149,0.208452,0.0804,0.655248,8.28206E-05,0.01786589,0.001842791,0.1815241,7.7023E-05,-1.3427E-05,1.62558E-05,3.75368E-05,-3.40676E-06,5.10779E-05
0.0022493,1.7454,0.67,5.4604,0.095479,0.0097028,0.95861,0.0022554,-0.00036672,0.00043703,0.0011002,-5.62E-05,0.001143,0.209448,0.0804,0.655248,8.11997E-05,0.01814101,0.001843532,0.1821359,8.14199E-05,-1.32386E-05,1.57768E-05,3.97172E-05,-2.03048E-06,4.12623E-05
0.0022547,1.7536,0.67,5.4604,0.096683,0.010318,0.96107,0.0023245,-0.00038926,0.00040354,0.0012074,-6.56E-05,0.00097752,0.210432,0.0804,0.655248,8.13947E-05,0.01836977,0.00196042,0.1826033,8.39145E-05,-1.40523E-05,1.45678E-05,4.35871E-05,-2.36798E-06,3.52885E-05
0.0022912,1.7619,0.67,5.4604,0.097475,0.011727,0.96315,0.0023587,-0.00044437,0.00037621,0.0013233,-8.42E-05,0.00090054,0.211428,0.0804,0.655248,8.27123E-05,0.01852025,0.00222813,0.1829985,8.51491E-05,-1.60418E-05,1.35812E-05,4.77711E-05,-3.04081E-06,3.25095E-05
0.0023251,1.7701,0.67,5.4604,0.097931,0.013363,0.96591,0.0023708,-0.00052504,0.00035589,0.0014458,-9.76E-05,0.0008336,0.212412,0.0804,0.655248,8.39361E-05,0.01860689,0.00253897,0.1835229,8.55859E-05,-1.89539E-05,1.28476E-05,5.21934E-05,-3.52199E-06,3.0093E-05
0.0023529,1.7784,0.67,5.4604,0.098099,0.014156,0.96896,0.0023716,-0.00061119,0.00033222,0.0015593,-0.00010864,0.00077492,0.213408,0.0804,0.655248,8.49397E-05,0.01863881,0.00268964,0.1841024,8.56148E-05,-2.2064E-05,1.19931E-05,5.62907E-05,-3.9219E-06,2.79746E-05
0.0023641,1.7866,0.67,5.4604,0.098015,0.013615,0.97169,0.0023584,-0.00067328,0.00030422,0.0016223,-0.00013175,0.00074755,0.214392,0.0804,0.655248,8.5344E-05,0.01862285,0.00258685,0.1846211,8.51382E-05,-2.43054E-05,1.09823E-05,5.8565E-05,-4.75618E-06,2.69866E-05
0.0023522,1.7949,0.67,5.4604,0.097784,0.012194,0.97465,0.0023161,-0.00069925,0.00027729,0.0016415,-0.00016489,0.00074674,0.215388,0.0804,0.655248,8.49144E-05,0.01857896,0.00231686,0.1851835,8.36112E-05,-2.52429E-05,1.00102E-05,5.92582E-05,-5.95253E-06,2.69573E-05
0.0023307,1.8032,0.67,5.4604,0.097484,0.01068,0.97828,0.0022447,-0.00069541,0.00027023,0.0016454,-0.00020294,0.00077125,0.216384,0.0804,0.655248,8.41383E-05,0.01852196,0.0020292,0.1858732,8.10337E-05,-2.51043E-05,9.7553E-06,5.93989E-05,-7.32613E-06,2.78421E-05
0.002315,1.8114,0.67,5.4604,0.097104,0.009593,0.98239,0.0021494,-0.00067275,0.00030589,0.0016469,-0.00024635,0.00083374,0.217368,0.0804,0.655248,8.35715E-05,0.01844976,0.00182267,0.1866541,7.75933E-05,-2.42863E-05,1.10426E-05,5.94531E-05,-8.89324E-06,3.0098E-05
0.0023189,1.8197,0.67,5.4604,0.096629,0.0091854,0.98652,0.0020424,-0.00065288,0.00039092,0.0016556,-0.00030734,0.00093982,0.218364,0.0804,0.655248,8.37123E-05,0.01835951,0.001745226,0.1874388,7.37306E-05,-2.3569E-05,1.41122E-05,5.97672E-05,-1.1095E-05,3.39275E-05
0.0023549,1.8279,0.67,5.4604,0.096112,0.0095582,0.99014,0.0019443,-0.00065501,0.00051551,0.001683,-0.00040871,0.0010824,0.219348,0.0804,0.655248,8.50119E-05,0.01826128,0.001816058,0.1881266,7.01892E-05,-2.36459E-05,1.86099E-05,6.07563E-05,-1.47544E-05,3.90746E-05
0.0024284,1.8362,0.67,5.4604,0.095591,0.010439,0.99302,0.0018625,-0.00068554,0.00064668,0.00173,-0.00054195,0.0012642,0.220344,0.0804,0.655248,8.76652E-05,0.01816229,0.00198341,0.1886738,6.72363E-05,-2.4748E-05,2.33451E-05,0.000062453,-1.95644E-05,4.56376E-05
0.0025068,1.8446,0.67,5.4604,0.095101,0.011436,0.99489,0.0017937,-0.00073678,0.00072632,0.0017843,-0.00066728,0.0014356,0.221352,0.0804,0.655248,9.04955E-05,0.01806919,0.00217284,0.1890291,6.47526E-05,-2.65978E-05,2.62202E-05,6.44132E-05,-2.40888E-05,5.18252E-05
0.0025791,1.8534,0.67,5.4604,0.094695,0.01225,0.99654,0.0017404,-0.00078859,0.00076751,0.0018354,-0.00078185,0.0015825,0.222408,0.0804,0.655248,9.31055E-05,0.01799205,0.0023275,0.1893426,6.28284E-05,-2.84681E-05,2.77071E-05,6.62579E-05,-2.82248E-05,5.71283E-05
0.0025997,1.8626,0.67,5.4604,0.094357,0.012963,0.99784,0.0016978,-0.0008066,0.00074599,0.0018354,-0.0008542,0.0016663,0.223512,0.0804,0.655248,9.38492E-05,0.01792783,0.00246297,0.1895896,6.12906E-05,-2.91183E-05,2.69302E-05,6.62579E-05,-3.08366E-05,6.01534E-05
0.0025605,1.8723,0.67,5.4604,0.094005,0.013365,0.99889,0.0016526,-0.00078992,0.0006741,0.0017706,-0.0008931,0.0016978,0.224676,0.0804,0.655248,9.24341E-05,0.01786095,0.00253935,0.1897891,5.96589E-05,-2.85161E-05,2.4335E-05,6.39187E-05,-3.22409E-05,6.12906E-05
0.0025408,1.8824,0.67,5.4604,0.093557,0.012975,1.0002,0.0016162,-0.00078044,0.00056643,0.0017084,-0.00090843,0.001757,0.225888,0.0804,0.655248,9.17229E-05,0.01777583,0.00246525,0.190038,5.83448E-05,-2.81739E-05,2.04481E-05,6.16732E-05,-3.27943E-05,6.34277E-05
0.0026114,1.8931,0.67,5.4604,0.092947,0.012449,1.003,0.0016066,-0.00078922,0.0004677,0.0017205,-0.00095103,0.0018957,0.227172,0.0804,0.655248,9.42715E-05,0.01765993,0.00236531,0.19057,5.79983E-05,-2.84908E-05,1.6884E-05,6.21101E-05,-3.43322E-05,6.84348E-05
0.002709,1.9042,0.67,5.4604,0.091955,0.01281,1.0071,0.0016095,-0.00078121,0.00042438,0.0017496,-0.0010056,0.0020588,0.228504,0.0804,0.655248,9.77949E-05,0.01747145,0.0024339,0.191349,5.8103E-05,-2.82017E-05,1.53201E-05,6.31606E-05,-3.63022E-05,7.43227E-05
0.0027893,1.9159,0.67,5.4604,0.09047,0.013372,1.0097,0.0016025,-0.00074417,0.00038468,0.0016976,-0.0010037,0.0022786,0.229908,0.0804,0.655248,0.000100694,0.0171893,0.00254068,0.191843,5.78503E-05,-2.68645E-05,1.38869E-05,6.12834E-05,-3.62336E-05,8.22575E-05
0.0028214,1.9282,0.67,5.4604,0.088911,0.012791,1.0099,0.0015859,-0.00067645,0.00035399,0.0015445,-0.00094183,0.0025125,0.231384,0.0804,0.655248,0.000101853,0.01689309,0.00243029,0.191881,5.7251E-05,-2.44198E-05,1.2779E-05,5.57565E-05,-3.40001E-05,9.07013E-05
0.0026809,1.941,0.67,5.4604,0.08778,0.012064,1.0097,0.001574,-0.00053564,0.00028614,0.0013389,-0.00075811,0.0024489,0.23292,0.0804,0.655248,9.67805E-05,0.0166782,0.00229216,0.191843,5.68214E-05,-1.93366E-05,1.03297E-05,4.83343E-05,-2.73678E-05,8.84053E-05
0.0024156,1.9545,0.67,5.4604,0.086782,0.011882,1.0125,0.0015616,-0.00032328,0.00014753,0.0011716,-0.0006208,0.0020981,0.23454,0.0804,0.655248,8.72032E-05,0.01648858,0.00225758,0.192375,5.63738E-05,-1.16704E-05,5.32583E-06,4.22948E-05,-2.24109E-05,7.57414E-05
0.0021896,1.9686,0.67,5.4604,0.084989,0.012649,1.0167,0.001526,-0.00011847,-5.57E-05,0.0010538,-0.00049893,0.0017993,0.236232,0.0804,0.655248,7.90446E-05,0.01614791,0.00240331,0.193173,5.50886E-05,-4.27677E-06,-2.00983E-06,3.80422E-05,-1.80114E-05,6.49547E-05
0.0020055,1.9833,0.67,5.4604,0.082382,0.012867,1.0179,0.0014682,1.74E-05,-0.00020945,0.0010046,-0.00036643,0.0015382,0.237996,0.0804,0.655248,7.23986E-05,0.01565258,0.00244473,0.193401,5.3002E-05,6.28393E-07,-7.56115E-06,3.62661E-05,-1.32281E-05,5.5529E-05
0.0019652,1.9988,0.67,5.4604,0.080213,0.011577,1.014,0.0014109,7.55E-05,-0.00029016,0.0010562,-0.00036354,0.0014634,0.239856,0.0804,0.655248,7.09437E-05,0.01524047,0.00219963,0.19266,5.09335E-05,2.72656E-06,-1.04748E-05,3.81288E-05,-1.31238E-05,5.28287E-05
0.0021424,2.0149,0.67,5.4604,0.078581,0.0080045,1.0117,0.0013473,4.90E-05,-0.00022551,0.00092941,-0.00022569,0.002008,0.241788,0.0804,0.655248,7.73406E-05,0.01493039,0.001520855,0.192223,4.86375E-05,1.76825E-06,-8.14091E-06,3.35517E-05,-8.14741E-06,7.24888E-05
0.002401,2.0319,0.67,5.4604,0.076622,0.0049286,1.0063,0.0012857,6.23E-05,-5.66E-05,0.000801,0.00010717,0.0027153,0.243828,0.0804,0.655248,8.66761E-05,0.01455818,0.000936434,0.191197,4.64138E-05,2.25029E-06,-2.04301E-06,2.89161E-05,3.86884E-06,9.80223E-05
0.0028456,2.0496,0.67,5.4604,0.073904,0.00037021,1.0034,0.0012824,5.86E-05,0.00041291,0.00071324,0.00019003,0.0036956,0.245952,0.0804,0.655248,0.000102726,0.01404176,7.03399E-05,0.190646,4.62946E-05,2.11463E-06,1.49061E-05,2.5748E-05,6.86008E-06,0.000133411
0.0035915,2.0681,0.67,5.4604,0.069933,0.00078924,0.99354,0.0013753,-3.84E-05,0.00094504,0.00069448,0.00011485,0.0051131,0.248172,0.0804,0.655248,0.000129653,0.01328727,0.000149956,0.1887726,4.96483E-05,-1.38675E-06,3.41159E-05,2.50707E-05,4.14609E-06,0.000184583
0.0045499,2.0875,0.67,5.4604,0.065566,0.0025038,0.98518,0.0015871,-0.00023793,0.0015947,0.00079243,-0.00042099,0.0067203,0.2505,0.0804,0.655248,0.000164251,0.01245754,0.000475722,0.1871842,5.72943E-05,-8.58927E-06,5.75687E-05,2.86067E-05,-1.51977E-05,0.000242603
0.0053646,2.1078,0.67,5.4604,0.061722,0.0070096,0.98488,0.0018326,-0.00025353,0.0024671,0.00080211,-0.00059094,0.0080945,0.252936,0.0804,0.655248,0.000193662,0.01172718,0.001331824,0.1871272,6.61569E-05,-9.15243E-06,8.90623E-05,2.89562E-05,-2.13329E-05,0.000292211
0.0052566,2.129,0.67,5.4604,0.059659,0.015928,0.97417,0.0019739,-0.00017084,0.0026347,0.00085313,-0.00027946,0.0076863,0.25548,0.0804,0.655248,0.000189763,0.01133521,0.00302632,0.1850923,7.12578E-05,-6.16732E-06,9.51127E-05,3.0798E-05,-1.00885E-05,0.000277475
0.0044386,2.1511,0.67,5.4604,0.060001,0.017595,0.97373,0.0019872,-3.33E-05,0.0022649,0.00092926,-6.09E-05,0.0059608,0.258132,0.0804,0.655248,0.000160233,0.01140019,0.00334305,0.1850087,7.17379E-05,-1.20264E-06,8.17629E-05,3.35463E-05,-2.19802E-06,0.000215185
0.0037613,2.1743,0.67,5.4604,0.058501,0.019541,0.9817,0.001893,0.00011397,0.0018958,0.0010815,0.00010652,0.0045482,0.260916,0.0804,0.655248,0.000135783,0.01111519,0.00371279,0.186523,6.83373E-05,4.11432E-06,6.84384E-05,3.90422E-05,3.84537E-06,0.00016419
0.0034753,2.1984,0.67,5.4604,0.053181,0.023242,0.97658,0.0016712,0.00026008,0.0016308,0.0011362,0.00023133,0.0041434,0.263808,0.0804,0.655248,0.000125458,0.01010439,0.00441598,0.1855502,6.03303E-05,9.38889E-06,5.88719E-05,4.10168E-05,8.35101E-06,0.000149577
0.0039008,2.2237,0.67,5.4604,0.049096,0.026724,0.94872,0.0015033,0.00057395,0.0015534,0.0017312,0.0010113,0.0045672,0.266844,0.0804,0.655248,0.000140819,0.00932824,0.00507756,0.1802568,5.42691E-05,2.07196E-05,5.60777E-05,6.24963E-05,3.65079E-05,0.000164876
0.0052764,2.2501,0.67,5.4604,0.047205,0.028853,0.93106,0.001544,0.00053308,0.0016557,0.0021431,0.0011731,0.0068657,0.270012,0.0804,0.655248,0.000190478,0.00896895,0.00548207,0.1769014,5.57384E-05,1.92442E-05,5.97708E-05,7.73659E-05,4.23489E-05,0.000247852
0.0050295,2.2776,0.67,5.4604,0.042692,0.030401,0.92468,0.0016599,0.0001922,0.0014357,0.001767,0.00017321,0.0066321,0.273312,0.0804,0.655248,0.000181565,0.00811148,0.00577619,0.1756892,5.99224E-05,6.93842E-06,5.18288E-05,6.37887E-05,6.25288E-06,0.000239419
0.0050737,2.3063,0.67,5.4604,0.035265,0.036673,0.91323,0.0018189,7.84E-05,0.0011448,0.0015362,-0.0007318,0.0067922,0.276756,0.0804,0.655248,0.000183161,0.00670035,0.00696787,0.1735137,6.56623E-05,2.83114E-06,4.13273E-05,5.54568E-05,-2.6418E-05,0.000245198
0.0060309,2.3362,0.67,5.4604,0.026256,0.051166,0.90178,0.0020617,0.00033298,0.0014736,0.0018838,-0.00057745,0.0081163,0.280344,0.0804,0.655248,0.000217715,0.00498864,0.00972154,0.1713382,7.44274E-05,1.20206E-05,5.3197E-05,6.80052E-05,-2.08459E-05,0.000292998
0.005381,2.3674,0.67,5.4604,0.01848,0.059436,0.87844,0.0023242,0.00047255,0.0014366,0.0027493,-2.97E-05,0.0056884,0.284088,0.0804,0.655248,0.000194254,0.0035112,0.01129284,0.1669036,8.39036E-05,1.70591E-05,5.18613E-05,9.92497E-05,-1.0717E-06,0.000205351
0.0055045,2.3999,0.67,5.4604,0.012606,0.064461,0.84949,0.0021576,0.00084804,0.0012954,0.0042067,0.0004466,0.0046447,0.287988,0.0804,0.655248,0.000198712,0.00239514,0.01224759,0.1614031,7.78894E-05,3.06142E-05,4.67639E-05,0.000151862,1.61223E-05,0.000167674
0.0055408,2.4338,0.67,5.4604,0.0056861,0.070215,0.80574,0.0013332,0.00072177,0.0014298,0.0039923,0.00095538,0.005756,0.292056,0.0804,0.655248,0.000200023,0.001080359,0.01334085,0.1530906,4.81285E-05,2.60559E-05,5.16158E-05,0.000144122,3.44892E-05,0.000207792
0.0040978,2.4691,0.67,5.4604,0.0012001,0.06269,0.69271,0.00042557,0.00010377,0.00082524,0.0022287,0.00091988,0.0055412,0.296292,0.0804,0.655248,0.000147931,0.000228019,0.0119111,0.1316149,1.53631E-05,3.7461E-06,2.97912E-05,8.04561E-05,3.32077E-05,0.000200037
0.001562,2.5058,0.67,5.4604,0.00038406,0.027574,0.30455,2.69E-05,1.78E-05,0.0001448,0.00084989,0.00036768,0.0022471,0.300696,0.0804,0.655248,5.63882E-05,7.29714E-05,0.00523906,0.0578645,9.72534E-07,6.44096E-07,5.22728E-06,3.0681E-05,1.32732E-05,8.11203E-05
1.37E-07,2.544,0.67,5.4604,0.00013741,2.94E-14,4.51E-19,2.74E-07,5.86E-17,5.26E-21,1.25E-26,1.13E-30,2.47E-34,0.30528,0.0804,0.655248,4.93848E-09,2.61079E-05,5.58448E-15,8.56938E-20,9.87696E-09,2.11405E-18,1.89926E-22,4.52477E-28,4.06161E-32,8.91526E-36
0,2.5837,0.67,5.4604,0,0,0,0,0,0,0,0,0,0.310044,0.0804,0.655248,0,0,0,0,0,0,0,0,0,0
0,2.625,0.67,5.4604,0,0,0,0,0,0,0,0,0,0.315,0.0804,0.655248,0,0,0,0,0,0,0,0,0,0
0,-0.125,0.67,5.4786,0,0,0,0,0,0,0,0,0,-0.015,0.0804,0.657432,0,0,0,0,0,0,0,0,0,0
0,-0.083719,0.67,5.4786,0,0,0,0,0,0,0,0,0,-0.01004628,0.0804,0.657432,0,0,0,0,0,0,0,0,0,0
2.12E-08,-0.044001,0.67,5.4786,-0.0012093,-3.36E-13,2.55E-18,4.25E-08,1.18E-17,-2.85E-24,3.28E-27,-4.74E-34,5.06E-35,-0.00528012,0.0804,0.657432,7.66367E-10,-0.000229767,-6.3916E-14,4.8488E-19,1.53277E-09,4.26197E-19,-1.02726E-25,1.18505E-28,-1.71186E-35,1.82836E-36
0.00092428,-0.0058053,0.67,5.4786,-0.0030286,0.024969,0.38418,1.16E-05,-2.04E-05,-3.71E-05,0.00079223,-0.00018993,0.0010447,-0.000696636,0.0804,0.657432,3.33665E-05,-0.000575434,0.00474411,0.0729942,4.20204E-07,-7.3626E-07,-1.3388E-06,2.85995E-05,-6.85647E-06,3.77137E-05
0.0024252,0.030909,0.67,5.4786,-0.0088553,0.056538,0.86972,0.00018509,-0.00011971,-0.00021216,0.0020598,-0.00048817,0.0026054,0.00370908,0.0804,0.657432,8.75497E-05,-0.001682507,0.01074222,0.1652468,6.68175E-06,-4.32153E-06,-7.65898E-06,7.43588E-05,-1.76229E-05,9.40549E-05
0.0026678,0.066184,0.67,5.4786,-0.019885,0.051702,0.98276,0.00047725,-0.00018213,-0.00015534,0.001744,-0.00049475,0.0031144,0.00794208,0.0804,0.657432,9.63076E-05,-0.00377815,0.00982338,0.1867244,1.72287E-05,-6.57489E-06,-5.60777E-06,6.29584E-05,-1.78605E-05,0.00011243
0.0026445,0.10006,0.67,5.4786,-0.032713,0.03917,1.0165,0.00054477,-0.00024938,-1.17E-05,0.0014297,-0.00048335,0.0033145,0.0120072,0.0804,0.657432,9.54665E-05,-0.00621547,0.0074423,0.193135,1.96662E-05,-9.00262E-06,-4.22514E-07,5.16122E-05,-1.74489E-05,0.000119653
0.0030713,0.13258,0.67,5.4786,-0.042048,0.031058,1.0401,0.00046164,-0.00020253,3.28E-05,0.00141,-0.00070842,0.0042709,0.0159096,0.0804,0.657432,0.000110874,-0.00798912,0.00590102,0.197619,1.66652E-05,-7.31133E-06,1.1826E-06,0.000050901,-2.5574E-05,0.000154179
0.0026239,0.16379,0.67,5.4786,-0.043681,0.017962,1.055,0.00052174,-7.61E-05,-0.00010205,0.00091305,-0.00051973,0.003813,0.0196548,0.0804,0.657432,9.47228E-05,-0.00829939,0.00341278,0.20045,1.88348E-05,-2.74822E-06,-3.68401E-06,3.29611E-05,-1.87623E-05,0.000137649
0.0022967,0.19372,0.67,5.4786,-0.043227,0.015084,1.0617,0.00071047,1.47E-05,-0.00028495,0.00097943,-0.00039568,0.0029035,0.0232464,0.0804,0.657432,8.29109E-05,-0.00821313,0.00286596,0.201723,2.5648E-05,5.31464E-07,-1.02867E-05,3.53574E-05,-1.4284E-05,0.000104816
0.0035292,0.22242,0.67,5.4786,-0.044033,0.021943,1.0655,0.0010031,3.67E-05,-0.00084436,0.0011508,-0.00063509,0.0049044,0.0266904,0.0804,0.657432,0.000127404,-0.00836627,0.00416917,0.202445,3.62119E-05,1.32393E-06,-3.04814E-05,4.15439E-05,-2.29267E-05,0.000177049
0.0033109,0.24993,0.67,5.4786,-0.047186,0.025395,1.0707,0.0012601,8.30E-05,-0.001118,0.0011542,-0.00027493,0.0042075,0.0299916,0.0804,0.657432,0.000119523,-0.00896534,0.00482505,0.203433,4.54896E-05,2.99464E-06,-4.03598E-05,4.16666E-05,-9.92497E-06,0.000151891
0.0022534,0.27629,0.67,5.4786,-0.052278,0.0258,1.0723,0.0012749,0.00015753,-0.00091806,0.001142,-0.00019725,0.0020898,0.0331548,0.0804,0.657432,8.13477E-05,-0.00993282,0.004902,0.203737,4.60239E-05,5.68683E-06,-3.3142E-05,4.12262E-05,-7.12073E-06,7.54418E-05
0.0029245,0.30154,0.67,5.4786,-0.056589,0.024028,1.0709,0.0012685,3.68E-05,-0.00081956,0.0016755,-0.00084341,0.002905,0.0361848,0.0804,0.657432,0.000105574,-0.01075191,0.00456532,0.203471,4.57929E-05,1.33025E-06,-2.95861E-05,6.04856E-05,-3.04471E-05,0.000104871
0.0038399,0.32572,0.67,5.4786,-0.060365,0.016747,1.0759,0.0014121,7.87E-06,-0.00089435,0.0019213,-0.0013818,0.0043463,0.0390864,0.0804,0.657432,0.00013862,-0.01146935,0.00318193,0.204421,5.09768E-05,2.84024E-07,-3.2286E-05,6.93589E-05,-4.9883E-05,0.000156901
0.0033372,0.34887,0.67,5.4786,-0.06403,0.01416,1.0808,0.0015108,5.90E-05,-0.00053542,0.0014182,-0.0011079,0.0037454,0.0418644,0.0804,0.657432,0.000120473,-0.0121657,0.0026904,0.205352,5.45399E-05,2.13059E-06,-1.93287E-05,5.1197E-05,-3.99952E-05,0.000135209
0.0023375,0.37102,0.67,5.4786,-0.067105,0.020421,1.0778,0.0014452,0.00015728,-0.00016974,0.0011843,-0.00050666,0.0020455,0.0445224,0.0804,0.657432,8.43838E-05,-0.01274995,0.00387999,0.204782,5.21717E-05,5.67781E-06,-6.12761E-06,4.27532E-05,-1.82904E-05,7.38426E-05
0.0021595,0.39221,0.67,5.4786,-0.07097,0.029642,1.0768,0.0013299,0.00017552,-0.00028363,0.0011697,-0.00041366,0.0018194,0.0470652,0.0804,0.657432,7.7958E-05,-0.0134843,0.00563198,0.204592,4.80094E-05,6.33627E-06,-1.0239E-05,4.22262E-05,-1.49331E-05,6.56803E-05
0.0021489,0.41248,0.67,5.4786,-0.075642,0.035295,1.0728,0.0013182,0.00014534,-0.00018312,0.0011307,-0.00065133,0.0018489,0.0494976,0.0804,0.657432,7.75753E-05,-0.01437198,0.00670605,0.203832,4.7587E-05,5.24677E-06,-6.61063E-06,4.08183E-05,-2.3513E-05,6.67453E-05
0.0027931,0.43187,0.67,5.4786,-0.078798,0.03736,1.0693,0.0014628,0.0003009,-0.00057761,0.001237,-0.00096539,0.0028863,0.0518244,0.0804,0.657432,0.000100831,-0.01497162,0.0070984,0.203167,5.28071E-05,1.08625E-05,-2.08517E-05,4.46557E-05,-3.48506E-05,0.000104195
0.0033865,0.4504,0.67,5.4786,-0.080272,0.038967,1.0613,0.0016701,0.00048727,-0.00074437,0.0014858,-0.0012725,0.0036171,0.054048,0.0804,0.657432,0.000122253,-0.01525168,0.00740373,0.201647,6.02906E-05,1.75904E-05,-2.68718E-05,5.36374E-05,-4.59373E-05,0.000130577
0.0038499,0.46812,0.67,5.4786,-0.08203,0.03871,1.0605,0.0017146,0.00047977,-0.00048894,0.0017245,-0.0017176,0.0042608,0.0561744,0.0804,0.657432,0.000138981,-0.0155857,0.0073549,0.201495,6.18971E-05,1.73197E-05,-1.76507E-05,6.22545E-05,-6.20054E-05,0.000153815
0.0036244,0.48504,0.67,5.4786,-0.085389,0.038209,1.0628,0.0015664,0.00024447,-0.00016283,0.0017876,-0.0015467,0.0038948,0.0582048,0.0804,0.657432,0.000130841,-0.01622391,0.00725971,0.201932,5.6547E-05,8.82537E-06,-5.87816E-06,6.45324E-05,-5.58359E-05,0.000140602
0.0027995,0.50122,0.67,5.4786,-0.089755,0.035438,1.0643,0.0013655,1.62E-05,0.0001004,0.0017107,-0.0011197,0.0025228,0.0601464,0.0804,0.657432,0.000101062,-0.01705345,0.00673322,0.202217,4.92946E-05,5.83087E-07,3.62444E-06,6.17563E-05,-4.04212E-05,9.10731E-05
0.002465,0.51667,0.67,5.4786,-0.093739,0.032156,1.0648,0.001195,-0.00014539,7.16E-05,0.0015234,-0.00096799,0.0022117,0.0620004,0.0804,0.657432,8.89865E-05,-0.01781041,0.00610964,0.202312,4.31395E-05,-5.24858E-06,2.58328E-06,5.49947E-05,-3.49444E-05,7.98424E-05
0.0023307,0.53142,0.67,5.4786,-0.096686,0.029715,1.0688,0.0010766,-0.00021195,-9.74E-05,0.0013847,-0.00076774,0.0022001,0.0637704,0.0804,0.657432,8.41383E-05,-0.01837034,0.00564585,0.203072,3.88653E-05,-7.6514E-06,-3.51603E-06,4.99877E-05,-2.77154E-05,7.94236E-05
0.0022609,0.54551,0.67,5.4786,-0.099243,0.02655,1.0723,0.0010247,-0.00016551,-0.00029005,0.0012929,-0.00039905,0.0022042,0.0654612,0.0804,0.657432,8.16185E-05,-0.01885617,0.0050445,0.203737,3.69917E-05,-5.97491E-06,-1.04708E-05,4.66737E-05,-1.44057E-05,7.95716E-05
0.002192,0.55896,0.67,5.4786,-0.10187,0.022628,1.0721,0.0010767,-9.59E-05,-0.00050146,0.0013129,-6.13E-05,0.0019943,0.0670752,0.0804,0.657432,7.91312E-05,-0.0193553,0.00429932,0.203699,3.88689E-05,-3.46235E-06,-1.81027E-05,4.73957E-05,-2.21307E-06,7.19942E-05
0.0023216,0.5718,0.67,5.4786,-0.10399,0.018703,1.0736,0.0012265,2.23E-05,-0.00073006,0.0014834,-7.94E-05,0.0019334,0.068616,0.0804,0.657432,8.38098E-05,-0.0197581,0.00355357,0.203984,4.42767E-05,8.0568E-07,-2.63552E-05,5.35507E-05,-2.86518E-06,6.97957E-05
0.0024883,0.58405,0.67,5.4786,-0.10528,0.016559,1.074,0.0014427,0.00021066,-0.00097925,0.0016183,-0.00020242,0.0019155,0.070086,0.0804,0.657432,8.98276E-05,-0.0200032,0.00314621,0.20406,5.20815E-05,7.60483E-06,-3.53509E-05,5.84206E-05,-7.30736E-06,6.91496E-05
0.002742,0.59575,0.67,5.4786,-0.10634,0.014924,1.0729,0.0016744,0.00038223,-0.0012206,0.0017193,-0.00027428,0.0020902,0.07149,0.0804,0.657432,9.89862E-05,-0.0202046,0.00283556,0.203851,6.04458E-05,1.37985E-05,-4.40637E-05,6.20667E-05,-9.90151E-06,7.54562E-05
0.0029547,0.6069,0.67,5.4786,-0.10791,0.011772,1.0721,0.0018586,0.00046757,-0.0013504,0.001783,-0.00026041,0.0022678,0.072828,0.0804,0.657432,0.000106665,-0.0205029,0.00223668,0.203699,6.70955E-05,1.68793E-05,-4.87494E-05,6.43663E-05,-9.4008E-06,8.18676E-05
0.0029669,0.61755,0.67,5.4786,-0.11,0.0070702,1.0714,0.0019468,0.00048325,-0.0013401,0.0017197,-0.00020603,0.0022672,0.074106,0.0804,0.657432,0.000107105,-0.0209,0.001343338,0.203566,7.02795E-05,1.74453E-05,-4.83776E-05,6.20812E-05,-7.43768E-06,8.18459E-05
0.0028169,0.6277,0.67,5.4786,-0.11242,0.0020998,1.0735,0.0019256,0.00045072,-0.0012464,0.0015921,-0.00020718,0.002116,0.075324,0.0804,0.657432,0.00010169,-0.0213598,0.000398962,0.203965,6.95142E-05,1.6271E-05,-4.4995E-05,5.74748E-05,-7.4792E-06,7.63876E-05
0.0026088,0.63738,0.67,5.4786,-0.11505,-0.002202,1.079,0.0018214,0.00039295,-0.0011214,0.0014433,-0.00029493,0.0019529,0.0764856,0.0804,0.657432,9.41777E-05,-0.0218595,-0.00041838,0.20501,6.57525E-05,1.41855E-05,-4.04825E-05,5.21031E-05,-1.0647E-05,7.04997E-05
0.0024261,0.64661,0.67,5.4786,-0.11782,-0.0054351,1.0847,0.001667,0.0003107,-0.00098053,0.0012997,-0.00039451,0.0018854,0.0775932,0.0804,0.657432,8.75822E-05,-0.0223858,-0.001032669,0.206093,6.01787E-05,1.12163E-05,-3.53971E-05,4.69192E-05,-1.42418E-05,6.80629E-05
0.0022213,0.65542,0.67,5.4786,-0.12071,-0.0076952,1.0899,0.0014795,0.00021633,-0.00083035,0.0011797,-0.00047945,0.0017833,0.0786504,0.0804,0.657432,8.01889E-05,-0.0229349,-0.001462088,0.207081,5.341E-05,7.80951E-06,-2.99756E-05,4.25872E-05,-1.73081E-05,6.43771E-05
0.0019942,0.66381,0.67,5.4786,-0.12368,-0.009192,1.0935,0.0012757,0.00012352,-0.0006457,0.0010887,-0.00055076,0.0016239,0.0796572,0.0804,0.657432,7.19906E-05,-0.0234992,-0.00174648,0.207765,4.60528E-05,4.45907E-06,-2.33098E-05,3.93021E-05,-1.98824E-05,5.86228E-05
0.0017609,0.67207,0.67,5.4786,-0.12665,-0.010255,1.0961,0.0010836,3.91E-05,-0.00041935,0.0010254,-0.00058983,0.0014128,0.0806484,0.0804,0.657432,6.35685E-05,-0.0240635,-0.00194845,0.208259,3.9118E-05,1.41281E-06,-1.51385E-05,3.70169E-05,-2.12929E-05,5.10021E-05
0.001581,0.68032,0.67,5.4786,-0.12958,-0.011259,1.0987,0.00092922,-2.72E-05,-0.00020796,0.00096751,-0.0006112,0.0012652,0.0816384,0.0804,0.657432,5.70741E-05,-0.0246202,-0.00213921,0.208753,3.35448E-05,-9.82389E-07,-7.50736E-06,3.49271E-05,-2.20643E-05,4.56737E-05
0.0015056,0.68858,0.67,5.4786,-0.13235,-0.012222,1.1016,0.00082887,-7.73E-05,-6.82E-05,0.00089474,-0.00063153,0.0012875,0.0826296,0.0804,0.657432,5.43522E-05,-0.0251465,-0.00232218,0.209304,2.99222E-05,-2.79021E-06,-2.46267E-06,3.23001E-05,-2.27982E-05,4.64788E-05
0.0015212,0.69683,0.67,5.4786,-0.13481,-0.013202,1.1035,0.00078975,-0.00012357,2.75E-06,0.00081195,-0.00063986,0.0014407,0.0836196,0.0804,0.657432,5.49153E-05,-0.0256139,-0.00250838,0.209665,2.851E-05,-4.46088E-06,9.91703E-08,2.93114E-05,-2.30989E-05,5.20093E-05
0.0015498,0.70509,0.67,5.4786,-0.13683,-0.014464,1.1036,0.00079458,-0.00016616,6.12E-05,0.00075712,-0.00063477,0.001548,0.0846108,0.0804,0.657432,5.59478E-05,-0.0259977,-0.00274816,0.209684,2.86843E-05,-5.99838E-06,2.20892E-06,2.7332E-05,-2.29152E-05,5.58828E-05
0.0015759,0.71335,0.67,5.4786,-0.13836,-0.015938,1.1024,0.0008206,-0.00019902,9.88E-05,0.00075458,-0.00063244,0.0015767,0.085602,0.0804,0.657432,5.689E-05,-0.0262884,-0.00302822,0.209456,2.96237E-05,-7.18462E-06,3.56751E-06,2.72403E-05,-2.28311E-05,5.69189E-05
0.0016219,0.7216,0.67,5.4786,-0.13955,-0.017023,1.0997,0.0008594,-0.00022367,0.000115,0.00080962,-0.00064133,0.0015748,0.086592,0.0804,0.657432,5.85506E-05,-0.0265145,-0.00323437,0.208943,3.10243E-05,-8.07449E-06,4.1515E-06,2.92273E-05,-2.3152E-05,5.68503E-05
0.0016848,0.72986,0.67,5.4786,-0.14056,-0.01735,1.0957,0.00090391,-0.00023434,0.00011899,0.00091185,-0.00065372,0.0015538,0.0875832,0.0804,0.657432,6.08213E-05,-0.0267064,-0.0032965,0.208183,3.26312E-05,-8.45967E-06,4.29554E-06,3.29178E-05,-2.35993E-05,5.60922E-05
0.0017658,0.73811,0.67,5.4786,-0.14126,-0.016897,1.0903,0.00094676,-0.00022818,0.00010776,0.0010453,-0.00066852,0.0015395,0.0885732,0.0804,0.657432,6.37454E-05,-0.0268394,-0.00321043,0.207157,3.4178E-05,-8.2373E-06,3.89014E-06,3.77353E-05,-2.41336E-05,5.5576E-05
0.001862,0.74637,0.67,5.4786,-0.14168,-0.015702,1.0843,0.0009905,-0.00021655,7.31E-05,0.0011849,-0.00068708,0.0015486,0.0895644,0.0804,0.657432,6.72182E-05,-0.0269192,-0.00298338,0.206017,3.57571E-05,-7.81746E-06,2.63779E-06,4.27749E-05,-2.48036E-05,5.59045E-05
0.0019788,0.75463,0.67,5.4786,-0.14219,-0.013888,1.0782,0.0010426,-0.00020763,8.11E-06,0.0013228,-0.00072191,0.0015923,0.0905556,0.0804,0.657432,7.14347E-05,-0.0270161,-0.00263872,0.204858,3.76379E-05,-7.49544E-06,2.92677E-07,4.77531E-05,-2.6061E-05,5.7482E-05
0.0021069,0.76288,0.67,5.4786,-0.14283,-0.011585,1.0723,0.0010948,-0.00020277,-6.88E-05,0.0014638,-0.00077611,0.0016553,0.0915456,0.0804,0.657432,7.60591E-05,-0.0271377,-0.00220115,0.203737,3.95223E-05,-7.32E-06,-2.48231E-06,5.28432E-05,-2.80176E-05,5.97563E-05
0.0022588,0.77114,0.67,5.4786,-0.14318,-0.008774,1.0661,0.0011326,-0.00020145,-0.00011422,0.0016145,-0.0008517,0.0017704,0.0925368,0.0804,0.657432,8.15427E-05,-0.0272042,-0.00166706,0.202559,4.08869E-05,-7.27235E-06,-4.12334E-06,5.82835E-05,-3.07464E-05,6.39114E-05
0.0024501,0.7794,0.67,5.4786,-0.14333,-0.0055557,1.0594,0.0011552,-0.00020158,-0.00010409,0.0017815,-0.00095502,0.0019635,0.093528,0.0804,0.657432,8.84486E-05,-0.0272327,-0.001055583,0.201286,4.17027E-05,-7.27704E-06,-3.75765E-06,6.43122E-05,-3.44762E-05,7.08824E-05
0.0026657,0.78765,0.67,5.4786,-0.14351,-0.0022634,1.0529,0.0011704,-0.0002096,-4.16E-05,0.0019496,-0.0010766,0.0022114,0.094518,0.0804,0.657432,9.62318E-05,-0.0272669,-0.000430046,0.200051,4.22514E-05,-7.56656E-06,-1.50017E-06,7.03806E-05,-3.88653E-05,7.98315E-05
0.0028775,0.79591,0.67,5.4786,-0.14369,0.00070831,1.0468,0.0011903,-0.00023762,4.59E-05,0.0020845,-0.0011823,0.0024802,0.0955092,0.0804,0.657432,0.000103878,-0.0273011,0.000134579,0.198892,4.29698E-05,-8.57808E-06,1.65591E-06,7.52505E-05,-4.2681E-05,8.95352E-05
0.003057,0.80416,0.67,5.4786,-0.14412,0.0033321,1.0412,0.0012107,-0.00030627,0.00015612,0.0021858,-0.0012549,0.0027174,0.0964992,0.0804,0.657432,0.000110358,-0.0273828,0.000633099,0.197828,4.37063E-05,-1.10563E-05,5.63593E-06,7.89074E-05,-4.53019E-05,9.80981E-05
0.0032013,0.81242,0.67,5.4786,-0.14502,0.0058531,1.0361,0.0012157,-0.00042996,0.00030566,0.0023036,-0.0012942,0.0028832,0.0974904,0.0804,0.657432,0.000115567,-0.0275538,0.001112089,0.196859,4.38868E-05,-1.55216E-05,1.10343E-05,8.316E-05,-4.67206E-05,0.000104084
0.0033097,0.82068,0.67,5.4786,-0.1462,0.0082189,1.0315,0.0012219,-0.0005855,0.00046311,0.0024547,-0.0012925,0.0029428,0.0984816,0.0804,0.657432,0.00011948,-0.027778,0.001561591,0.195985,4.41106E-05,-2.11366E-05,1.67183E-05,8.86147E-05,-4.66593E-05,0.000106235
0.0033561,0.82893,0.67,5.4786,-0.14757,0.010019,1.0275,0.0012548,-0.00072267,0.0005971,0.002562,-0.0012461,0.0028954,0.0994716,0.0804,0.657432,0.000121155,-0.0280383,0.00190361,0.195225,4.52983E-05,-2.60884E-05,2.15553E-05,9.24882E-05,-4.49842E-05,0.000104524
0.0033204,0.83719,0.67,5.4786,-0.14906,0.011031,1.0233,0.0013037,-0.00079707,0.00069877,0.0025378,-0.0011671,0.0027992,0.1004628,0.0804,0.657432,0.000119866,-0.0283214,0.00209589,0.194427,4.70636E-05,-2.87742E-05,2.52256E-05,9.16146E-05,-4.21323E-05,0.000101051
0.0032353,0.84544,0.67,5.4786,-0.15041,0.011621,1.0183,0.0013573,-0.00080281,0.00075476,0.0023922,-0.0010822,0.002721,0.1014528,0.0804,0.657432,0.000116794,-0.0285779,0.00220799,0.193477,4.89985E-05,-2.89814E-05,2.72468E-05,8.63584E-05,-3.90674E-05,9.82281E-05
0.0031376,0.8537,0.67,5.4786,-0.15144,0.012238,1.0116,0.001429,-0.00077414,0.0007708,0.0022006,-0.0010162,0.0026456,0.102444,0.0804,0.657432,0.000113267,-0.0287736,0.00232522,0.192204,5.15869E-05,-2.79465E-05,2.78259E-05,7.94417E-05,-3.66848E-05,9.55062E-05
0.0030353,0.86196,0.67,5.4786,-0.15214,0.012686,1.0039,0.0015233,-0.00072727,0.00079723,0.0020058,-0.00097357,0.0025415,0.1034352,0.0804,0.657432,0.000109574,-0.0289066,0.00241034,0.190741,5.49911E-05,-2.62544E-05,2.878E-05,7.24094E-05,-3.51459E-05,9.17482E-05
0.0029113,0.87021,0.67,5.4786,-0.15264,0.012475,0.99683,0.0016263,-0.00064843,0.00083294,0.0018174,-0.00092327,0.0023789,0.1044252,0.0804,0.657432,0.000105098,-0.0290016,0.00237025,0.1893977,5.87094E-05,-2.34083E-05,3.00691E-05,6.56081E-05,-3.333E-05,8.58783E-05
0.0027911,0.87847,0.67,5.4786,-0.1529,0.011814,0.99171,0.001733,-0.00055198,0.00085168,0.0016617,-0.0008459,0.0021876,0.1054164,0.0804,0.657432,0.000100759,-0.029051,0.00224466,0.1884249,6.25613E-05,-1.99265E-05,3.07456E-05,5.99874E-05,-3.0537E-05,7.89724E-05
0.0027139,0.88672,0.67,5.4786,-0.15287,0.011409,0.98786,0.001852,-0.00047007,0.0008378,0.0015651,-0.00078989,0.0020108,0.1064064,0.0804,0.657432,9.79718E-05,-0.0290453,0.00216771,0.1876934,6.68572E-05,-1.69695E-05,3.02446E-05,5.65001E-05,-2.8515E-05,7.25899E-05
0.0026794,0.89498,0.67,5.4786,-0.15275,0.011421,0.98378,0.0019793,-0.00041269,0.00080855,0.001508,-0.00077659,0.0018715,0.1073976,0.0804,0.657432,9.67263E-05,-0.0290225,0.00216999,0.1869182,7.14527E-05,-1.48981E-05,2.91887E-05,5.44388E-05,-2.80349E-05,6.75612E-05
0.0026728,0.90324,0.67,5.4786,-0.15235,0.011438,0.97875,0.0021049,-0.00037764,0.00076734,0.0014532,-0.00077395,0.0017874,0.1083888,0.0804,0.657432,9.64881E-05,-0.0289465,0.00217322,0.1859625,7.59869E-05,-1.36328E-05,2.7701E-05,5.24605E-05,-2.79396E-05,6.45251E-05
0.0026978,0.91149,0.67,5.4786,-0.15166,0.010952,0.9732,0.0022281,-0.00036229,0.00073793,0.0013912,-0.00077998,0.0017762,0.1093788,0.0804,0.657432,9.73906E-05,-0.0288154,0.00208088,0.184908,8.04344E-05,-1.30787E-05,2.66393E-05,5.02223E-05,-2.81573E-05,6.41208E-05
0.0027546,0.91975,0.67,5.4786,-0.15104,0.0094444,0.96781,0.0023594,-0.00035274,0.0007131,0.0013249,-0.0008267,0.0018249,0.11037,0.0804,0.657432,9.94411E-05,-0.0286976,0.001794436,0.1838839,8.51743E-05,-1.27339E-05,2.57429E-05,4.78289E-05,-2.98439E-05,6.58789E-05
0.0028687,0.92801,0.67,5.4786,-0.15042,0.0067686,0.96234,0.0025094,-0.00033362,0.00073432,0.0012594,-0.00090288,0.0019688,0.1113612,0.0804,0.657432,0.00010356,-0.0285798,0.001286034,0.1828446,9.05893E-05,-1.20437E-05,2.6509E-05,4.54643E-05,-3.2594E-05,7.10737E-05
0.0030556,0.93626,0.67,5.4786,-0.14967,0.0036164,0.95604,0.0026805,-0.0003142,0.0008076,0.0012163,-0.00098636,0.0022143,0.1123512,0.0804,0.657432,0.000110307,-0.0284373,0.000687116,0.1816476,9.67661E-05,-1.13426E-05,2.91544E-05,4.39084E-05,-3.56076E-05,7.99362E-05
0.0032626,0.94452,0.67,5.4786,-0.14869,0.00089845,0.94853,0.002859,-0.00030549,0.00091149,0.001202,-0.0010364,0.0024642,0.1133424,0.0804,0.657432,0.00011778,-0.0282511,0.000170706,0.1802207,0.00010321,-1.10282E-05,3.29048E-05,4.33922E-05,-3.7414E-05,8.89576E-05
0.0033838,0.95277,0.67,5.4786,-0.14753,-0.00090076,0.93997,0.0030205,-0.0002988,0.0010108,0.0011869,-0.00099016,0.0025601,0.1143324,0.0804,0.657432,0.000122155,-0.0280307,-0.000171144,0.1785943,0.00010904,-1.07867E-05,3.64899E-05,4.28471E-05,-3.57448E-05,9.24196E-05
0.0033788,0.96103,0.67,5.4786,-0.1466,-0.0015488,0.93074,0.0031663,-0.00028166,0.0010788,0.0011526,-0.00085048,0.0024387,0.1153236,0.0804,0.657432,0.000121975,-0.027854,-0.000294272,0.1768406,0.000114303,-1.01679E-05,3.89447E-05,4.16089E-05,-3.07023E-05,8.80371E-05
0.0032902,0.96929,0.67,5.4786,-0.14565,-0.0012426,0.92098,0.0032935,-0.00024369,0.0011063,0.0011052,-0.00066374,0.0021815,0.1163148,0.0804,0.657432,0.000118776,-0.0276735,-0.000236094,0.1749862,0.000118895,-8.79721E-06,3.99374E-05,3.98977E-05,-2.3961E-05,7.87522E-05
0.0031963,0.97754,0.67,5.4786,-0.14437,-0.00052724,0.9107,0.0033891,-0.00016799,0.0010596,0.0010538,-0.00047513,0.0019498,0.1173048,0.0804,0.657432,0.000115386,-0.0274303,-0.000100176,0.173033,0.000122347,-6.06444E-06,3.82516E-05,3.80422E-05,-1.71522E-05,7.03878E-05
0.0031538,0.9858,0.67,5.4786,-0.14336,0.00028355,0.90065,0.0034692,-6.64E-05,0.00097533,0.0010286,-0.00032372,0.0018097,0.118296,0.0804,0.657432,0.000113852,-0.0272384,5.38745E-05,0.1711235,0.000125238,-2.39715E-06,3.52094E-05,3.71325E-05,-1.16863E-05,6.53302E-05
0.0031677,0.99405,0.67,5.4786,-0.14222,0.0012206,0.89163,0.0035541,3.55E-05,0.00086105,0.0010779,-0.00024915,0.0017033,0.119286,0.0804,0.657432,0.000114354,-0.0270218,0.000231914,0.1694097,0.000128303,1.28332E-06,3.10839E-05,3.89122E-05,-8.99432E-06,6.14891E-05
0.0032645,1.0023,0.67,5.4786,-0.14037,0.002378,0.88394,0.0036562,0.00014341,0.00077133,0.0012192,-0.00024851,0.0016535,0.120276,0.0804,0.657432,0.000117848,-0.0266703,0.00045182,0.1679486,0.000131989,5.1771E-06,2.7845E-05,4.40131E-05,-8.97121E-06,5.96914E-05
0.0034096,1.0106,0.67,5.4786,-0.13826,0.0036318,0.87768,0.0037518,0.00027238,0.00070712,0.0014214,-0.00028203,0.001646,0.121272,0.0804,0.657432,0.000123087,-0.0262694,0.000690042,0.1667592,0.00013544,9.83292E-06,2.5527E-05,5.13125E-05,-1.01813E-05,5.94206E-05
0.0035923,1.0188,0.67,5.4786,-0.13608,0.0048526,0.87256,0.0038276,0.00040999,0.00066551,0.0016124,-0.00031056,0.0017446,0.122256,0.0804,0.657432,0.000129682,-0.0258552,0.000921994,0.1657864,0.000138176,1.48006E-05,2.40249E-05,5.82076E-05,-1.12112E-05,6.29801E-05
0.0037581,1.0271,0.67,5.4786,-0.13389,0.0058835,0.86796,0.0038994,0.00051987,0.00061603,0.0017234,-0.00032707,0.0018935,0.123252,0.0804,0.657432,0.000135667,-0.0254391,0.001117865,0.1649124,0.000140768,1.87673E-05,2.22387E-05,6.22147E-05,-1.18072E-05,6.83554E-05
0.0038717,1.0353,0.67,5.4786,-0.13175,0.0064782,0.86324,0.0039488,0.00056263,0.00050015,0.0017263,-0.00036642,0.0020684,0.124236,0.0804,0.657432,0.000139768,-0.0250325,0.001230858,0.1640156,0.000142552,2.03109E-05,1.80554E-05,6.23194E-05,-1.32278E-05,7.46692E-05
0.0039224,1.0436,0.67,5.4786,-0.12957,0.0064467,0.85787,0.0039468,0.00052217,0.00036803,0.0016359,-0.00042188,0.002262,0.125232,0.0804,0.657432,0.000141599,-0.0246183,0.001224873,0.1629953,0.000142479,1.88503E-05,1.32859E-05,5.9056E-05,-1.52299E-05,8.16582E-05
0.0039124,1.0518,0.67,5.4786,-0.1275,0.0057987,0.85176,0.003873,0.00041818,0.00024501,0.0014883,-0.00048882,0.0024635,0.126216,0.0804,0.657432,0.000141238,-0.024225,0.001101753,0.1618344,0.000139815,1.50963E-05,8.84486E-06,5.37276E-05,-1.76464E-05,8.89324E-05
0.0039302,1.0601,0.67,5.4786,-0.12575,0.0048024,0.84515,0.0037613,0.00028083,0.00015671,0.001336,-0.00056512,0.0027631,0.127212,0.0804,0.657432,0.00014188,-0.0238925,0.000912456,0.1605785,0.000135783,1.0138E-05,5.65723E-06,4.82296E-05,-2.04008E-05,9.97479E-05
0.0039951,1.0684,0.67,5.4786,-0.12436,0.0038586,0.83841,0.0036364,0.00014199,0.00010511,0.0012285,-0.00067465,0.0031254,0.128208,0.0804,0.657432,0.000144223,-0.0236284,0.000733134,0.1592979,0.000131274,5.12584E-06,3.79447E-06,4.43489E-05,-2.43549E-05,0.000112827
0.0041421,1.0766,0.67,5.4786,-0.12327,0.0033119,0.83184,0.0034999,2.85E-05,7.10E-05,0.0011859,-0.00082735,0.0035984,0.129192,0.0804,0.657432,0.00014953,-0.0234213,0.000629261,0.1580496,0.000126346,1.02813E-06,2.56202E-06,4.2811E-05,-2.98673E-05,0.000129902
0.0043393,1.0849,0.67,5.4786,-0.12218,0.0032286,0.82548,0.0033777,-4.53E-05,7.09E-05,0.0011859,-0.00098272,0.0041149,0.130188,0.0804,0.657432,0.000156649,-0.0232142,0.000613434,0.1568412,0.000121935,-1.63457E-06,2.55844E-06,4.2811E-05,-3.54762E-05,0.000148548
0.0044942,1.0931,0.67,5.4786,-0.12085,0.0033988,0.81904,0.0032399,-8.53E-05,7.18E-05,0.0011792,-0.0011174,0.0045693,0.131172,0.0804,0.657432,0.000162241,-0.0229615,0.000645772,0.1556176,0.00011696,-3.07955E-06,2.59025E-06,4.25691E-05,-4.03381E-05,0.000164952
0.0045742,1.1014,0.67,5.4786,-0.11923,0.003588,0.8124,0.0030621,-0.00010209,7.49E-05,0.0011586,-0.0012113,0.0049277,0.132168,0.0804,0.657432,0.000165129,-0.0226537,0.00068172,0.154356,0.000110542,-3.68545E-06,2.70418E-06,4.18255E-05,-4.37279E-05,0.00017789
0.0046004,1.1096,0.67,5.4786,-0.11711,0.0038474,0.80546,0.0028851,-0.00010232,8.90E-05,0.001148,-0.0012855,0.0051677,0.133152,0.0804,0.657432,0.000166074,-0.0222509,0.000731006,0.1530374,0.000104152,-3.69375E-06,3.2142E-06,4.14428E-05,-4.64066E-05,0.000186554
0.0046663,1.1179,0.67,5.4786,-0.11456,0.0046182,0.79834,0.0027751,-8.60E-05,0.00014577,0.0011583,-0.0013328,0.0053993,0.134148,0.0804,0.657432,0.000168453,-0.0217664,0.000877458,0.1516846,0.000100181,-3.1029E-06,5.2623E-06,4.18146E-05,-4.81141E-05,0.000194915
0.0047528,1.1262,0.67,5.4786,-0.11168,0.0064353,0.79154,0.0027192,-6.69E-05,0.00020419,0.0011932,-0.0013488,0.0055931,0.135144,0.0804,0.657432,0.000171576,-0.0212192,0.001222707,0.1503926,9.81631E-05,-2.41545E-06,7.37126E-06,4.30745E-05,-4.86917E-05,0.000201911
0.0048282,1.1344,0.67,5.4786,-0.10842,0.0091065,0.7854,0.0026479,-7.11E-05,0.00022159,0.0012664,-0.0013842,0.0057421,0.136128,0.0804,0.657432,0.000174298,-0.0205998,0.001730235,0.149226,9.55892E-05,-2.56624E-06,7.9994E-06,4.5717E-05,-4.99696E-05,0.00020729
0.0048951,1.1427,0.67,5.4786,-0.10481,0.011531,0.78006,0.0025681,-8.89E-05,0.00023636,0.001395,-0.0014914,0.0058271,0.137124,0.0804,0.657432,0.000176713,-0.0199139,0.00219089,0.1482114,9.27084E-05,-3.20929E-06,8.5326E-06,5.03595E-05,-5.38395E-05,0.000210358
0.0049547,1.1509,0.67,5.4786,-0.10104,0.012567,0.77536,0.002516,-9.16E-05,0.00026862,0.0015639,-0.0016649,0.0058295,0.138108,0.0804,0.657432,0.000178865,-0.0191976,0.00238773,0.1473184,9.08276E-05,-3.30799E-06,9.69718E-06,5.64568E-05,-6.01029E-05,0.000210445
0.0049577,1.1592,0.67,5.4786,-0.0974,0.012113,0.77163,0.0024861,-6.14E-05,0.00026662,0.0017259,-0.001823,0.0057033,0.139104,0.0804,0.657432,0.000178973,-0.018506,0.00230147,0.1466097,8.97482E-05,-2.2151E-06,9.62498E-06,6.2305E-05,-6.58103E-05,0.000205889
0.0049138,1.1674,0.67,5.4786,-0.093884,0.011158,0.76929,0.002465,-1.21E-05,0.0001953,0.0018436,-0.0019145,0.0055189,0.140088,0.0804,0.657432,0.000177388,-0.01783796,0.00212002,0.1461651,8.89865E-05,-4.38182E-07,7.05033E-06,6.6554E-05,-6.91135E-05,0.000199232
0.0048649,1.1757,0.67,5.4786,-0.090577,0.010382,0.76844,0.0024661,3.35E-05,6.53E-05,0.0018874,-0.0019442,0.0053762,0.141084,0.0804,0.657432,0.000175623,-0.01720963,0.00197258,0.1460036,8.90262E-05,1.21018E-06,2.35693E-06,6.81351E-05,-7.01856E-05,0.000194081
0.0048326,1.1839,0.67,5.4786,-0.087465,0.0098798,0.76872,0.0025091,6.52E-05,-6.15E-05,0.0018323,-0.0019102,0.0053239,0.142068,0.0804,0.657432,0.000174457,-0.01661835,0.001877162,0.1460568,9.05785E-05,2.35195E-06,-2.22087E-06,6.6146E-05,-6.89582E-05,0.000192193
0.0047636,1.1922,0.67,5.4786,-0.084268,0.0096622,0.76903,0.0025771,6.68E-05,-0.0001556,0.0016973,-0.0018197,0.0052528,0.143064,0.0804,0.657432,0.000171966,-0.01601092,0.001835818,0.1461157,9.30333E-05,2.41289E-06,-5.61716E-06,6.12725E-05,-6.56912E-05,0.000189626
0.0046664,1.2005,0.67,5.4786,-0.080808,0.0095513,0.76875,0.0026027,3.87E-05,-0.00025929,0.0015274,-0.0016998,0.0052027,0.14406,0.0804,0.657432,0.000168457,-0.01535352,0.001814747,0.1460625,9.39575E-05,1.39559E-06,-9.36037E-06,5.51391E-05,-6.13628E-05,0.000187817
0.0045597,1.2087,0.67,5.4786,-0.077027,0.0093625,0.76824,0.0025666,-2.35E-06,-0.00031373,0.0013686,-0.0015767,0.0051841,0.145044,0.0804,0.657432,0.000164605,-0.01463513,0.001778875,0.1459656,9.26543E-05,-8.46581E-08,-1.13257E-05,4.94065E-05,-5.69189E-05,0.000187146
0.0043819,1.217,0.67,5.4786,-0.072998,0.0089873,0.76793,0.0025022,-3.72E-05,-0.00027589,0.001271,-0.0014651,0.0049906,0.14604,0.0804,0.657432,0.000158187,-0.01386962,0.001707587,0.1459067,9.03294E-05,-1.34191E-06,-9.95963E-06,4.58831E-05,-5.28901E-05,0.000180161
0.004152,1.2252,0.67,5.4786,-0.068951,0.0085463,0.76878,0.0024208,-4.83E-05,-0.00017896,0.0012499,-0.0013757,0.0046333,0.147024,0.0804,0.657432,0.000149887,-0.01310069,0.001623797,0.1460682,8.73909E-05,-1.74186E-06,-6.46046E-06,4.51214E-05,-4.96628E-05,0.000167262
0.003883,1.2335,0.67,5.4786,-0.065075,0.0081165,0.77155,0.0023254,-3.28E-05,-4.74E-05,0.0012652,-0.0012849,0.0041755,0.14802,0.0804,0.657432,0.000140176,-0.01236425,0.001542135,0.1465945,8.39469E-05,-1.18231E-06,-1.71262E-06,4.56737E-05,-4.63849E-05,0.000150736
0.0036139,1.2417,0.67,5.4786,-0.06121,0.0075589,0.77585,0.0022313,-4.32E-06,9.48E-05,0.001275,-0.0011484,0.0037214,0.149004,0.0804,0.657432,0.000130462,-0.0116299,0.001436191,0.1474115,8.05499E-05,-1.56125E-07,3.42224E-06,4.60275E-05,-4.14572E-05,0.000134343
0.0033677,1.25,0.67,5.4786,-0.057194,0.0066399,0.78066,0.0021403,1.79E-05,0.00015109,0.001274,-0.00094345,0.0033212,0.15,0.0804,0.657432,0.000121574,-0.01086686,0.001261581,0.1483254,7.72648E-05,6.45649E-07,5.45435E-06,4.59914E-05,-3.40585E-05,0.000119895
0.0032341,1.2583,0.67,5.4786,-0.052977,0.0050363,0.78528,0.0020672,2.05E-05,0.00012719,0.0012762,-0.00067297,0.0031248,0.150996,0.0804,0.657432,0.000116751,-0.01006563,0.000956897,0.1492032,7.46259E-05,7.38787E-07,4.59156E-06,4.60708E-05,-2.42942E-05,0.000112805
0.0031763,1.2665,0.67,5.4786,-0.048519,0.0026921,0.78935,0.0020304,1.14E-05,0.00013324,0.001291,-0.00040436,0.0030312,0.15198,0.0804,0.657432,0.000114664,-0.00921861,0.000511499,0.1499765,7.32974E-05,4.1219E-07,4.80996E-06,4.66051E-05,-1.45974E-05,0.000109426
0.0031021,1.2748,0.67,5.4786,-0.043893,-6.33E-05,0.79232,0.0019992,8.44E-06,0.00017688,0.0013092,-0.00021178,0.0028958,0.152976,0.0804,0.657432,0.000111986,-0.00833967,-1.20344E-05,0.1505408,7.21711E-05,3.04504E-07,6.38537E-06,4.72621E-05,-7.64526E-06,0.000104538
0.0030721,1.283,0.67,5.4786,-0.039371,-0.0023972,0.79394,0.0019748,9.95E-06,0.00019197,0.0013349,-7.74E-05,0.0028346,0.15396,0.0804,0.657432,0.000110903,-0.00748049,-0.000455468,0.1508486,7.12903E-05,3.59217E-07,6.93012E-06,4.81899E-05,-2.79262E-06,0.000102329
0.003135,1.2913,0.67,5.4786,-0.035148,-0.0036681,0.7943,0.0019907,-5.71E-08,0.00018131,0.0013759,6.13E-05,0.0029034,0.154956,0.0804,0.657432,0.000113174,-0.00667812,-0.000696939,0.150917,7.18643E-05,-2.06257E-09,6.54529E-06,4.967E-05,2.21405E-06,0.000104813
0.0031572,1.2995,0.67,5.4786,-0.031105,-0.0040859,0.7935,0.0019784,-2.15E-05,0.00018423,0.0014064,0.00021125,0.0029297,0.15594,0.0804,0.657432,0.000113975,-0.00590995,-0.000776321,0.150765,7.14202E-05,-7.74526E-07,6.6507E-06,5.0771E-05,7.62613E-06,0.000105762
0.003115,1.3078,0.67,5.4786,-0.026989,-0.0041515,0.79196,0.0018865,-4.67E-05,0.00017378,0.0013871,0.00035394,0.0029565,0.156936,0.0804,0.657432,0.000112452,-0.00512791,-0.000788785,0.1504724,6.81027E-05,-1.68432E-06,6.27346E-06,5.00743E-05,1.27772E-05,0.00010673
0.0031158,1.316,0.67,5.4786,-0.022832,-0.0041645,0.79013,0.0018557,-7.31E-05,0.00010802,0.0012897,0.0004596,0.0030862,0.15792,0.0804,0.657432,0.00011248,-0.00433808,-0.000791255,0.1501247,6.69908E-05,-2.6392E-06,3.89952E-06,4.65582E-05,1.65916E-05,0.000111412
0.0030132,1.3243,0.67,5.4786,-0.018668,-0.0041214,0.78817,0.0018829,-8.74E-05,5.66E-05,0.0011235,0.00049385,0.0030199,0.158916,0.0804,0.657432,0.000108777,-0.00354692,-0.000783066,0.1497523,6.79727E-05,-3.15536E-06,2.04333E-06,4.05584E-05,1.7828E-05,0.000109018
0.0027738,1.3326,0.67,5.4786,-0.014293,-0.0039956,0.7858,0.001789,-8.97E-05,0.00012949,0.00094503,0.00047646,0.0028136,0.159912,0.0804,0.657432,0.000100134,-0.00271567,-0.000759164,0.149302,6.45829E-05,-3.2373E-06,4.67459E-06,3.41156E-05,1.72002E-05,0.000101571
0.0026185,1.3408,0.67,5.4786,-0.0097218,-0.0039092,0.78307,0.0016694,-8.55E-05,0.00010649,0.00079949,0.00043188,0.0027681,0.160896,0.0804,0.657432,9.45279E-05,-0.001847142,-0.000742748,0.1487833,6.02653E-05,-3.08496E-06,3.84429E-06,2.88616E-05,1.55909E-05,9.99284E-05
0.0024801,1.3491,0.67,5.4786,-0.0051981,-0.0040738,0.78062,0.0016274,-7.20E-05,-2.18E-05,0.00069998,0.00035343,0.0026328,0.161892,0.0804,0.657432,8.95316E-05,-0.000987639,-0.000774022,0.1483178,5.87491E-05,-2.59913E-06,-7.87161E-07,2.52693E-05,1.27588E-05,9.50441E-05
0.0022496,1.3573,0.67,5.4786,-0.00058946,-0.0045736,0.77841,0.0015398,-5.59E-05,-2.42E-05,0.00064112,0.00025553,0.0023182,0.162876,0.0804,0.657432,8.12106E-05,-0.000111997,-0.000868984,0.1478979,5.55868E-05,-2.01904E-06,-8.72212E-07,2.31444E-05,9.22463E-06,8.3687E-05
0.0021906,1.3656,0.67,5.4786,0.0041146,-0.0052911,0.77676,0.0014631,-4.12E-05,-5.40E-05,0.00060609,0.00017626,0.002312,0.163872,0.0804,0.657432,7.90807E-05,0.000781774,-0.001005309,0.1475844,5.28179E-05,-1.48905E-06,-1.94785E-06,2.18798E-05,6.36299E-06,8.34632E-05
0.0021398,1.3738,0.67,5.4786,0.0086598,-0.0061772,0.77686,0.0014458,-3.43E-05,-0.00013575,0.00058896,0.00011437,0.0022449,0.164856,0.0804,0.657432,7.72468E-05,0.001645362,-0.001173668,0.1476034,5.21934E-05,-1.23902E-06,-4.90058E-06,2.12615E-05,4.12876E-06,8.10409E-05
0.0019815,1.3821,0.67,5.4786,0.013182,-0.0069458,0.77818,0.0013586,-3.20E-05,-0.00010399,0.00058591,5.69E-05,0.0020185,0.165852,0.0804,0.657432,7.15322E-05,0.00250458,-0.001319702,0.1478542,4.90455E-05,-1.15654E-06,-3.75404E-06,2.11514E-05,2.05272E-06,7.28679E-05
0.0020203,1.3903,0.67,5.4786,0.01772,-0.0073436,0.77994,0.0013051,-4.28E-05,-9.12E-05,0.00059994,2.19E-05,0.0021356,0.166836,0.0804,0.657432,7.29328E-05,0.0033668,-0.001395284,0.1481886,4.71141E-05,-1.54667E-06,-3.2934E-06,2.16578E-05,7.90915E-07,7.70952E-05
0.0020525,1.3986,0.67,5.4786,0.022082,-0.0074563,0.78229,0.0013416,-5.93E-05,-0.00013246,0.00064183,2.29E-06,0.0021217,0.167832,0.0804,0.657432,7.40953E-05,0.00419558,-0.001416697,0.1486351,4.84318E-05,-2.14004E-06,-4.78181E-06,2.31701E-05,8.25535E-08,7.65934E-05
0.0020795,1.4069,0.67,5.4786,0.02644,-0.0073819,0.78493,0.0013375,-6.94E-05,-3.86E-05,0.00070197,-2.08E-05,0.0021195,0.168828,0.0804,0.657432,7.507E-05,0.0050236,-0.001402561,0.1491367,4.82838E-05,-2.50473E-06,-1.39342E-06,2.53411E-05,-7.5236E-07,7.6514E-05
0.0021607,1.4151,0.67,5.4786,0.030854,-0.0072571,0.78821,0.0013469,-8.54E-05,-5.21E-05,0.00077503,-2.65E-05,0.0021994,0.169812,0.0804,0.657432,7.80013E-05,0.00586226,-0.001378849,0.1497599,4.86231E-05,-3.08301E-06,-1.8824E-06,2.79786E-05,-9.55387E-07,7.93983E-05
0.0021254,1.4234,0.67,5.4786,0.035132,-0.0071289,0.7923,0.0013468,-0.00010472,-9.35E-05,0.00086119,-2.71E-05,0.0020429,0.170808,0.0804,0.657432,7.67269E-05,0.00667508,-0.001354491,0.150537,4.86195E-05,-3.78039E-06,-3.37683E-06,3.1089E-05,-9.79429E-07,7.37487E-05
0.0022077,1.4316,0.67,5.4786,0.039331,-0.0071191,0.79739,0.001342,-0.00013625,-0.00012512,0.00096121,-1.00E-05,0.0021121,0.171792,0.0804,0.657432,7.9698E-05,0.00747289,-0.001352629,0.1515041,4.84462E-05,-4.91863E-06,-4.51683E-06,3.46997E-05,-3.61614E-07,7.62468E-05
0.0022718,1.4399,0.67,5.4786,0.043193,-0.0074173,0.80378,0.0013938,-0.0001642,-0.00020811,0.0010703,2.26E-06,0.0020795,0.172788,0.0804,0.657432,8.2012E-05,0.00820667,-0.001409287,0.1527182,5.03162E-05,-5.92762E-06,-7.51277E-06,3.86378E-05,8.14163E-08,7.507E-05
0.0023168,1.4481,0.67,5.4786,0.046651,-0.0081873,0.8105,0.0014147,-0.00018497,-0.00020547,0.0011782,4.23E-06,0.0020406,0.173772,0.0804,0.657432,8.36365E-05,0.00886369,-0.001555587,0.153995,5.10707E-05,-6.67742E-06,-7.41747E-06,4.2533E-05,1.52757E-07,7.36657E-05
0.0023855,1.4564,0.67,5.4786,0.04986,-0.0094173,0.81739,0.0014019,-0.00020926,-0.00023869,0.0012741,1.87E-06,0.0020949,0.174768,0.0804,0.657432,8.61166E-05,0.0094734,-0.001789287,0.1553041,5.06086E-05,-7.55429E-06,-8.61671E-06,4.5995E-05,6.75214E-08,7.56259E-05
0.002382,1.4647,0.67,5.4786,0.053001,-0.010931,0.82498,0.001364,-0.00022777,-0.00022872,0.0013475,-2.82E-05,0.0020524,0.175764,0.0804,0.657432,8.59902E-05,0.01007019,-0.00207689,0.1567462,4.92404E-05,-8.2225E-06,-8.25679E-06,4.86448E-05,-1.01795E-06,7.40916E-05
0.0023926,1.4729,0.67,5.4786,0.056239,-0.012545,0.83291,0.0013206,-0.00024491,-0.00020481,0.001396,-7.66E-05,0.0020687,0.176748,0.0804,0.657432,8.63729E-05,0.01068541,-0.00238355,0.1582529,4.76737E-05,-8.84125E-06,-7.39364E-06,5.03956E-05,-2.76613E-06,7.46801E-05
0.002387,1.4812,0.67,5.4786,0.059589,-0.014209,0.84063,0.0012948,-0.0002625,-0.00019222,0.0014188,-0.00014473,0.0020604,0.177744,0.0804,0.657432,8.61707E-05,0.01132191,-0.00269971,0.1597197,4.67423E-05,-9.47625E-06,-6.93914E-06,5.12187E-05,-5.22475E-06,7.43804E-05
0.002366,1.4894,0.67,5.4786,0.062964,-0.015949,0.84768,0.0012681,-0.00029062,-0.00017099,0.0014198,-0.00022485,0.0020441,0.178728,0.0804,0.657432,8.54126E-05,0.01196316,-0.00303031,0.1610592,4.57784E-05,-1.04914E-05,-6.17274E-06,5.12548E-05,-8.11709E-06,7.3792E-05
0.0023463,1.4977,0.67,5.4786,0.066144,-0.017654,0.8537,0.0012392,-0.00032096,-0.00015555,0.0014041,-0.00033724,0.0020494,0.179724,0.0804,0.657432,8.47014E-05,0.01256736,-0.00335426,0.162203,4.47351E-05,-1.15867E-05,-5.61536E-06,5.0688E-05,-1.21744E-05,7.39833E-05
0.0023727,1.5059,0.67,5.4786,0.069181,-0.018881,0.859,0.0012171,-0.00032607,-0.00014617,0.0013751,-0.00048467,0.0021532,0.180708,0.0804,0.657432,8.56545E-05,0.01314439,-0.00358739,0.16321,4.39373E-05,-1.17711E-05,-5.27674E-06,4.96411E-05,-1.74966E-05,7.77305E-05
0.00241,1.5142,0.67,5.4786,0.072191,-0.01907,0.86444,0.0012076,-0.00031028,-0.00010494,0.0013406,-0.00064007,0.0022719,0.181704,0.0804,0.657432,0.000087001,0.01371629,-0.0036233,0.1642436,4.35944E-05,-1.12011E-05,-3.78833E-06,4.83957E-05,-2.31065E-05,8.20156E-05
0.0024475,1.5224,0.67,5.4786,0.075165,-0.01832,0.87064,0.0011793,-0.00029404,-3.90E-05,0.0013299,-0.00077961,0.0023857,0.182688,0.0804,0.657432,8.83548E-05,0.01428135,-0.0034808,0.1654216,4.25727E-05,-1.06148E-05,-1.40822E-06,4.80094E-05,-2.81439E-05,8.61238E-05
0.0024813,1.5307,0.67,5.4786,0.078173,-0.017056,0.87773,0.0011085,-0.00028646,5.53E-05,0.0013665,-0.00089001,0.0024876,0.183684,0.0804,0.657432,8.95749E-05,0.01485287,-0.00324064,0.1667687,4.00169E-05,-1.03412E-05,1.99698E-06,4.93307E-05,-3.21294E-05,8.98024E-05
0.0025279,1.539,0.67,5.4786,0.08142,-0.015831,0.88517,0.0010354,-0.00028883,0.00016937,0.0014271,-0.00096377,0.0025931,0.18468,0.0804,0.657432,9.12572E-05,0.0154698,-0.00300789,0.1681823,3.73779E-05,-1.04268E-05,6.11426E-06,5.15183E-05,-3.47921E-05,9.36109E-05
0.0025428,1.5472,0.67,5.4786,0.084804,-0.014969,0.89223,0.00098872,-0.00029756,0.0002517,0.0014623,-0.0009977,0.0026345,0.185664,0.0804,0.657432,9.17951E-05,0.01611276,-0.00284411,0.1695237,3.56928E-05,-1.07419E-05,9.08637E-06,5.2789E-05,-3.6017E-05,9.51055E-05
0.0024993,1.5555,0.67,5.4786,0.087819,-0.014477,0.89849,0.00095849,-0.00030603,0.00029133,0.0014531,-0.00099288,0.002587,0.18666,0.0804,0.657432,9.02247E-05,0.01668561,-0.00275063,0.1707131,3.46015E-05,-1.10477E-05,1.0517E-05,5.24569E-05,-3.5843E-05,9.33907E-05
0.002412,1.5637,0.67,5.4786,0.090335,-0.014227,0.90385,0.00093477,-0.00030662,0.00029666,0.0014134,-0.0009648,0.0024757,0.187644,0.0804,0.657432,8.70732E-05,0.01716365,-0.00270313,0.1717315,3.37452E-05,-1.1069E-05,1.07094E-05,5.10237E-05,-3.48293E-05,8.93728E-05
0.0022972,1.572,0.67,5.4786,0.092713,-0.013955,0.90824,0.0008992,-0.00030156,0.00029241,0.0013525,-0.00092593,0.0023428,0.18864,0.0804,0.657432,8.29289E-05,0.01761547,-0.00265145,0.1725656,3.24611E-05,-1.08863E-05,1.0556E-05,4.88253E-05,-3.34261E-05,8.45751E-05
0.0021858,1.5802,0.67,5.4786,0.094884,-0.013602,0.91152,0.00086172,-0.00029752,0.00027875,0.0012726,-0.00088625,0.0022373,0.189624,0.0804,0.657432,7.89074E-05,0.01802796,-0.00258438,0.1731888,3.11081E-05,-1.07405E-05,1.00629E-05,4.59409E-05,-3.19936E-05,8.07665E-05
0.002093,1.5885,0.67,5.4786,0.096538,-0.013188,0.91377,0.00085019,-0.0002972,0.0002648,0.001191,-0.00084793,0.0021448,0.19062,0.0804,0.657432,7.55573E-05,0.01834222,-0.00250572,0.1736163,3.06919E-05,-1.07289E-05,9.55928E-06,4.29951E-05,-3.06103E-05,7.74273E-05
0.0020242,1.5968,0.67,5.4786,0.097875,-0.012615,0.91554,0.0008676,-0.0003075,0.00025253,0.0011325,-0.0008088,0.0020482,0.191616,0.0804,0.657432,7.30736E-05,0.01859625,-0.00239685,0.1739526,3.13204E-05,-1.11008E-05,9.11633E-06,4.08833E-05,-2.91977E-05,7.394E-05
0.0019776,1.605,0.67,5.4786,0.099137,-0.011644,0.91701,0.00089142,-0.00033176,0.00025125,0.001111,-0.0007709,0.0019527,0.1926,0.0804,0.657432,7.13914E-05,0.01883603,-0.00221236,0.1742319,3.21803E-05,-1.19765E-05,9.07013E-06,4.01071E-05,-2.78295E-05,7.04925E-05
0.0019485,1.6133,0.67,5.4786,0.1002,-0.010145,0.91777,0.00090373,-0.00036377,0.00024906,0.0011284,-0.00073069,0.0018649,0.193596,0.0804,0.657432,7.03409E-05,0.019038,-0.00192755,0.1743763,3.26247E-05,-1.31321E-05,8.99107E-06,4.07352E-05,-2.63779E-05,6.73229E-05
0.0019093,1.6215,0.67,5.4786,0.10093,-0.0083644,0.91751,0.00091412,-0.00039421,0.00022704,0.0011701,-0.0006583,0.0017344,0.19458,0.0804,0.657432,6.89257E-05,0.0191767,-0.001589236,0.1743269,3.29997E-05,-1.4231E-05,8.19614E-06,4.22406E-05,-2.37646E-05,6.26118E-05
0.0018409,1.6298,0.67,5.4786,0.10136,-0.0065848,0.91647,0.00093559,-0.00040919,0.00016651,0.0012116,-0.00051833,0.0015346,0.195576,0.0804,0.657432,6.64565E-05,0.0192584,-0.001251112,0.1741293,3.37748E-05,-1.47718E-05,6.01101E-06,4.37388E-05,-1.87117E-05,5.53991E-05
0.0017541,1.638,0.67,5.4786,0.10164,-0.0045736,0.91571,0.00096416,-0.00040089,7.57E-05,0.0012336,-0.00033535,0.0013104,0.19656,0.0804,0.657432,6.3323E-05,0.0193116,-0.000868984,0.1739849,3.48062E-05,-1.44721E-05,2.73151E-06,4.4533E-05,-1.21061E-05,4.73054E-05
0.0016894,1.6463,0.67,5.4786,0.10191,-0.0021311,0.91647,0.0010009,-0.00038085,-1.36E-05,0.0012278,-0.0001928,0.0011502,0.197556,0.0804,0.657432,6.09873E-05,0.0193629,-0.000404909,0.1741293,3.61325E-05,-1.37487E-05,-4.90563E-07,4.43236E-05,-6.96008E-06,4.15222E-05
0.0016677,1.6545,0.67,5.4786,0.10208,0.00046478,0.9192,0.0010558,-0.0003625,-6.51E-05,0.0011915,-0.00013511,0.0010881,0.19854,0.0804,0.657432,6.0204E-05,0.0193952,8.83082E-05,0.174648,3.81144E-05,-1.30863E-05,-2.34914E-06,4.30132E-05,-4.87747E-06,3.92804E-05
0.0016553,1.6628,0.67,5.4786,0.102,0.0027601,0.92337,0.0011253,-0.00034954,-9.11E-05,0.0011357,-0.00012246,0.0010496,0.199536,0.0804,0.657432,5.97563E-05,0.01938,0.000524419,0.1754403,4.06233E-05,-1.26184E-05,-3.29015E-06,4.09988E-05,-4.42081E-06,3.78906E-05
0.0016503,1.6711,0.67,5.4786,0.1016,0.0043187,0.92816,0.0012138,-0.00034193,-9.99E-05,0.0010803,-0.00011884,0.0010065,0.200532,0.0804,0.657432,5.95758E-05,0.019304,0.000820553,0.1763504,4.38182E-05,-1.23437E-05,-3.60599E-06,3.89988E-05,-4.29012E-06,3.63347E-05
0.001674,1.6793,0.67,5.4786,0.10096,0.0050941,0.93254,0.0013321,-0.00033631,-8.81E-05,0.0010336,-0.00011654,0.00098234,0.201516,0.0804,0.657432,6.04314E-05,0.0191824,0.000967879,0.1771826,4.80888E-05,-1.21408E-05,-3.17915E-06,3.7313E-05,-4.20709E-06,3.54625E-05
0.0017368,1.6876,0.67,5.4786,0.10033,0.0056829,0.93608,0.0014516,-0.00032752,-7.56E-05,0.0010102,-0.00010036,0.0010118,0.202512,0.0804,0.657432,6.26985E-05,0.0190627,0.001079751,0.1778552,5.24028E-05,-1.18235E-05,-2.73078E-06,3.64682E-05,-3.623E-06,3.6526E-05
0.0018376,1.6958,0.67,5.4786,0.099933,0.0066956,0.93989,0.0015334,-0.00032395,-4.33E-05,0.0010407,-7.99E-05,0.0011012,0.203496,0.0804,0.657432,6.63374E-05,0.01898727,0.001272164,0.1785791,5.53557E-05,-1.16946E-05,-1.56407E-06,3.75693E-05,-2.88529E-06,3.97533E-05
0.0019841,1.7041,0.67,5.4786,0.099685,0.0079234,0.94349,0.0016027,-0.00033899,3.98E-05,0.0011017,-0.00010686,0.0012638,0.204492,0.0804,0.657432,7.1626E-05,0.01894015,0.001505446,0.1792631,5.78575E-05,-1.22375E-05,1.43501E-06,3.97714E-05,-3.85765E-06,4.56232E-05
0.0021802,1.7123,0.67,5.4786,0.09945,0.0087822,0.94493,0.001706,-0.00037238,0.0001703,0.0011267,-0.00019495,0.0015276,0.205476,0.0804,0.657432,7.87052E-05,0.0188955,0.001668618,0.1795367,6.15866E-05,-1.34429E-05,6.14783E-06,4.06739E-05,-7.0377E-06,5.51464E-05
0.0023511,1.7206,0.67,5.4786,0.099455,0.0091637,0.94534,0.0018396,-0.00040601,0.00030555,0.0011019,-0.00024737,0.0017607,0.206472,0.0804,0.657432,8.48747E-05,0.01889645,0.001741103,0.1796146,6.64096E-05,-1.4657E-05,1.10304E-05,3.97786E-05,-8.93006E-06,6.35613E-05
0.0023824,1.7289,0.67,5.4786,0.10003,0.0092265,0.94714,0.0019831,-0.00041756,0.00039287,0.0010578,-0.00019582,0.0017238,0.207468,0.0804,0.657432,8.60046E-05,0.0190057,0.001753035,0.1799566,7.15899E-05,-1.50739E-05,1.41826E-05,3.81866E-05,-7.0691E-06,6.22292E-05
0.0023118,1.7371,0.67,5.4786,0.10108,0.0091223,0.95041,0.0021155,-0.00040675,0.00041921,0.0010428,-0.00010501,0.0014654,0.208452,0.0804,0.657432,8.3456E-05,0.0192052,0.001733237,0.1805779,7.63696E-05,-1.46837E-05,1.51335E-05,3.76451E-05,-3.79086E-06,5.29009E-05
0.0022591,1.7454,0.67,5.4786,0.10229,0.009113,0.95395,0.0022205,-0.00039544,0.00040989,0.0010912,-5.89E-05,0.0012065,0.209448,0.0804,0.657432,8.15535E-05,0.0194351,0.00173147,0.1812505,8.01601E-05,-1.42754E-05,1.4797E-05,3.93923E-05,-2.12802E-06,4.35547E-05
0.0022642,1.7536,0.67,5.4786,0.10342,0.0096143,0.95683,0.0023018,-0.00040801,0.00038724,0.0011914,-6.08E-05,0.0010352,0.210432,0.0804,0.657432,8.17376E-05,0.0196498,0.001826717,0.1817977,8.3095E-05,-1.47292E-05,1.39794E-05,4.30095E-05,-2.1951E-06,3.73707E-05
0.0022982,1.7619,0.67,5.4786,0.10432,0.010916,0.95913,0.0023518,-0.00045243,0.00035853,0.001307,-7.84E-05,0.00093759,0.211428,0.0804,0.657432,8.2965E-05,0.0198208,0.00207404,0.1822347,8.49E-05,-1.63327E-05,1.29429E-05,4.71827E-05,-2.82959E-06,3.3847E-05
0.0023262,1.7701,0.67,5.4786,0.10487,0.012627,0.96194,0.0023634,-0.00052188,0.0003313,0.0014292,-9.23E-05,0.00085977,0.212412,0.0804,0.657432,8.39758E-05,0.0199253,0.00239913,0.1827686,8.53187E-05,-1.88399E-05,1.19599E-05,5.15941E-05,-3.33023E-06,3.10377E-05
0.0023508,1.7784,0.67,5.4786,0.10505,0.013715,0.96517,0.0023581,-0.00060184,0.00030833,0.0015477,-0.00010259,0.00079575,0.213408,0.0804,0.657432,8.48639E-05,0.0199595,0.00260585,0.1833823,8.51274E-05,-2.17264E-05,1.11307E-05,5.5872E-05,-3.7035E-06,2.87266E-05
0.0023637,1.7866,0.67,5.4786,0.10495,0.013492,0.96815,0.0023468,-0.00066748,0.00028202,0.0016208,-0.00012714,0.00075984,0.214392,0.0804,0.657432,8.53296E-05,0.0199405,0.00256348,0.1839485,8.47195E-05,-2.4096E-05,1.01809E-05,5.85109E-05,-4.58975E-06,2.74302E-05
0.0023491,1.7949,0.67,5.4786,0.10467,0.012198,0.9712,0.002315,-0.00070173,0.00024852,0.0016423,-0.00016119,0.00074079,0.215388,0.0804,0.657432,8.48025E-05,0.0198873,0.00231762,0.184528,8.35715E-05,-2.53325E-05,8.97157E-06,5.9287E-05,-5.81896E-06,2.67425E-05
0.0023273,1.8032,0.67,5.4786,0.10426,0.010591,0.97485,0.0022569,-0.00070464,0.00023382,0.0016423,-0.00019466,0.00075538,0.216384,0.0804,0.657432,8.40155E-05,0.0198094,0.00201229,0.1852215,8.14741E-05,-2.54375E-05,8.4409E-06,5.9287E-05,-7.02723E-06,2.72692E-05
0.0023167,1.8114,0.67,5.4786,0.10377,0.009325,0.97903,0.0021799,-0.00068444,0.00026635,0.0016421,-0.00023253,0.00081155,0.217368,0.0804,0.657432,8.36329E-05,0.0197163,0.00177175,0.1860157,7.86944E-05,-2.47083E-05,9.61524E-06,5.92798E-05,-8.39433E-06,2.9297E-05
0.0023217,1.8197,0.67,5.4786,0.10322,0.0087547,0.98338,0.0020886,-0.00066102,0.00034808,0.0016499,-0.00028734,0.00090497,0.218364,0.0804,0.657432,8.38134E-05,0.0196118,0.001663393,0.1868422,7.53985E-05,-2.38628E-05,1.25657E-05,5.95614E-05,-1.0373E-05,3.26694E-05
0.0023517,1.8279,0.67,5.4786,0.10262,0.0090061,0.98728,0.0019956,-0.00065472,0.00046552,0.0016722,-0.00037828,0.0010356,0.219348,0.0804,0.657432,8.48964E-05,0.0194978,0.001711159,0.1875832,7.20412E-05,-2.36354E-05,1.68053E-05,6.03664E-05,-1.36559E-05,3.73852E-05
0.0024178,1.8362,0.67,5.4786,0.102,0.0098427,0.99059,0.0019139,-0.00067525,0.00060297,0.0017097,-0.00050233,0.0012119,0.220344,0.0804,0.657432,8.72826E-05,0.01938,0.001870113,0.1882121,6.90918E-05,-2.43765E-05,2.17672E-05,6.17202E-05,-1.81341E-05,4.37496E-05
0.0024906,1.8446,0.67,5.4786,0.10137,0.010904,0.99288,0.0018422,-0.00071607,0.00070014,0.0017524,-0.0006212,0.0013866,0.221352,0.0804,0.657432,8.99107E-05,0.0192603,0.00207176,0.1886472,6.65034E-05,-2.58501E-05,2.52751E-05,6.32616E-05,-2.24253E-05,5.00563E-05
0.0025628,1.8534,0.67,5.4786,0.10079,0.011804,0.99481,0.0017807,-0.00076389,0.00075598,0.0018023,-0.0007399,0.0015426,0.222408,0.0804,0.657432,9.25171E-05,0.0191501,0.00224276,0.1890139,6.42833E-05,-2.75764E-05,2.72909E-05,6.5063E-05,-2.67104E-05,5.56879E-05
0.0025979,1.8626,0.67,5.4786,0.10028,0.012542,0.99638,0.0017294,-0.00079046,0.0007516,0.0018171,-0.00082844,0.0016494,0.223512,0.0804,0.657432,9.37842E-05,0.0190532,0.00238298,0.1893122,6.24313E-05,-2.85356E-05,2.71328E-05,6.55973E-05,-2.99067E-05,5.95433E-05
0.0025703,1.8723,0.67,5.4786,0.099776,0.013045,0.99763,0.0016828,-0.00077988,0.00068791,0.0017635,-0.00088164,0.0016943,0.224676,0.0804,0.657432,9.27878E-05,0.01895744,0.00247855,0.1895497,6.07491E-05,-2.81537E-05,2.48336E-05,6.36624E-05,-3.18272E-05,6.11642E-05
0.0025369,1.8824,0.67,5.4786,0.099193,0.012804,0.99893,0.0016429,-0.00076528,0.00057565,0.0016983,-0.00089493,0.0017326,0.225888,0.0804,0.657432,9.15821E-05,0.01884667,0.00243276,0.1897967,5.93087E-05,-2.76266E-05,2.0781E-05,6.13086E-05,-3.2307E-05,6.25469E-05
0.0025848,1.8931,0.67,5.4786,0.098454,0.012236,1.0016,0.0016183,-0.00077239,0.00045794,0.0017081,-0.00092788,0.0018432,0.227172,0.0804,0.657432,9.33113E-05,0.01870626,0.00232484,0.190304,5.84206E-05,-2.78833E-05,1.65316E-05,6.16624E-05,-3.34965E-05,6.65395E-05
0.0026791,1.9042,0.67,5.4786,0.097351,0.012473,1.0058,0.001613,-0.00077646,0.00039952,0.0017456,-0.00098417,0.0019996,0.228504,0.0804,0.657432,9.67155E-05,0.01849669,0.00236987,0.191102,5.82293E-05,-2.80302E-05,1.44227E-05,6.30162E-05,-3.55285E-05,7.21856E-05
0.0027702,1.9159,0.67,5.4786,0.095737,0.013147,1.0088,0.0016133,-0.00075122,0.00036841,0.0017073,-0.0009908,0.0022198,0.229908,0.0804,0.657432,0.000100004,0.01819003,0.00249793,0.191672,5.82401E-05,-2.7119E-05,1.32996E-05,6.16335E-05,-3.57679E-05,8.01348E-05
0.0028251,1.9282,0.67,5.4786,0.093954,0.012732,1.0094,0.0016025,-0.00069192,0.00034928,0.0015695,-0.00094743,0.0024783,0.231384,0.0804,0.657432,0.000101986,0.01785126,0.00241908,0.191786,5.78503E-05,-2.49783E-05,1.2609E-05,5.6659E-05,-3.42022E-05,8.94666E-05
0.0027171,1.941,0.67,5.4786,0.092539,0.011974,1.009,0.001588,-0.00056492,0.00029524,0.0013712,-0.00078197,0.0024751,0.23292,0.0804,0.657432,9.80873E-05,0.01758241,0.00227506,0.19171,5.73268E-05,-2.03936E-05,1.06582E-05,4.95003E-05,-2.82291E-05,8.93511E-05
0.0024694,1.9545,0.67,5.4786,0.091335,0.011698,1.0116,0.0015772,-0.00035787,0.00016803,0.0012024,-0.0006547,0.0021592,0.23454,0.0804,0.657432,8.91453E-05,0.01735365,0.00222262,0.192204,5.69369E-05,-1.29191E-05,6.06588E-06,4.34066E-05,-2.36347E-05,7.79471E-05
0.0022401,1.9686,0.67,5.4786,0.089442,0.012467,1.0161,0.0015453,-0.00014321,-3.20E-05,0.0010763,-0.0005384,0.0018586,0.236232,0.0804,0.657432,8.08676E-05,0.01699398,0.00236873,0.193059,5.57853E-05,-5.16988E-06,-1.15509E-06,3.88544E-05,-1.94362E-05,6.70955E-05
0.0020419,1.9833,0.67,5.4786,0.086697,0.012857,1.0179,0.0014861,6.72E-06,-0.00018725,0.0010149,-0.00039224,0.0015828,0.237996,0.0804,0.657432,7.37126E-05,0.01647243,0.00244283,0.193401,5.36482E-05,2.42476E-07,-6.75973E-06,3.66379E-05,-1.41599E-05,5.71391E-05
0.0019976,1.9988,0.67,5.4786,0.084319,0.011975,1.0143,0.0014284,7.53E-05,-0.00028352,0.0010792,-0.00038546,0.0014876,0.239856,0.0804,0.657432,7.21134E-05,0.01602061,0.00227525,0.192717,5.15652E-05,2.71887E-06,-1.02351E-05,3.89591E-05,-1.39151E-05,5.37024E-05
0.0021557,2.0149,0.67,5.4786,0.082543,0.0086145,1.012,0.0013587,5.26E-05,-0.00023292,0.00096629,-0.00026308,0.0019864,0.241788,0.0804,0.657432,7.78208E-05,0.01568317,0.001636755,0.19228,4.90491E-05,1.89803E-06,-8.40841E-06,3.48831E-05,-9.49719E-06,7.1709E-05
0.0023886,2.0319,0.67,5.4786,0.080503,0.0055967,1.0066,0.0012875,6.38E-05,-9.42E-05,0.00083421,6.73E-05,0.0026554,0.243828,0.0804,0.657432,8.62285E-05,0.01529557,0.001063373,0.191254,4.64788E-05,2.30379E-06,-3.40221E-06,3.0115E-05,2.43101E-06,9.58599E-05
0.00282,2.0496,0.67,5.4786,0.077728,0.00090973,1.004,0.0012858,6.15E-05,0.00036185,0.00073015,0.00017821,0.0036242,0.245952,0.0804,0.657432,0.000101802,0.01476832,0.000172849,0.19076,4.64174E-05,2.22123E-06,1.30628E-05,2.63584E-05,6.43338E-06,0.000130834
0.0035504,2.0681,0.67,5.4786,0.07367,0.0010225,0.99485,0.0013838,-2.62E-05,0.00090392,0.00069576,0.00014285,0.0050213,0.248172,0.0804,0.657432,0.000128169,0.0139973,0.000194275,0.1890215,4.99552E-05,-9.45784E-07,3.26315E-05,2.51169E-05,5.15689E-06,0.000181269
0.0044808,2.0875,0.67,5.4786,0.069112,0.0025272,0.98596,0.0015942,-0.00022038,0.0015321,0.00078337,-0.00037671,0.0065839,0.2505,0.0804,0.657432,0.000161757,0.01313128,0.000480168,0.1873324,5.75506E-05,-7.95572E-06,5.53088E-05,2.82797E-05,-1.35992E-05,0.000237679
0.0053199,2.1078,0.67,5.4786,0.065025,0.0066307,0.98587,0.0018443,-0.0002491,0.0024152,0.00078543,-0.00056851,0.0080102,0.252936,0.0804,0.657432,0.000192048,0.01235475,0.001259833,0.1873153,6.65792E-05,-8.99251E-06,8.71887E-05,2.8354E-05,-2.05232E-05,0.000289168
0.0052689,2.129,0.67,5.4786,0.062622,0.015649,0.97575,0.0019886,-0.0001711,0.0026226,0.00084641,-0.0002716,0.0077028,0.25548,0.0804,0.657432,0.000190207,0.01189818,0.00297331,0.1853925,7.17885E-05,-6.17671E-06,9.46759E-05,3.05554E-05,-9.80476E-06,0.000278071
0.0044568,2.1511,0.67,5.4786,0.062672,0.017647,0.9744,0.0019962,-2.75E-05,0.0022527,0.00092338,-5.09E-05,0.005994,0.258132,0.0804,0.657432,0.00016089,0.01190768,0.00335293,0.185136,7.20628E-05,-9.92425E-07,8.13225E-05,3.3334E-05,-1.83662E-06,0.000216383
0.0037737,2.1743,0.67,5.4786,0.061115,0.019547,0.98248,0.001905,0.00011326,0.0018887,0.001077,0.00011124,0.0045655,0.260916,0.0804,0.657432,0.000136231,0.01161185,0.00371393,0.1866712,6.87705E-05,4.08869E-06,6.81821E-05,3.88797E-05,4.01576E-06,0.000164815
0.0034922,2.1984,0.67,5.4786,0.055668,0.023134,0.97822,0.0016879,0.00024413,0.0016479,0.0011287,0.00022013,0.0041677,0.263808,0.0804,0.657432,0.000126068,0.01057692,0.00439546,0.1858618,6.09332E-05,8.81309E-06,5.94892E-05,4.07461E-05,7.94669E-06,0.000150454
0.0039053,2.2237,0.67,5.4786,0.0512,0.02683,0.95049,0.0015157,0.0005598,0.0015596,0.0017332,0.00099365,0.0045616,0.266844,0.0804,0.657432,0.000140981,0.009728,0.0050977,0.1805931,5.47168E-05,2.02088E-05,5.63016E-05,6.25685E-05,3.58708E-05,0.000164674
0.0052662,2.2501,0.67,5.4786,0.048985,0.029321,0.93275,0.0015611,0.0005439,0.0016526,0.0021604,0.0011898,0.0068108,0.270012,0.0804,0.657432,0.00019011,0.00930715,0.00557099,0.1772225,5.63557E-05,1.96348E-05,5.96589E-05,7.79904E-05,4.29518E-05,0.00024587
0.00504,2.2776,0.67,5.4786,0.044381,0.030758,0.92679,0.0016917,0.00021803,0.0014522,0.0017748,0.00020729,0.0066134,0.273312,0.0804,0.657432,0.000181944,0.00843239,0.00584402,0.1760901,6.10704E-05,7.87088E-06,5.24244E-05,6.40703E-05,7.48317E-06,0.000238744
0.0050603,2.3063,0.67,5.4786,0.037002,0.036714,0.91514,0.0018589,9.58E-05,0.0011426,0.0015365,-0.00072041,0.0067252,0.276756,0.0804,0.657432,0.000182677,0.00703038,0.00697566,0.1738766,6.71063E-05,3.45935E-06,4.12479E-05,5.54677E-05,-2.60068E-05,0.00024278
0.0060301,2.3362,0.67,5.4786,0.02788,0.051126,0.9034,0.0021057,0.0003437,0.0014628,0.001877,-0.00057027,0.0080775,0.280344,0.0804,0.657432,0.000217687,0.0052972,0.00971394,0.171646,7.60158E-05,1.24076E-05,5.28071E-05,6.77597E-05,-2.05867E-05,0.000291598
0.0053977,2.3674,0.67,5.4786,0.01974,0.059592,0.87994,0.0023569,0.00049033,0.001458,0.0027364,5.91E-06,0.0057021,0.284088,0.0804,0.657432,0.000194857,0.0037506,0.01132248,0.1671886,8.50841E-05,1.77009E-05,5.26338E-05,9.8784E-05,2.13246E-07,0.000205846
0.0054878,2.3999,0.67,5.4786,0.013622,0.064661,0.85081,0.0021498,0.00083272,0.0013065,0.0041775,0.00043616,0.0046485,0.287988,0.0804,0.657432,0.00019811,0.00258818,0.01228559,0.1616539,7.76078E-05,3.00612E-05,4.71647E-05,0.000150808,1.57454E-05,0.000167811
0.0055016,2.4338,0.67,5.4786,0.0064858,0.070742,0.80767,0.0013033,0.00069283,0.0014008,0.0039687,0.00090895,0.0057312,0.292056,0.0804,0.657432,0.000198608,0.001232302,0.01344098,0.1534573,4.70491E-05,2.50112E-05,5.05689E-05,0.00014327,3.28131E-05,0.000206896
0.0040489,2.4691,0.67,5.4786,0.0015947,0.063539,0.6947,0.00041222,9.97E-05,0.00079686,0.0022263,0.00090404,0.0054592,0.296292,0.0804,0.657432,0.000146165,0.000302993,0.01207241,0.131993,1.48811E-05,3.60065E-06,2.87666E-05,8.03694E-05,3.26358E-05,0.000197077
0.0015446,2.5058,0.67,5.4786,0.00010747,0.027948,0.30545,2.59E-05,1.72E-05,0.00013984,0.00084913,0.00036147,0.0022141,0.300696,0.0804,0.657432,5.57601E-05,2.04193E-05,0.00531012,0.0580355,9.35134E-07,6.19296E-07,5.04822E-06,3.06536E-05,1.30491E-05,7.9929E-05
3.72E-08,2.544,0.67,5.4786,-0.00022025,-4.72E-14,-7.25E-18,7.44E-08,1.59E-17,3.03E-21,3.41E-27,6.50E-31,1.65E-34,0.30528,0.0804,0.657432,1.34353E-09,-4.18475E-05,-8.96667E-15,-1.37701E-18,2.68707E-09,5.75217E-19,1.09542E-22,1.23137E-28,2.34545E-32,5.96914E-36
0,2.5837,0.67,5.4786,0,0,0,0,0,0,0,0,0,0.310044,0.0804,0.657432,0,0,0,0,0,0,0,0,0,0
0,2.625,0.67,5.4786,0,0,0,0,0,0,0,0,0,0.315,0.0804,0.657432,0,0,0,0,0,0,0,0,0,0
0,-0.125,0.67,5.496,0,0,0,0,0,0,0,0,0,-0.015,0.0804,0.65952,0,0,0,0,0,0,0,0,0,0
0,-0.083719,0.67,5.496,0,0,0,0,0,0,0,0,0,-0.01004628,0.0804,0.65952,0,0,0,0,0,0,0,0,0,0
4.94E-08,-0.044001,0.67,5.496,-0.0011828,-3.29E-13,-5.75E-17,9.89E-08,2.75E-17,5.77E-21,7.65E-27,1.60E-30,3.94E-34,-0.00528012,0.0804,0.65952,1.78435E-09,-0.000224732,-6.25442E-14,-1.09201E-17,3.5687E-09,9.92931E-19,2.08163E-22,2.76262E-28,5.79225E-32,1.4231E-35
0.00092403,-0.0058053,0.67,5.496,-0.0030321,0.025022,0.38511,1.15E-05,-2.08E-05,-3.67E-05,0.00079359,-0.0001908,0.001043,-0.000696636,0.0804,0.65952,3.33575E-05,-0.000576099,0.00475418,0.0731709,4.158E-07,-7.52541E-07,-1.324E-06,2.86486E-05,-6.88788E-06,3.76523E-05
0.0024231,0.030909,0.67,5.496,-0.0090012,0.056656,0.87178,0.00018223,-0.00012237,-0.0002098,0.0020631,-0.00049029,0.0026009,0.00370908,0.0804,0.65952,8.74739E-05,-0.001710228,0.01076464,0.1656382,6.5785E-06,-4.41756E-06,-7.57378E-06,7.44779E-05,-1.76995E-05,9.38925E-05
0.0026494,0.066184,0.67,5.496,-0.020234,0.051774,0.98516,0.00047247,-0.0001875,-0.00014213,0.0017484,-0.00049715,0.0030779,0.00794208,0.0804,0.65952,9.56433E-05,-0.00384446,0.00983706,0.1871804,1.70562E-05,-6.76875E-06,-5.13089E-06,6.31172E-05,-1.79471E-05,0.000111112
0.0026249,0.10006,0.67,5.496,-0.033309,0.039137,1.019,0.00054425,-0.00024931,2.74E-06,0.0014316,-0.00049652,0.0032738,0.0120072,0.0804,0.65952,9.47589E-05,-0.00632871,0.00743603,0.19361,1.96474E-05,-9.00009E-06,9.89032E-08,5.16808E-05,-1.79244E-05,0.000118184
0.0030752,0.13258,0.67,5.496,-0.042815,0.031095,1.0421,0.00046448,-0.00019996,3.49E-05,0.0014087,-0.0007214,0.0042771,0.0159096,0.0804,0.65952,0.000111015,-0.00813485,0.00590805,0.197999,1.67677E-05,-7.21856E-06,1.25928E-06,5.08541E-05,-2.60425E-05,0.000154403
0.0026357,0.16379,0.67,5.496,-0.044532,0.018156,1.057,0.00053,-7.64E-05,-0.00010446,0.00091757,-0.00053083,0.0038237,0.0196548,0.0804,0.65952,9.51488E-05,-0.00846108,0.00344964,0.20083,0.000019133,-2.75959E-06,-3.77101E-06,3.31243E-05,-1.9163E-05,0.000138036
0.0023135,0.19372,0.67,5.496,-0.044195,0.015444,1.0641,0.00072228,1.25E-05,-0.00029221,0.00098936,-0.00041419,0.0029154,0.0232464,0.0804,0.65952,8.35174E-05,-0.00839705,0.00293436,0.202179,2.60743E-05,4.51322E-07,-1.05488E-05,3.57159E-05,-1.49523E-05,0.000105246
0.0035322,0.22242,0.67,5.496,-0.045166,0.022351,1.0678,0.0010133,3.65E-05,-0.00084014,0.0011485,-0.00063838,0.0049027,0.0266904,0.0804,0.65952,0.000127512,-0.00858154,0.00424669,0.202882,3.65801E-05,1.31621E-06,-3.03291E-05,4.14609E-05,-2.30455E-05,0.000176987
0.0032942,0.24993,0.67,5.496,-0.048505,0.025597,1.0727,0.0012649,9.13E-05,-0.0010975,0.0011479,-0.00026761,0.0041756,0.0299916,0.0804,0.65952,0.000118921,-0.00921595,0.00486343,0.203813,4.56629E-05,3.29763E-06,-3.96198E-05,4.14392E-05,-9.66072E-06,0.000150739
0.002258,0.27629,0.67,5.496,-0.053757,0.025915,1.0742,0.0012738,0.00015838,-0.00090603,0.0011538,-0.00020579,0.0020884,0.0331548,0.0804,0.65952,8.15138E-05,-0.01021383,0.00492385,0.204098,4.59842E-05,5.71752E-06,-3.27077E-05,4.16522E-05,-7.42902E-06,7.53912E-05
0.0029479,0.30154,0.67,5.496,-0.058254,0.024001,1.0731,0.001274,3.30E-05,-0.00082739,0.0017043,-0.00087329,0.0029175,0.0361848,0.0804,0.65952,0.000106419,-0.01106826,0.00456019,0.203889,4.59914E-05,1.19022E-06,-2.98688E-05,6.15252E-05,-3.15258E-05,0.000105322
0.0038183,0.32572,0.67,5.496,-0.062271,0.016691,1.078,0.001424,1.32E-05,-0.00090118,0.001914,-0.0013894,0.0042986,0.0390864,0.0804,0.65952,0.000137841,-0.01183149,0.00317129,0.20482,5.14064E-05,4.75942E-07,-3.25326E-05,6.90954E-05,-5.01573E-05,0.000155179
0.0032996,0.34887,0.67,5.496,-0.066066,0.014391,1.0822,0.001516,6.35E-05,-0.00051462,0.0013869,-0.0010767,0.0036962,0.0418644,0.0804,0.65952,0.000119116,-0.01255254,0.00273429,0.205618,5.47276E-05,2.29058E-06,-1.85778E-05,5.00671E-05,-3.88689E-05,0.000133433
0.0023266,0.37102,0.67,5.496,-0.069239,0.020847,1.0793,0.0014416,0.00015291,-0.00015489,0.0011725,-0.000491,0.0020391,0.0445224,0.0804,0.65952,8.39903E-05,-0.01315541,0.00396093,0.205067,5.20418E-05,5.52005E-06,-5.59153E-06,4.23273E-05,-1.77251E-05,7.36115E-05
0.0021668,0.39221,0.67,5.496,-0.073327,0.030022,1.0787,0.0013291,0.00017032,-0.00028841,0.0011678,-0.00043187,0.0018367,0.0470652,0.0804,0.65952,7.82215E-05,-0.01393213,0.00570418,0.204953,4.79805E-05,6.14855E-06,-1.04116E-05,4.21576E-05,-1.55905E-05,6.63049E-05
0.0021884,0.41248,0.67,5.496,-0.078149,0.035495,1.0745,0.0013301,0.00015777,-0.00020901,0.001138,-0.00068076,0.0019087,0.0494976,0.0804,0.65952,7.90012E-05,-0.01484831,0.00674405,0.204155,4.80166E-05,5.6955E-06,-7.54526E-06,4.10818E-05,-2.45754E-05,6.89041E-05
0.0028534,0.43187,0.67,5.496,-0.081296,0.037542,1.0706,0.001487,0.00032633,-0.00062426,0.001255,-0.0010019,0.0029648,0.0518244,0.0804,0.65952,0.000103008,-0.01544624,0.00713298,0.203414,5.36807E-05,1.17805E-05,-2.25358E-05,4.53055E-05,-3.61686E-05,0.000107029
0.0034545,0.4504,0.67,5.496,-0.082832,0.039106,1.0626,0.0016938,0.00050136,-0.00075619,0.0015097,-0.0013112,0.0037054,0.054048,0.0804,0.65952,0.000124707,-0.01573808,0.00743014,0.201894,6.11462E-05,1.80991E-05,-2.72985E-05,5.45002E-05,-4.73343E-05,0.000133765
0.0038754,0.46812,0.67,5.496,-0.08484,0.038762,1.0622,0.0017294,0.00046914,-0.00047497,0.0017323,-0.0017254,0.0042891,0.0561744,0.0804,0.65952,0.000139902,-0.0161196,0.00736478,0.201818,6.24313E-05,1.6936E-05,-1.71464E-05,6.2536E-05,-6.22869E-05,0.000154837
0.0035876,0.48504,0.67,5.496,-0.088526,0.038022,1.0643,0.0015733,0.00022121,-0.00015332,0.001769,-0.0015126,0.003833,0.0582048,0.0804,0.65952,0.000129512,-0.01681994,0.00722418,0.202217,5.67961E-05,7.98568E-06,-5.53485E-06,6.38609E-05,-5.46049E-05,0.000138371
0.0027708,0.50122,0.67,5.496,-0.093161,0.034958,1.0656,0.0013655,-8.53E-06,0.00010311,0.0016712,-0.0010975,0.0025049,0.0601464,0.0804,0.65952,0.000100026,-0.01770059,0.00664202,0.202464,4.92946E-05,-3.08103E-07,3.72227E-06,6.03303E-05,-3.96198E-05,9.04269E-05
0.0024652,0.51667,0.67,5.496,-0.097332,0.031754,1.0665,0.0011918,-0.00016767,5.38E-05,0.0014919,-0.00096265,0.0022467,0.0620004,0.0804,0.65952,8.89937E-05,-0.01849308,0.00603326,0.202635,4.3024E-05,-6.05289E-06,1.9425E-06,5.38576E-05,-3.47517E-05,8.11059E-05
0.002353,0.53142,0.67,5.496,-0.10046,0.029309,1.0707,0.0010804,-0.00022332,-0.00013419,0.0013675,-0.00074101,0.002258,0.0637704,0.0804,0.65952,8.49433E-05,-0.0190874,0.00556871,0.203433,3.90024E-05,-8.06185E-06,-4.84426E-06,4.93668E-05,-2.67505E-05,8.15138E-05
0.0022884,0.54551,0.67,5.496,-0.10324,0.025993,1.074,0.0010437,-0.00017133,-0.00032923,0.001285,-0.0003633,0.0022482,0.0654612,0.0804,0.65952,8.26112E-05,-0.0196156,0.00493867,0.20406,3.76776E-05,-6.18501E-06,-1.18852E-05,4.63885E-05,-1.31151E-05,8.116E-05
0.0022137,0.55896,0.67,5.496,-0.10601,0.022018,1.0738,0.0011087,-9.75E-05,-0.00053229,0.0013235,-4.92E-05,0.0019951,0.0670752,0.0804,0.65952,7.99146E-05,-0.0201419,0.00418342,0.204022,4.00241E-05,-3.5213E-06,-1.92157E-05,4.77784E-05,-1.775E-06,7.20231E-05
0.0023499,0.5718,0.67,5.496,-0.10814,0.018167,1.0752,0.0012722,3.17E-05,-0.00076463,0.0014956,-9.06E-05,0.001932,0.068616,0.0804,0.65952,8.48314E-05,-0.0205466,0.00345173,0.204288,4.59264E-05,1.14397E-06,-2.76031E-05,5.39912E-05,-3.27059E-06,6.97452E-05
0.0025295,0.58405,0.67,5.496,-0.10946,0.016121,1.0752,0.0015047,0.00022651,-0.0010251,0.001623,-0.00021284,0.0019314,0.070086,0.0804,0.65952,9.1315E-05,-0.0207974,0.00306299,0.204288,5.43197E-05,8.17701E-06,-3.70061E-05,5.85903E-05,-7.68352E-06,6.97235E-05
0.0027984,0.59575,0.67,5.496,-0.11067,0.014345,1.0739,0.0017457,0.00039551,-0.0012609,0.0017249,-0.00027752,0.0021262,0.07149,0.0804,0.65952,0.000101022,-0.0210273,0.00272555,0.204041,6.30198E-05,1.42779E-05,-4.55185E-05,6.22689E-05,-1.00185E-05,7.67558E-05
0.0029885,0.6069,0.67,5.496,-0.11245,0.010899,1.0729,0.0019233,0.0004774,-0.0013688,0.0017776,-0.00026226,0.0022761,0.072828,0.0804,0.65952,0.000107885,-0.0213655,0.00207081,0.203851,6.94311E-05,1.72341E-05,-4.94137E-05,6.41714E-05,-9.46759E-06,8.21672E-05
0.0029702,0.61755,0.67,5.496,-0.11476,0.0060288,1.0723,0.0019966,0.00048991,-0.0013448,0.0017005,-0.00021916,0.0022434,0.074106,0.0804,0.65952,0.000107224,-0.0218044,0.001145472,0.203737,7.20773E-05,1.76858E-05,-4.85473E-05,6.13881E-05,-7.91168E-06,8.09867E-05
0.0028165,0.6277,0.67,5.496,-0.11739,0.0010799,1.075,0.0019712,0.00045008,-0.0012537,0.0015662,-0.00023873,0.0020957,0.075324,0.0804,0.65952,0.000101676,-0.0223041,0.000205181,0.20425,7.11603E-05,1.62479E-05,-4.52586E-05,5.65398E-05,-8.61815E-06,7.56548E-05
0.0026156,0.63738,0.67,5.496,-0.12025,-0.0030893,1.0807,0.0018654,0.00038323,-0.00113,0.0014144,-0.0003316,0.0019515,0.0764856,0.0804,0.65952,9.44232E-05,-0.0228475,-0.000586967,0.205333,6.73409E-05,1.38346E-05,-0.000040793,5.10598E-05,-1.19708E-05,7.04492E-05
0.0024258,0.64661,0.67,5.496,-0.12324,-0.0061489,1.0863,0.0016961,0.00029382,-0.00097774,0.001273,-0.00042629,0.0018826,0.0775932,0.0804,0.65952,8.75714E-05,-0.0234156,-0.001168291,0.206397,6.12292E-05,1.06069E-05,-3.52964E-05,4.59553E-05,-1.53891E-05,6.79619E-05
0.0022095,0.65542,0.67,5.496,-0.12632,-0.0082605,1.0912,0.00149,0.00019279,-0.00081422,0.0011566,-0.00050656,0.0017725,0.0786504,0.0804,0.65952,7.9763E-05,-0.0240008,-0.001569495,0.207328,0.000053789,6.95972E-06,-2.93933E-05,4.17533E-05,-1.82868E-05,6.39873E-05
0.0019832,0.66381,0.67,5.496,-0.1294,-0.0096753,1.0943,0.0012797,9.55E-05,-0.00062206,0.0010709,-0.00056826,0.0016158,0.0796572,0.0804,0.65952,7.15935E-05,-0.024586,-0.001838307,0.207917,4.61972E-05,3.44914E-06,-2.24564E-05,3.86595E-05,-2.05142E-05,5.83304E-05
0.0017529,0.67207,0.67,5.496,-0.13242,-0.010742,1.0967,0.0010857,1.24E-05,-0.00038969,0.001012,-0.00060309,0.0014081,0.0806484,0.0804,0.65952,6.32797E-05,-0.0251598,-0.00204098,0.208373,3.91938E-05,4.46665E-07,-1.40678E-05,3.65332E-05,-2.17715E-05,5.08324E-05
0.00159,0.68032,0.67,5.496,-0.13541,-0.011764,1.0995,0.00092868,-5.05E-05,-0.00018221,0.00095402,-0.00062484,0.0012972,0.0816384,0.0804,0.65952,0.000057399,-0.0257279,-0.00223516,0.208905,3.35253E-05,-1.82421E-06,-6.57778E-06,3.44401E-05,-2.25567E-05,4.68289E-05
0.0015385,0.68858,0.67,5.496,-0.13824,-0.012719,1.1023,0.00083868,-9.96E-05,-6.02E-05,0.00087834,-0.00064038,0.0013599,0.0826296,0.0804,0.65952,5.55399E-05,-0.0262656,-0.00241661,0.209437,3.02763E-05,-3.59545E-06,-2.1725E-06,3.17081E-05,-2.31177E-05,4.90924E-05
0.0015598,0.69683,0.67,5.496,-0.14071,-0.013734,1.1038,0.00081233,-0.00014594,6.06E-06,0.00079847,-0.00064385,0.0015088,0.0836196,0.0804,0.65952,5.63088E-05,-0.0267349,-0.00260946,0.209722,2.93251E-05,-5.26843E-06,2.18784E-07,2.88248E-05,-2.3243E-05,5.44677E-05
0.0015955,0.70509,0.67,5.496,-0.14279,-0.015049,1.1035,0.00083032,-0.00018663,6.09E-05,0.00075646,-0.00063925,0.0016042,0.0846108,0.0804,0.65952,5.75976E-05,-0.0271301,-0.00285931,0.209665,2.99746E-05,-6.73734E-06,2.19827E-06,2.73082E-05,-2.30769E-05,5.79116E-05
0.0016378,0.71335,0.67,5.496,-0.14459,-0.016454,1.1018,0.00087702,-0.00021779,8.66E-05,0.00077241,-0.00064202,0.0016262,0.085602,0.0804,0.65952,5.91246E-05,-0.0274721,-0.00312626,0.209342,3.16604E-05,-7.86222E-06,3.12781E-06,2.7884E-05,-2.31769E-05,5.87058E-05
0.0016941,0.7216,0.67,5.496,-0.14599,-0.017368,1.0987,0.00092339,-0.00023934,0.00010454,0.00084426,-0.00065526,0.0016205,0.086592,0.0804,0.65952,6.1157E-05,-0.0277381,-0.00329992,0.208753,3.33344E-05,-8.64017E-06,3.77389E-06,3.04778E-05,-2.36549E-05,5.85001E-05
0.0017595,0.72986,0.67,5.496,-0.14686,-0.017508,1.0942,0.00095926,-0.0002439,0.00011159,0.00095617,-0.00066793,0.0016036,0.0875832,0.0804,0.65952,6.3518E-05,-0.0279034,-0.00332652,0.207898,3.46293E-05,-8.80479E-06,4.0284E-06,3.45177E-05,-2.41123E-05,5.789E-05
0.0018421,0.73811,0.67,5.496,-0.1475,-0.016817,1.0885,0.00099668,-0.00023378,9.49E-05,0.0010908,-0.00068185,0.0015967,0.0885732,0.0804,0.65952,6.64998E-05,-0.028025,-0.00319523,0.206815,3.59801E-05,-8.43946E-06,3.42528E-06,3.93779E-05,-2.46148E-05,5.76409E-05
0.0019413,0.74637,0.67,5.496,-0.14821,-0.015374,1.0824,0.0010428,-0.00022264,5.35E-05,0.0012291,-0.00070287,0.0016107,0.0895644,0.0804,0.65952,7.00809E-05,-0.0281599,-0.00292106,0.205656,3.76451E-05,-8.0373E-06,1.93074E-06,4.43705E-05,-2.53736E-05,5.81463E-05
0.0020563,0.75463,0.67,5.496,-0.14886,-0.013384,1.0763,0.0010942,-0.00021666,-1.31E-05,0.001367,-0.00074315,0.0016513,0.0905556,0.0804,0.65952,7.42324E-05,-0.0282834,-0.00254296,0.204497,3.95006E-05,-7.82143E-06,-4.73054E-07,4.93487E-05,-2.68277E-05,5.96119E-05
0.0021898,0.76288,0.67,5.496,-0.14932,-0.010898,1.0701,0.0011411,-0.00021573,-7.78E-05,0.0015083,-0.00080071,0.0017303,0.0915456,0.0804,0.65952,7.90518E-05,-0.0283708,-0.00207062,0.203319,4.11937E-05,-7.78785E-06,-2.80966E-06,5.44496E-05,-2.89056E-05,6.24638E-05
0.0023625,0.77114,0.67,5.496,-0.14975,-0.0078844,1.0634,0.0011796,-0.00021798,-0.00010391,0.0016648,-0.00088273,0.0018805,0.0925368,0.0804,0.65952,8.52863E-05,-0.0284525,-0.001498036,0.202046,4.25836E-05,-7.86908E-06,-3.75115E-06,6.00993E-05,-3.18666E-05,6.78861E-05
0.0025707,0.7794,0.67,5.496,-0.15004,-0.0045901,1.0564,0.0012014,-0.00022086,-7.44E-05,0.0018406,-0.00099718,0.0020994,0.093528,0.0804,0.65952,9.28023E-05,-0.0285076,-0.000872119,0.200716,4.33705E-05,-7.97305E-06,-2.68638E-06,6.64457E-05,-3.59982E-05,7.57883E-05
0.002797,0.78765,0.67,5.496,-0.15015,-0.0014087,1.0497,0.0012121,-0.00023186,-6.33E-06,0.0020063,-0.0011247,0.0023755,0.094518,0.0804,0.65952,0.000100972,-0.0285285,-0.000267653,0.199443,4.37568E-05,-8.37015E-06,-2.28636E-07,7.24274E-05,-4.06017E-05,8.57556E-05
0.0029983,0.79591,0.67,5.496,-0.15059,0.0013979,1.0436,0.0012316,-0.00027027,8.36E-05,0.0021306,-0.0012248,0.0026343,0.0955092,0.0804,0.65952,0.000108239,-0.0286121,0.000265601,0.198284,4.44608E-05,-9.75675E-06,3.01969E-06,7.69147E-05,-4.42153E-05,9.50982E-05
0.0031598,0.80416,0.67,5.496,-0.15144,0.0039463,1.0382,0.0012534,-0.00035803,0.00021483,0.0022346,-0.0012858,0.0028315,0.0964992,0.0804,0.65952,0.000114069,-0.0287736,0.000749797,0.197258,4.52477E-05,-1.29249E-05,7.75536E-06,8.06691E-05,-4.64174E-05,0.000102217
0.0032978,0.81242,0.67,5.496,-0.15247,0.0064075,1.0331,0.0012727,-0.00049601,0.00036775,0.002364,-0.0013075,0.0029589,0.0974904,0.0804,0.65952,0.000119051,-0.0289693,0.001217425,0.196289,4.59445E-05,-1.7906E-05,1.32758E-05,8.53404E-05,-4.72008E-05,0.000106816
0.0033812,0.82068,0.67,5.496,-0.15387,0.0085513,1.0287,0.0012952,-0.00065063,0.00050938,0.0025006,-0.0012811,0.0029666,0.0984816,0.0804,0.65952,0.000122061,-0.0292353,0.001624747,0.195453,4.67567E-05,-2.34877E-05,1.83886E-05,9.02717E-05,-4.62477E-05,0.000107094
0.0033797,0.82893,0.67,5.496,-0.15554,0.0099762,1.0246,0.0013184,-0.00076551,0.00063368,0.0025523,-0.0012118,0.0028888,0.0994716,0.0804,0.65952,0.000122007,-0.0295526,0.001895478,0.194674,4.75942E-05,-2.76349E-05,2.28758E-05,9.2138E-05,-4.3746E-05,0.000104286
0.0033215,0.83719,0.67,5.496,-0.15709,0.010696,1.0201,0.0013529,-0.00080635,0.00072741,0.0024679,-0.0011252,0.0028221,0.1004628,0.0804,0.65952,0.000119906,-0.0298471,0.00203224,0.193819,4.88397E-05,-2.91092E-05,2.62595E-05,8.90912E-05,-4.06197E-05,0.000101878
0.0032448,0.84544,0.67,5.496,-0.15839,0.011236,1.0144,0.0014205,-0.00079454,0.00077271,0.0022977,-0.0010442,0.0027715,0.1014528,0.0804,0.65952,0.000117137,-0.0300941,0.00213484,0.192736,5.12801E-05,-2.86829E-05,2.78948E-05,8.2947E-05,-3.76956E-05,0.000100051
0.003158,0.8537,0.67,5.496,-0.1594,0.011847,1.0072,0.0015097,-0.00075859,0.00079401,0.0021081,-0.00099024,0.0026983,0.102444,0.0804,0.65952,0.000114004,-0.030286,0.00225093,0.191368,5.45002E-05,-2.73851E-05,2.86638E-05,7.61024E-05,-3.57477E-05,9.74086E-05
0.0030567,0.86196,0.67,5.496,-0.1601,0.012086,0.99925,0.0015996,-0.00069664,0.00080635,0.0019178,-0.00095207,0.002596,0.1034352,0.0804,0.65952,0.000110347,-0.030419,0.00229634,0.1898575,5.77456E-05,-2.51487E-05,2.91092E-05,6.92326E-05,-3.43697E-05,9.37156E-05
0.002934,0.87021,0.67,5.496,-0.16051,0.011655,0.99254,0.0016998,-0.00061142,0.00082052,0.0017398,-0.00088576,0.0024285,0.1044252,0.0804,0.65952,0.000105917,-0.0304969,0.00221445,0.1885826,6.13628E-05,-2.20723E-05,2.96208E-05,6.28068E-05,-3.19759E-05,8.76689E-05
0.0028342,0.87847,0.67,5.496,-0.1608,0.011035,0.98781,0.0018249,-0.00052061,0.00083565,0.0016088,-0.00080934,0.0022346,0.1054164,0.0804,0.65952,0.000102315,-0.030552,0.00209665,0.1876839,6.58789E-05,-1.8794E-05,3.0167E-05,5.80777E-05,-2.92172E-05,8.06691E-05
0.0027837,0.88672,0.67,5.496,-0.16099,0.010799,0.98387,0.001964,-0.00044528,0.00084325,0.0015348,-0.00077634,0.0020685,0.1064064,0.0804,0.65952,0.000100492,-0.0305881,0.00205181,0.1869353,7.09004E-05,-1.60746E-05,3.04413E-05,5.54063E-05,-2.80259E-05,7.46729E-05
0.0027784,0.89498,0.67,5.496,-0.16074,0.010884,0.97918,0.0021052,-0.00039825,0.00081537,0.0014842,-0.00076851,0.0019674,0.1073976,0.0804,0.65952,0.0001003,-0.0305406,0.00206796,0.1860442,7.59977E-05,-1.43768E-05,2.94349E-05,5.35796E-05,-2.77432E-05,7.10231E-05
0.0027926,0.90324,0.67,5.496,-0.16025,0.01078,0.97358,0.0022404,-0.00037018,0.00077805,0.00143,-0.00076017,0.0019149,0.1083888,0.0804,0.65952,0.000100813,-0.0304475,0.0020482,0.1849802,8.08784E-05,-1.33635E-05,2.80876E-05,0.000051623,-2.74421E-05,6.91279E-05
0.0028437,0.91149,0.67,5.496,-0.15986,0.0099513,0.96782,0.0023821,-0.00034698,0.00075586,0.0013683,-0.0007789,0.001937,0.1093788,0.0804,0.65952,0.000102658,-0.0303734,0.001890747,0.1838858,8.59938E-05,-1.2526E-05,2.72865E-05,4.93956E-05,-2.81183E-05,6.99257E-05
0.0029323,0.91975,0.67,5.496,-0.1594,0.0079688,0.9622,0.0025475,-0.00032232,0.00076738,0.0012995,-0.0008328,0.0020175,0.11037,0.0804,0.65952,0.000105856,-0.030286,0.001514072,0.182818,9.19648E-05,-1.16358E-05,2.77024E-05,4.6912E-05,-3.00641E-05,7.28318E-05
0.0030822,0.92801,0.67,5.496,-0.15885,0.0049611,0.95625,0.0027171,-0.00029426,0.00081108,0.0012352,-0.00090769,0.0022121,0.1113612,0.0804,0.65952,0.000111267,-0.0301815,0.000942609,0.1816875,9.80873E-05,-1.06228E-05,2.928E-05,4.45907E-05,-3.27676E-05,7.98568E-05
0.003271,0.93626,0.67,5.496,-0.15808,0.0018201,0.94929,0.0028728,-0.00027535,0.00089061,0.0011965,-0.00098136,0.0024726,0.1123512,0.0804,0.65952,0.000118083,-0.0300352,0.000345819,0.1803651,0.000103708,-9.94014E-06,3.2151E-05,4.31937E-05,-3.54271E-05,8.92609E-05
0.0034341,0.94452,0.67,5.496,-0.15714,-0.00068392,0.94121,0.0030225,-0.00027137,0.00099514,0.0011831,-0.0009977,0.0026627,0.1133424,0.0804,0.65952,0.000123971,-0.0298566,-0.000129945,0.1788299,0.000109112,-9.79646E-06,3.59246E-05,4.27099E-05,-3.6017E-05,9.61235E-05
0.0035168,0.95277,0.67,5.496,-0.15624,-0.0022071,0.93233,0.0031863,-0.00026719,0.0010909,0.0011716,-0.00091205,0.0026756,0.1143324,0.0804,0.65952,0.000126956,-0.0296856,-0.000419349,0.1771427,0.000115025,-9.64556E-06,3.93815E-05,4.22948E-05,-3.2925E-05,9.65892E-05
0.0034785,0.96103,0.67,5.496,-0.15515,-0.002562,0.92268,0.0033385,-0.00024583,0.0011383,0.0011419,-0.00075099,0.0024766,0.1153236,0.0804,0.65952,0.000125574,-0.0294785,-0.00048678,0.1753092,0.00012052,-8.87446E-06,4.10926E-05,4.12226E-05,-2.71107E-05,8.94053E-05
0.0033928,0.96929,0.67,5.496,-0.15412,-0.0020957,0.91243,0.00346,-0.00019416,0.0011221,0.0010872,-0.00056089,0.0022385,0.1163148,0.0804,0.65952,0.00012248,-0.0292828,-0.000398183,0.1733617,0.000124906,-7.00918E-06,4.05078E-05,3.92479E-05,-2.02481E-05,8.08099E-05
0.0033151,0.97754,0.67,5.496,-0.15339,-0.0014067,0.90204,0.0035631,-0.00011285,0.0010632,0.0010318,-0.00037633,0.0020353,0.1173048,0.0804,0.65952,0.000119675,-0.0291441,-0.000267273,0.1713876,0.000128628,-4.07389E-06,3.83815E-05,3.7248E-05,-1.35855E-05,7.34743E-05
0.0032931,0.9858,0.67,5.496,-0.15211,-0.00061939,0.8919,0.0036544,-1.93E-05,0.00096572,0.0010285,-0.00024841,0.0019032,0.118296,0.0804,0.65952,0.000118881,-0.0289009,-0.000117684,0.169461,0.000131924,-6.95864E-07,3.48625E-05,3.71289E-05,-8.9676E-06,6.87055E-05
0.0033233,0.99405,0.67,5.496,-0.15042,0.00038162,0.88295,0.0037352,8.09E-05,0.00087025,0.0011141,-0.00020133,0.0017973,0.119286,0.0804,0.65952,0.000119971,-0.0285798,7.25078E-05,0.1677605,0.000134841,2.91998E-06,3.1416E-05,4.0219E-05,-7.26801E-06,6.48825E-05
0.0034324,1.0023,0.67,5.496,-0.14889,0.0015311,0.87543,0.003807,0.00019772,0.00078152,0.0012867,-0.00021794,0.0017712,0.120276,0.0804,0.65952,0.00012391,-0.0282891,0.000290909,0.1663317,0.000137433,7.13769E-06,2.82129E-05,4.64499E-05,-7.86763E-06,6.39403E-05
0.00362,1.0106,0.67,5.496,-0.14704,0.0027331,0.86921,0.0038867,0.00033414,0.00073016,0.0015017,-0.00025309,0.0018516,0.121272,0.0804,0.65952,0.000130682,-0.0279376,0.000519289,0.1651499,0.00014031,1.20625E-05,2.63588E-05,5.42114E-05,-9.13655E-06,6.68428E-05
0.0038093,1.0188,0.67,5.496,-0.14475,0.0039237,0.86403,0.0039703,0.00046752,0.00066621,0.0016816,-0.0002788,0.0019666,0.122256,0.0804,0.65952,0.000137516,-0.0275025,0.000745503,0.1641657,0.000143328,1.68775E-05,2.40502E-05,6.07058E-05,-1.00647E-05,7.09943E-05
0.0039907,1.0271,0.67,5.496,-0.14226,0.0048623,0.85915,0.0040597,0.00055269,0.00056628,0.0017657,-0.00030282,0.002156,0.123252,0.0804,0.65952,0.000144064,-0.0270294,0.000923837,0.1632385,0.000146555,1.99521E-05,2.04427E-05,6.37418E-05,-1.09318E-05,7.78316E-05
0.004113,1.0353,0.67,5.496,-0.13983,0.005279,0.8539,0.0041389,0.00056494,0.0004534,0.0017407,-0.00034807,0.0023464,0.124236,0.0804,0.65952,0.000148479,-0.0265677,0.00100301,0.162241,0.000149414,2.03943E-05,1.63677E-05,6.28393E-05,-1.25653E-05,8.4705E-05
0.0041693,1.0436,0.67,5.496,-0.1378,0.0050096,0.84788,0.0041577,0.00050366,0.00032669,0.0016247,-0.00041033,0.0025561,0.125232,0.0804,0.65952,0.000150512,-0.026182,0.000951824,0.1610972,0.000150093,1.81821E-05,1.17935E-05,5.86517E-05,-1.48129E-05,9.22752E-05
0.0041849,1.0518,0.67,5.496,-0.13616,0.004191,0.84119,0.0041095,0.00038368,0.000231,0.0014576,-0.00047956,0.0028028,0.126216,0.0804,0.65952,0.000151075,-0.0258704,0.00079629,0.1598261,0.000148353,1.38508E-05,8.3391E-06,5.26194E-05,-1.73121E-05,0.000101181
0.0042031,1.0601,0.67,5.496,-0.13474,0.0031568,0.83407,0.0039904,0.00023446,0.00013903,0.0013052,-0.00057406,0.0031105,0.127212,0.0804,0.65952,0.000151732,-0.0256006,0.000599792,0.1584733,0.000144053,8.46401E-06,5.01898E-06,4.71177E-05,-2.07236E-05,0.000112289
0.0042915,1.0684,0.67,5.496,-0.13342,0.0022524,0.82689,0.0038228,9.80E-05,9.09E-05,0.0012149,-0.00070123,0.0035453,0.128208,0.0804,0.65952,0.000154923,-0.0253498,0.000427956,0.1571091,0.000138003,3.53773E-06,3.28163E-06,4.38579E-05,-2.53144E-05,0.000127985
0.0044117,1.0766,0.67,5.496,-0.13211,0.0017227,0.81999,0.003628,-4.88E-07,8.39E-05,0.0011869,-0.00085495,0.0040084,0.129192,0.0804,0.65952,0.000159262,-0.0251009,0.000327313,0.1557981,0.000130971,-1.76338E-08,3.02763E-06,4.28471E-05,-3.08637E-05,0.000144703
0.0045646,1.0849,0.67,5.496,-0.13074,0.0016083,0.81322,0.0034282,-5.95E-05,9.01E-05,0.0011836,-0.00099699,0.0045174,0.130188,0.0804,0.65952,0.000164782,-0.0248406,0.000305577,0.1545118,0.000123758,-2.14809E-06,3.25081E-06,4.2728E-05,-3.59913E-05,0.000163078
0.0047007,1.0931,0.67,5.496,-0.12909,0.0017059,0.80636,0.0032639,-8.83E-05,0.00011803,0.0011702,-0.0011085,0.0049674,0.131172,0.0804,0.65952,0.000169695,-0.0245271,0.000324121,0.1532084,0.000117827,-3.18929E-06,4.26088E-06,4.22442E-05,-4.00169E-05,0.000179323
0.0047925,1.1014,0.67,5.496,-0.12696,0.0018192,0.79923,0.003135,-9.84E-05,0.00012031,0.0011498,-0.001186,0.0053001,0.132168,0.0804,0.65952,0.000173009,-0.0241224,0.000345648,0.1518537,0.000113174,-3.55159E-06,4.34319E-06,4.15078E-05,-4.28146E-05,0.000191334
0.0048637,1.1096,0.67,5.496,-0.12456,0.0021435,0.79182,0.0030387,-9.80E-05,0.0001199,0.0011467,-0.0012404,0.0055421,0.133152,0.0804,0.65952,0.00017558,-0.0236664,0.000407265,0.1504458,0.000109697,-3.53758E-06,4.32839E-06,4.13959E-05,-4.47784E-05,0.00020007
0.0049153,1.1179,0.67,5.496,-0.12196,0.0031844,0.78435,0.00294,-9.11E-05,0.00010157,0.0011675,-0.0012817,0.0057232,0.134148,0.0804,0.65952,0.000177442,-0.0231724,0.000605036,0.1490265,0.000106134,-3.28943E-06,3.66668E-06,4.21468E-05,-4.62694E-05,0.000206608
0.0049996,1.1262,0.67,5.496,-0.119,0.0053736,0.77727,0.0028459,-8.37E-05,0.00010546,0.0012139,-0.0013048,0.0059394,0.135144,0.0804,0.65952,0.000180486,-0.02261,0.001020984,0.1476813,0.000102737,-3.0215E-06,3.80711E-06,4.38218E-05,-4.71033E-05,0.000214412
0.0051084,1.1344,0.67,5.496,-0.11563,0.0081517,0.77098,0.0027964,-8.98E-05,0.00013368,0.0013046,-0.0013674,0.0061158,0.136128,0.0804,0.65952,0.000184413,-0.0219697,0.001548823,0.1464862,0.00010095,-3.2412E-06,4.82585E-06,4.70961E-05,-4.93631E-05,0.00022078
0.0051995,1.1427,0.67,5.496,-0.11196,0.010168,0.76546,0.0027759,-9.61E-05,0.00016794,0.0014453,-0.0015084,0.0061778,0.137124,0.0804,0.65952,0.000187702,-0.0212724,0.00193192,0.1454374,0.00010021,-3.46748E-06,6.06263E-06,5.21753E-05,-5.44532E-05,0.000223019
0.0052411,1.1509,0.67,5.496,-0.10821,0.010599,0.76066,0.0027532,-7.42E-05,0.00017801,0.0016108,-0.0016897,0.0061182,0.138108,0.0804,0.65952,0.000189204,-0.0205599,0.00201381,0.1445254,9.93905E-05,-2.67808E-06,6.42616E-06,5.81499E-05,-6.09982E-05,0.000220867
0.0052276,1.1592,0.67,5.496,-0.10445,0.0098146,0.75693,0.0027206,-2.87E-05,0.00015647,0.0017592,-0.0018298,0.0059755,0.139104,0.0804,0.65952,0.000188716,-0.0198455,0.001864774,0.1438167,9.82137E-05,-1.03567E-06,5.64857E-06,6.35071E-05,-6.60558E-05,0.000215716
0.0052093,1.1674,0.67,5.496,-0.10085,0.0088404,0.75476,0.0027423,2.11E-05,0.00010587,0.0018566,-0.0018925,0.0058198,0.140088,0.0804,0.65952,0.000188056,-0.0191615,0.001679676,0.1434044,9.8997E-05,7.61493E-07,3.82191E-06,6.70233E-05,-6.83193E-05,0.000210095
0.0051903,1.1757,0.67,5.496,-0.097468,0.0081394,0.75412,0.0028345,6.36E-05,1.15E-05,0.0018743,-0.0018976,0.0056717,0.141084,0.0804,0.65952,0.00018737,-0.01851892,0.001546486,0.1432828,0.000102325,2.29672E-06,4.14645E-07,6.76622E-05,-6.85034E-05,0.000204748
0.0051284,1.1839,0.67,5.496,-0.094142,0.0077296,0.75423,0.0029113,8.39E-05,-0.00011366,0.0017996,-0.0018459,0.0055459,0.142068,0.0804,0.65952,0.000185135,-0.01788698,0.001468624,0.1433037,0.000105098,3.02774E-06,-4.10313E-06,6.49656E-05,-6.6637E-05,0.000200207
0.0050695,1.1922,0.67,5.496,-0.090638,0.0075615,0.75408,0.0029821,7.30E-05,-0.00017383,0.0016556,-0.0017442,0.0055012,0.143064,0.0804,0.65952,0.000183009,-0.01722122,0.001436685,0.1432752,0.000107654,2.63595E-06,-6.27526E-06,5.97672E-05,-6.29656E-05,0.000198593
0.0050058,1.2005,0.67,5.496,-0.086794,0.0074194,0.75354,0.0030451,3.88E-05,-0.00022366,0.0014886,-0.0016182,0.0054777,0.14406,0.0804,0.65952,0.000180709,-0.01649086,0.001409686,0.1431726,0.000109928,1.39938E-06,-8.07413E-06,5.37385E-05,-5.8417E-05,0.000197745
0.0048596,1.2087,0.67,5.496,-0.082642,0.0071786,0.75273,0.0030136,-7.49E-06,-0.00028404,0.0013497,-0.0015042,0.0053559,0.145044,0.0804,0.65952,0.000175432,-0.01570198,0.001363934,0.1430187,0.000108791,-2.70461E-07,-1.02538E-05,4.87242E-05,-5.43016E-05,0.000193348
0.004677,1.217,0.67,5.496,-0.078274,0.0067699,0.75211,0.002927,-4.56E-05,-0.00022725,0.001275,-0.0014078,0.0051519,0.14604,0.0804,0.65952,0.00016884,-0.01487206,0.001286281,0.1429009,0.000105665,-1.64685E-06,-8.20373E-06,4.60275E-05,-5.08216E-05,0.000185984
0.0044701,1.2252,0.67,5.496,-0.073936,0.0062964,0.75301,0.0028564,-4.93E-05,-0.00011612,0.0012658,-0.0013252,0.004818,0.147024,0.0804,0.65952,0.000161371,-0.01404784,0.001196316,0.1430719,0.000103116,-1.77901E-06,-4.19193E-06,4.56954E-05,-4.78397E-05,0.00017393
0.0041779,1.2335,0.67,5.496,-0.069781,0.0058057,0.75588,0.0027489,-2.69E-05,-2.49E-05,0.0012813,-0.0012378,0.0043256,0.14802,0.0804,0.65952,0.000150822,-0.01325839,0.001103083,0.1436172,9.92353E-05,-9.71559E-07,-8.97627E-07,4.62549E-05,-4.46846E-05,0.000156154
0.0039044,1.2417,0.67,5.496,-0.065731,0.0051814,0.76011,0.0026214,1.04E-06,4.30E-05,0.0012849,-0.0010929,0.0039024,0.149004,0.0804,0.65952,0.000140949,-0.01248889,0.000984466,0.1444209,9.46325E-05,3.75404E-08,1.55234E-06,4.63849E-05,-3.94537E-05,0.000140877
0.0037225,1.25,0.67,5.496,-0.061555,0.0041849,0.76494,0.002561,1.58E-05,0.00011909,0.00128,-0.00087386,0.0036039,0.15,0.0804,0.65952,0.000134382,-0.01169545,0.000795131,0.1453386,9.24521E-05,5.7168E-07,4.29915E-06,0.000046208,-3.15463E-05,0.000130101
0.0035687,1.2583,0.67,5.496,-0.057115,0.0025136,0.76963,0.0024976,7.13E-06,0.00012749,0.0012836,-0.00060825,0.0033562,0.150996,0.0804,0.65952,0.00012883,-0.01085185,0.000477584,0.1462297,9.01634E-05,2.57389E-07,4.60239E-06,4.6338E-05,-2.19578E-05,0.000121159
0.0034526,1.2665,0.67,5.496,-0.052374,0.00013995,0.77341,0.0023712,-5.31E-06,0.00010611,0.0012981,-0.00035108,0.0032358,0.15198,0.0804,0.65952,0.000124639,-0.00995106,2.65905E-05,0.1469479,8.56003E-05,-1.91868E-07,3.83057E-06,4.68614E-05,-1.2674E-05,0.000116812
0.0033919,1.2748,0.67,5.496,-0.04746,-0.0025663,0.77603,0.0022653,-7.79E-06,0.00012532,0.0013152,-0.00015778,0.0032033,0.152976,0.0804,0.65952,0.000122448,-0.0090174,-0.000487597,0.1474457,8.17773E-05,-2.81262E-07,4.52405E-06,4.74787E-05,-5.69586E-06,0.000115639
0.0033622,1.283,0.67,5.496,-0.042657,-0.0047455,0.77751,0.0022109,-9.55E-06,0.00014802,0.0013439,-1.38E-05,0.0031696,0.15396,0.0804,0.65952,0.000121375,-0.00810483,-0.000901645,0.1477269,7.98135E-05,-3.44914E-07,5.34352E-06,4.85148E-05,-4.97494E-07,0.000114423
0.0033566,1.2913,0.67,5.496,-0.038062,-0.005855,0.77765,0.0021446,-1.79E-05,0.00016283,0.0013877,0.00013072,0.0031809,0.154956,0.0804,0.65952,0.000121173,-0.00723178,-0.00111245,0.1477535,7.74201E-05,-6.47598E-07,5.87816E-06,5.0096E-05,4.71899E-06,0.00011483
0.0034055,1.2995,0.67,5.496,-0.033502,-0.0061769,0.77645,0.0020608,-3.49E-05,0.00015294,0.0014178,0.00029025,0.0033323,0.15594,0.0804,0.65952,0.000122939,-0.00636538,-0.001173611,0.1475255,7.43949E-05,-1.25938E-06,5.52113E-06,5.11826E-05,1.0478E-05,0.000120296
0.0034449,1.3078,0.67,5.496,-0.028971,-0.0061728,0.77478,0.0020194,-5.90E-05,9.80E-05,0.0013973,0.00043634,0.003473,0.156936,0.0804,0.65952,0.000124361,-0.00550449,-0.001172832,0.1472082,7.29003E-05,-2.12889E-06,3.53852E-06,5.04425E-05,1.57519E-05,0.000125375
0.0033672,1.316,0.67,5.496,-0.024478,-0.0061246,0.77302,0.0020106,-8.03E-05,7.21E-05,0.0012983,0.00052683,0.0034255,0.15792,0.0804,0.65952,0.000121556,-0.00465082,-0.001163674,0.1468738,7.25827E-05,-2.89731E-06,2.60176E-06,4.68686E-05,1.90186E-05,0.000123661
0.0031815,1.3243,0.67,5.496,-0.019799,-0.006054,0.77066,0.0019356,-9.01E-05,0.00011821,0.0011329,0.00054734,0.0032945,0.158916,0.0804,0.65952,0.000114852,-0.00376181,-0.00115026,0.1464254,6.98752E-05,-3.25189E-06,4.26738E-06,4.08977E-05,1.9759E-05,0.000118931
0.0030483,1.3326,0.67,5.496,-0.014946,-0.005945,0.76795,0.0018255,-9.35E-05,0.00011257,0.00095714,0.00052661,0.0033141,0.159912,0.0804,0.65952,0.000110044,-0.00283974,-0.00112955,0.1459105,6.59006E-05,-3.37571E-06,4.06378E-06,3.45528E-05,1.90106E-05,0.000119639
0.0028999,1.3408,0.67,5.496,-0.010234,-0.0059268,0.76553,0.0018067,-8.71E-05,4.31E-05,0.00081291,0.00048212,0.0031801,0.160896,0.0804,0.65952,0.000104686,-0.00194446,-0.001126092,0.1454507,6.52219E-05,-3.14276E-06,1.55472E-06,2.93461E-05,1.74045E-05,0.000114802
0.002663,1.3491,0.67,5.496,-0.0054286,-0.0061031,0.763,0.0017821,-6.80E-05,5.28E-05,0.00071159,0.00040095,0.0028323,0.161892,0.0804,0.65952,9.61343E-05,-0.001031434,-0.001159589,0.14497,6.43338E-05,-2.45336E-06,1.90713E-06,2.56884E-05,1.44743E-05,0.000102246
0.0025264,1.3573,0.67,5.496,-0.0003548,-0.0065575,0.76059,0.0016923,-5.69E-05,6.81E-05,0.00064923,0.00031292,0.0027113,0.162876,0.0804,0.65952,9.1203E-05,-0.000067412,-0.001245925,0.1445121,6.1092E-05,-2.05561E-06,2.457E-06,2.34372E-05,1.12964E-05,9.78779E-05
0.0024421,1.3656,0.67,5.496,0.0046879,-0.0072198,0.75927,0.0016434,-4.42E-05,-4.84E-05,0.00061104,0.00023636,0.0026297,0.163872,0.0804,0.65952,8.81598E-05,0.000890701,-0.001371762,0.1442613,5.93267E-05,-1.59519E-06,-1.74598E-06,2.20585E-05,8.5326E-06,9.49322E-05
0.0022866,1.3738,0.67,5.496,0.0097768,-0.0080118,0.75929,0.0015676,-3.19E-05,-8.85E-05,0.00058828,0.00015618,0.0024174,0.164856,0.0804,0.65952,8.25463E-05,0.001857592,-0.001522242,0.1442651,5.65904E-05,-1.1509E-06,-3.1938E-06,2.12369E-05,5.6381E-06,8.72681E-05
0.0022172,1.3821,0.67,5.496,0.0149,-0.0087136,0.76049,0.0014844,-3.88E-05,-0.00011651,0.00057922,9.77E-05,0.0023709,0.165852,0.0804,0.65952,8.00409E-05,0.002831,-0.001655584,0.1444931,5.35868E-05,-1.40115E-06,-4.20601E-06,2.09098E-05,3.52585E-06,8.55895E-05
0.0022116,1.3903,0.67,5.496,0.019812,-0.0090886,0.76261,0.001474,-4.99E-05,-0.00017192,0.00059182,5.76E-05,0.0023574,0.166836,0.0804,0.65952,7.98388E-05,0.00376428,-0.001726834,0.1448959,5.32114E-05,-1.80132E-06,-6.20631E-06,2.13647E-05,2.08052E-06,8.51021E-05
0.0021655,1.3986,0.67,5.496,0.024721,-0.0091674,0.76497,0.0014238,-6.34E-05,-0.00011969,0.00063617,1.03E-05,0.002271,0.167832,0.0804,0.65952,7.81746E-05,0.00469699,-0.001741806,0.1453443,5.13992E-05,-2.28766E-06,-4.32081E-06,2.29657E-05,3.71722E-07,8.19831E-05
0.002303,1.4069,0.67,5.496,0.029594,-0.009045,0.76767,0.0014072,-8.68E-05,-0.00017842,0.00070078,-2.38E-06,0.002498,0.168828,0.0804,0.65952,8.31383E-05,0.00562286,-0.00171855,0.1458573,5.07999E-05,-3.13485E-06,-6.44096E-06,2.52982E-05,-8.60263E-08,9.01778E-05
0.0023049,1.4151,0.67,5.496,0.034186,-0.0089211,0.77127,0.001431,-0.00010969,-0.00016686,0.0007787,-2.03E-05,0.0024001,0.169812,0.0804,0.65952,8.32069E-05,0.00649534,-0.001695009,0.1465413,5.16591E-05,-3.95981E-06,-6.02365E-06,2.81111E-05,-7.33985E-07,8.66436E-05
0.0023313,1.4234,0.67,5.496,0.038643,-0.0087455,0.77543,0.0014272,-0.00013037,-0.00014317,0.0008652,-2.84E-05,0.0023702,0.170808,0.0804,0.65952,8.41599E-05,0.00734217,-0.001661645,0.1473317,5.15219E-05,-4.70636E-06,-5.16844E-06,3.12337E-05,-1.02484E-06,8.55642E-05
0.0024163,1.4316,0.67,5.496,0.042848,-0.0087358,0.78077,0.0014673,-0.00015676,-0.0002266,0.00096144,1.18E-05,0.002404,0.171792,0.0804,0.65952,8.72284E-05,0.00814112,-0.001659802,0.1483463,5.29695E-05,-5.65904E-06,-8.18026E-06,3.4708E-05,4.26052E-07,8.67844E-05
0.002384,1.4399,0.67,5.496,0.046954,-0.0090718,0.78725,0.0014618,-0.00018087,-0.00017391,0.0010716,4.53E-05,0.0022346,0.172788,0.0804,0.65952,8.60624E-05,0.00892126,-0.001723642,0.1495775,5.2771E-05,-6.52941E-06,-6.27815E-06,3.86848E-05,1.63414E-06,8.06691E-05
0.0024753,1.4481,0.67,5.496,0.051006,-0.0097938,0.79415,0.0014422,-0.00020536,-0.00019048,0.0011823,7.32E-05,0.0023261,0.173772,0.0804,0.65952,8.93583E-05,0.00969114,-0.001860822,0.1508885,5.20634E-05,-7.4135E-06,-6.87633E-06,4.2681E-05,2.64147E-06,8.39722E-05
0.0025231,1.4564,0.67,5.496,0.054841,-0.010954,0.80134,0.0014616,-0.00022943,-0.00024681,0.0012789,7.85E-05,0.0023057,0.174768,0.0804,0.65952,9.10839E-05,0.01041979,-0.00208126,0.1522546,5.27638E-05,-8.28242E-06,-8.90984E-06,4.61683E-05,2.83208E-06,8.32358E-05
0.0025911,1.4647,0.67,5.496,0.058538,-0.01235,0.80898,0.0014892,-0.00024371,-0.00027701,0.0013518,5.42E-05,0.0023413,0.175764,0.0804,0.65952,9.35387E-05,0.01112222,-0.0023465,0.1537062,5.37601E-05,-8.79793E-06,-1.00001E-05,4.88E-05,1.95817E-06,8.45209E-05
0.0026269,1.4729,0.67,5.496,0.062163,-0.013825,0.81721,0.0015308,-0.00024913,-0.00028022,0.0013976,-2.69E-06,0.0023253,0.176748,0.0804,0.65952,9.48311E-05,0.01181097,-0.00262675,0.1552699,5.52619E-05,-8.99359E-06,-1.01159E-05,5.04534E-05,-9.71307E-08,8.39433E-05
0.0026062,1.4812,0.67,5.496,0.065668,-0.015308,0.82533,0.0015196,-0.0002596,-0.00024595,0.0014219,-8.49E-05,0.0022709,0.177744,0.0804,0.65952,9.40838E-05,0.01247692,-0.00290852,0.1568127,5.48576E-05,-9.37156E-06,-8.8788E-06,5.13306E-05,-3.0659E-06,8.19795E-05
0.0025587,1.4894,0.67,5.496,0.069032,-0.016851,0.83282,0.0014528,-0.00029008,-0.00022034,0.0014274,-0.00017487,0.0022373,0.178728,0.0804,0.65952,9.23691E-05,0.01311608,-0.00320169,0.1582358,5.24461E-05,-1.04719E-05,-7.95427E-06,5.15291E-05,-6.31281E-06,8.07665E-05
0.0024953,1.4977,0.67,5.496,0.072364,-0.018501,0.8394,0.0013783,-0.0003319,-0.00019838,0.0014102,-0.00028466,0.0022021,0.179724,0.0804,0.65952,9.00803E-05,0.01374916,-0.00351519,0.159486,4.97566E-05,-1.19816E-05,-7.16152E-06,5.09082E-05,-1.02762E-05,7.94958E-05
0.0024448,1.5059,0.67,5.496,0.075599,-0.019937,0.84517,0.0013067,-0.00036101,-0.00018266,0.0013785,-0.00042084,0.0022044,0.180708,0.0804,0.65952,8.82573E-05,0.01436381,-0.00378803,0.1605823,4.71719E-05,-1.30325E-05,-6.59403E-06,4.97639E-05,-1.51923E-05,7.95788E-05
0.002452,1.5142,0.67,5.496,0.078821,-0.020475,0.85079,0.0012482,-0.00035568,-0.00012999,0.0013469,-0.00056798,0.0023089,0.181704,0.0804,0.65952,8.85172E-05,0.01497599,-0.00389025,0.1616501,4.506E-05,-1.284E-05,-4.69264E-06,4.86231E-05,-2.05041E-05,8.33513E-05
0.0024904,1.5224,0.67,5.496,0.082251,-0.019941,0.8571,0.0012155,-0.00032839,-4.91E-05,0.0013359,-0.00070799,0.0024295,0.182688,0.0804,0.65952,8.99034E-05,0.01562769,-0.00378879,0.162849,4.38796E-05,-1.18549E-05,-1.77377E-06,4.8226E-05,-2.55584E-05,8.7705E-05
0.0025367,1.5307,0.67,5.496,0.085797,-0.018629,0.86443,0.0011939,-0.00031417,4.10E-05,0.0013628,-0.00082689,0.0025167,0.183684,0.0804,0.65952,9.15749E-05,0.01630143,-0.00353951,0.1642417,4.30998E-05,-1.13415E-05,1.48169E-06,4.91971E-05,-2.98507E-05,9.08529E-05
0.0025918,1.539,0.67,5.496,0.089107,-0.017231,0.87229,0.0011621,-0.00031825,0.00013079,0.0014165,-0.00091857,0.0026051,0.18468,0.0804,0.65952,9.3564E-05,0.01693033,-0.00327389,0.1657351,4.19518E-05,-1.14888E-05,4.72152E-06,5.11357E-05,-3.31604E-05,9.40441E-05
0.0026108,1.5472,0.67,5.496,0.092151,-0.016248,0.87985,0.0011047,-0.00032645,0.00021319,0.0014588,-0.00096679,0.0026581,0.185664,0.0804,0.65952,9.42499E-05,0.01750869,-0.00308712,0.1671715,3.98797E-05,-1.17848E-05,7.69616E-06,5.26627E-05,-3.49011E-05,9.59574E-05
0.0025707,1.5555,0.67,5.496,0.095266,-0.015686,0.88667,0.0010335,-0.00033299,0.00026928,0.0014619,-0.00097092,0.002646,0.18666,0.0804,0.65952,9.28023E-05,0.01810054,-0.00298034,0.1684673,3.73094E-05,-1.20209E-05,9.72101E-06,5.27746E-05,-3.50502E-05,9.55206E-05
0.0024706,1.5637,0.67,5.496,0.098345,-0.015358,0.89269,0.0009739,-0.00033383,0.0002993,0.0014248,-0.00094274,0.0025425,0.187644,0.0804,0.65952,8.91887E-05,0.01868555,-0.00291802,0.1696111,3.51578E-05,-1.20513E-05,1.08047E-05,5.14353E-05,-3.40329E-05,9.17843E-05
0.0023609,1.572,0.67,5.496,0.10086,-0.014998,0.89771,0.00093832,-0.00032838,0.00029865,0.0013627,-0.00090017,0.0024208,0.18864,0.0804,0.65952,8.52285E-05,0.0191634,-0.00284962,0.1705649,3.38734E-05,-1.18545E-05,1.07813E-05,4.91935E-05,-3.24961E-05,8.73909E-05
0.0022623,1.5802,0.67,5.496,0.10289,-0.014619,0.90158,0.00092725,-0.00032466,0.00029229,0.0012875,-0.00086275,0.0023098,0.189624,0.0804,0.65952,8.1669E-05,0.0195491,-0.00277761,0.1713002,3.34737E-05,-1.17202E-05,1.05517E-05,4.64788E-05,-3.11453E-05,8.33838E-05
0.002175,1.5885,0.67,5.496,0.10479,-0.014274,0.9044,0.00092914,-0.00032411,0.00028356,0.0012064,-0.00082552,0.0022144,0.19062,0.0804,0.65952,7.85175E-05,0.0199101,-0.00271206,0.171836,3.3542E-05,-1.17004E-05,1.02365E-05,4.3551E-05,-2.98013E-05,7.99398E-05
0.0020846,1.5968,0.67,5.496,0.10641,-0.01374,0.90661,0.00092656,-0.00032784,0.00026797,0.0011402,-0.00078775,0.0021024,0.191616,0.0804,0.65952,7.52541E-05,0.0202179,-0.0026106,0.1722559,3.34488E-05,-1.1835E-05,9.67372E-06,4.11612E-05,-2.84378E-05,7.58966E-05
0.0020213,1.605,0.67,5.496,0.10763,-0.012763,0.90842,0.00092304,-0.00034644,0.00025276,0.0011086,-0.00075675,0.002011,0.1926,0.0804,0.65952,7.29689E-05,0.0204497,-0.00242497,0.1725998,3.33217E-05,-1.25065E-05,9.12464E-06,4.00205E-05,-2.73187E-05,7.25971E-05
0.0019995,1.6133,0.67,5.496,0.10861,-0.011336,0.90965,0.00093594,-0.00038167,0.00024927,0.0011188,-0.00072728,0.0019441,0.193596,0.0804,0.65952,7.2182E-05,0.0206359,-0.00215384,0.1728335,3.37874E-05,-1.37783E-05,8.99865E-06,4.03887E-05,-2.62548E-05,7.0182E-05
0.0019794,1.6215,0.67,5.496,0.10937,-0.0096416,0.91001,0.00096528,-0.00041598,0.00023445,0.0011586,-0.00066522,0.0018349,0.19458,0.0804,0.65952,7.14563E-05,0.0207803,-0.001831904,0.1729019,3.48466E-05,-1.50169E-05,8.46365E-06,4.18255E-05,-2.40144E-05,6.62399E-05
0.0019183,1.6298,0.67,5.496,0.10987,-0.007915,0.90952,0.00099849,-0.00043173,0.00017707,0.0012023,-0.00053987,0.0016359,0.195576,0.0804,0.65952,6.92506E-05,0.0208753,-0.00150385,0.1728088,3.60455E-05,-1.55855E-05,6.39223E-06,4.3403E-05,-1.94893E-05,5.9056E-05
0.0018345,1.638,0.67,5.496,0.11014,-0.005992,0.90896,0.0010335,-0.00042872,8.47E-05,0.0012305,-0.00036561,0.0014051,0.19656,0.0804,0.65952,6.62255E-05,0.0209266,-0.00113848,0.1727024,3.73094E-05,-1.54768E-05,3.05911E-06,4.44211E-05,-1.31985E-05,5.07241E-05
0.0017621,1.6463,0.67,5.496,0.11026,-0.0036131,0.90955,0.001072,-0.00041312,-9.68E-06,0.0012306,-0.00021125,0.0012215,0.197556,0.0804,0.65952,6.36118E-05,0.0209494,-0.000686489,0.1728145,3.86992E-05,-1.49136E-05,-3.49405E-07,4.44247E-05,-7.62613E-06,4.40962E-05
0.0017288,1.6545,0.67,5.496,0.11031,-0.0010255,0.91204,0.0011143,-0.00039474,-7.93E-05,0.0012028,-0.0001302,0.0011404,0.19854,0.0804,0.65952,6.24097E-05,0.0209589,-0.000194845,0.1732876,4.02262E-05,-1.42501E-05,-2.86273E-06,4.34211E-05,-4.70022E-06,4.11684E-05
0.0017164,1.6628,0.67,5.496,0.11025,0.0013259,0.91616,0.0011779,-0.00037974,-0.00011399,0.0011541,-0.00010553,0.0011007,0.199536,0.0804,0.65952,6.1962E-05,0.0209475,0.000251921,0.1740704,4.25222E-05,-1.37086E-05,-4.11504E-06,4.1663E-05,-3.80963E-06,3.97353E-05
0.0017019,1.6711,0.67,5.496,0.10992,0.0030971,0.92115,0.0012658,-0.00036756,-0.0001251,0.0010943,-0.00010823,0.0010437,0.200532,0.0804,0.65952,6.14386E-05,0.0208848,0.000588449,0.1750185,4.56954E-05,-1.32689E-05,-4.51611E-06,3.95042E-05,-3.9071E-06,3.76776E-05
0.0016966,1.6793,0.67,5.496,0.10928,0.0040899,0.92598,0.0013552,-0.0003601,-0.00011442,0.0010401,-0.00011927,0.00099784,0.201516,0.0804,0.65952,6.12473E-05,0.0207632,0.000777081,0.1759362,4.89227E-05,-1.29996E-05,-4.13056E-06,3.75476E-05,-4.30565E-06,3.6022E-05
0.0017318,1.6876,0.67,5.496,0.10853,0.0046836,0.92985,0.0014402,-0.00035242,-0.00010118,0.001009,-0.00010896,0.0010144,0.202512,0.0804,0.65952,6.2518E-05,0.0206207,0.000889884,0.1766715,5.19912E-05,-1.27224E-05,-3.6526E-06,3.64249E-05,-3.93346E-06,3.66198E-05
0.001833,1.6958,0.67,5.496,0.10798,0.005596,0.93376,0.0015412,-0.00034871,-6.69E-05,0.0010266,-8.53E-05,0.0010982,0.203496,0.0804,0.65952,6.61713E-05,0.0205162,0.00106324,0.1774144,5.56373E-05,-1.25884E-05,-2.41581E-06,3.70603E-05,-3.07861E-06,3.9645E-05
0.0019754,1.7041,0.67,5.496,0.10768,0.0068182,0.93786,0.0016486,-0.00036276,1.63E-05,0.0010849,-9.71E-05,0.0012174,0.204492,0.0804,0.65952,7.13119E-05,0.0204592,0.001295458,0.1781934,5.95145E-05,-1.30956E-05,5.86661E-07,3.91649E-05,-3.50643E-06,4.39481E-05
0.0021417,1.7123,0.67,5.496,0.10742,0.0077974,0.94012,0.0017287,-0.00039316,0.00012973,0.0011184,-0.00016875,0.0014362,0.205476,0.0804,0.65952,7.73154E-05,0.0204098,0.001481506,0.1786228,6.24061E-05,-1.41931E-05,4.68325E-06,4.03742E-05,-6.09188E-06,5.18468E-05
0.0023076,1.7206,0.67,5.496,0.10724,0.0083369,0.94078,0.001812,-0.00042436,0.00025752,0.0011031,-0.00023252,0.0017001,0.206472,0.0804,0.65952,8.33044E-05,0.0203756,0.001584011,0.1787482,6.54132E-05,-1.53194E-05,9.29647E-06,3.98219E-05,-8.39397E-06,6.13736E-05
0.0023845,1.7289,0.67,5.496,0.10746,0.0085124,0.94233,0.0019448,-0.00043712,0.00036461,0.001067,-0.00020427,0.0017572,0.207468,0.0804,0.65952,8.60805E-05,0.0204174,0.001617356,0.1790427,7.02073E-05,-1.578E-05,1.31624E-05,3.85187E-05,-7.37415E-06,6.34349E-05
0.0023405,1.7371,0.67,5.496,0.10832,0.0084589,0.94556,0.0020898,-0.00042814,0.00040873,0.0010465,-0.00011884,0.0015448,0.208452,0.0804,0.65952,8.44921E-05,0.0205808,0.001607191,0.1796564,7.54418E-05,-1.54559E-05,1.47552E-05,3.77787E-05,-4.29012E-06,5.57673E-05
0.00227,1.7454,0.67,5.496,0.10956,0.0084506,0.94943,0.0022013,-0.00041474,0.00039783,0.0010817,-6.44E-05,0.0012571,0.209448,0.0804,0.65952,0.000081947,0.0208164,0.001605614,0.1803917,7.94669E-05,-1.49721E-05,1.43617E-05,3.90494E-05,-2.32502E-06,4.53813E-05
0.0022627,1.7536,0.67,5.496,0.11066,0.0088888,0.95276,0.0022837,-0.00041925,0.00037542,0.0011737,-5.84E-05,0.001068,0.210432,0.0804,0.65952,8.16835E-05,0.0210254,0.001688872,0.1810244,8.24416E-05,-1.51349E-05,1.35527E-05,4.23706E-05,-2.10777E-06,3.85548E-05
0.0022971,1.7619,0.67,5.496,0.11139,0.010124,0.95531,0.0023327,-0.00045229,0.00034946,0.0012843,-7.24E-05,0.00097709,0.211428,0.0804,0.65952,8.29253E-05,0.0211641,0.00192356,0.1815089,8.42105E-05,-1.63277E-05,1.26155E-05,4.63632E-05,-2.61313E-06,3.52729E-05
0.0023228,1.7701,0.67,5.496,0.11181,0.011921,0.95817,0.0023515,-0.00051267,0.00031745,0.0014022,-8.69E-05,0.00089189,0.212412,0.0804,0.65952,8.38531E-05,0.0212439,0.00226499,0.1820523,8.48892E-05,-1.85074E-05,1.14599E-05,5.06194E-05,-3.1377E-06,3.21972E-05
0.002345,1.7784,0.67,5.496,0.11193,0.013244,0.96157,0.0023576,-0.00058671,0.00029034,0.0015234,-9.63E-05,0.00080896,0.213408,0.0804,0.65952,8.46545E-05,0.0212667,0.00251636,0.1826983,8.51094E-05,-2.11802E-05,1.04813E-05,5.49947E-05,-3.47737E-06,2.92035E-05
0.0023619,1.7866,0.67,5.496,0.11175,0.013267,0.9648,0.0023515,-0.00064911,0.00026321,0.0016081,-0.00011759,0.00076429,0.214392,0.0804,0.65952,8.52646E-05,0.0212325,0.00252073,0.183312,8.48892E-05,-2.34329E-05,9.50188E-06,5.80524E-05,-4.245E-06,2.75909E-05
0.0023578,1.7949,0.67,5.496,0.11143,0.012134,0.96797,0.0023315,-0.00068572,0.00023678,0.001643,-0.000155,0.0007412,0.215388,0.0804,0.65952,8.51166E-05,0.0211717,0.00230546,0.1839143,8.41672E-05,-2.47545E-05,8.54776E-06,5.93123E-05,-5.5955E-06,2.67573E-05
0.0023423,1.8032,0.67,5.496,0.11103,0.010545,0.97165,0.0022894,-0.00069436,0.00022206,0.0016522,-0.00018747,0.00074314,0.216384,0.0804,0.65952,8.4557E-05,0.0210957,0.00200355,0.1846135,8.26473E-05,-2.50664E-05,8.01637E-06,5.96444E-05,-6.76767E-06,2.68274E-05
0.0023279,1.8114,0.67,5.496,0.11054,0.009149,0.97588,0.0022169,-0.00067916,0.00024132,0.0016505,-0.00021561,0.00078835,0.217368,0.0804,0.65952,8.40372E-05,0.0210026,0.00173831,0.1854172,8.00301E-05,-2.45177E-05,8.71165E-06,5.95831E-05,-7.78352E-06,2.84594E-05
0.0023258,1.8197,0.67,5.496,0.10991,0.0083728,0.98039,0.0021253,-0.00065822,0.00031348,0.0016503,-0.00026121,0.00087593,0.218364,0.0804,0.65952,8.39614E-05,0.0208829,0.001590832,0.1862741,7.67233E-05,-2.37617E-05,1.13166E-05,5.95758E-05,-9.42968E-06,3.16211E-05
0.0023469,1.8279,0.67,5.496,0.10918,0.008457,0.98454,0.0020353,-0.00065113,0.00042267,0.0016652,-0.00034241,0.00099329,0.219348,0.0804,0.65952,8.47231E-05,0.0207442,0.00160683,0.1870626,7.34743E-05,-2.35058E-05,1.52584E-05,6.01137E-05,-1.2361E-05,3.58578E-05
0.0024092,1.8362,0.67,5.496,0.10841,0.0092395,0.98823,0.0019596,-0.00066923,0.00056266,0.0016967,-0.00046394,0.0011621,0.220344,0.0804,0.65952,8.69721E-05,0.0205979,0.001755505,0.1877637,7.07416E-05,-2.41592E-05,2.0312E-05,6.12509E-05,-1.67482E-05,4.19518E-05
0.0024884,1.8446,0.67,5.496,0.10766,0.010343,0.99094,0.001898,-0.00070474,0.00067543,0.0017328,-0.00058526,0.0013461,0.221352,0.0804,0.65952,8.98312E-05,0.0204554,0.00196517,0.1882786,6.85178E-05,-2.54411E-05,2.4383E-05,6.25541E-05,-2.11279E-05,4.85942E-05
0.002561,1.8534,0.67,5.496,0.10695,0.011308,0.9932,0.00184,-0.00074586,0.00074296,0.0017778,-0.00070231,0.0015042,0.222408,0.0804,0.65952,9.24521E-05,0.0203205,0.00214852,0.188708,0.000066424,-2.69255E-05,2.68209E-05,6.41786E-05,-2.53534E-05,5.43016E-05
0.002595,1.8626,0.67,5.496,0.10629,0.012075,0.99507,0.0017735,-0.00077339,0.0007447,0.0018018,-0.00079758,0.0016146,0.223512,0.0804,0.65952,9.36795E-05,0.0201951,0.00229425,0.1890633,6.40234E-05,-2.79194E-05,2.68837E-05,6.5045E-05,-2.87926E-05,5.82871E-05
0.002569,1.8723,0.67,5.496,0.10561,0.012667,0.99653,0.0017024,-0.00076745,0.00068313,0.0017621,-0.00086699,0.0016736,0.224676,0.0804,0.65952,9.27409E-05,0.0200659,0.00240673,0.1893407,6.14566E-05,-2.77049E-05,2.4661E-05,6.36118E-05,-3.12983E-05,6.0417E-05
0.0025244,1.8824,0.67,5.496,0.10486,0.012583,0.99789,0.0016477,-0.00075104,0.00057668,0.0016922,-0.00088437,0.0017089,0.225888,0.0804,0.65952,9.11308E-05,0.0199234,0.00239077,0.1895991,5.9482E-05,-2.71125E-05,2.08181E-05,6.10884E-05,-3.19258E-05,6.16913E-05
0.0025553,1.8931,0.67,5.496,0.10397,0.012014,1.0004,0.0016222,-0.00075559,0.00045327,0.0016899,-0.0009053,0.0017985,0.227172,0.0804,0.65952,9.22463E-05,0.0197543,0.00228266,0.190076,5.85614E-05,-2.72768E-05,1.6363E-05,6.10054E-05,-3.26813E-05,6.49259E-05
0.002643,1.9042,0.67,5.496,0.10276,0.012125,1.0046,0.001616,-0.000766,0.00038136,0.001732,-0.00095825,0.0019381,0.228504,0.0804,0.65952,9.54123E-05,0.0195244,0.00230375,0.190874,5.83376E-05,-2.76526E-05,1.37671E-05,6.25252E-05,-3.45928E-05,6.99654E-05
0.0027407,1.9159,0.67,5.496,0.10102,0.012882,1.0081,0.0016179,-0.00075257,0.00035006,0.0017106,-0.00097558,0.0021529,0.229908,0.0804,0.65952,9.89393E-05,0.0191938,0.00244758,0.191539,5.84062E-05,-2.71678E-05,1.26372E-05,6.17527E-05,-3.52184E-05,7.77197E-05
0.0028201,1.9282,0.67,5.496,0.09903,0.012648,1.0091,0.0016161,-0.00070607,0.0003401,0.0015902,-0.00095143,0.0024339,0.231384,0.0804,0.65952,0.000101806,0.0188157,0.00240312,0.191729,5.83412E-05,-2.54891E-05,1.22776E-05,5.74062E-05,-3.43466E-05,8.78638E-05
0.0027466,1.941,0.67,5.496,0.097333,0.011884,1.0086,0.0016038,-0.00059175,0.00030235,0.0014014,-0.00080249,0.0024881,0.23292,0.0804,0.65952,9.91523E-05,0.01849327,0.00225796,0.191634,5.78972E-05,-2.13622E-05,1.09148E-05,5.05905E-05,-2.89699E-05,8.98204E-05
0.0025205,1.9545,0.67,5.496,0.0959,0.011504,1.0108,0.0015931,-0.00038889,0.00018568,0.0012333,-0.00068304,0.0022146,0.23454,0.0804,0.65952,9.09901E-05,0.018221,0.00218576,0.192052,5.75109E-05,-1.40389E-05,6.70305E-06,4.45221E-05,-2.46577E-05,7.99471E-05
0.0022933,1.9686,0.67,5.496,0.093888,0.012258,1.0156,0.0015689,-0.00016779,-7.44E-06,0.0010996,-0.00057508,0.0019181,0.236232,0.0804,0.65952,8.27881E-05,0.01783872,0.00232902,0.192964,5.66373E-05,-6.05722E-06,-2.68757E-07,3.96956E-05,-2.07604E-05,6.92434E-05
0.0020826,1.9833,0.67,5.496,0.091006,0.012793,1.018,0.0015103,-5.50E-06,-0.00016309,0.0010247,-0.00041858,0.0016301,0.237996,0.0804,0.65952,7.51819E-05,0.01729114,0.00243067,0.19342,5.45218E-05,-1.98496E-07,-5.88755E-06,3.69917E-05,-1.51107E-05,5.88466E-05
0.0020311,1.9988,0.67,5.496,0.088409,0.012307,1.0146,0.001447,7.48E-05,-0.00027651,0.0010996,-0.00040445,0.0015155,0.239856,0.0804,0.65952,7.33227E-05,0.01679771,0.00233833,0.192774,5.22367E-05,2.70187E-06,-9.98201E-06,3.96956E-05,-1.46006E-05,5.47096E-05
0.0021739,2.0149,0.67,5.496,0.086468,0.0091803,1.0125,0.0013752,5.75E-05,-0.0002378,0.0010022,-0.00029897,0.0019704,0.241788,0.0804,0.65952,7.84778E-05,0.01642892,0.001744257,0.192375,4.96447E-05,2.07474E-06,-8.58458E-06,3.61794E-05,-1.07928E-05,7.11314E-05
0.002383,2.0319,0.67,5.496,0.084327,0.0062416,1.0071,0.0012965,6.61E-05,-0.0001249,0.00086892,2.59E-05,0.0026005,0.243828,0.0804,0.65952,8.60263E-05,0.01602213,0.001185904,0.191349,4.68037E-05,2.38769E-06,-4.50889E-06,3.1368E-05,9.33799E-07,9.38781E-05
0.0027939,2.0496,0.67,5.496,0.081481,0.0014426,1.0046,0.0012925,6.48E-05,0.00031163,0.00074867,0.00016371,0.0035467,0.245952,0.0804,0.65952,0.00010086,0.01548139,0.000274094,0.190874,4.66593E-05,2.33798E-06,1.12498E-05,2.7027E-05,5.90993E-06,0.000128036
0.0035124,2.0681,0.67,5.496,0.077337,0.0012503,0.99622,0.0013973,-1.45E-05,0.00086335,0.00069806,0.00016684,0.0049295,0.248172,0.0804,0.65952,0.000126798,0.01469403,0.000237557,0.1892818,5.04425E-05,-5.23703E-07,3.11669E-05,2.52E-05,6.02292E-06,0.000177955
0.0044175,2.0875,0.67,5.496,0.072591,0.0025624,0.98687,0.0016077,-0.00020499,0.0014729,0.00077578,-0.00033429,0.0064515,0.2505,0.0804,0.65952,0.000159472,0.01379229,0.000486856,0.1875053,5.8038E-05,-7.40014E-06,5.31717E-05,2.80057E-05,-1.20679E-05,0.000232899
0.0052743,2.1078,0.67,5.496,0.06826,0.0062669,0.98685,0.0018596,-0.00024592,0.0023606,0.00076957,-0.0005456,0.0079194,0.252936,0.0804,0.65952,0.000190402,0.0129694,0.001190711,0.1875015,6.71316E-05,-8.87771E-06,8.52177E-05,2.77815E-05,-1.96962E-05,0.00028589
0.0052819,2.129,0.67,5.496,0.065526,0.015346,0.97735,0.0020095,-0.00017317,0.00261,0.00083825,-0.0002632,0.0077161,0.25548,0.0804,0.65952,0.000190677,0.01244994,0.00291574,0.1856965,7.2543E-05,-6.25144E-06,0.000094221,3.02608E-05,-9.50152E-06,0.000278551
0.0044796,2.1511,0.67,5.496,0.065279,0.017677,0.97516,0.0020142,-2.41E-05,0.0022422,0.00091692,-4.18E-05,0.006028,0.258132,0.0804,0.65952,0.000161714,0.01240301,0.00335863,0.1852804,7.27126E-05,-8.70154E-07,8.09434E-05,3.31008E-05,-1.5101E-06,0.000217611
0.0037881,2.1743,0.67,5.496,0.063663,0.019558,0.98324,0.0019205,0.00011073,0.0018805,0.0010726,0.0001159,0.0045831,0.260916,0.0804,0.65952,0.00013675,0.01209597,0.00371602,0.1868156,6.93301E-05,3.99735E-06,6.78861E-05,3.87209E-05,4.18399E-06,0.00016545
0.0035086,2.1984,0.67,5.496,0.058113,0.023023,0.97984,0.0017052,0.00022777,0.0016638,0.0011214,0.00020932,0.0041906,0.263808,0.0804,0.65952,0.00012666,0.01104147,0.00437437,0.1861696,6.15577E-05,8.2225E-06,6.00632E-05,4.04825E-05,7.55645E-06,0.000151281
0.0039093,2.2237,0.67,5.496,0.053274,0.026899,0.95234,0.0015286,0.00054633,0.0015663,0.0017334,0.00097376,0.0045565,0.266844,0.0804,0.65952,0.000141126,0.01012206,0.00511081,0.1809446,5.51825E-05,1.97225E-05,5.65434E-05,6.25757E-05,3.51527E-05,0.00016449
0.0052532,2.2501,0.67,5.496,0.05072,0.029746,0.93447,0.0015764,0.00055404,0.0016469,0.002176,0.0012076,0.0067539,0.270012,0.0804,0.65952,0.000189641,0.0096368,0.00565174,0.1775493,5.6908E-05,2.00008E-05,5.94531E-05,7.85536E-05,4.35944E-05,0.000243816
0.0050493,2.2776,0.67,5.496,0.046006,0.031106,0.92886,0.0017211,0.00024359,0.0014669,0.0017843,0.00024443,0.0065932,0.273312,0.0804,0.65952,0.00018228,0.00874114,0.00591014,0.1764834,6.21317E-05,8.7936E-06,5.29551E-05,6.44132E-05,8.82392E-06,0.000238015
0.0050484,2.3063,0.67,5.496,0.03867,0.036764,0.91703,0.0018961,0.0001126,0.0011432,0.0015394,-0.00070806,0.0066612,0.276756,0.0804,0.65952,0.000182247,0.0073473,0.00698516,0.1742357,6.84492E-05,4.06486E-06,4.12695E-05,5.55723E-05,-2.5561E-05,0.000240469
0.0060285,2.3362,0.67,5.496,0.029448,0.051066,0.90501,0.0021445,0.00035263,0.0014527,0.0018707,-0.00056358,0.0080418,0.280344,0.0804,0.65952,0.000217629,0.00559512,0.00970254,0.1719519,7.74165E-05,1.27299E-05,5.24425E-05,6.75323E-05,-2.03452E-05,0.000290309
0.0054133,2.3674,0.67,5.496,0.020971,0.059719,0.8814,0.0023827,0.00050519,0.0014781,0.0027208,3.61E-05,0.0057231,0.284088,0.0804,0.65952,0.00019542,0.00398449,0.01134661,0.167466,8.60155E-05,1.82374E-05,5.33594E-05,9.82209E-05,1.30184E-06,0.000206604
0.0054692,2.3999,0.67,5.496,0.01462,0.064862,0.85214,0.0021377,0.00081664,0.0013179,0.0041468,0.00042435,0.0046539,0.287988,0.0804,0.65952,0.000197438,0.0027778,0.01232378,0.1619066,7.7171E-05,2.94807E-05,4.75762E-05,0.000149699,1.5319E-05,0.000168006
0.0054627,2.4338,0.67,5.496,0.0072726,0.071234,0.8096,0.0012733,0.00066623,0.0013749,0.0039442,0.00086735,0.0057079,0.292056,0.0804,0.65952,0.000197203,0.001381794,0.01353446,0.153824,4.59661E-05,2.40509E-05,4.96339E-05,0.000142386,3.13113E-05,0.000206055
0.0040039,2.4691,0.67,5.496,0.0019848,0.064319,0.69662,0.00039954,9.67E-05,0.00077146,0.0022225,0.00089082,0.0053858,0.296292,0.0804,0.65952,0.000144541,0.000377112,0.01222061,0.1323578,1.44234E-05,3.48961E-06,2.78497E-05,8.02323E-05,3.21586E-05,0.000194427
0.0015288,2.5058,0.67,5.496,1.38E-05,0.028293,0.30632,2.51E-05,1.66E-05,0.00013542,0.00084783,0.00035631,0.0021847,0.300696,0.0804,0.65952,5.51897E-05,2.62428E-06,0.00537567,0.0582008,9.04666E-07,6.00451E-07,4.88866E-06,3.06067E-05,1.28628E-05,7.88677E-05
1.26E-08,2.544,0.67,5.496,-0.00039404,-8.44E-14,-2.88E-18,2.52E-08,5.40E-18,-1.92E-22,1.16E-27,-4.12E-32,6.02E-36,0.30528,0.0804,0.65952,4.55365E-10,-7.48676E-05,-1.60447E-14,-5.47903E-19,9.10695E-10,1.95095E-19,-6.93084E-24,4.1793E-29,-1.48819E-33,2.17178E-37
0,2.5837,0.67,5.496,0,0,0,0,0,0,0,0,0,0.310044,0.0804,0.65952,0,0,0,0,0,0,0,0,0,0
0,2.625,0.67,5.496,0,0,0,0,0,0,0,0,0,0.315,0.0804,0.65952,0,0,0,0,0,0,0,0,0,0
0,-0.125,0.67,5.5126,0,0,0,0,0,0,0,0,0,-0.015,0.0804,0.661512,0,0,0,0,0,0,0,0,0,0
0,-0.083719,0.67,5.5126,0,0,0,0,0,0,0,0,0,-0.01004628,0.0804,0.661512,0,0,0,0,0,0,0,0,0,0
7.34E-08,-0.044001,0.67,5.5126,-0.001073,-2.99E-13,-5.13E-17,1.47E-07,4.09E-17,6.93E-21,1.14E-26,1.93E-30,4.19E-34,-0.00528012,0.0804,0.661512,2.65014E-09,-0.00020387,-5.67587E-14,-9.75384E-18,5.3002E-09,1.47559E-18,2.50047E-22,4.10782E-28,6.95972E-32,1.51234E-35
0.00092474,-0.0058053,0.67,5.5126,-0.0029529,0.02507,0.38601,1.14E-05,-2.12E-05,-3.63E-05,0.00079465,-0.00019159,0.0010434,-0.000696636,0.0804,0.661512,3.33831E-05,-0.000561051,0.0047633,0.0733419,4.13273E-07,-7.66078E-07,-1.31159E-06,2.86869E-05,-6.9164E-06,3.76667E-05
0.0024238,0.030909,0.67,5.5126,-0.0091505,0.056762,0.87379,0.00018034,-0.00012459,-0.00020782,0.0020656,-0.00049218,0.0026017,0.00370908,0.0804,0.661512,8.74992E-05,-0.001738595,0.01078478,0.1660201,6.51027E-06,-4.4977E-06,-7.5023E-06,7.45682E-05,-1.77677E-05,9.39214E-05
0.0026326,0.066184,0.67,5.5126,-0.020586,0.051836,0.9875,0.00046724,-0.00019177,-0.00013061,0.0017525,-0.00050071,0.0030455,0.00794208,0.0804,0.661512,9.50369E-05,-0.00391134,0.00984884,0.187625,1.68674E-05,-6.9229E-06,-4.71502E-06,6.32653E-05,-1.80756E-05,0.000109943
0.0026073,0.10006,0.67,5.5126,-0.033889,0.039098,1.0214,0.00054296,-0.00024888,1.66E-05,0.0014334,-0.00051194,0.0032381,0.0120072,0.0804,0.661512,9.41235E-05,-0.00643891,0.00742862,0.194066,1.96009E-05,-8.98457E-06,5.98141E-07,5.17457E-05,-1.8481E-05,0.000116895
0.0030801,0.13258,0.67,5.5126,-0.043543,0.031124,1.044,0.00047036,-0.00019831,3.65E-05,0.0014073,-0.00073589,0.0042825,0.0159096,0.0804,0.661512,0.000111192,-0.00827317,0.00591356,0.19836,1.698E-05,-7.15899E-06,1.31783E-06,5.08035E-05,-2.65656E-05,0.000154598
0.0026456,0.16379,0.67,5.5126,-0.045344,0.018335,1.0589,0.00053797,-7.66E-05,-0.00010818,0.00092122,-0.00054169,0.0038321,0.0196548,0.0804,0.661512,9.55062E-05,-0.00861536,0.00348365,0.201191,1.94207E-05,-2.76425E-06,-3.9053E-06,3.3256E-05,-1.9555E-05,0.000138339
0.0023293,0.19372,0.67,5.5126,-0.045127,0.015786,1.0664,0.00073319,1.13E-05,-0.00029888,0.00099787,-0.00043179,0.0029275,0.0232464,0.0804,0.661512,8.40877E-05,-0.00857413,0.00299934,0.202616,2.64682E-05,4.06847E-07,-1.07896E-05,3.60231E-05,-1.55876E-05,0.000105683
0.0035339,0.22242,0.67,5.5126,-0.046256,0.022733,1.0699,0.0010255,3.73E-05,-0.00083651,0.0011457,-0.00063967,0.0048965,0.0266904,0.0804,0.661512,0.000127574,-0.00878864,0.00431927,0.203281,3.70206E-05,1.34505E-06,-3.0198E-05,4.13598E-05,-2.30921E-05,0.000176764
0.0032784,0.24993,0.67,5.5126,-0.04978,0.025783,1.0748,0.0012708,9.85E-05,-0.0010781,0.0011417,-0.000259,0.0041442,0.0299916,0.0804,0.661512,0.00011835,-0.0094582,0.00489877,0.204212,4.58759E-05,3.55654E-06,-3.89194E-05,4.12154E-05,-9.3499E-06,0.000149606
0.0022643,0.27629,0.67,5.5126,-0.055186,0.026025,1.0761,0.0012738,0.00015845,-0.00089644,0.0011658,-0.00021325,0.002089,0.0331548,0.0804,0.661512,8.17412E-05,-0.01048534,0.00494475,0.204459,4.59842E-05,5.72005E-06,-3.23615E-05,4.20854E-05,-7.69833E-06,7.54129E-05
0.0029731,0.30154,0.67,5.5126,-0.059869,0.023965,1.0753,0.0012804,2.97E-05,-0.0008375,0.0017306,-0.00089984,0.0029352,0.0361848,0.0804,0.661512,0.000107329,-0.01137511,0.00455335,0.204307,4.62224E-05,1.07062E-06,-3.02338E-05,6.24747E-05,-3.24842E-05,0.000105961
0.0037962,0.32572,0.67,5.5126,-0.064122,0.016635,1.0801,0.0014356,1.79E-05,-0.00090475,0.0019043,-0.0013942,0.0042525,0.0390864,0.0804,0.661512,0.000137043,-0.01218318,0.00316065,0.205219,5.18252E-05,6.47273E-07,-3.26615E-05,6.87452E-05,-5.03306E-05,0.000153515
0.0032565,0.34887,0.67,5.5126,-0.068032,0.014632,1.0836,0.0015176,6.84E-05,-0.00049673,0.0013567,-0.0010444,0.0036387,0.0418644,0.0804,0.661512,0.00011756,-0.01292608,0.00278008,0.205884,5.47854E-05,2.46805E-06,-1.7932E-05,4.89769E-05,-3.77028E-05,0.000131357
0.0023157,0.37102,0.67,5.5126,-0.07131,0.02127,1.0808,0.0014377,0.00014972,-0.00014512,0.0011613,-0.0004761,0.0020322,0.0445224,0.0804,0.661512,8.35968E-05,-0.0135489,0.0040413,0.205352,5.1901E-05,5.40489E-06,-5.23883E-06,4.19229E-05,-1.71872E-05,7.33624E-05
0.002177,0.39221,0.67,5.5126,-0.075623,0.030386,1.0805,0.0013313,0.00016658,-0.00029439,0.0011665,-0.00045133,0.0018563,0.0470652,0.0804,0.661512,7.85897E-05,-0.01436837,0.00577334,0.205295,4.80599E-05,6.01354E-06,-1.06275E-05,4.21107E-05,-1.6293E-05,6.70124E-05
0.0022305,0.41248,0.67,5.5126,-0.080575,0.035683,1.076,0.0013448,0.00017129,-0.00023869,0.0011464,-0.00070986,0.0019699,0.0494976,0.0804,0.661512,8.05211E-05,-0.01530925,0.00677977,0.20444,4.85473E-05,6.18357E-06,-8.61671E-06,4.1385E-05,-2.56259E-05,7.11134E-05
0.0029147,0.43187,0.67,5.5126,-0.083712,0.037716,1.0719,0.0015148,0.00035106,-0.00067018,0.001274,-0.0010386,0.0030406,0.0518244,0.0804,0.661512,0.000105221,-0.01590528,0.00716604,0.203661,5.46843E-05,1.26733E-05,-2.41935E-05,4.59914E-05,-3.74935E-05,0.000109766
0.0035197,0.4504,0.67,5.5126,-0.085329,0.039231,1.064,0.0017231,0.00051556,-0.00076694,0.0015329,-0.0013479,0.0037834,0.054048,0.0804,0.661512,0.000127061,-0.01621251,0.00745389,0.20216,6.22039E-05,1.86117E-05,-2.76865E-05,5.53377E-05,-4.86592E-05,0.000136581
0.0038979,0.46812,0.67,5.5126,-0.0876,0.038785,1.0639,0.0017498,0.00046077,-0.00046348,0.0017383,-0.0017271,0.0043079,0.0561744,0.0804,0.661512,0.000140714,-0.016644,0.00736915,0.202141,6.31678E-05,1.66338E-05,-1.67316E-05,6.27526E-05,-6.23483E-05,0.000155515
0.0035469,0.48504,0.67,5.5126,-0.091615,0.03779,1.0659,0.0015813,0.00020041,-0.00014365,0.0017488,-0.0014782,0.0037637,0.0582048,0.0804,0.661512,0.000128043,-0.01740685,0.0071801,0.202521,5.70849E-05,7.2348E-06,-5.18577E-06,6.31317E-05,-5.3363E-05,0.00013587
0.0027451,0.50122,0.67,5.5126,-0.09651,0.034471,1.067,0.0013669,-2.81E-05,9.99E-05,0.0016347,-0.0010796,0.0024885,0.0601464,0.0804,0.661512,9.90981E-05,-0.0183369,0.00654949,0.20273,4.93451E-05,-1.01448E-06,3.6069E-06,5.90127E-05,-3.89736E-05,8.98349E-05
0.0024803,0.51667,0.67,5.5126,-0.10086,0.031363,1.0683,0.0011981,-0.00018672,2.10E-05,0.0014663,-0.00095752,0.0022963,0.0620004,0.0804,0.661512,8.95388E-05,-0.0191634,0.00595897,0.202977,4.32514E-05,-6.74059E-06,7.56728E-07,5.29334E-05,-3.45665E-05,8.28964E-05
0.0023774,0.53142,0.67,5.5126,-0.10419,0.028885,1.0728,0.0010925,-0.0002339,-0.00017285,0.0013528,-0.00071081,0.0023095,0.0637704,0.0804,0.661512,8.58241E-05,-0.0197961,0.00548815,0.203832,3.94393E-05,-8.44379E-06,-6.23989E-06,4.88361E-05,-2.56602E-05,8.3373E-05
0.0023043,0.54551,0.67,5.5126,-0.10718,0.025427,1.0757,0.0010607,-0.00017388,-0.00035462,0.0012791,-0.00032951,0.0022688,0.0654612,0.0804,0.661512,8.31852E-05,-0.0203642,0.00483113,0.204383,3.82913E-05,-6.27707E-06,-1.28018E-05,4.61755E-05,-1.18953E-05,8.19037E-05
0.0022342,0.55896,0.67,5.5126,-0.11006,0.021419,1.0755,0.0011409,-9.66E-05,-0.00056364,0.0013348,-4.15E-05,0.0019926,0.0670752,0.0804,0.661512,8.06546E-05,-0.0209114,0.00406961,0.204345,4.11865E-05,-3.48834E-06,-2.03474E-05,4.81863E-05,-1.49916E-06,7.19329E-05
0.0023814,0.5718,0.67,5.5126,-0.1122,0.017643,1.0769,0.0013239,4.20E-05,-0.00080564,0.0015066,-0.00010281,0.0019323,0.068616,0.0804,0.661512,8.59685E-05,-0.021318,0.00335217,0.204611,4.77928E-05,1.51494E-06,-2.90836E-05,5.43883E-05,-3.71144E-06,6.9756E-05
0.002568,0.58405,0.67,5.5126,-0.11357,0.015677,1.0764,0.0015661,0.00024198,-0.001062,0.0016282,-0.00022173,0.0019416,0.070086,0.0804,0.661512,9.27048E-05,-0.0215783,0.00297863,0.204516,5.65362E-05,8.73548E-06,-3.83382E-05,5.8778E-05,-8.00445E-06,7.00918E-05
0.0028435,0.59575,0.67,5.5126,-0.11495,0.013729,1.0749,0.0018057,0.00040938,-0.0012897,0.0017303,-0.00028025,0.0021509,0.07149,0.0804,0.661512,0.00010265,-0.0218405,0.00260851,0.204231,6.51858E-05,1.47786E-05,-4.65582E-05,6.24638E-05,-1.0117E-05,7.76475E-05
0.0030126,0.6069,0.67,5.5126,-0.11695,0.0099944,1.0738,0.00198,0.00048876,-0.0013811,0.0017701,-0.00026735,0.002275,0.072828,0.0804,0.661512,0.000108755,-0.0222205,0.001898936,0.204022,0.000071478,1.76442E-05,-4.98577E-05,6.39006E-05,-9.65134E-06,8.21275E-05
0.0029775,0.61755,0.67,5.5126,-0.11949,0.0049914,1.0734,0.0020487,0.00049345,-0.0013516,0.0016803,-0.00023412,0.0022261,0.074106,0.0804,0.661512,0.000107488,-0.0227031,0.000948366,0.203946,7.39581E-05,1.78135E-05,-4.87928E-05,6.06588E-05,-8.45173E-06,8.03622E-05
0.0028128,0.6277,0.67,5.5126,-0.12237,8.91E-05,1.0767,0.0020065,0.00044447,-0.0012563,0.0015402,-0.00026946,0.0020788,0.075324,0.0804,0.661512,0.000101542,-0.0232503,1.69203E-05,0.204573,7.24347E-05,1.60454E-05,-4.53524E-05,5.56012E-05,-9.72751E-06,7.50447E-05
0.0025989,0.63738,0.67,5.5126,-0.12543,-0.0039395,1.0826,0.001872,0.00037083,-0.0011175,0.001385,-0.00036712,0.0019407,0.0764856,0.0804,0.661512,9.38203E-05,-0.0238317,-0.000748505,0.205694,6.75792E-05,1.3387E-05,-4.03418E-05,4.99985E-05,-1.3253E-05,7.00593E-05
0.0024049,0.64661,0.67,5.5126,-0.12858,-0.0068293,1.088,0.0016862,0.00027339,-0.00096018,0.0012457,-0.0004565,0.001878,0.0775932,0.0804,0.661512,8.68169E-05,-0.0244302,-0.001297567,0.20672,6.08718E-05,9.86938E-06,-3.46625E-05,4.49698E-05,-1.64797E-05,6.77958E-05
0.0021963,0.65542,0.67,5.5126,-0.1318,-0.0088045,1.0924,0.001487,0.0001659,-0.00079856,0.0011342,-0.00053062,0.0017713,0.0786504,0.0804,0.661512,7.92864E-05,-0.025042,-0.001672855,0.207556,5.36807E-05,5.98899E-06,-2.8828E-05,4.09446E-05,-1.91554E-05,6.39439E-05
0.0019738,0.66381,0.67,5.5126,-0.13504,-0.010148,1.0951,0.0012836,6.68E-05,-0.00059861,0.0010557,-0.00058434,0.0016082,0.0796572,0.0804,0.661512,7.12542E-05,-0.0256576,-0.00192812,0.208069,4.6338E-05,2.41011E-06,-2.16098E-05,3.81108E-05,-2.10947E-05,5.8056E-05
0.0017543,0.67207,0.67,5.5126,-0.13828,-0.011219,1.0975,0.0010906,-1.47E-05,-0.00035831,0.0010014,-0.00061691,0.0014166,0.0806484,0.0804,0.661512,6.33302E-05,-0.0262732,-0.00213161,0.208525,3.93707E-05,-5.30381E-07,-1.2935E-05,3.61505E-05,-2.22705E-05,5.11393E-05
0.0016194,0.68032,0.67,5.5126,-0.14146,-0.012252,1.1004,0.00094653,-7.42E-05,-0.00016218,0.00094268,-0.00063809,0.0013496,0.0816384,0.0804,0.661512,5.84603E-05,-0.0268774,-0.00232788,0.209076,3.41697E-05,-2.67801E-06,-5.8547E-06,3.40307E-05,-2.3035E-05,4.87206E-05
0.0015814,0.68858,0.67,5.5126,-0.14441,-0.013198,1.1031,0.00086867,-0.00012085,-4.20E-05,0.00086597,-0.00065111,0.0014282,0.0826296,0.0804,0.661512,5.70885E-05,-0.0274379,-0.00250762,0.209589,3.1359E-05,-4.36269E-06,-1.51678E-06,3.12615E-05,-2.35051E-05,5.1558E-05
0.0016066,0.69683,0.67,5.5126,-0.14695,-0.014255,1.1041,0.00084361,-0.00016407,3.50E-05,0.00079341,-0.00065274,0.0015763,0.0836196,0.0804,0.661512,5.79983E-05,-0.0279205,-0.00270845,0.209779,3.04543E-05,-5.92293E-06,1.26502E-06,2.86421E-05,-2.35639E-05,5.69044E-05
0.0016431,0.70509,0.67,5.5126,-0.14903,-0.015636,1.1033,0.00086233,-0.00019952,9.05E-05,0.00076646,-0.00064957,0.0016574,0.0846108,0.0804,0.661512,5.93159E-05,-0.0283157,-0.00297084,0.209627,3.11301E-05,-7.20267E-06,3.26676E-06,2.76692E-05,-2.34495E-05,5.98321E-05
0.0016875,0.71335,0.67,5.5126,-0.15061,-0.016986,1.1012,0.00090654,-0.00022655,0.00011878,0.00079725,-0.0006554,0.0016711,0.085602,0.0804,0.661512,6.09188E-05,-0.0286159,-0.00322734,0.209228,3.27261E-05,-8.17846E-06,4.28796E-06,2.87807E-05,-2.36599E-05,6.03267E-05
0.0017519,0.7216,0.67,5.5126,-0.15178,-0.017698,1.0976,0.00095135,-0.0002445,0.00013689,0.00088075,-0.00066888,0.0016718,0.086592,0.0804,0.661512,6.32436E-05,-0.0288382,-0.00336262,0.208544,3.43437E-05,-8.82645E-06,4.94173E-06,3.17951E-05,-2.41466E-05,6.0352E-05
0.0018274,0.72986,0.67,5.5126,-0.15282,-0.01758,1.0927,0.00099531,-0.00024707,0.00013612,0.0010024,-0.00068169,0.0016572,0.0875832,0.0804,0.661512,6.59691E-05,-0.0290358,-0.0033402,0.207613,3.59307E-05,-8.91923E-06,4.91393E-06,3.61866E-05,-2.4609E-05,5.98249E-05
0.001919,0.73811,0.67,5.5126,-0.15373,-0.016659,1.0868,0.0010469,-0.00023979,0.0001103,0.0011409,-0.00069695,0.0016503,0.0885732,0.0804,0.661512,6.92759E-05,-0.0292087,-0.00316521,0.206492,3.77931E-05,-8.65642E-06,3.98183E-06,4.11865E-05,-2.51599E-05,5.95758E-05
0.002022,0.74637,0.67,5.5126,-0.1544,-0.015032,1.0806,0.0011051,-0.00023339,5.65E-05,0.0012751,-0.00072068,0.0016638,0.0895644,0.0804,0.661512,7.29942E-05,-0.029336,-0.00285608,0.205314,3.98941E-05,-8.42538E-06,2.03958E-06,4.60311E-05,-2.60165E-05,6.00632E-05
0.0021436,0.75463,0.67,5.5126,-0.15512,-0.012828,1.0744,0.0011629,-0.0002309,-2.20E-05,0.0014086,-0.00076364,0.0017156,0.0905556,0.0804,0.661512,7.7384E-05,-0.0294728,-0.00243732,0.204136,4.19807E-05,-8.33549E-06,-7.95825E-07,5.08505E-05,-2.75674E-05,6.19332E-05
0.0022921,0.76288,0.67,5.5126,-0.15591,-0.010108,1.0679,0.0012083,-0.00023177,-8.60E-05,0.0015553,-0.00082495,0.0018206,0.0915456,0.0804,0.661512,8.27448E-05,-0.0296229,-0.00192052,0.202901,4.36196E-05,-8.3669E-06,-3.10507E-06,5.61463E-05,-2.97807E-05,6.57237E-05
0.0024773,0.77114,0.67,5.5126,-0.15633,-0.0069626,1.0607,0.0012287,-0.00023353,-8.78E-05,0.0017241,-0.00091878,0.0020018,0.0925368,0.0804,0.661512,8.94305E-05,-0.0297027,-0.001322894,0.201533,4.43561E-05,-8.43043E-06,-3.16839E-06,6.224E-05,-3.3168E-05,7.2265E-05
0.0027015,0.7794,0.67,5.5126,-0.15653,-0.0036843,1.0534,0.0012383,-0.00023712,-3.63E-05,0.0019034,-0.0010456,0.0022613,0.093528,0.0804,0.661512,9.75242E-05,-0.0297407,-0.000700017,0.200146,4.47026E-05,-8.56003E-06,-1.31075E-06,6.87127E-05,-3.77462E-05,8.16329E-05
0.0029321,0.78765,0.67,5.5126,-0.157,-0.00062754,1.0468,0.0012648,-0.00025571,3.19E-05,0.0020594,-0.0011721,0.0025401,0.094518,0.0804,0.661512,0.000105849,-0.02983,-0.000119233,0.198892,4.56593E-05,-9.23113E-06,1.15289E-06,7.43443E-05,-4.23128E-05,9.16976E-05
0.0031156,0.79591,0.67,5.5126,-0.15769,0.0020478,1.0408,0.0012927,-0.00030986,0.00013461,0.0021754,-0.0012625,0.002763,0.0955092,0.0804,0.661512,0.000112473,-0.0299611,0.000389082,0.197752,4.66665E-05,-1.11859E-05,4.85942E-06,7.85319E-05,-4.55763E-05,9.97443E-05
0.0032627,0.80416,0.67,5.5126,-0.1586,0.004532,1.0353,0.0013065,-0.00041451,0.00027096,0.0022846,-0.0013102,0.0029342,0.0964992,0.0804,0.661512,0.000117783,-0.030134,0.00086108,0.196707,4.71647E-05,-1.49638E-05,9.78166E-06,8.24741E-05,-4.72982E-05,0.000105925
0.0033758,0.81242,0.67,5.5126,-0.16003,0.0068781,1.0304,0.0013205,-0.00056093,0.00041761,0.002418,-0.0013084,0.0030131,0.0974904,0.0804,0.661512,0.000121866,-0.0304057,0.001306839,0.195776,4.76701E-05,-2.02496E-05,1.50757E-05,8.72898E-05,-4.72332E-05,0.000108773
0.0034254,0.82068,0.67,5.5126,-0.16171,0.0087214,1.0261,0.0013458,-0.00070404,0.00056522,0.0025239,-0.0012562,0.0029812,0.0984816,0.0804,0.661512,0.000123657,-0.0307249,0.001657066,0.194959,4.85834E-05,-2.54158E-05,2.04044E-05,9.11128E-05,-4.53488E-05,0.000107621
0.003409,0.82893,0.67,5.5126,-0.16337,0.0097706,1.0218,0.0013876,-0.00078928,0.00068315,0.0025142,-0.0011752,0.0029162,0.0994716,0.0804,0.661512,0.000123065,-0.0310403,0.001856414,0.194142,5.00924E-05,-2.8493E-05,2.46617E-05,9.07626E-05,-4.24247E-05,0.000105275
0.0033488,0.83719,0.67,5.5126,-0.16497,0.010311,1.0169,0.0014459,-0.00080758,0.00074842,0.0023857,-0.0010863,0.002866,0.1004628,0.0804,0.661512,0.000120892,-0.0313443,0.00195909,0.193211,5.2197E-05,-2.91536E-05,2.7018E-05,8.61238E-05,-3.92154E-05,0.000103463
0.0032662,0.84544,0.67,5.5126,-0.16633,0.010872,1.0105,0.0015081,-0.0007835,0.00077918,0.0022063,-0.0010153,0.002818,0.1014528,0.0804,0.661512,0.00011791,-0.0316027,0.00206568,0.191995,5.44424E-05,-2.82844E-05,2.81284E-05,7.96474E-05,-3.66523E-05,0.00010173
0.0031948,0.8537,0.67,5.5126,-0.16729,0.011404,1.0027,0.0015812,-0.00073379,0.00079843,0.0020191,-0.00097278,0.0027893,0.102444,0.0804,0.661512,0.000115332,-0.0317851,0.00216676,0.190513,5.70813E-05,-2.64898E-05,2.88233E-05,7.28895E-05,-3.51174E-05,0.000100694
0.003098,0.86196,0.67,5.5126,-0.16793,0.011401,0.99484,0.0016872,-0.00066359,0.0008067,0.0018328,-0.00092213,0.002676,0.1034352,0.0804,0.661512,0.000111838,-0.0319067,0.00216619,0.1890196,6.09079E-05,-2.39556E-05,2.91219E-05,6.61641E-05,-3.32889E-05,9.66036E-05
0.0029783,0.87021,0.67,5.5126,-0.16849,0.010828,0.98866,0.0018136,-0.00057701,0.00081832,0.0016718,-0.00084828,0.0024711,0.1044252,0.0804,0.661512,0.000107517,-0.0320131,0.00205732,0.1878454,6.5471E-05,-2.08301E-05,2.95414E-05,6.0352E-05,-3.06229E-05,8.92067E-05
0.0028897,0.87847,0.67,5.5126,-0.16888,0.010316,0.98415,0.0019338,-0.00049196,0.00083392,0.001567,-0.00079184,0.0022786,0.1054164,0.0804,0.661512,0.000104318,-0.0320872,0.00196004,0.1869885,6.98102E-05,-1.77598E-05,3.01045E-05,5.65687E-05,-2.85854E-05,8.22575E-05
0.0028743,0.88672,0.67,5.5126,-0.16889,0.010258,0.97979,0.0020668,-0.00042911,0.00083606,0.0015091,-0.000767,0.0021726,0.1064064,0.0804,0.661512,0.000103762,-0.0320891,0.00194902,0.1861601,7.46115E-05,-1.54909E-05,3.01818E-05,5.44785E-05,-2.76887E-05,7.84309E-05
0.0028905,0.89498,0.67,5.5126,-0.1688,0.010317,0.97452,0.0022232,-0.00038642,0.00081163,0.0014605,-0.00075749,0.0020972,0.1073976,0.0804,0.661512,0.000104347,-0.032072,0.00196023,0.1851588,8.02575E-05,-1.39498E-05,2.92998E-05,5.27241E-05,-2.73454E-05,7.57089E-05
0.0029317,0.90324,0.67,5.5126,-0.16862,0.0099607,0.96856,0.0023811,-0.00035358,0.00079603,0.0014046,-0.00075598,0.0020777,0.1083888,0.0804,0.661512,0.000105834,-0.0320378,0.001892533,0.1840264,8.59577E-05,-1.27642E-05,2.87367E-05,5.07061E-05,-2.72909E-05,7.5005E-05
0.0029959,0.91149,0.67,5.5126,-0.16826,0.0087171,0.96256,0.0025427,-0.00032313,0.00079297,0.0013412,-0.0007788,0.0021078,0.1093788,0.0804,0.661512,0.000108152,-0.0319694,0.001656249,0.1828864,9.17915E-05,-1.1665E-05,2.86262E-05,4.84173E-05,-2.81147E-05,7.60916E-05
0.0031142,0.91975,0.67,5.5126,-0.16791,0.0062702,0.95663,0.00271,-0.00028507,0.00081903,0.0012698,-0.00083022,0.0022487,0.11037,0.0804,0.661512,0.000112423,-0.0319029,0.001191338,0.1817597,0.000097831,-1.0291E-05,2.9567E-05,4.58398E-05,-2.99709E-05,8.11781E-05
0.003285,0.92801,0.67,5.5126,-0.16742,0.0030581,0.95011,0.0028748,-0.00025114,0.0008793,0.0012072,-0.00090529,0.002488,0.1113612,0.0804,0.661512,0.000118589,-0.0318098,0.000581039,0.1805209,0.00010378,-9.06615E-06,3.17427E-05,4.35799E-05,-3.2681E-05,8.98168E-05
0.0034802,0.93626,0.67,5.5126,-0.16671,2.43E-05,0.94256,0.003046,-0.0002401,0.00097235,0.0011788,-0.00096423,0.0027356,0.1123512,0.0804,0.661512,0.000125635,-0.0316749,4.62232E-06,0.1790864,0.000109961,-8.66761E-06,3.51018E-05,4.25547E-05,-3.48087E-05,9.87552E-05
0.003625,0.94452,0.67,5.5126,-0.16586,-0.0022396,0.93408,0.0032242,-0.00024176,0.0010692,0.0011761,-0.00094062,0.0028497,0.1133424,0.0804,0.661512,0.000130863,-0.0315134,-0.000425524,0.1774752,0.000116394,-8.72754E-06,3.85981E-05,4.24572E-05,-3.39564E-05,0.000102874
0.0036685,0.95277,0.67,5.5126,-0.16481,-0.0034212,0.92469,0.0033896,-0.00023601,0.0011319,0.0011616,-0.00081889,0.0027859,0.1143324,0.0804,0.661512,0.000132433,-0.0313139,-0.000650028,0.1756911,0.000122365,-8.51996E-06,4.08616E-05,4.19338E-05,-2.95619E-05,0.000100571
0.0036196,0.96103,0.67,5.5126,-0.16398,-0.0034995,0.91465,0.0035438,-0.00021065,0.0011665,0.0011161,-0.00064169,0.0025794,0.1153236,0.0804,0.661512,0.000130668,-0.0311562,-0.000664905,0.1737835,0.000127931,-7.60447E-06,4.21107E-05,4.02912E-05,-2.3165E-05,9.31163E-05
0.0035144,0.96929,0.67,5.5126,-0.16319,-0.0030156,0.90415,0.0036622,-0.00015232,0.0011411,0.001057,-0.00045354,0.0023097,0.1163148,0.0804,0.661512,0.00012687,-0.0310061,-0.000572964,0.1717885,0.000132205,-5.49875E-06,4.11937E-05,3.81577E-05,-1.63728E-05,8.33802E-05
0.0034478,0.97754,0.67,5.5126,-0.16185,-0.0023296,0.89335,0.0037407,-6.52E-05,0.0010811,0.0010206,-0.00028802,0.0021342,0.1173048,0.0804,0.661512,0.000124466,-0.0307515,-0.000442624,0.1697365,0.000135039,-2.35314E-06,3.90277E-05,3.68437E-05,-1.03975E-05,7.70446E-05
0.0034254,0.9858,0.67,5.5126,-0.16067,-0.0014585,0.88331,0.0038081,3.60E-05,0.00097358,0.0010487,-0.00018566,0.0019942,0.118296,0.0804,0.661512,0.000123657,-0.0305273,-0.000277115,0.1678289,0.000137472,1.2992E-06,3.51462E-05,3.78581E-05,-6.70233E-06,7.19906E-05
0.0035119,0.99405,0.67,5.5126,-0.15953,-0.00045974,0.87462,0.0038937,0.00014514,0.00084973,0.0011675,-0.00015952,0.0019625,0.119286,0.0804,0.661512,0.00012678,-0.0303107,-8.73506E-05,0.1661778,0.000140563,5.23955E-06,3.06753E-05,4.21468E-05,-5.75867E-06,7.08463E-05
0.0036699,1.0023,0.67,5.5126,-0.15759,0.00066098,0.86706,0.0039912,0.00026703,0.00075513,0.001365,-0.00018773,0.0019837,0.120276,0.0804,0.661512,0.000132483,-0.0299421,0.000125586,0.1647414,0.000144082,9.63978E-06,2.72602E-05,4.92765E-05,-6.77705E-06,7.16116E-05
0.003889,1.0106,0.67,5.5126,-0.1553,0.0018322,0.86081,0.0040946,0.00039896,0.00067683,0.0015822,-0.00022611,0.0021012,0.121272,0.0804,0.661512,0.000140393,-0.029507,0.000348118,0.1635539,0.000147815,1.44025E-05,2.44336E-05,5.71174E-05,-8.16257E-06,7.58533E-05
0.0041245,1.0188,0.67,5.5126,-0.15307,0.0029536,0.85558,0.0042371,0.00051843,0.0006285,0.0017391,-0.00024765,0.0022728,0.122256,0.0804,0.661512,0.000148894,-0.0290833,0.000561184,0.1625602,0.000152959,1.87153E-05,2.26889E-05,6.27815E-05,-8.94017E-06,8.20481E-05
0.0042962,1.0271,0.67,5.5126,-0.151,0.0037783,0.85034,0.0043516,0.00058537,0.00053834,0.0017884,-0.00027195,0.0024523,0.123252,0.0804,0.661512,0.000155093,-0.02869,0.000717877,0.1615646,0.000157093,2.11319E-05,1.94341E-05,6.45612E-05,-9.8174E-06,8.8528E-05
0.0044018,1.0353,0.67,5.5126,-0.14907,0.0040087,0.84452,0.0043911,0.00057478,0.00043989,0.001729,-0.00032346,0.0026836,0.124236,0.0804,0.661512,0.000158905,-0.0283233,0.000761653,0.1604588,0.000158519,2.07496E-05,1.588E-05,6.24169E-05,-1.16769E-05,9.6878E-05
0.0044131,1.0436,0.67,5.5126,-0.14707,0.0035361,0.83783,0.0043509,0.00048737,0.00032668,0.0015854,-0.0003984,0.0028899,0.125232,0.0804,0.661512,0.000159313,-0.0279433,0.000671859,0.1591877,0.000157067,1.75941E-05,1.17931E-05,5.72329E-05,-1.43822E-05,0.000104325
0.0044305,1.0518,0.67,5.5126,-0.14509,0.0025616,0.83046,0.0042501,0.00034987,0.00021306,0.0014123,-0.00048651,0.0031986,0.126216,0.0804,0.661512,0.000159941,-0.0275671,0.000486704,0.1577874,0.000153429,1.26303E-05,7.69147E-06,5.0984E-05,-1.7563E-05,0.000115469
0.0044751,1.0601,0.67,5.5126,-0.14334,0.0014265,0.82285,0.0041207,0.00020393,0.00014581,0.0012775,-0.0005927,0.003552,0.127212,0.0804,0.661512,0.000161551,-0.0272346,0.000271035,0.1563415,0.000148757,7.36187E-06,5.26374E-06,4.61178E-05,-2.13965E-05,0.000128227
0.0045685,1.0684,0.67,5.5126,-0.14191,0.00050492,0.81528,0.0039602,7.41E-05,8.24E-05,0.0012062,-0.00072509,0.0039706,0.128208,0.0804,0.661512,0.000164923,-0.0269629,9.59348E-05,0.1549032,0.000142963,2.67588E-06,2.97377E-06,4.35438E-05,-2.61757E-05,0.000143339
0.0047478,1.0766,0.67,5.5126,-0.14068,3.03E-05,0.80804,0.0038128,-2.04E-05,6.89E-05,0.001186,-0.00086839,0.0044967,0.129192,0.0804,0.661512,0.000171396,-0.0267292,5.75586E-06,0.1535276,0.000137642,-7.3626E-07,2.48884E-06,4.28146E-05,-3.13489E-05,0.000162331
0.0049194,1.0849,0.67,5.5126,-0.13935,-5.02E-05,0.80092,0.0036801,-7.37E-05,4.02E-05,0.0011808,-0.00099553,0.004978,0.130188,0.0804,0.661512,0.00017759,-0.0264765,-9.54446E-06,0.1521748,0.000132852,-2.66089E-06,1.45115E-06,4.26269E-05,-3.59386E-05,0.000179706
0.0050504,1.0931,0.67,5.5126,-0.13769,5.99E-06,0.79356,0.0035302,-0.00010101,1.10E-05,0.0011658,-0.0010838,0.0054049,0.131172,0.0804,0.661512,0.000182319,-0.0261611,1.13861E-06,0.1507764,0.00012744,-3.64646E-06,3.98327E-07,4.20854E-05,-3.91252E-05,0.000195117
0.0050988,1.1014,0.67,5.5126,-0.13572,7.42E-05,0.78595,0.0033501,-0.00011509,3.17E-05,0.0011513,-0.0011513,0.0056963,0.132168,0.0804,0.661512,0.000184067,-0.0257868,1.41048E-05,0.1493305,0.000120939,-4.15475E-06,1.14321E-06,4.15619E-05,-4.15619E-05,0.000205636
0.0051593,1.1096,0.67,5.5126,-0.13324,0.00050562,0.778,0.0032065,-0.00010958,8.33E-05,0.0011569,-0.0012058,0.0059551,0.133152,0.0804,0.661512,0.000186251,-0.0253156,9.60678E-05,0.14782,0.000115755,-3.95584E-06,3.00724E-06,4.17641E-05,-4.35294E-05,0.000214979
0.005265,1.1179,0.67,5.5126,-0.13021,0.0018397,0.77019,0.0031544,-9.08E-05,0.00015548,0.0011863,-0.0012359,0.0061894,0.134148,0.0804,0.661512,0.000190067,-0.0247399,0.000349543,0.1463361,0.000113874,-3.27846E-06,5.61283E-06,4.28254E-05,-4.4616E-05,0.000223437
0.0053552,1.1262,0.67,5.5126,-0.12684,0.0042892,0.76299,0.0031111,-8.76E-05,0.00018484,0.0012427,-0.001261,0.0063565,0.135144,0.0804,0.661512,0.000193323,-0.0240996,0.000814948,0.1449681,0.000112311,-3.16182E-06,6.67272E-06,4.48615E-05,-4.55221E-05,0.00022947
0.0054511,1.1344,0.67,5.5126,-0.12314,0.0069245,0.75649,0.0030529,-9.79E-05,0.00019007,0.0013464,-0.0013397,0.0065029,0.136128,0.0804,0.661512,0.000196785,-0.0233966,0.001315655,0.1437331,0.00011021,-3.53571E-06,6.86153E-06,4.8605E-05,-4.83632E-05,0.000234755
0.0055603,1.1427,0.67,5.5126,-0.11919,0.0084157,0.75074,0.0030457,-8.77E-05,0.00023125,0.0014943,-0.0014988,0.0065806,0.137124,0.0804,0.661512,0.000200727,-0.0226461,0.001598983,0.1426406,0.00010995,-3.16637E-06,8.34813E-06,5.39442E-05,-5.41067E-05,0.00023756
0.0056115,1.1509,0.67,5.5126,-0.11519,0.0083925,0.7459,0.0030731,-5.00E-05,0.00025055,0.0016561,-0.0016739,0.0064938,0.138108,0.0804,0.661512,0.000202575,-0.0218861,0.001594575,0.141721,0.000110939,-1.80457E-06,9.04486E-06,5.97852E-05,-6.04278E-05,0.000234426
0.0055858,1.1592,0.67,5.5126,-0.11143,0.0074497,0.74237,0.003082,-3.46E-07,0.00019343,0.0017929,-0.0017879,0.0062967,0.139104,0.0804,0.661512,0.000201647,-0.0211717,0.001415443,0.1410503,0.00011126,-1.24931E-08,6.98282E-06,6.47237E-05,-6.45432E-05,0.000227311
0.0055131,1.1674,0.67,5.5126,-0.10788,0.0065153,0.74042,0.0030783,4.62E-05,8.55E-05,0.0018669,-0.0018363,0.0060809,0.140088,0.0804,0.661512,0.000199023,-0.0204972,0.001237907,0.1406798,0.000111127,1.66847E-06,3.08597E-06,6.73951E-05,-6.62904E-05,0.00021952
0.0054647,1.1757,0.67,5.5126,-0.10443,0.0058738,0.73974,0.0031184,8.57E-05,-3.89E-05,0.0018567,-0.0018237,0.0059544,0.141084,0.0804,0.661512,0.000197276,-0.0198417,0.001116022,0.1405506,0.000112574,3.09247E-06,-1.40541E-06,6.70269E-05,-6.58356E-05,0.000214954
0.0054019,1.1839,0.67,5.5126,-0.10094,0.0054942,0.73956,0.0032041,9.84E-05,-0.00013786,0.00176,-0.0017534,0.0058396,0.142068,0.0804,0.661512,0.000195009,-0.0191786,0.001043898,0.1405164,0.000115668,3.55206E-06,-4.97675E-06,0.000063536,-6.32977E-05,0.00021081
0.0053041,1.1922,0.67,5.5126,-0.097252,0.0053345,0.73903,0.0032618,7.49E-05,-0.00024205,0.0016087,-0.0016435,0.0057376,0.143064,0.0804,0.661512,0.000191478,-0.01847788,0.001013555,0.1404157,0.000117751,2.70486E-06,-8.73801E-06,5.80741E-05,-5.93304E-05,0.000207127
0.0052214,1.2005,0.67,5.5126,-0.093199,0.0051893,0.7381,0.0032722,3.26E-05,-0.00032229,0.0014548,-0.0015202,0.0057158,0.14406,0.0804,0.661512,0.000188493,-0.01770781,0.000985967,0.140239,0.000118126,1.17621E-06,-1.16347E-05,5.25183E-05,-5.48792E-05,0.00020634
0.0050964,1.2087,0.67,5.5126,-0.088702,0.0049512,0.73689,0.0032468,-1.45E-05,-0.00030827,0.0013385,-0.0014184,0.0056074,0.145044,0.0804,0.661512,0.00018398,-0.01685338,0.000940728,0.1400091,0.000117209,-5.22187E-07,-1.11285E-05,4.83199E-05,-5.12042E-05,0.000202427
0.0049009,1.217,0.67,5.5126,-0.084065,0.0044669,0.73617,0.0031737,-4.03E-05,-0.00024587,0.0012837,-0.001335,0.0053445,0.14604,0.0804,0.661512,0.000176922,-0.01597235,0.000848711,0.1398723,0.000114571,-1.45656E-06,-8.87591E-06,4.63416E-05,-4.81935E-05,0.000192936
0.0046621,1.2252,0.67,5.5126,-0.079571,0.0039073,0.73713,0.0030677,-2.51E-05,-0.00015185,0.0012862,-0.0012553,0.0049702,0.147024,0.0804,0.661512,0.000168302,-0.01511849,0.000742387,0.1400547,0.000110744,-9.07265E-07,-5.48179E-06,4.64318E-05,-4.53163E-05,0.000179424
0.0044309,1.2335,0.67,5.5126,-0.075197,0.0034001,0.74001,0.0029909,1.16E-05,-1.78E-06,0.0013003,-0.0011575,0.0045705,0.14802,0.0804,0.661512,0.000159955,-0.01428743,0.000646019,0.1406019,0.000107971,4.19518E-07,-6.42147E-08,4.69408E-05,-4.17858E-05,0.000164995
0.0041754,1.2417,0.67,5.5126,-0.070819,0.0027551,0.74433,0.0029303,4.11E-05,0.00011502,0.0012958,-0.0010108,0.0041248,0.149004,0.0804,0.661512,0.000150732,-0.01345561,0.000523469,0.1414227,0.000105784,1.48295E-06,4.15222E-06,4.67784E-05,-3.64899E-05,0.000148905
0.0039762,1.25,0.67,5.5126,-0.066313,0.0017074,0.74913,0.0028424,5.35E-05,0.00015228,0.0012862,-0.00079584,0.0038237,0.15,0.0804,0.661512,0.000143541,-0.01259947,0.000324406,0.1423347,0.000102611,1.9298E-06,5.49731E-06,4.64318E-05,-2.87298E-05,0.000138036
0.0038535,1.2583,0.67,5.5126,-0.061466,-6.59E-05,0.75364,0.0027435,3.98E-05,0.00014036,0.0012857,-0.00053792,0.0036779,0.150996,0.0804,0.661512,0.000139111,-0.01167854,-1.25161E-05,0.1431916,9.90404E-05,1.43815E-06,5.067E-06,4.64138E-05,-1.94189E-05,0.000132772
0.0037671,1.2665,0.67,5.5126,-0.056313,-0.0025547,0.75717,0.0026551,1.47E-05,8.98E-05,0.001297,-0.00029784,0.0035821,0.15198,0.0804,0.661512,0.000135992,-0.01069947,-0.000485393,0.1438623,9.58491E-05,5.31861E-07,3.242E-06,4.68217E-05,-1.0752E-05,0.000129314
0.0037016,1.2748,0.67,5.5126,-0.051094,-0.0052395,0.75952,0.0025826,2.73E-06,8.31E-05,0.0013174,-0.00011407,0.0035032,0.152976,0.0804,0.661512,0.000133628,-0.00970786,-0.000995505,0.1443088,9.32319E-05,9.86685E-08,2.99894E-06,4.75581E-05,-4.11793E-06,0.000126466
0.0036648,1.283,0.67,5.5126,-0.045944,-0.007248,0.76068,0.0025036,-2.55E-06,0.00013515,0.0013514,3.76E-05,0.0034745,0.15396,0.0804,0.661512,0.000132299,-0.00872936,-0.00137712,0.1445292,9.038E-05,-9.21597E-08,4.87892E-06,4.87855E-05,1.35758E-06,0.000125429
0.0037144,1.2913,0.67,5.5126,-0.04093,-0.0081763,0.76049,0.0024388,-1.93E-05,0.00013603,0.0013978,0.00019873,0.0035922,0.154956,0.0804,0.661512,0.00013409,-0.0077767,-0.001553497,0.1444931,8.80407E-05,-6.96513E-07,4.91068E-06,5.04606E-05,7.17415E-06,0.000129678
0.0038297,1.2995,0.67,5.5126,-0.036132,-0.0083769,0.75915,0.0024397,-4.29E-05,4.82E-05,0.0014275,0.00037058,0.0037923,0.15594,0.0804,0.661512,0.000138252,-0.00686508,-0.001591611,0.1442385,8.80732E-05,-1.54728E-06,1.74049E-06,5.15328E-05,1.33779E-05,0.000136902
0.0038247,1.3078,0.67,5.5126,-0.031356,-0.0082916,0.75738,0.0024224,-6.28E-05,3.00E-05,0.0014046,0.00051384,0.0038223,0.156936,0.0804,0.661512,0.000138072,-0.00595764,-0.001575404,0.1439022,8.74486E-05,-2.26661E-06,1.08304E-06,5.07061E-05,1.85496E-05,0.000137985
0.0036523,1.316,0.67,5.5126,-0.026322,-0.0082029,0.75525,0.0022794,-8.43E-05,8.57E-05,0.0013053,0.00059987,0.0037199,0.15792,0.0804,0.661512,0.000131848,-0.00500118,-0.001558551,0.1434975,8.22863E-05,-3.04244E-06,3.09485E-06,4.71213E-05,2.16553E-05,0.000134288
0.003599,1.3243,0.67,5.5126,-0.021118,-0.0081424,0.75257,0.0022033,-0.00010325,2.64E-05,0.0011438,0.0006322,0.0038509,0.158916,0.0804,0.661512,0.000129924,-0.00401242,-0.001547056,0.1429883,7.95391E-05,-3.72733E-06,9.51379E-07,4.12912E-05,2.28224E-05,0.000139017
0.003501,1.3326,0.67,5.5126,-0.015996,-0.0080317,0.75002,0.0022447,-0.00011077,-6.46E-05,0.0009733,0.00060234,0.0037841,0.159912,0.0804,0.661512,0.000126386,-0.00303924,-0.001526023,0.1425038,8.10337E-05,-3.9988E-06,-2.33202E-06,3.51361E-05,2.17445E-05,0.000136606
0.0031714,1.3408,0.67,5.5126,-0.010729,-0.0079746,0.74752,0.0021234,-0.00010615,-4.72E-06,0.00083058,0.00052444,0.0033888,0.160896,0.0804,0.661512,0.000114488,-0.00203851,-0.001515174,0.1420288,7.66547E-05,-3.83202E-06,-1.70511E-07,2.99839E-05,1.89323E-05,0.000122336
0.0029571,1.3491,0.67,5.5126,-0.0052001,-0.0080954,0.74467,0.001943,-9.23E-05,2.23E-05,0.00072739,0.00043428,0.0032438,0.161892,0.0804,0.661512,0.000106751,-0.000988019,-0.001538126,0.1414873,7.01423E-05,-3.33257E-06,8.04128E-07,2.62588E-05,1.56775E-05,0.000117101
0.0028642,1.3573,0.67,5.5126,0.00031625,-0.0085217,0.74249,0.0018999,-7.99E-05,-7.28E-05,0.00066258,0.00034709,0.0031659,0.162876,0.0804,0.661512,0.000103398,6.00875E-05,-0.001619123,0.1410731,6.85864E-05,-2.88363E-06,-2.62916E-06,2.39191E-05,1.25299E-05,0.000114289
0.0026525,1.3656,0.67,5.5126,0.0057828,-0.009165,0.74136,0.0018371,-5.81E-05,-0.00011388,0.00062102,0.00024934,0.0028468,0.163872,0.0804,0.661512,9.57553E-05,0.001098732,-0.00174135,0.1408584,6.63193E-05,-2.09889E-06,-4.11107E-06,2.24188E-05,9.00117E-06,0.000102769
0.0025598,1.3738,0.67,5.5126,0.011192,-0.0098803,0.74118,0.0017518,-4.56E-05,-0.00017082,0.00059548,0.00016187,0.0027723,0.164856,0.0804,0.661512,9.24088E-05,0.00212648,-0.001877257,0.1408242,6.324E-05,-1.64645E-06,-6.1666E-06,2.14968E-05,5.84351E-06,0.00010008
0.0024837,1.3821,0.67,5.5126,0.016478,-0.010526,0.74261,0.0017125,-5.72E-05,-0.00020363,0.00058766,0.00010977,0.0026672,0.165852,0.0804,0.661512,8.96616E-05,0.00313082,-0.00199994,0.1410959,6.18213E-05,-2.06611E-06,-7.35104E-06,2.12145E-05,3.9627E-06,9.62859E-05
0.0023155,1.3903,0.67,5.5126,0.021809,-0.010891,0.74477,0.0015921,-6.55E-05,-0.00014004,0.00060012,5.72E-05,0.0024388,0.166836,0.0804,0.661512,8.35896E-05,0.00414371,-0.00206929,0.1415063,5.74748E-05,-2.36571E-06,-5.05544E-06,2.16643E-05,2.06575E-06,8.80407E-05
0.0024407,1.3986,0.67,5.5126,0.027091,-0.010937,0.74718,0.0015439,-7.80E-05,-0.0001641,0.00064102,1.98E-05,0.0026965,0.167832,0.0804,0.661512,8.81093E-05,0.00514729,-0.00207803,0.1419642,5.57348E-05,-2.81439E-06,-5.92401E-06,2.31408E-05,7.15971E-07,9.73437E-05
0.0024665,1.4069,0.67,5.5126,0.032147,-0.010816,0.75031,0.0015832,-9.34E-05,-0.00022625,0.00070387,-2.24E-06,0.0026459,0.168828,0.0804,0.661512,8.90407E-05,0.00610793,-0.00205504,0.1425589,5.71535E-05,-3.373E-06,-8.16763E-06,2.54097E-05,-8.0947E-08,9.5517E-05
0.0024834,1.4151,0.67,5.5126,0.037309,-0.010772,0.75377,0.001536,-0.00010734,-0.00015645,0.00078198,-1.15E-05,0.0026487,0.169812,0.0804,0.661512,8.96507E-05,0.00708871,-0.00204668,0.1432163,5.54496E-05,-3.87497E-06,-5.64785E-06,2.82295E-05,-4.15331E-07,9.56181E-05
0.0025751,1.4234,0.67,5.5126,0.042425,-0.010568,0.75826,0.0015427,-0.00013006,-0.00018804,0.00086667,6.62E-06,0.0027409,0.170808,0.0804,0.661512,9.29611E-05,0.00806075,-0.00200792,0.1440694,5.56915E-05,-4.69517E-06,-6.78824E-06,3.12868E-05,2.38802E-07,9.89465E-05
0.0025112,1.4316,0.67,5.5126,0.047347,-0.01043,0.76383,0.0015379,-0.00016668,-0.00023672,0.0009611,3.39E-05,0.0025234,0.171792,0.0804,0.661512,9.06543E-05,0.00899593,-0.0019817,0.1451277,5.55182E-05,-6.01715E-06,-8.54559E-06,3.46957E-05,1.22235E-06,9.10947E-05
0.002607,1.4399,0.67,5.5126,0.051997,-0.01068,0.77025,0.001541,-0.00021479,-0.00029309,0.0010692,8.65E-05,0.0026038,0.172788,0.0804,0.661512,9.41127E-05,0.00987943,-0.0020292,0.1463475,5.56301E-05,-7.75392E-06,-1.05805E-05,3.85981E-05,3.12164E-06,9.39972E-05
0.002647,1.4481,0.67,5.5126,0.056155,-0.011301,0.7776,0.0015862,-0.00025196,-0.00034574,0.001176,0.00011437,0.0025318,0.173772,0.0804,0.661512,9.55567E-05,0.01066945,-0.00214719,0.147744,5.72618E-05,-9.09576E-06,-1.24812E-05,4.24536E-05,4.12876E-06,9.1398E-05
0.0026845,1.4564,0.67,5.5126,0.059977,-0.012362,0.78498,0.0015657,-0.00027463,-0.0003276,0.0012727,0.00012152,0.0025306,0.174768,0.0804,0.661512,9.69105E-05,0.01139563,-0.00234878,0.1491462,5.65218E-05,-9.91414E-06,-1.18264E-05,4.59445E-05,4.38687E-06,9.13547E-05
0.0027331,1.4647,0.67,5.5126,0.063721,-0.013725,0.7928,0.0015558,-0.00028715,-0.00035584,0.0013487,0.00011023,0.0025617,0.175764,0.0804,0.661512,9.86649E-05,0.01210699,-0.00260775,0.150632,5.61644E-05,-1.03661E-05,-1.28458E-05,4.86881E-05,3.9793E-06,9.24774E-05
0.0027424,1.4729,0.67,5.5126,0.067553,-0.015178,0.80118,0.0015603,-0.00028847,-0.0003159,0.0014008,5.94E-05,0.0025237,0.176748,0.0804,0.661512,9.90006E-05,0.01283507,-0.00288382,0.1522242,5.63268E-05,-1.04138E-05,-1.1404E-05,5.05689E-05,2.14308E-06,9.11056E-05
0.0027483,1.4812,0.67,5.5126,0.07159,-0.016582,0.80963,0.0015592,-0.00029214,-0.00028641,0.0014259,-1.47E-05,0.0025115,0.177744,0.0804,0.661512,9.92136E-05,0.0136021,-0.00315058,0.1538297,5.62871E-05,-1.05463E-05,-1.03394E-05,5.1475E-05,-5.29551E-07,9.06652E-05
0.0027143,1.4894,0.67,5.5126,0.075631,-0.017983,0.8177,0.0015535,-0.00030791,-0.000272,0.0014287,-0.00011692,0.0024464,0.178728,0.0804,0.661512,9.79862E-05,0.01436989,-0.00341677,0.155363,5.60814E-05,-1.11156E-05,-9.8192E-06,5.15761E-05,-4.22081E-06,8.8315E-05
0.0026671,1.4977,0.67,5.5126,0.07939,-0.019472,0.8248,0.0015414,-0.00033812,-0.00023554,0.0014196,-0.00023066,0.0023731,0.179724,0.0804,0.661512,9.62823E-05,0.0150841,-0.00369968,0.156712,5.56445E-05,-1.22061E-05,-8.50299E-06,5.12476E-05,-8.32683E-06,8.56689E-05
0.0026181,1.5059,0.67,5.5126,0.082935,-0.020888,0.83108,0.0015143,-0.00037634,-0.00019215,0.0014,-0.00036576,0.0023218,0.180708,0.0804,0.661512,9.45134E-05,0.01575765,-0.00396872,0.1579052,5.46662E-05,-1.35859E-05,-6.93662E-06,0.00005054,-1.32039E-05,8.3817E-05
0.0025835,1.5142,0.67,5.5126,0.086298,-0.021623,0.83708,0.0014416,-0.00039634,-0.00015325,0.0013677,-0.00051943,0.0023576,0.181704,0.0804,0.661512,9.32644E-05,0.01639662,-0.00410837,0.1590452,5.20418E-05,-1.43079E-05,-5.53233E-06,4.9374E-05,-1.87514E-05,8.51094E-05
0.0025628,1.5224,0.67,5.5126,0.089496,-0.021383,0.84352,0.0013391,-0.00038403,-9.75E-05,0.0013429,-0.00065814,0.0024436,0.182688,0.0804,0.661512,9.25171E-05,0.01700424,-0.00406277,0.1602688,4.83415E-05,-1.38635E-05,-3.51849E-06,4.84787E-05,-2.37589E-05,8.8214E-05
0.0025925,1.5307,0.67,5.5126,0.092799,-0.020326,0.85091,0.001267,-0.00035963,-4.19E-06,0.001358,-0.00077504,0.00256,0.183684,0.0804,0.661512,9.35893E-05,0.01763181,-0.00386194,0.1616729,4.57387E-05,-1.29826E-05,-1.51205E-07,4.90238E-05,-2.79789E-05,0.000092416
0.0026386,1.539,0.67,5.5126,0.096485,-0.018947,0.85913,0.0012298,-0.00034549,0.00011986,0.0014098,-0.00087261,0.0026377,0.18468,0.0804,0.661512,9.52535E-05,0.01833215,-0.00359993,0.1632347,4.43958E-05,-1.24722E-05,4.32695E-06,5.08938E-05,-3.15012E-05,9.5221E-05
0.0026722,1.5472,0.67,5.5126,0.10028,-0.017688,0.86732,0.0011911,-0.00034954,0.00021647,0.0014535,-0.00093464,0.0026999,0.185664,0.0804,0.661512,9.64664E-05,0.0190532,-0.00336072,0.1647908,4.29987E-05,-1.26184E-05,7.81457E-06,5.24714E-05,-3.37405E-05,9.74664E-05
0.0026507,1.5555,0.67,5.5126,0.10358,-0.016835,0.87477,0.001141,-0.00036438,0.00027401,0.0014608,-0.00095258,0.0026997,0.18666,0.0804,0.661512,9.56903E-05,0.0196802,-0.00319865,0.1662063,4.11901E-05,-1.31541E-05,9.89176E-06,5.27349E-05,-3.43881E-05,9.74592E-05
0.0025763,1.5637,0.67,5.5126,0.10637,-0.016426,0.88133,0.0010895,-0.00037077,0.0003006,0.0014352,-0.00093219,0.0026279,0.187644,0.0804,0.661512,9.30044E-05,0.0202103,-0.00312094,0.1674527,3.9331E-05,-1.33848E-05,1.08517E-05,5.18107E-05,-3.36521E-05,9.48672E-05
0.0024545,1.572,0.67,5.5126,0.1091,-0.016115,0.88703,0.0010354,-0.00036072,0.00030084,0.0013802,-0.00089006,0.0024935,0.18864,0.0804,0.661512,8.86075E-05,0.020729,-0.00306185,0.1685357,3.73779E-05,-1.3022E-05,1.08603E-05,4.98252E-05,-3.21312E-05,9.00154E-05
0.0023351,1.5802,0.67,5.5126,0.11152,-0.015711,0.89163,0.00098956,-0.00034855,0.00029453,0.0013018,-0.00084592,0.0023789,0.189624,0.0804,0.661512,8.42971E-05,0.0211888,-0.00298509,0.1694097,3.57231E-05,-1.25827E-05,1.06325E-05,4.6995E-05,-3.05377E-05,8.58783E-05
0.0022425,1.5885,0.67,5.5126,0.11332,-0.015279,0.895,0.00097608,-0.00034846,0.00028665,0.0012168,-0.00081004,0.0022921,0.19062,0.0804,0.661512,8.09543E-05,0.0215308,-0.00290301,0.17005,3.52365E-05,-1.25794E-05,1.03481E-05,4.39265E-05,-2.92424E-05,8.27448E-05
0.0021703,1.5968,0.67,5.5126,0.11481,-0.014802,0.89764,0.00099483,-0.00036043,0.00028062,0.001147,-0.0007746,0.0021987,0.191616,0.0804,0.661512,7.83478E-05,0.0218139,-0.00281238,0.1705516,3.59134E-05,-1.30115E-05,1.01304E-05,4.14067E-05,-2.79631E-05,7.93731E-05
0.0021085,1.605,0.67,5.5126,0.11621,-0.01399,0.89992,0.0010189,-0.00037665,0.0002629,0.0011089,-0.00074155,0.0020892,0.1926,0.0804,0.661512,7.61169E-05,0.0220799,-0.0026581,0.1709848,3.67823E-05,-1.35971E-05,9.49069E-06,4.00313E-05,-2.677E-05,7.54201E-05
0.0020716,1.6133,0.67,5.5126,0.11734,-0.012611,0.90164,0.0010274,-0.00040043,0.00024302,0.0011102,-0.0007194,0.0020055,0.193596,0.0804,0.661512,7.47848E-05,0.0222946,-0.00239609,0.1713116,3.70891E-05,-1.44555E-05,8.77302E-06,4.00782E-05,-2.59703E-05,7.23986E-05
0.0020479,1.6215,0.67,5.5126,0.11813,-0.010896,0.90255,0.0010354,-0.000435,0.0002236,0.001144,-0.00068051,0.0019164,0.19458,0.0804,0.661512,7.39292E-05,0.0224447,-0.00207024,0.1714845,3.73779E-05,-1.57035E-05,8.07196E-06,4.12984E-05,-2.45664E-05,6.9182E-05
0.0019918,1.6298,0.67,5.5126,0.11858,-0.0092188,0.90263,0.0010529,-0.00045739,0.00017845,0.0011902,-0.00057306,0.0017403,0.195576,0.0804,0.661512,7.1904E-05,0.0225302,-0.001751572,0.1714997,3.80097E-05,-1.65118E-05,6.44205E-06,4.29662E-05,-2.06875E-05,6.28248E-05
0.001902,1.638,0.67,5.5126,0.11881,-0.0074335,0.90238,0.0010778,-0.0004521,8.92E-05,0.0012288,-0.00040029,0.0014974,0.19656,0.0804,0.661512,6.86622E-05,0.0225739,-0.001412365,0.1714522,3.89086E-05,-1.63208E-05,3.21896E-06,4.43597E-05,-1.44505E-05,5.40561E-05
0.0018287,1.6463,0.67,5.5126,0.11896,-0.0052099,0.9029,0.0011168,-0.00043544,-1.32E-05,0.0012419,-0.00023375,0.0012988,0.197556,0.0804,0.661512,6.60161E-05,0.0226024,-0.000989881,0.171551,4.03165E-05,-1.57194E-05,-4.78289E-07,4.48326E-05,-8.43838E-06,4.68867E-05
0.0017887,1.6545,0.67,5.5126,0.11902,-0.002613,0.90517,0.0011609,-0.00042062,-8.59E-05,0.0012181,-0.00014137,0.0011985,0.19854,0.0804,0.661512,6.45721E-05,0.0226138,-0.00049647,0.1719823,4.19085E-05,-1.51844E-05,-3.10012E-06,4.39734E-05,-5.10346E-06,4.32659E-05
0.0017675,1.6628,0.67,5.5126,0.11889,-9.54E-05,0.90917,0.0012108,-0.00040649,-0.0001254,0.0011704,-0.00010864,0.0011537,0.199536,0.0804,0.661512,6.38068E-05,0.0225891,-1.81268E-05,0.1727423,4.37099E-05,-1.46743E-05,-4.52694E-06,4.22514E-05,-3.9219E-06,4.16486E-05
0.0017551,1.6711,0.67,5.5126,0.11852,0.001857,0.91424,0.0012982,-0.00039335,-0.00013708,0.0011149,-0.0001033,0.0010971,0.200532,0.0804,0.661512,6.33591E-05,0.0225188,0.00035283,0.1737056,4.6865E-05,-1.41999E-05,-4.94859E-06,4.02479E-05,-3.72913E-06,3.96053E-05
0.0017562,1.6793,0.67,5.5126,0.1179,0.0030093,0.91949,0.0014135,-0.0003862,-0.00012817,0.0010584,-0.00011838,0.0010406,0.201516,0.0804,0.661512,6.33988E-05,0.022401,0.000571767,0.1747031,5.10274E-05,-1.39418E-05,-4.62694E-06,3.82082E-05,-4.27352E-06,3.75657E-05
0.0017642,1.6876,0.67,5.5126,0.1171,0.003641,0.92384,0.0014982,-0.00038144,-0.00011858,0.0010166,-0.00012158,0.0010137,0.202512,0.0804,0.661512,6.36876E-05,0.022249,0.00069179,0.1755296,5.4085E-05,-1.377E-05,-4.28074E-06,3.66993E-05,-4.38904E-06,3.65946E-05
0.0018189,1.6958,0.67,5.5126,0.11638,0.0044853,0.92785,0.0015513,-0.00037363,-9.67E-05,0.001018,-9.73E-05,0.0010685,0.203496,0.0804,0.661512,6.56623E-05,0.0221122,0.000852207,0.1762915,5.60019E-05,-1.3488E-05,-3.48968E-06,3.67498E-05,-3.51379E-06,3.85729E-05
0.0019444,1.7041,0.67,5.5126,0.11591,0.0057145,0.93226,0.0016269,-0.00037637,-1.81E-05,0.0010679,-9.36E-05,0.001194,0.204492,0.0804,0.661512,7.01928E-05,0.0220229,0.001085755,0.1771294,5.87311E-05,-1.3587E-05,-6.53807E-07,3.85512E-05,-3.38004E-06,4.31034E-05
0.0021054,1.7123,0.67,5.5126,0.1155,0.0067839,0.93534,0.00172,-0.00040236,9.48E-05,0.0011118,-0.0001509,0.0013789,0.205476,0.0804,0.661512,7.60049E-05,0.021945,0.001288941,0.1777146,0.000062092,-1.45252E-05,3.42159E-06,4.0136E-05,-5.44749E-06,4.97783E-05
0.0022767,1.7206,0.67,5.5126,0.11513,0.0074314,0.93649,0.001823,-0.00044088,0.00021542,0.0011087,-0.00021888,0.0016218,0.206472,0.0804,0.661512,8.21889E-05,0.0218747,0.001411966,0.1779331,6.58103E-05,-1.59158E-05,7.77666E-06,4.00241E-05,-7.90157E-06,5.8547E-05
0.0023817,1.7289,0.67,5.5126,0.11515,0.0077491,0.93791,0.0019486,-0.00046365,0.00032231,0.0010767,-0.0002121,0.0017382,0.207468,0.0804,0.661512,8.59794E-05,0.0218785,0.001472329,0.1782029,7.03445E-05,-1.67378E-05,1.16354E-05,3.88689E-05,-7.65681E-06,6.2749E-05
0.0023667,1.7371,0.67,5.5126,0.11569,0.007813,0.94095,0.00207,-0.00045645,0.00037427,0.0010527,-0.00013605,0.0016107,0.208452,0.0804,0.661512,8.54379E-05,0.0219811,0.00148447,0.1787805,0.000074727,-1.64778E-05,1.35111E-05,3.80025E-05,-4.91141E-06,5.81463E-05
0.0022978,1.7454,0.67,5.5126,0.1166,0.0078084,0.94498,0.0021789,-0.00043879,0.00037543,0.0010758,-7.12E-05,0.0013408,0.209448,0.0804,0.661512,8.29506E-05,0.022154,0.001483596,0.1795462,7.86583E-05,-1.58403E-05,1.3553E-05,3.88364E-05,-2.57079E-06,4.84029E-05
0.002272,1.7536,0.67,5.5126,0.11764,0.0081392,0.9488,0.0022774,-0.00043536,0.00035856,0.001158,-5.81E-05,0.0011086,0.210432,0.0804,0.661512,8.20192E-05,0.0223516,0.001546448,0.180272,8.22141E-05,-1.57165E-05,1.2944E-05,4.18038E-05,-2.09842E-06,4.00205E-05
0.0022995,1.7619,0.67,5.5126,0.11848,0.0092283,0.95174,0.0023334,-0.00045803,0.00033318,0.0012682,-7.26E-05,0.00099748,0.211428,0.0804,0.661512,8.3012E-05,0.0225112,0.001753377,0.1808306,8.42357E-05,-1.65349E-05,1.20278E-05,4.5782E-05,-2.62256E-06,3.6009E-05
0.0023267,1.7701,0.67,5.5126,0.11894,0.011027,0.95465,0.0023447,-0.00050941,0.00029768,0.0013859,-8.56E-05,0.00092266,0.212412,0.0804,0.661512,8.39939E-05,0.0225986,0.00209513,0.1813835,8.46437E-05,-1.83897E-05,1.07462E-05,5.0031E-05,-3.09048E-06,3.3308E-05
0.0023466,1.7784,0.67,5.5126,0.11904,0.01262,0.95816,0.0023516,-0.00057689,0.00026668,0.0015069,-9.28E-05,0.00083462,0.213408,0.0804,0.661512,8.47123E-05,0.0226176,0.0023978,0.1820504,8.48928E-05,-2.08257E-05,9.62715E-06,5.43991E-05,-3.35019E-06,3.01298E-05
0.0023623,1.7866,0.67,5.5126,0.11884,0.013012,0.96165,0.0023629,-0.00063496,0.00024192,0.0015964,-0.00010839,0.00076519,0.214392,0.0804,0.661512,8.5279E-05,0.0225796,0.00247228,0.1827135,8.53007E-05,-2.29221E-05,8.73331E-06,5.763E-05,-3.91288E-06,2.76234E-05
0.0023613,1.7949,0.67,5.5126,0.11842,0.012091,0.96496,0.0023588,-0.00067148,0.0002215,0.0016336,-0.00014161,0.00073021,0.215388,0.0804,0.661512,8.52429E-05,0.0224998,0.00229729,0.1833424,8.51527E-05,-2.42404E-05,7.99615E-06,5.8973E-05,-5.11212E-06,2.63606E-05
0.0023497,1.8032,0.67,5.5126,0.11788,0.010498,0.96866,0.0023249,-0.00068483,0.0002083,0.0016418,-0.00017859,0.00073277,0.216384,0.0804,0.661512,8.48242E-05,0.0223972,0.00199462,0.1840454,8.39289E-05,-2.47224E-05,7.51963E-06,5.9269E-05,-6.4471E-06,2.6453E-05
0.0023329,1.8114,0.67,5.5126,0.11727,0.0089784,0.97292,0.0022578,-0.00067474,0.00021672,0.0016407,-0.00020747,0.00076733,0.217368,0.0804,0.661512,8.42177E-05,0.0222813,0.001705896,0.1848548,8.15066E-05,-2.43581E-05,7.82359E-06,5.92293E-05,-7.48967E-06,2.77006E-05
0.0023325,1.8197,0.67,5.5126,0.11656,0.008023,0.97757,0.0021727,-0.00065387,0.00027522,0.001641,-0.0002442,0.00085137,0.218364,0.0804,0.661512,8.42033E-05,0.0221464,0.00152437,0.1857383,7.84345E-05,-2.36047E-05,9.93544E-06,5.92401E-05,-8.81562E-06,3.07345E-05
0.0023497,1.8279,0.67,5.5126,0.11577,0.0079138,0.98194,0.0020862,-0.00064183,0.00037624,0.0016539,-0.00031217,0.00095922,0.219348,0.0804,0.661512,8.48242E-05,0.0219963,0.001503622,0.1865686,7.53118E-05,-2.31701E-05,1.35823E-05,5.97058E-05,-1.12693E-05,3.46278E-05
0.0023956,1.8362,0.67,5.5126,0.1149,0.0085773,0.98598,0.0020014,-0.00065338,0.00051524,0.0016814,-0.00042309,0.0011083,0.220344,0.0804,0.661512,8.64812E-05,0.021831,0.001629687,0.1873362,7.22505E-05,-2.3587E-05,1.86002E-05,6.06985E-05,-1.52735E-05,4.00096E-05
0.0024637,1.8446,0.67,5.5126,0.11399,0.0097136,0.98909,0.0019238,-0.00068448,0.00063771,0.0017089,-0.00054274,0.0012947,0.221352,0.0804,0.661512,8.89396E-05,0.0216581,0.001845584,0.1879271,6.94492E-05,-2.47097E-05,2.30213E-05,6.16913E-05,-1.95929E-05,4.67387E-05
0.0025402,1.8534,0.67,5.5126,0.1131,0.010794,0.99165,0.0018614,-0.00072513,0.00072241,0.0017458,-0.00066461,0.0014733,0.222408,0.0804,0.661512,9.17012E-05,0.021489,0.00205086,0.1884135,6.71965E-05,-2.61772E-05,2.6079E-05,6.30234E-05,-2.39924E-05,5.31861E-05
0.0025824,1.8626,0.67,5.5126,0.11229,0.011609,0.99385,0.0018032,-0.00075575,0.00073693,0.0017754,-0.00076542,0.0015862,0.223512,0.0804,0.661512,9.32246E-05,0.0213351,0.00220571,0.1888315,6.50955E-05,-2.72826E-05,2.66032E-05,6.40919E-05,-2.76317E-05,5.72618E-05
0.0025623,1.8723,0.67,5.5126,0.11147,0.01227,0.9956,0.001731,-0.00075394,0.00068027,0.0017512,-0.00084739,0.0016424,0.224676,0.0804,0.661512,9.2499E-05,0.0211793,0.0023313,0.189164,6.24891E-05,-2.72172E-05,2.45577E-05,6.32183E-05,-3.05908E-05,5.92906E-05
0.0025128,1.8824,0.67,5.5126,0.11054,0.012344,0.99704,0.0016597,-0.00073718,0.00057461,0.0016873,-0.00087526,0.0016786,0.225888,0.0804,0.661512,9.07121E-05,0.0210026,0.00234536,0.1894376,5.99152E-05,-2.66122E-05,2.07434E-05,6.09115E-05,-3.15969E-05,6.05975E-05
0.0025261,1.8931,0.67,5.5126,0.10949,0.011804,0.99935,0.0016201,-0.00074057,0.00044814,0.001679,-0.00088838,0.0017532,0.227172,0.0804,0.661512,9.11922E-05,0.0208031,0.00224276,0.1898765,5.84856E-05,-2.67346E-05,1.61779E-05,6.06119E-05,-3.20705E-05,6.32905E-05
0.0026086,1.9042,0.67,5.5126,0.10815,0.011774,1.0035,0.001613,-0.00075651,0.00036927,0.0017228,-0.00093432,0.0018814,0.228504,0.0804,0.661512,9.41705E-05,0.0205485,0.00223706,0.190665,5.82293E-05,-2.731E-05,1.33306E-05,6.21931E-05,-3.3729E-05,6.79185E-05
0.0027104,1.9159,0.67,5.5126,0.10629,0.012573,1.0074,0.00162,-0.00075212,0.00033369,0.0017139,-0.00095632,0.0020868,0.229908,0.0804,0.661512,9.78454E-05,0.0201951,0.00238887,0.191406,0.000058482,-2.71515E-05,1.20462E-05,6.18718E-05,-3.45232E-05,7.53335E-05
0.0028046,1.9282,0.67,5.5126,0.1041,0.012532,1.0089,0.0016228,-0.00071751,0.00032784,0.0016083,-0.00095124,0.0023782,0.231384,0.0804,0.661512,0.000101246,0.019779,0.00238108,0.191691,5.85831E-05,-2.59021E-05,1.1835E-05,5.80596E-05,-3.43398E-05,8.5853E-05
0.0027686,1.941,0.67,5.5126,0.10213,0.01179,1.0084,0.0016173,-0.0006181,0.00030544,0.0014288,-0.00082164,0.0024912,0.23292,0.0804,0.661512,9.99465E-05,0.0194047,0.0022401,0.191596,5.83845E-05,-2.23134E-05,1.10264E-05,5.15797E-05,-2.96612E-05,8.99323E-05
0.0025672,1.9545,0.67,5.5126,0.10045,0.011301,1.0103,0.0016098,-0.00041979,0.00019938,0.0012635,-0.00070755,0.0022611,0.23454,0.0804,0.661512,9.26759E-05,0.0190855,0.00214719,0.191957,5.81138E-05,-1.51544E-05,7.19762E-06,4.56124E-05,-2.55426E-05,8.16257E-05
0.002344,1.9686,0.67,5.5126,0.098306,0.012027,1.0151,0.0015892,-0.00019084,1.26E-05,0.0011247,-0.00060862,0.0019741,0.236232,0.0804,0.661512,8.46184E-05,0.01867814,0.00228513,0.192869,5.73701E-05,-6.88932E-06,4.55257E-07,4.06017E-05,-2.19712E-05,7.1265E-05
0.0021289,1.9833,0.67,5.5126,0.095288,0.012684,1.0182,0.0015382,-1.80E-05,-0.00013822,0.0010343,-0.0004449,0.0016853,0.237996,0.0804,0.661512,7.68533E-05,0.01810472,0.00240996,0.193458,5.5529E-05,-6.50342E-07,-4.98974E-06,3.73382E-05,-1.60609E-05,6.08393E-05
0.0020686,1.9988,0.67,5.5126,0.092467,0.012575,1.015,0.0014736,7.30E-05,-0.00026659,0.0011166,-0.00042197,0.0015471,0.239856,0.0804,0.661512,7.46765E-05,0.01756873,0.00238925,0.19285,5.3197E-05,2.63678E-06,-9.6239E-06,4.03093E-05,-1.52331E-05,5.58503E-05
0.0021948,2.0149,0.67,5.5126,0.090339,0.0097033,1.013,0.0013954,6.30E-05,-0.00024067,0.0010367,-0.00033278,0.0019576,0.241788,0.0804,0.661512,7.92323E-05,0.01716441,0.001843627,0.19247,5.03739E-05,2.27351E-06,-8.68819E-06,3.74249E-05,-1.20134E-05,7.06694E-05
0.0023835,2.0319,0.67,5.5126,0.088077,0.0068671,1.0076,0.0013119,6.93E-05,-0.00015126,0.00090527,-1.51E-05,0.0025499,0.243828,0.0804,0.661512,8.60444E-05,0.01673463,0.001304749,0.191444,4.73596E-05,2.50231E-06,-5.46049E-06,3.26802E-05,-5.43449E-07,9.20514E-05
0.0027701,2.0496,0.67,5.5126,0.085141,0.0019736,1.0052,0.0013054,6.77E-05,0.00026314,0.00076856,0.00014627,0.0034663,0.245952,0.0804,0.661512,0.000100001,0.01617679,0.000374984,0.190988,4.71249E-05,2.44545E-06,9.49935E-06,2.7745E-05,5.28035E-06,0.000125133
0.0034744,2.0681,0.67,5.5126,0.08091,0.0014782,0.99764,0.0014121,-4.09E-06,0.0008247,0.00070144,0.00018785,0.0048352,0.248172,0.0804,0.661512,0.000125426,0.0153729,0.000280858,0.1895516,5.09768E-05,-1.47505E-07,2.97717E-05,2.5322E-05,6.78139E-06,0.000174551
0.0043572,2.0875,0.67,5.5126,0.07599,0.0026112,0.98788,0.0016235,-0.00018983,0.0014171,0.00076967,-0.00029222,0.0063213,0.2505,0.0804,0.661512,0.000157295,0.0144381,0.000496128,0.1876972,5.86084E-05,-6.85286E-06,5.11573E-05,2.77851E-05,-1.05491E-05,0.000228199
0.0052255,2.1078,0.67,5.5126,0.071424,0.0059206,0.98784,0.0018749,-0.00024297,0.0023055,0.00075473,-0.0005224,0.0078214,0.252936,0.0804,0.661512,0.000188641,0.01357056,0.001124914,0.1876896,6.76839E-05,-8.77122E-06,8.32286E-05,2.72458E-05,-1.88586E-05,0.000282353
0.0052906,2.129,0.67,5.5126,0.068363,0.015021,0.97896,0.0020275,-0.0001767,0.0025976,0.00083002,-0.00025526,0.0077237,0.25548,0.0804,0.661512,0.000190991,0.01298897,0.00285399,0.1860024,7.31928E-05,-6.37887E-06,9.37734E-05,2.99637E-05,-9.21489E-06,0.000278826
0.004504,2.1511,0.67,5.5126,0.067816,0.017684,0.97601,0.0020344,-2.24E-05,0.0022345,0.00091111,-3.35E-05,0.0060625,0.258132,0.0804,0.661512,0.000162594,0.01288504,0.00335996,0.1854419,7.34418E-05,-8.08351E-07,8.06655E-05,3.28911E-05,-1.20791E-06,0.000218856
0.0038037,2.1743,0.67,5.5126,0.066138,0.019572,0.98399,0.0019395,0.00010782,0.0018727,0.0010686,0.00012047,0.0045994,0.260916,0.0804,0.661512,0.000137314,0.01256622,0.00371868,0.1869581,7.0016E-05,3.8923E-06,6.76045E-05,3.85765E-05,4.34897E-06,0.000166038
0.0035257,2.1984,0.67,5.5126,0.060505,0.022909,0.98145,0.0017252,0.00021298,0.0016765,0.0011142,0.00019725,0.0042119,0.263808,0.0804,0.661512,0.000127278,0.01149595,0.00435271,0.1864755,6.22797E-05,7.68858E-06,6.05217E-05,4.02226E-05,7.12073E-06,0.00015205
0.003916,2.2237,0.67,5.5126,0.055316,0.026933,0.95424,0.0015462,0.00053364,0.0015725,0.0017324,0.00095347,0.0045533,0.266844,0.0804,0.661512,0.000141368,0.01051004,0.00511727,0.1813056,5.58178E-05,1.92644E-05,5.67673E-05,6.25396E-05,3.44203E-05,0.000164374
0.005241,2.2501,0.67,5.5126,0.052409,0.03013,0.9362,0.0015934,0.00056403,0.0016411,0.0021902,0.001225,0.0066983,0.270012,0.0804,0.661512,0.0001892,0.00995771,0.0057247,0.177878,5.75217E-05,2.03615E-05,5.92437E-05,7.90662E-05,4.42225E-05,0.000241809
0.0050566,2.2776,0.67,5.5126,0.047566,0.031444,0.9309,0.0017483,0.00027024,0.0014806,0.0017954,0.00028238,0.0065695,0.273312,0.0804,0.661512,0.000182543,0.00903754,0.00597436,0.176871,6.31136E-05,9.75566E-06,5.34497E-05,6.48139E-05,1.01939E-05,0.000237159
0.0050371,2.3063,0.67,5.5126,0.040265,0.036822,0.91891,0.0019306,0.0001298,0.0011467,0.0015447,-0.00069382,0.0065988,0.276756,0.0804,0.661512,0.000181839,0.00765035,0.00699618,0.1745929,6.96947E-05,4.68578E-06,4.13959E-05,5.57637E-05,-2.50469E-05,0.000238217
0.0060262,2.3362,0.67,5.5126,0.030955,0.05099,0.90661,0.0021778,0.00036038,0.0014468,0.0018655,-0.00055783,0.0080091,0.280344,0.0804,0.661512,0.000217546,0.00588145,0.0096881,0.1722559,7.86186E-05,1.30097E-05,5.22295E-05,6.73446E-05,-2.01377E-05,0.000289129
0.0054278,2.3674,0.67,5.5126,0.022165,0.059822,0.88281,0.0024004,0.00051858,0.0014992,0.002705,6.12E-05,0.0057502,0.284088,0.0804,0.661512,0.000195944,0.00421135,0.01136618,0.1677339,8.66544E-05,1.87207E-05,5.41211E-05,9.76505E-05,2.21033E-06,0.000207582
0.0054524,2.3999,0.67,5.5126,0.015589,0.065057,0.85348,0.0021222,0.00080086,0.00133,0.004119,0.00041182,0.0046636,0.287988,0.0804,0.661512,0.000196832,0.00296191,0.01236083,0.1621612,7.66114E-05,2.8911E-05,0.000048013,0.000148696,1.48667E-05,0.000168356
0.0054289,2.4338,0.67,5.5126,0.0080347,0.071692,0.81152,0.0012457,0.0006413,0.0013533,0.0039224,0.00082993,0.0056897,0.292056,0.0804,0.661512,0.000195983,0.001526593,0.01362148,0.1541888,4.49698E-05,2.31509E-05,4.88541E-05,0.000141599,2.99605E-05,0.000205398
0.0039643,2.4691,0.67,5.5126,0.0023646,0.065036,0.69848,0.00038895,9.40E-05,0.00074972,0.0022187,0.00087948,0.0053209,0.296292,0.0804,0.661512,0.000143111,0.000449274,0.01235684,0.1327112,1.40411E-05,3.39261E-06,2.70649E-05,8.00951E-05,3.17492E-05,0.000192084
0.0015148,2.5058,0.67,5.5126,7.53E-05,0.028609,0.30715,2.45E-05,1.62E-05,0.00013164,0.00084652,0.00035187,0.0021587,0.300696,0.0804,0.661512,5.46843E-05,1.43131E-05,0.00543571,0.0583585,8.82753E-07,5.84026E-07,4.7522E-06,3.05594E-05,1.27025E-05,7.79291E-05
4.06E-08,2.544,0.67,5.5126,-0.00041054,-8.80E-14,7.53E-18,8.12E-08,1.74E-17,-1.45E-21,3.73E-27,-3.10E-31,3.46E-35,0.30528,0.0804,0.661512,1.4653E-09,-7.80026E-05,-1.67229E-14,1.43137E-18,2.93056E-09,6.27779E-19,-5.22656E-23,1.3448E-28,-1.12044E-32,1.24957E-36
0,2.5837,0.67,5.5126,0,0,0,0,0,0,0,0,0,0.310044,0.0804,0.661512,0,0,0,0,0,0,0,0,0,0
0,2.625,0.67,5.5126,0,0,0,0,0,0,0,0,0,0.315,0.0804,0.661512,0,0,0,0,0,0,0,0,0,0
0,-0.125,0.67,5.5284,0,0,0,0,0,0,0,0,0,-0.015,0.0804,0.663408,0,0,0,0,0,0,0,0,0,0
0,-0.083719,0.67,5.5284,0,0,0,0,0,0,0,0,0,-0.01004628,0.0804,0.663408,0,0,0,0,0,0,0,0,0,0
5.30E-08,-0.044001,0.67,5.5284,-0.00094888,-2.64E-13,-4.36E-17,1.06E-07,2.95E-17,4.04E-21,8.23E-27,1.13E-30,2.13E-34,-0.00528012,0.0804,0.663408,1.91471E-09,-0.000180287,-5.02132E-14,-8.28609E-18,3.82949E-09,1.06661E-18,1.45851E-22,2.97092E-28,4.06378E-32,7.67125E-36
0.00092651,-0.0058053,0.67,5.5284,-0.00286,0.025113,0.38689,1.14E-05,-2.14E-05,-3.62E-05,0.00079582,-0.00019225,0.0010458,-0.000696636,0.0804,0.663408,3.3447E-05,-0.0005434,0.00477147,0.0735091,4.11071E-07,-7.73948E-07,-1.30588E-06,2.87291E-05,-6.94023E-06,3.77534E-05
0.002428,0.030909,0.67,5.5284,-0.009302,0.056856,0.87575,0.00018003,-0.00012587,-0.00020691,0.0020685,-0.00049377,0.0026076,0.00370908,0.0804,0.663408,8.76508E-05,-0.00176738,0.01080264,0.1663925,6.49908E-06,-4.54391E-06,-7.46945E-06,7.46729E-05,-1.78251E-05,9.41344E-05
0.0026195,0.066184,0.67,5.5284,-0.020934,0.051888,0.98978,0.0004627,-0.00019543,-0.00012157,0.0017576,-0.00050518,0.0030186,0.00794208,0.0804,0.663408,9.4564E-05,-0.00397746,0.00985872,0.1880582,1.67035E-05,-7.05502E-06,-4.38868E-06,6.34494E-05,-1.8237E-05,0.000108971
0.002591,0.10006,0.67,5.5284,-0.034446,0.039054,1.0237,0.00053978,-0.00024845,2.57E-05,0.0014358,-0.00052728,0.0032063,0.0120072,0.0804,0.663408,9.35351E-05,-0.00654474,0.00742026,0.194503,1.94861E-05,-8.96905E-06,9.27373E-07,5.18324E-05,-1.90348E-05,0.000115747
0.0030854,0.13258,0.67,5.5284,-0.044234,0.031145,1.0458,0.00047706,-0.00019536,3.75E-05,0.0014059,-0.0007502,0.0042879,0.0159096,0.0804,0.663408,0.000111383,-0.00840446,0.00591755,0.198702,1.72219E-05,-7.0525E-06,1.35407E-06,5.0753E-05,-2.70822E-05,0.000154793
0.0026553,0.16379,0.67,5.5284,-0.046117,0.0185,1.0609,0.00054528,-7.51E-05,-0.00011031,0.00092538,-0.00055331,0.0038399,0.0196548,0.0804,0.663408,9.58563E-05,-0.00876223,0.003515,0.201571,1.96846E-05,-2.71035E-06,-3.98219E-06,3.34062E-05,-1.99745E-05,0.00013862
0.0023438,0.19372,0.67,5.5284,-0.046022,0.016114,1.0687,0.00073983,1.07E-05,-0.00030734,0.0010061,-0.0004492,0.0029416,0.0232464,0.0804,0.663408,8.46112E-05,-0.00874418,0.00306166,0.203053,2.67079E-05,3.87064E-07,-1.1095E-05,3.63202E-05,-1.62161E-05,0.000106192
0.0035336,0.22242,0.67,5.5284,-0.047307,0.02309,1.072,0.0010367,3.76E-05,-0.00083297,0.0011424,-0.00063985,0.004888,0.0266904,0.0804,0.663408,0.000127563,-0.00898833,0.0043871,0.20368,3.74249E-05,1.35685E-06,-3.00702E-05,4.12406E-05,-2.30986E-05,0.000176457
0.003261,0.24993,0.67,5.5284,-0.051005,0.025954,1.0768,0.0012759,0.00010523,-0.0010595,0.0011351,-0.00025007,0.004111,0.0299916,0.0804,0.663408,0.000117722,-0.00969095,0.00493126,0.204592,4.606E-05,3.7988E-06,-3.8248E-05,4.09771E-05,-9.02753E-06,0.000148407
0.0022725,0.27629,0.67,5.5284,-0.056566,0.026129,1.0781,0.0012729,0.00015752,-0.00088675,0.0011775,-0.00022155,0.0020946,0.0331548,0.0804,0.663408,8.20373E-05,-0.01074754,0.00496451,0.204839,4.59517E-05,5.68647E-06,-3.20117E-05,4.25078E-05,-7.99796E-06,7.56151E-05
0.0029968,0.30154,0.67,5.5284,-0.061435,0.023918,1.0775,0.0012861,2.78E-05,-0.0008462,0.0017535,-0.00092395,0.002954,0.0361848,0.0804,0.663408,0.000108184,-0.01167265,0.00454442,0.204725,4.64282E-05,1.00481E-06,-3.05478E-05,6.33014E-05,-3.33546E-05,0.000106639
0.0037725,0.32572,0.67,5.5284,-0.065911,0.016581,1.0822,0.0014455,2.48E-05,-0.00090587,0.0018919,-0.0013962,0.0042076,0.0390864,0.0804,0.663408,0.000136187,-0.01252309,0.00315039,0.205618,5.21826E-05,8.9398E-07,-3.27019E-05,6.82976E-05,-5.04028E-05,0.000151894
0.0032168,0.34887,0.67,5.5284,-0.069929,0.014879,1.0851,0.0015209,7.25E-05,-0.00047668,0.0013281,-0.0010118,0.0035846,0.0418644,0.0804,0.663408,0.000116126,-0.01328651,0.00282701,0.206169,5.49045E-05,2.61559E-06,-1.72081E-05,4.79444E-05,-3.6526E-05,0.000129404
0.0023066,0.37102,0.67,5.5284,-0.073314,0.021687,1.0824,0.0014357,0.00014685,-0.00013778,0.0011522,-0.00046274,0.0020252,0.0445224,0.0804,0.663408,8.32683E-05,-0.01392966,0.00412053,0.205656,5.18288E-05,5.30129E-06,-4.97386E-06,4.15944E-05,-1.67049E-05,7.31097E-05
0.0021906,0.39221,0.67,5.5284,-0.077847,0.03073,1.0823,0.0013345,0.00016414,-0.00030251,0.0011662,-0.00047227,0.0018804,0.0470652,0.0804,0.663408,7.90807E-05,-0.01479093,0.0058387,0.205637,4.81755E-05,5.92545E-06,-1.09206E-05,4.20998E-05,-1.70489E-05,6.78824E-05
0.0022766,0.41248,0.67,5.5284,-0.082917,0.035858,1.0776,0.0013613,0.00018606,-0.00027017,0.0011557,-0.00073937,0.0020363,0.0494976,0.0804,0.663408,8.21853E-05,-0.01575423,0.00681302,0.204744,4.91429E-05,6.71677E-06,-9.75314E-06,4.17208E-05,-2.66913E-05,7.35104E-05
0.0029759,0.43187,0.67,5.5284,-0.086044,0.037881,1.0732,0.0015446,0.00037606,-0.00071348,0.0012938,-0.0010739,0.0031134,0.0518244,0.0804,0.663408,0.00010743,-0.01634836,0.00719739,0.203908,5.57601E-05,1.35758E-05,-2.57566E-05,4.67062E-05,-3.87678E-05,0.000112394
0.0035826,0.4504,0.67,5.5284,-0.08776,0.03934,1.0654,0.0017509,0.00052636,-0.00077546,0.0015543,-0.0013821,0.0038601,0.054048,0.0804,0.663408,0.000129332,-0.0166744,0.0074746,0.202426,6.32075E-05,1.90016E-05,-2.79941E-05,5.61102E-05,-4.98938E-05,0.00013935
0.003907,0.46812,0.67,5.5284,-0.09031,0.038774,1.0657,0.0017641,0.00044868,-0.00045137,0.0017407,-0.0017211,0.0043091,0.0561744,0.0804,0.663408,0.000141043,-0.0171589,0.00736706,0.202483,6.3684E-05,1.61973E-05,-1.62945E-05,6.28393E-05,-6.21317E-05,0.000155559
0.0034988,0.48504,0.67,5.5284,-0.094648,0.037513,1.0675,0.001587,0.0001793,-0.00013229,0.0017251,-0.0014431,0.0036855,0.0582048,0.0804,0.663408,0.000126307,-0.01798312,0.00712747,0.202825,5.72907E-05,6.47273E-06,-4.77567E-06,6.22761E-05,-5.20959E-05,0.000133047
0.0027267,0.50122,0.67,5.5284,-0.099783,0.033982,1.0685,0.0013722,-4.92E-05,8.75E-05,0.0015972,-0.0010652,0.0024841,0.0601464,0.0804,0.663408,9.84339E-05,-0.01895877,0.00645658,0.203015,4.95364E-05,-1.77565E-06,3.15972E-06,5.76589E-05,-3.84537E-05,8.9676E-05
0.0024924,0.51667,0.67,5.5284,-0.10432,0.030984,1.0702,0.0012045,-0.00020667,-1.01E-05,0.0014414,-0.00094663,0.0023389,0.0620004,0.0804,0.663408,8.99756E-05,-0.0198208,0.00588696,0.203338,4.34825E-05,-7.46079E-06,-3.65079E-07,5.20345E-05,-3.41733E-05,8.44343E-05
0.0023903,0.53142,0.67,5.5284,-0.10784,0.028452,1.0749,0.0010993,-0.0002411,-0.00019778,0.0013387,-0.00068009,0.0023426,0.0637704,0.0804,0.663408,8.62898E-05,-0.0204896,0.00540588,0.204231,3.96847E-05,-8.70371E-06,-7.13986E-06,4.83271E-05,-2.45512E-05,8.45679E-05
0.0023233,0.54551,0.67,5.5284,-0.11102,0.024866,1.0775,0.0010809,-0.00017398,-0.00038642,0.0012754,-0.0002984,0.0022903,0.0654612,0.0804,0.663408,8.38711E-05,-0.0210938,0.00472454,0.204725,3.90205E-05,-6.28068E-06,-1.39498E-05,4.60419E-05,-1.07722E-05,8.26798E-05
0.0022573,0.55896,0.67,5.5284,-0.114,0.02083,1.0773,0.0011801,-9.53E-05,-0.00059812,0.0013468,-3.60E-05,0.0019877,0.0670752,0.0804,0.663408,8.14885E-05,-0.02166,0.0039577,0.204687,4.26016E-05,-3.44188E-06,-2.15921E-05,4.86195E-05,-1.2983E-06,7.1756E-05
0.0024014,0.5718,0.67,5.5284,-0.11617,0.017128,1.0786,0.0013674,5.27E-05,-0.00083335,0.0015169,-0.00011487,0.0019185,0.068616,0.0804,0.663408,8.66905E-05,-0.0220723,0.00325432,0.204934,4.93631E-05,1.90334E-06,-3.00839E-05,5.47601E-05,-4.14681E-06,6.92579E-05
0.0026021,0.58405,0.67,5.5284,-0.11759,0.015226,1.0776,0.0016158,0.00025784,-0.0010932,0.0016339,-0.00022909,0.0019545,0.070086,0.0804,0.663408,9.39358E-05,-0.0223421,0.00289294,0.204744,5.83304E-05,9.30802E-06,-3.94645E-05,5.89838E-05,-8.27015E-06,7.05575E-05
0.0028885,0.59575,0.67,5.5284,-0.11915,0.013079,1.076,0.0018685,0.00042312,-0.0013191,0.0017348,-0.00028384,0.0021737,0.07149,0.0804,0.663408,0.000104275,-0.0226385,0.00248501,0.20444,6.74529E-05,1.52746E-05,-4.76195E-05,6.26263E-05,-1.02466E-05,7.84706E-05
0.0030359,0.6069,0.67,5.5284,-0.1214,0.0090663,1.0747,0.0020402,0.00049685,-0.0013924,0.001761,-0.00027176,0.0022707,0.072828,0.0804,0.663408,0.000109596,-0.023066,0.001722597,0.204193,7.36512E-05,1.79363E-05,-5.02656E-05,6.35721E-05,-9.81054E-06,8.19723E-05
0.0029742,0.61755,0.67,5.5284,-0.12416,0.0039608,1.0746,0.0020875,0.00049309,-0.0013479,0.0016591,-0.00024816,0.0022017,0.074106,0.0804,0.663408,0.000107369,-0.0235904,0.000752552,0.204174,7.53588E-05,1.78005E-05,-4.86592E-05,5.98935E-05,-8.95858E-06,7.94814E-05
0.0027942,0.6277,0.67,5.5284,-0.12725,-0.00087384,1.0785,0.002023,0.00043719,-0.0012426,0.0015131,-0.00030213,0.0020524,0.075324,0.0804,0.663408,0.000100871,-0.0241775,-0.00016603,0.204915,7.30303E-05,1.57826E-05,-4.48579E-05,5.46229E-05,-1.09069E-05,7.40916E-05
0.00259,0.63738,0.67,5.5284,-0.13053,-0.0047437,1.0845,0.0018885,0.00035589,-0.001103,0.0013558,-0.00040162,0.0019357,0.0764856,0.0804,0.663408,0.000093499,-0.0248007,-0.000901303,0.206055,6.81749E-05,1.28476E-05,-3.98183E-05,4.89444E-05,-1.44985E-05,6.98788E-05
0.0024113,0.64661,0.67,5.5284,-0.13389,-0.0074583,1.0897,0.0017155,0.00024963,-0.00094965,0.0012205,-0.00048333,0.0018865,0.0775932,0.0804,0.663408,8.70479E-05,-0.0254391,-0.001417077,0.207043,6.19296E-05,9.01164E-06,-3.42824E-05,4.40601E-05,-1.74482E-05,6.81027E-05
0.0021978,0.65542,0.67,5.5284,-0.1373,-0.0093134,1.0937,0.0015104,0.0001375,-0.00077745,0.0011146,-0.00055192,0.0017705,0.0786504,0.0804,0.663408,7.93406E-05,-0.026087,-0.001769546,0.207803,5.45254E-05,4.96375E-06,-2.80659E-05,4.02371E-05,-1.99243E-05,6.39151E-05
0.0019694,0.66381,0.67,5.5284,-0.14066,-0.010619,1.096,0.00129,3.83E-05,-0.00055912,0.0010423,-0.00059903,0.0016065,0.0796572,0.0804,0.663408,7.10953E-05,-0.0267254,-0.00201761,0.20824,0.000046569,1.38151E-06,-2.01842E-05,3.7627E-05,-2.1625E-05,5.79947E-05
0.0017639,0.67207,0.67,5.5284,-0.14396,-0.011714,1.0984,0.001098,-3.91E-05,-0.00032296,0.00098996,-0.00063028,0.0014399,0.0806484,0.0804,0.663408,6.36768E-05,-0.0273524,-0.00222566,0.208696,3.96378E-05,-1.41248E-06,-1.16589E-05,3.57376E-05,-2.27531E-05,5.19804E-05
0.0016449,0.68032,0.67,5.5284,-0.1472,-0.012745,1.1015,0.000963,-9.41E-05,-0.00013791,0.00092909,-0.0006501,0.0013977,0.0816384,0.0804,0.663408,5.93809E-05,-0.027968,-0.00242155,0.209285,3.47643E-05,-3.39614E-06,-4.97855E-06,3.35401E-05,-2.34686E-05,5.0457E-05
0.0016183,0.68858,0.67,5.5284,-0.15017,-0.013686,1.1039,0.00088602,-0.00013918,-2.34E-05,0.00085182,-0.0006601,0.0014987,0.0826296,0.0804,0.663408,5.84206E-05,-0.0285323,-0.00260034,0.209741,3.19853E-05,-5.0244E-06,-8.43513E-07,3.07507E-05,-2.38296E-05,5.41031E-05
0.0016499,0.69683,0.67,5.5284,-0.15269,-0.01481,1.1044,0.00086732,-0.00017945,3.96E-05,0.00078703,-0.00065895,0.0016455,0.0836196,0.0804,0.663408,5.95614E-05,-0.0290111,-0.0028139,0.209836,3.13103E-05,-6.47815E-06,1.42891E-06,2.84118E-05,-2.37881E-05,5.94026E-05
0.0016879,0.70509,0.67,5.5284,-0.15479,-0.016217,1.1032,0.00089522,-0.00021155,8.72E-05,0.00077519,-0.00065721,0.0017054,0.0846108,0.0804,0.663408,6.09332E-05,-0.0294101,-0.00308123,0.209608,3.23174E-05,-7.63696E-06,3.14875E-06,2.79844E-05,-2.37253E-05,6.15649E-05
0.0017494,0.71335,0.67,5.5284,-0.15659,-0.01742,1.1006,0.00095162,-0.00023689,0.00010922,0.00082305,-0.00066714,0.0017241,0.085602,0.0804,0.663408,6.31533E-05,-0.0297521,-0.0033098,0.209114,3.43535E-05,-8.55173E-06,3.94284E-06,2.97121E-05,-2.40838E-05,6.224E-05
0.0018321,0.7216,0.67,5.5284,-0.15806,-0.017915,1.0966,0.0010153,-0.00025279,0.00011945,0.00092188,-0.00068287,0.0017271,0.086592,0.0804,0.663408,6.61388E-05,-0.0300314,-0.00340385,0.208354,3.66523E-05,-9.12572E-06,4.31215E-06,3.32799E-05,-2.46516E-05,6.23483E-05
0.0019107,0.72986,0.67,5.5284,-0.15909,-0.017598,1.0913,0.0010643,-0.0002534,0.00011935,0.0010501,-0.00069512,0.0017069,0.0875832,0.0804,0.663408,6.89763E-05,-0.0302271,-0.00334362,0.207347,3.84212E-05,-9.14774E-06,4.30854E-06,3.79086E-05,-2.50938E-05,6.16191E-05
0.0020004,0.73811,0.67,5.5284,-0.15989,-0.016445,1.0852,0.0011093,-0.00024566,9.36E-05,0.0011843,-0.00071118,0.0017072,0.0885732,0.0804,0.663408,7.22144E-05,-0.0303791,-0.00312455,0.206188,4.00457E-05,-8.86833E-06,3.37947E-06,4.27532E-05,-2.56736E-05,6.16299E-05
0.0021062,0.74637,0.67,5.5284,-0.16085,-0.014571,1.079,0.0011665,-0.00024127,3.33E-05,0.0013151,-0.00073975,0.0017308,0.0895644,0.0804,0.663408,7.60338E-05,-0.0305615,-0.00276849,0.20501,4.21107E-05,-8.70985E-06,1.20253E-06,4.74751E-05,-2.6705E-05,6.24819E-05
0.0022375,0.75463,0.67,5.5284,-0.16175,-0.012173,1.0726,0.0012254,-0.00024224,-4.13E-05,0.001453,-0.00078673,0.0017967,0.0905556,0.0804,0.663408,8.07738E-05,-0.0307325,-0.00231287,0.203794,4.42369E-05,-8.74486E-06,-1.49234E-06,5.24533E-05,-2.8401E-05,6.48609E-05
0.0023995,0.76288,0.67,5.5284,-0.16227,-0.0092967,1.0656,0.0012667,-0.00024463,-8.07E-05,0.0016075,-0.00085517,0.0019248,0.0915456,0.0804,0.663408,8.6622E-05,-0.0308313,-0.001766373,0.202464,4.57279E-05,-8.83114E-06,-2.91497E-06,5.80308E-05,-3.08716E-05,6.94853E-05
0.0026096,0.77114,0.67,5.5284,-0.1627,-0.0060451,1.058,0.0012885,-0.00024571,-6.30E-05,0.0017831,-0.00096164,0.0021476,0.0925368,0.0804,0.663408,9.42066E-05,-0.030913,-0.001148569,0.20102,4.65149E-05,-8.87013E-06,-2.27351E-06,6.43699E-05,-3.47152E-05,7.75284E-05
0.0028493,0.7794,0.67,5.5284,-0.16319,-0.0028067,1.0507,0.0013085,-0.0002515,-1.32E-05,0.0019625,-0.0010948,0.0024276,0.093528,0.0804,0.663408,0.00010286,-0.0310061,-0.000533273,0.199633,4.72369E-05,-9.07915E-06,-4.74859E-07,7.08463E-05,-3.95223E-05,8.76364E-05
0.0030585,0.78765,0.67,5.5284,-0.16371,8.97E-05,1.044,0.0013251,-0.00027987,6.99E-05,0.0021089,-0.0012162,0.002683,0.094518,0.0804,0.663408,0.000110412,-0.0311049,1.70403E-05,0.19836,4.78361E-05,-1.01033E-05,2.52191E-06,7.61313E-05,-4.39048E-05,9.68563E-05
0.003225,0.79591,0.67,5.5284,-0.1646,0.0026462,1.0381,0.0013382,-0.00035131,0.00018891,0.0022189,-0.0012956,0.0028929,0.0955092,0.0804,0.663408,0.000116423,-0.031274,0.000502778,0.197239,4.8309E-05,-1.26823E-05,6.81965E-06,8.01023E-05,-4.67712E-05,0.000104434
0.0033616,0.80416,0.67,5.5284,-0.166,0.0050663,1.0328,0.0013632,-0.00047354,0.00032626,0.0023342,-0.0013244,0.0030259,0.0964992,0.0804,0.663408,0.000121354,-0.03154,0.000962597,0.196232,4.92115E-05,-1.70948E-05,1.1778E-05,8.42646E-05,-4.78108E-05,0.000109235
0.0034488,0.81242,0.67,5.5284,-0.1676,0.0072242,1.028,0.0013904,-0.00062176,0.00047075,0.0024593,-0.001298,0.003048,0.0974904,0.0804,0.663408,0.000124502,-0.031844,0.001372598,0.19532,5.01934E-05,-2.24455E-05,1.69941E-05,8.87807E-05,-4.68578E-05,0.000110033
0.0034684,0.82068,0.67,5.5284,-0.1694,0.0087075,1.0237,0.0014135,-0.00074178,0.00059928,0.0025186,-0.0012267,0.0030047,0.0984816,0.0804,0.663408,0.000125209,-0.032186,0.001654425,0.194503,5.10274E-05,-2.67783E-05,2.1634E-05,9.09215E-05,-4.42839E-05,0.00010847
0.0034306,0.82893,0.67,5.5284,-0.17132,0.009453,1.0192,0.0014491,-0.00079876,0.00070174,0.0024537,-0.0011356,0.0029584,0.0994716,0.0804,0.663408,0.000123845,-0.0325508,0.00179607,0.193648,5.23125E-05,-2.88352E-05,2.53328E-05,8.85786E-05,-4.09952E-05,0.000106798
0.0033668,0.83719,0.67,5.5284,-0.17295,0.0099242,1.0136,0.0015115,-0.00079816,0.0007682,0.0022993,-0.0010531,0.0029227,0.1004628,0.0804,0.663408,0.000121541,-0.0328605,0.001885598,0.192584,5.45652E-05,-2.88136E-05,2.7732E-05,8.30047E-05,-3.80169E-05,0.000105509
0.0033217,0.84544,0.67,5.5284,-0.17419,0.010498,1.0066,0.0015994,-0.0007623,0.00079649,0.0021174,-0.00099804,0.0029266,0.1014528,0.0804,0.663408,0.000119913,-0.0330961,0.00199462,0.191254,5.77383E-05,-2.7519E-05,2.87533E-05,7.64381E-05,-3.60292E-05,0.00010565
0.0032599,0.8537,0.67,5.5284,-0.17513,0.010894,0.99844,0.0016997,-0.00070658,0.00079226,0.0019327,-0.00095352,0.0028874,0.102444,0.0804,0.663408,0.000117682,-0.0332747,0.00206986,0.1897036,6.13592E-05,-2.55075E-05,2.86006E-05,6.97705E-05,-3.44221E-05,0.000104235
0.0031393,0.86196,0.67,5.5284,-0.1759,0.010661,0.99086,0.0017979,-0.00062961,0.00079189,0.0017565,-0.00089181,0.0027242,0.1034352,0.0804,0.663408,0.000113329,-0.033421,0.00202559,0.1882634,6.49042E-05,-2.27289E-05,2.85872E-05,6.34097E-05,-3.21943E-05,9.83436E-05
0.0030244,0.87021,0.67,5.5284,-0.17642,0.010042,0.98507,0.0019071,-0.00054143,0.00080665,0.0016177,-0.00082226,0.0025241,0.1044252,0.0804,0.663408,0.000109181,-0.0335198,0.00190798,0.1871633,6.88463E-05,-1.95456E-05,2.91201E-05,5.8399E-05,-2.96836E-05,9.112E-05
0.0029894,0.87847,0.67,5.5284,-0.17676,0.0096842,0.98054,0.0020527,-0.00046703,0.00082471,0.0015348,-0.00077445,0.0023914,0.1054164,0.0804,0.663408,0.000107917,-0.0335844,0.001839998,0.1863026,7.41025E-05,-1.68598E-05,2.9772E-05,5.54063E-05,-2.79576E-05,8.63295E-05
0.0030025,0.88672,0.67,5.5284,-0.17707,0.0096928,0.97579,0.0022211,-0.00041378,0.00081631,0.0014854,-0.00075907,0.0022986,0.1064064,0.0804,0.663408,0.00010839,-0.0336433,0.001841632,0.1854001,8.01817E-05,-1.49375E-05,2.94688E-05,5.36229E-05,-2.74024E-05,8.29795E-05
0.0030211,0.89498,0.67,5.5284,-0.17701,0.0096367,0.96994,0.0023743,-0.00037457,0.00081061,0.0014352,-0.00075337,0.0022327,0.1073976,0.0804,0.663408,0.000109062,-0.0336319,0.001830973,0.1842886,8.57122E-05,-1.3522E-05,2.9263E-05,5.18107E-05,-2.71967E-05,8.06005E-05
0.0030708,0.90324,0.67,5.5284,-0.17676,0.0089801,0.96358,0.0025269,-0.00033806,0.00080788,0.0013754,-0.00074993,0.0022394,0.1083888,0.0804,0.663408,0.000110856,-0.0335844,0.001706219,0.1830802,9.12211E-05,-1.2204E-05,2.91645E-05,4.96519E-05,-2.70725E-05,8.08423E-05
0.003173,0.91149,0.67,5.5284,-0.17667,0.0072445,0.95742,0.0027046,-0.00029281,0.00083516,0.0013083,-0.00076775,0.002333,0.1093788,0.0804,0.663408,0.000114545,-0.0335673,0.001376455,0.1819098,9.76361E-05,-1.05704E-05,3.01493E-05,4.72296E-05,-2.77158E-05,8.42213E-05
0.0033238,0.91975,0.67,5.5284,-0.17645,0.0044022,0.9511,0.0028899,-0.00024596,0.00087484,0.0012363,-0.00082691,0.0025213,0.11037,0.0804,0.663408,0.000119989,-0.0335255,0.000836418,0.180709,0.000104325,-8.87916E-06,3.15817E-05,4.46304E-05,-2.98515E-05,9.10189E-05
0.0035158,0.92801,0.67,5.5284,-0.176,0.0011362,0.94403,0.0030725,-0.00021725,0.00094077,0.0011843,-0.00089924,0.0027749,0.1113612,0.0804,0.663408,0.00012692,-0.03344,0.000215878,0.1793657,0.000110917,-7.84273E-06,3.39618E-05,4.27532E-05,-3.24626E-05,0.000100174
0.0037055,0.93626,0.67,5.5284,-0.17534,-0.0017142,0.93596,0.0032586,-0.00021244,0.0010298,0.0011706,-0.00092636,0.0029819,0.1123512,0.0804,0.663408,0.000133769,-0.0333146,-0.000325698,0.1778324,0.000117635,-7.66908E-06,3.71758E-05,4.22587E-05,-3.34416E-05,0.000107647
0.0038267,0.94452,0.67,5.5284,-0.1745,-0.0036956,0.92698,0.0034427,-0.00021837,0.0011221,0.0011663,-0.00085903,0.0030445,0.1133424,0.0804,0.663408,0.000138144,-0.033155,-0.000702164,0.1761262,0.000124281,-7.88316E-06,4.05078E-05,4.21034E-05,-3.1011E-05,0.000109906
0.0038244,0.95277,0.67,5.5284,-0.17377,-0.0045696,0.91724,0.0036014,-0.00021425,0.0011881,0.0011394,-0.00071319,0.0029081,0.1143324,0.0804,0.663408,0.000138061,-0.0330163,-0.000868224,0.1742756,0.000130011,-7.73443E-06,4.28904E-05,4.11323E-05,-2.57462E-05,0.000104982
0.0037415,0.96103,0.67,5.5284,-0.17287,-0.004463,0.90674,0.0037279,-0.00017761,0.0012068,0.0010915,-0.00053783,0.0026637,0.1153236,0.0804,0.663408,0.000135068,-0.0328453,-0.00084797,0.1722806,0.000134577,-6.41172E-06,4.35655E-05,3.94032E-05,-1.94157E-05,9.61596E-05
0.0036493,0.96929,0.67,5.5284,-0.17176,-0.0039023,0.89574,0.003826,-0.00010656,0.0011823,0.0010397,-0.00035641,0.002433,0.1163148,0.0804,0.663408,0.00013174,-0.0326344,-0.000741437,0.1701906,0.000138119,-3.84682E-06,4.2681E-05,3.75332E-05,-1.28664E-05,8.78313E-05
0.0036057,0.97754,0.67,5.5284,-0.17103,-0.0031978,0.88501,0.003916,-1.17E-05,0.0010723,0.0010185,-0.00020427,0.002277,0.1173048,0.0804,0.663408,0.000130166,-0.0324957,-0.000607582,0.1681519,0.000141368,-4.22731E-07,3.871E-05,3.67679E-05,-7.37415E-06,8.21997E-05
0.003643,0.9858,0.67,5.5284,-0.16984,-0.0023653,0.87511,0.0040224,8.97E-05,0.00093743,0.0010741,-0.00012076,0.0021895,0.118296,0.0804,0.663408,0.000131512,-0.0322696,-0.000449407,0.1662709,0.000145209,3.23651E-06,3.38412E-05,3.8775E-05,-4.35944E-06,7.9041E-05
0.0037596,0.99405,0.67,5.5284,-0.16797,-0.0013525,0.86631,0.0041277,0.00019685,0.00080622,0.0012226,-0.00011943,0.0021688,0.119286,0.0804,0.663408,0.000135722,-0.0319143,-0.000256975,0.1645989,0.00014901,7.10629E-06,2.91045E-05,4.41359E-05,-4.31142E-06,7.82937E-05
0.0039794,1.0023,0.67,5.5284,-0.16626,-0.00024214,0.85887,0.004252,0.00032468,0.00074367,0.0014378,-0.00015799,0.002269,0.120276,0.0804,0.663408,0.000143656,-0.0315894,-4.60066E-05,0.1631853,0.000153497,1.17209E-05,2.68465E-05,5.19046E-05,-5.70344E-06,8.19109E-05
0.0042066,1.0106,0.67,5.5284,-0.16451,0.00089008,0.85279,0.0043784,0.00046454,0.00068615,0.0016552,-0.0001918,0.0023796,0.121272,0.0804,0.663408,0.000151858,-0.0312569,0.000169115,0.1620301,0.00015806,1.67699E-05,2.477E-05,5.97527E-05,-6.92398E-06,8.59036E-05
0.0044275,1.0188,0.67,5.5284,-0.16242,0.0019779,0.8473,0.0044719,0.00057715,0.00060961,0.0017923,-0.00021277,0.0025909,0.122256,0.0804,0.663408,0.000159833,-0.0308598,0.000375801,0.160987,0.000161436,2.08351E-05,2.20069E-05,6.4702E-05,-7.681E-06,9.35315E-05
0.0045894,1.0271,0.67,5.5284,-0.16004,0.0026567,0.8415,0.0045422,0.00062189,0.00052787,0.001807,-0.00024814,0.0028296,0.123252,0.0804,0.663408,0.000165677,-0.0304076,0.000504773,0.159885,0.000163973,2.24502E-05,1.90561E-05,6.52327E-05,-8.95785E-06,0.000102149
0.0046831,1.0353,0.67,5.5284,-0.15762,0.0026525,0.83494,0.0045843,0.0005886,0.00040117,0.0017107,-0.00031503,0.0030713,0.124236,0.0804,0.663408,0.00016906,-0.0299478,0.000503975,0.1586386,0.000165493,2.12485E-05,1.44822E-05,6.17563E-05,-1.13726E-05,0.000110874
0.0047494,1.0436,0.67,5.5284,-0.15561,0.0019446,0.82761,0.004598,0.00048702,0.00028122,0.0015472,-0.00039661,0.0033536,0.125232,0.0804,0.663408,0.000171453,-0.0295659,0.000369474,0.1572459,0.000165988,1.75814E-05,1.0152E-05,5.58539E-05,-1.43176E-05,0.000121065
0.0047763,1.0518,0.67,5.5284,-0.15408,0.0008146,0.81972,0.0045416,0.00033914,0.00015715,0.0013807,-0.00049143,0.0036303,0.126216,0.0804,0.663408,0.000172424,-0.0292752,0.000154774,0.1557468,0.000163952,1.2243E-05,5.67312E-06,4.98433E-05,-1.77406E-05,0.000131054
0.0048681,1.0601,0.67,5.5284,-0.15279,-0.00033763,0.81163,0.0044286,0.00017601,8.08E-05,0.0012627,-0.00060239,0.0040449,0.127212,0.0804,0.663408,0.000175738,-0.0290301,-6.41497E-05,0.1542097,0.000159872,6.35396E-06,2.91681E-06,4.55835E-05,-2.17463E-05,0.000146021
0.0049818,1.0684,0.67,5.5284,-0.15153,-0.0011852,0.80377,0.0042802,4.02E-05,5.41E-05,0.0012037,-0.0007393,0.0044796,0.128208,0.0804,0.663408,0.000179843,-0.0287907,-0.000225188,0.1527163,0.000154515,1.45136E-06,1.95131E-06,4.34536E-05,-2.66887E-05,0.000161714
0.0051278,1.0766,0.67,5.5284,-0.15014,-0.0016168,0.79614,0.0040822,-4.91E-05,3.24E-05,0.0011889,-0.00087981,0.0049846,0.129192,0.0804,0.663408,0.000185114,-0.0285266,-0.000307192,0.1512666,0.000147367,-1.77125E-06,1.17007E-06,4.29193E-05,-3.17611E-05,0.000179944
0.0052911,1.0849,0.67,5.5284,-0.14849,-0.0017584,0.78855,0.0039006,-9.87E-05,6.13E-05,0.0011857,-0.00099196,0.0054959,0.130188,0.0804,0.663408,0.000191009,-0.0282131,-0.000334096,0.1498245,0.000140812,-3.56177E-06,2.21394E-06,4.28038E-05,-3.58098E-05,0.000198402
0.0054061,1.0931,0.67,5.5284,-0.14647,-0.0018065,0.78071,0.0037636,-0.00011818,8.60E-05,0.0011709,-0.0010679,0.0058777,0.131172,0.0804,0.663408,0.00019516,-0.0278293,-0.000343235,0.1483349,0.000135866,-4.2663E-06,3.10532E-06,4.22695E-05,-3.85512E-05,0.000212185
0.0055057,1.1014,0.67,5.5284,-0.1439,-0.0017591,0.7725,0.0036448,-0.00011609,0.00010091,0.0011599,-0.0011159,0.0062068,0.132168,0.0804,0.663408,0.000198756,-0.027341,-0.000334229,0.146775,0.000131577,-4.19085E-06,3.64285E-06,4.18724E-05,-4.0284E-05,0.000224065
0.0055461,1.1096,0.67,5.5284,-0.14106,-0.0011398,0.76413,0.0035039,-0.00011286,7.95E-05,0.0011725,-0.0011521,0.0064159,0.133152,0.0804,0.663408,0.000200214,-0.0268014,-0.000216562,0.1451847,0.000126491,-4.07425E-06,2.87121E-06,4.23273E-05,-4.15908E-05,0.000231614
0.0056073,1.1179,0.67,5.5284,-0.13807,0.00057912,0.75601,0.0033632,-0.00012528,6.52E-05,0.0012078,-0.0011691,0.0066437,0.134148,0.0804,0.663408,0.000202424,-0.0262333,0.000110033,0.1436419,0.000121412,-4.52261E-06,2.35534E-06,4.36016E-05,-4.22045E-05,0.000239838
0.0057144,1.1262,0.67,5.5284,-0.13465,0.0032667,0.74862,0.0032952,-0.00014679,9.37E-05,0.0012729,-0.0012157,0.0068607,0.135144,0.0804,0.663408,0.00020629,-0.0255835,0.000620673,0.1422378,0.000118957,-5.29912E-06,3.38261E-06,4.59517E-05,-4.38868E-05,0.000247671
0.005838,1.1344,0.67,5.5284,-0.13084,0.0056263,0.74194,0.0032919,-0.00015198,9.73E-05,0.0013875,-0.0013357,0.0069966,0.136128,0.0804,0.663408,0.000210752,-0.0248596,0.001068997,0.1409686,0.000118838,-5.48648E-06,3.51159E-06,5.00888E-05,-4.82188E-05,0.000252577
0.0059416,1.1427,0.67,5.5284,-0.12694,0.0064861,0.73607,0.003325,-0.0001167,0.00010748,0.0015411,-0.0015073,0.007017,0.137124,0.0804,0.663408,0.000214492,-0.0241186,0.001232359,0.1398533,0.000120033,-4.21287E-06,3.88003E-06,5.56337E-05,-5.44135E-05,0.000253314
0.0059648,1.1509,0.67,5.5284,-0.12314,0.0059865,0.73133,0.0033526,-5.71E-05,0.00011189,0.0016983,-0.0016615,0.0068787,0.138108,0.0804,0.663408,0.000215329,-0.0233966,0.001137435,0.1389527,0.000121029,-2.06286E-06,4.03923E-06,6.13086E-05,-5.99802E-05,0.000248321
0.005926,1.1592,0.67,5.5284,-0.1193,0.0049057,0.72795,0.0033843,7.60E-06,6.39E-05,0.00182,-0.0017435,0.0066477,0.139104,0.0804,0.663408,0.000213929,-0.022667,0.000932083,0.1383105,0.000122173,2.74385E-07,2.30849E-06,0.000065702,-6.29404E-05,0.000239982
0.0058939,1.1674,0.67,5.5284,-0.11554,0.004029,0.72617,0.0034788,6.70E-05,-1.68E-05,0.0018713,-0.0017648,0.0064378,0.140088,0.0804,0.663408,0.00021277,-0.0219526,0.00076551,0.1379723,0.000125585,2.41949E-06,-6.07274E-07,6.75539E-05,-6.37093E-05,0.000232405
0.0058239,1.1757,0.67,5.5284,-0.11197,0.0034666,0.72544,0.0035861,0.00010647,-0.00014642,0.0018318,-0.0017299,0.0062298,0.141084,0.0804,0.663408,0.000210243,-0.0212743,0.000658654,0.1378336,0.000129458,3.84357E-06,-5.28576E-06,6.6128E-05,-6.24494E-05,0.000224896
0.0057607,1.1839,0.67,5.5284,-0.10827,0.0031853,0.72476,0.0036849,0.00011681,-0.0002237,0.0017149,-0.0016449,0.0061216,0.142068,0.0804,0.663408,0.000207961,-0.0205713,0.000605207,0.1377044,0.000133025,4.21684E-06,-8.07557E-06,6.19079E-05,-5.93809E-05,0.00022099
0.0057254,1.1922,0.67,5.5284,-0.10417,0.0030803,0.72383,0.0038117,8.90E-05,-0.00025838,0.0015682,-0.0015392,0.0060709,0.143064,0.0804,0.663408,0.000206687,-0.0197923,0.000585257,0.1375277,0.000137602,3.21456E-06,-9.32752E-06,5.6612E-05,-5.55651E-05,0.000219159
0.005616,1.2005,0.67,5.5284,-0.09963,0.0028917,0.72251,0.003849,3.73E-05,-0.00031876,0.0014286,-0.0014259,0.0059544,0.14406,0.0804,0.663408,0.000202738,-0.0189297,0.000549423,0.1372769,0.000138949,1.34761E-06,-1.15072E-05,5.15725E-05,-5.1475E-05,0.000214954
0.0054793,1.2087,0.67,5.5284,-0.094793,0.0025407,0.72087,0.0037913,-5.83E-06,-0.00030591,0.0013288,-0.0013259,0.0058386,0.145044,0.0804,0.663408,0.000197803,-0.01801067,0.000482733,0.1369653,0.000136866,-2.10373E-07,-1.10434E-05,4.79697E-05,-4.7865E-05,0.000210773
0.0053196,1.217,0.67,5.5284,-0.089829,0.0019571,0.72014,0.0037474,-2.36E-05,-0.00022547,0.0012931,-0.0012472,0.0055988,0.14604,0.0804,0.663408,0.000192038,-0.01706751,0.000371849,0.1368266,0.000135281,-8.52357E-07,-8.13947E-06,4.66809E-05,-4.50239E-05,0.000202117
0.0050566,1.2252,0.67,5.5284,-0.085041,0.0013808,0.72126,0.0036416,-6.56E-06,-0.00013253,0.0013002,-0.0011723,0.0051714,0.147024,0.0804,0.663408,0.000182543,-0.01615779,0.000262352,0.1370394,0.000131462,-2.36874E-07,-4.78433E-06,4.69372E-05,-4.232E-05,0.000186688
0.0047492,1.2335,0.67,5.5284,-0.080469,0.00084372,0.72409,0.0034475,3.62E-05,-2.83E-05,0.0013086,-0.0010729,0.0047424,0.14802,0.0804,0.663408,0.000171446,-0.01528911,0.000160307,0.1375771,0.000124455,1.307E-06,-1.02026E-06,4.72405E-05,-3.87317E-05,0.000171201
0.0045275,1.2417,0.67,5.5284,-0.07585,0.00014343,0.72834,0.0033059,7.37E-05,0.00010259,0.0013,-0.00092188,0.0044492,0.149004,0.0804,0.663408,0.000163443,-0.0144115,2.72517E-05,0.1383846,0.000119343,2.66043E-06,3.7035E-06,0.00004693,-3.32799E-05,0.000160616
0.0043606,1.25,0.67,5.5284,-0.071021,-0.00099509,0.73321,0.0032375,7.82E-05,0.00010835,0.0012891,-0.00071152,0.0041946,0.15,0.0804,0.663408,0.000157418,-0.01349399,-0.000189067,0.1393099,0.000116874,2.8214E-06,3.91144E-06,4.65365E-05,-2.56859E-05,0.000151425
0.0042477,1.2583,0.67,5.5284,-0.066003,-0.0028492,0.73755,0.0031659,4.96E-05,1.37E-05,0.001293,-0.00046207,0.0040366,0.150996,0.0804,0.663408,0.000153342,-0.01254057,-0.000541348,0.1401345,0.000114289,1.79103E-06,4.9457E-07,4.66773E-05,-1.66807E-05,0.000145721
0.0041439,1.2665,0.67,5.5284,-0.060691,-0.0053384,0.74075,0.003079,2.22E-05,1.01E-05,0.0013074,-0.0002346,0.0039014,0.15198,0.0804,0.663408,0.000149595,-0.01153129,-0.001014296,0.1407425,0.000111152,7.99615E-07,3.63202E-07,4.71971E-05,-8.46906E-06,0.000140841
0.0040386,1.2748,0.67,5.5284,-0.055126,-0.0078944,0.74269,0.0029504,8.13E-06,8.92E-05,0.0013285,-6.00E-05,0.0037984,0.152976,0.0804,0.663408,0.000145793,-0.01047394,-0.001499936,0.1411111,0.000106509,2.93352E-07,3.22005E-06,4.79589E-05,-2.16697E-06,0.000137122
0.0040224,1.283,0.67,5.5284,-0.049581,-0.0097041,0.74347,0.0028122,-6.41E-06,0.00012811,0.001367,0.00010311,0.0038657,0.15396,0.0804,0.663408,0.000145209,-0.00942039,-0.001843779,0.1412593,0.00010152,-2.313E-07,4.62477E-06,4.93487E-05,3.72227E-06,0.000139552
0.0040963,1.2913,0.67,5.5284,-0.044265,-0.010492,0.74314,0.0027406,-2.91E-05,9.34E-05,0.0014157,0.00028324,0.0040362,0.154956,0.0804,0.663408,0.000147876,-0.00841035,-0.00199348,0.1411966,9.89357E-05,-1.05011E-06,3.37246E-06,5.11068E-05,1.0225E-05,0.000145707
0.0041019,1.2995,0.67,5.5284,-0.039016,-0.010622,0.74167,0.0026727,-5.39E-05,6.53E-05,0.0014431,0.00045203,0.0040879,0.15594,0.0804,0.663408,0.000148079,-0.00741304,-0.00201818,0.1409173,9.64845E-05,-1.94399E-06,2.35603E-06,5.20959E-05,1.63183E-05,0.000147573
0.0040479,1.3078,0.67,5.5284,-0.033561,-0.010482,0.73939,0.0025357,-7.67E-05,7.94E-05,0.0014188,0.00059362,0.0041412,0.156936,0.0804,0.663408,0.000146129,-0.00637659,-0.00199158,0.1404841,9.15388E-05,-2.76725E-06,2.86533E-06,5.12187E-05,2.14297E-05,0.000149497
0.0040423,1.316,0.67,5.5284,-0.027974,-0.010339,0.73695,0.0024379,-0.00010224,7.24E-05,0.0013233,0.00068735,0.0043235,0.15792,0.0804,0.663408,0.000145927,-0.00531506,-0.00196441,0.1400205,8.80082E-05,-3.69086E-06,2.61299E-06,4.77711E-05,2.48133E-05,0.000156078
0.0039494,1.3243,0.67,5.5284,-0.022528,-0.010246,0.7345,0.0024391,-0.00011624,1.93E-05,0.0011691,0.000707,0.0042906,0.158916,0.0804,0.663408,0.000142573,-0.00428032,-0.00194674,0.139555,8.80515E-05,-4.19626E-06,6.95972E-07,4.22045E-05,2.55227E-05,0.000154891
0.0036998,1.3326,0.67,5.5284,-0.016953,-0.010137,0.73166,0.0023696,-0.00011275,4.84E-05,0.0010043,0.00065224,0.0040257,0.159912,0.0804,0.663408,0.000133563,-0.00322107,-0.00192603,0.1390154,8.55426E-05,-4.07028E-06,1.7472E-06,3.62552E-05,2.35459E-05,0.000145328
0.0034971,1.3408,0.67,5.5284,-0.011108,-0.010136,0.72873,0.0022319,-0.00010552,6.99E-05,0.0008633,0.0005684,0.0038991,0.160896,0.0804,0.663408,0.000126245,-0.00211052,-0.00192584,0.1384587,8.05716E-05,-3.80927E-06,2.52177E-06,3.11651E-05,2.05192E-05,0.000140758
0.0033674,1.3491,0.67,5.5284,-0.0053243,-0.010275,0.72618,0.0022137,-9.16E-05,-4.87E-06,0.00075889,0.00048718,0.0037623,0.161892,0.0804,0.663408,0.000121563,-0.001011617,-0.00195225,0.1379742,7.99146E-05,-3.30528E-06,-1.7598E-07,2.73959E-05,1.75872E-05,0.000135819
0.003133,1.3573,0.67,5.5284,0.00047133,-0.010659,0.72411,0.0021651,-7.34E-05,-2.96E-05,0.00069188,0.0003846,0.003409,0.162876,0.0804,0.663408,0.000113101,8.95527E-05,-0.00202521,0.1375809,7.81601E-05,-2.64927E-06,-1.06809E-06,2.49769E-05,1.38841E-05,0.000123065
0.0029787,1.3656,0.67,5.5284,0.0064823,-0.011236,0.72282,0.0020426,-5.44E-05,-3.04E-05,0.00064722,0.00028249,0.0032676,0.163872,0.0804,0.663408,0.000107531,0.001231637,-0.00213484,0.1373358,7.37379E-05,-1.96222E-06,-1.09751E-06,2.33646E-05,1.01979E-05,0.00011796
0.0028421,1.3738,0.67,5.5284,0.01249,-0.011838,0.7229,0.0019618,-4.88E-05,-0.00012378,0.00061462,0.00019973,0.0031078,0.164856,0.0804,0.663408,0.0001026,0.0023731,-0.00224922,0.137351,7.0821E-05,-1.76161E-06,-4.46846E-06,2.21878E-05,7.21025E-06,0.000112192
0.0026363,1.3821,0.67,5.5284,0.018471,-0.0124,0.72425,0.0018274,-6.08E-05,-0.00015731,0.00059947,0.00013157,0.0028456,0.165852,0.0804,0.663408,9.51704E-05,0.00350949,-0.002356,0.1376075,6.59691E-05,-2.19387E-06,-5.67889E-06,2.16409E-05,4.74968E-06,0.000102726
0.0026138,1.3903,0.67,5.5284,0.024399,-0.012783,0.72645,0.001744,-7.55E-05,-0.00020622,0.0006068,8.15E-05,0.0028768,0.166836,0.0804,0.663408,9.43582E-05,0.00463581,-0.00242877,0.1380255,6.29584E-05,-2.72598E-06,-7.44454E-06,2.19055E-05,2.94229E-06,0.000103852
0.0025953,1.3986,0.67,5.5284,0.030073,-0.012828,0.7294,0.0017189,-8.89E-05,-0.00028115,0.00064365,4.51E-05,0.0028281,0.167832,0.0804,0.663408,9.36903E-05,0.00571387,-0.00243732,0.138586,6.20523E-05,-3.21037E-06,-1.01495E-05,2.32358E-05,1.62829E-06,0.000102094
0.0025683,1.4069,0.67,5.5284,0.035719,-0.012612,0.73249,0.0016375,-0.00010311,-0.00023593,0.00070286,3.89E-06,0.0027962,0.168828,0.0804,0.663408,9.27156E-05,0.00678661,-0.00239628,0.1391731,5.91138E-05,-3.72227E-06,-8.51707E-06,2.53732E-05,1.40451E-07,0.000100943
0.0026817,1.4151,0.67,5.5284,0.041137,-0.012554,0.73612,0.0016246,-0.00013685,-0.00032689,0.00078275,1.62E-05,0.0029562,0.169812,0.0804,0.663408,9.68094E-05,0.00781603,-0.00238526,0.1398628,5.86481E-05,-4.94029E-06,-1.18007E-05,2.82573E-05,5.83196E-07,0.000106719
0.0026496,1.4234,0.67,5.5284,0.046282,-0.012343,0.74086,0.0016179,-0.0001675,-0.0003133,0.00087144,2.41E-05,0.0028098,0.170808,0.0804,0.663408,9.56506E-05,0.00879358,-0.00234517,0.1407634,5.84062E-05,-6.04675E-06,-1.13101E-05,3.1459E-05,8.70046E-07,0.000101434
0.0027229,1.4316,0.67,5.5284,0.05131,-0.012128,0.74644,0.0016173,-0.00020117,-0.00028937,0.00096592,3.97E-05,0.0028626,0.171792,0.0804,0.663408,9.82967E-05,0.0097489,-0.00230432,0.1418236,5.83845E-05,-7.26224E-06,-1.04463E-05,3.48697E-05,1.43241E-06,0.00010334
0.0028104,1.4399,0.67,5.5284,0.056162,-0.012367,0.75316,0.0016968,-0.00024347,-0.00036805,0.0010759,9.93E-05,0.0028481,0.172788,0.0804,0.663408,0.000101455,0.01067078,-0.00234973,0.1431004,6.12545E-05,-8.78927E-06,-1.32866E-05,3.884E-05,3.58639E-06,0.000102816
0.00281,1.4481,0.67,5.5284,0.060963,-0.012966,0.76064,0.0016911,-0.00027233,-0.00030802,0.0011827,0.00013578,0.0027462,0.173772,0.0804,0.663408,0.000101441,0.01158297,-0.00246354,0.1445216,6.10487E-05,-9.83111E-06,-1.11195E-05,4.26955E-05,4.90166E-06,9.91378E-05
0.0028794,1.4564,0.67,5.5284,0.065632,-0.013957,0.76835,0.001658,-0.00030297,-0.00036496,0.0012788,0.00016964,0.0028219,0.174768,0.0804,0.663408,0.000103946,0.01247008,-0.00265183,0.1459865,5.98538E-05,-1.09372E-05,-1.31751E-05,4.61647E-05,6.124E-06,0.000101871
0.0029002,1.4647,0.67,5.5284,0.069998,-0.015213,0.77644,0.0016803,-0.0003255,-0.00043737,0.0013577,0.00017156,0.0027623,0.175764,0.0804,0.663408,0.000104697,0.01329962,-0.00289047,0.1475236,6.06588E-05,-1.17506E-05,-1.57891E-05,4.9013E-05,6.19332E-06,9.9719E-05
0.0029358,1.4729,0.67,5.5284,0.07419,-0.016545,0.785,0.0017221,-0.00033146,-0.00045036,0.0014092,0.00012866,0.0027403,0.176748,0.0804,0.663408,0.000105982,0.0140961,-0.00314355,0.14915,6.21678E-05,-1.19657E-05,-1.6258E-05,5.08721E-05,4.64463E-06,9.89248E-05
0.0029322,1.4812,0.67,5.5284,0.078203,-0.017837,0.79384,0.0017477,-0.00032661,-0.00041909,0.0014335,4.91E-05,0.0026832,0.177744,0.0804,0.663408,0.000105852,0.01485857,-0.00338903,0.1508296,6.3092E-05,-1.17906E-05,-1.51291E-05,5.17494E-05,1.77269E-06,9.68635E-05
0.0028747,1.4894,0.67,5.5284,0.082125,-0.019068,0.80232,0.0017062,-0.00032964,-0.00034575,0.0014394,-5.32E-05,0.0026038,0.178728,0.0804,0.663408,0.000103777,0.01560375,-0.00362292,0.1524408,6.15938E-05,-1.19E-05,-1.24816E-05,5.19623E-05,-1.92178E-06,9.39972E-05
0.0027736,1.4977,0.67,5.5284,0.086068,-0.020403,0.80999,0.0016262,-0.00035946,-0.00028737,0.0014279,-0.00017419,0.0024931,0.179724,0.0804,0.663408,0.000100127,0.01635292,-0.00387657,0.1538981,5.87058E-05,-1.29765E-05,-1.03741E-05,5.15472E-05,-6.28826E-06,9.00009E-05
0.0027101,1.5059,0.67,5.5284,0.089858,-0.021852,0.81674,0.0015543,-0.00039847,-0.00022407,0.001407,-0.00031083,0.0024589,0.180708,0.0804,0.663408,9.78346E-05,0.01707302,-0.00415188,0.1551806,5.61102E-05,-1.43848E-05,-8.08893E-06,5.07927E-05,-1.1221E-05,8.87663E-05
0.0026855,1.5142,0.67,5.5284,0.093591,-0.022852,0.82314,0.0015088,-0.00042059,-0.00015026,0.0013785,-0.00046442,0.0024838,0.181704,0.0804,0.663408,9.69466E-05,0.01778229,-0.00434188,0.1563966,5.44677E-05,-1.51833E-05,-5.42439E-06,4.97639E-05,-1.67656E-05,8.96652E-05
0.0026713,1.5224,0.67,5.5284,0.097428,-0.022875,0.82989,0.0014633,-0.00041937,-8.92E-05,0.0013506,-0.00061625,0.0025287,0.182688,0.0804,0.663408,9.64339E-05,0.01851132,-0.00434625,0.1576791,5.28251E-05,-1.51393E-05,-3.21842E-06,4.87567E-05,-2.22466E-05,9.12861E-05
0.0026654,1.5307,0.67,5.5284,0.10122,-0.021888,0.83746,0.0013963,-0.00040473,-2.44E-05,0.0013556,-0.0007433,0.0025788,0.183684,0.0804,0.663408,9.62209E-05,0.0192318,-0.00415872,0.1591174,5.04064E-05,-1.46108E-05,-8.7954E-07,4.89372E-05,-2.68331E-05,9.30947E-05
0.0026989,1.539,0.67,5.5284,0.10472,-0.020487,0.84591,0.0013305,-0.00039337,6.94E-05,0.0014027,-0.00083571,0.0026647,0.18468,0.0804,0.663408,9.74303E-05,0.0198968,-0.00389253,0.1607229,4.80311E-05,-1.42007E-05,2.50538E-06,5.06375E-05,-3.01691E-05,9.61957E-05
0.0027301,1.5472,0.67,5.5284,0.10807,-0.019186,0.85457,0.0012704,-0.00038822,0.0001694,0.0014541,-0.00090261,0.0027356,0.185664,0.0804,0.663408,9.85566E-05,0.0205333,-0.00364534,0.1623683,4.58614E-05,-1.40147E-05,6.11534E-06,5.2493E-05,-3.25842E-05,9.87552E-05
0.0027141,1.5555,0.67,5.5284,0.11162,-0.018205,0.86268,0.0012008,-0.00039059,0.00025323,0.0014696,-0.00093342,0.0027578,0.18666,0.0804,0.663408,9.7979E-05,0.0212078,-0.00345895,0.1639092,4.33489E-05,-1.41003E-05,9.1416E-06,5.30526E-05,-3.36965E-05,9.95566E-05
0.0026456,1.5637,0.67,5.5284,0.11508,-0.017615,0.86995,0.0011388,-0.00039559,0.00029809,0.0014444,-0.00091988,0.002708,0.187644,0.0804,0.663408,9.55062E-05,0.0218652,-0.00334685,0.1652905,4.11107E-05,-1.42808E-05,1.0761E-05,5.21428E-05,-3.32077E-05,9.77588E-05
0.0025413,1.572,0.67,5.5284,0.11784,-0.017185,0.87629,0.0010989,-0.00039602,0.00031479,0.001392,-0.00087996,0.0025917,0.18864,0.0804,0.663408,9.17409E-05,0.0223896,-0.00326515,0.1664951,3.96703E-05,-1.42963E-05,1.13639E-05,5.02512E-05,-3.17666E-05,9.35604E-05
0.0024345,1.5802,0.67,5.5284,0.12013,-0.016791,0.88157,0.0010783,-0.00039087,0.00030624,0.0013204,-0.00083369,0.0024702,0.189624,0.0804,0.663408,8.78855E-05,0.0228247,-0.00319029,0.1674983,3.89266E-05,-1.41104E-05,1.10553E-05,4.76664E-05,-3.00962E-05,8.91742E-05
0.0023339,1.5885,0.67,5.5284,0.12226,-0.016412,0.88566,0.0010647,-0.00038002,0.00029133,0.0012356,-0.00079503,0.0023676,0.19062,0.0804,0.663408,8.42538E-05,0.0232294,-0.00311828,0.1682754,3.84357E-05,-1.37187E-05,1.0517E-05,4.46052E-05,-2.87006E-05,8.54704E-05
0.0022466,1.5968,0.67,5.5284,0.12398,-0.015913,0.8888,0.0010587,-0.00037707,0.00027813,0.0011576,-0.00076345,0.0022769,0.191616,0.0804,0.663408,8.11023E-05,0.0235562,-0.00302347,0.168872,3.82191E-05,-1.36122E-05,1.00405E-05,4.17894E-05,-2.75605E-05,8.21961E-05
0.0021788,1.605,0.67,5.5284,0.12525,-0.015117,0.89146,0.001064,-0.00039257,0.00027629,0.001111,-0.00073704,0.0021826,0.1926,0.0804,0.663408,7.86547E-05,0.0237975,-0.00287223,0.1693774,3.84104E-05,-1.41718E-05,9.97407E-06,4.01071E-05,-2.66071E-05,7.87919E-05
0.0021433,1.6133,0.67,5.5284,0.12631,-0.013873,0.89368,0.0010801,-0.00041926,0.00026497,0.001105,-0.00071427,0.0021014,0.193596,0.0804,0.663408,7.73731E-05,0.0239989,-0.00263587,0.1697992,3.89916E-05,-1.51353E-05,9.56542E-06,3.98905E-05,-2.57851E-05,7.58605E-05
0.0021251,1.6215,0.67,5.5284,0.12716,-0.012216,0.89517,0.0011097,-0.00044875,0.00023514,0.0011301,-0.00068445,0.0020104,0.19458,0.0804,0.663408,7.67161E-05,0.0241604,-0.00232104,0.1700823,4.00602E-05,-1.61999E-05,8.48855E-06,4.07966E-05,-2.47086E-05,7.25754E-05
0.0020847,1.6298,0.67,5.5284,0.1277,-0.010529,0.89583,0.0011464,-0.0004757,0.00018455,0.0011723,-0.00060533,0.0018507,0.195576,0.0804,0.663408,7.52577E-05,0.024263,-0.00200051,0.1702077,4.1385E-05,-1.71728E-05,6.66226E-06,4.232E-05,-2.18524E-05,6.68103E-05
0.0019987,1.638,0.67,5.5284,0.12789,-0.008826,0.89602,0.0011749,-0.00048207,0.00010279,0.0012152,-0.00045123,0.0016073,0.19656,0.0804,0.663408,7.21531E-05,0.0242991,-0.00167694,0.1702438,4.24139E-05,-1.74027E-05,3.71072E-06,4.38687E-05,-1.62894E-05,5.80235E-05
0.0018995,1.6463,0.67,5.5284,0.12782,-0.0067135,0.89656,0.0011887,-0.00046349,-1.34E-05,0.0012393,-0.00027008,0.001371,0.197556,0.0804,0.663408,6.8572E-05,0.0242858,-0.001275565,0.1703464,4.29121E-05,-1.6732E-05,-4.83812E-07,4.47387E-05,-9.74989E-06,4.94931E-05
0.0018451,1.6545,0.67,5.5284,0.12774,-0.0042001,0.89858,0.0012109,-0.00044134,-0.00010661,0.001229,-0.00015346,0.0012504,0.19854,0.0804,0.663408,6.66081E-05,0.0242706,-0.000798019,0.1707302,4.37135E-05,-1.59324E-05,-3.84862E-06,4.43669E-05,-5.53991E-06,4.51394E-05
0.0018228,1.6628,0.67,5.5284,0.12761,-0.0016664,0.90244,0.0012628,-0.00042563,-0.00015376,0.0011844,-0.0001138,0.0011984,0.199536,0.0804,0.663408,6.58031E-05,0.0242459,-0.000316616,0.1714636,4.55871E-05,-1.53652E-05,-5.55074E-06,4.27568E-05,-4.10818E-06,4.32622E-05
0.0017975,1.6711,0.67,5.5284,0.12724,0.00049003,0.90756,0.0013305,-0.00041108,-0.00016889,0.0011251,-0.00010729,0.0011393,0.200532,0.0804,0.663408,6.48898E-05,0.0241756,9.31057E-05,0.1724364,4.80311E-05,-1.484E-05,-6.09693E-06,4.06161E-05,-3.87317E-06,4.11287E-05
0.0017816,1.6793,0.67,5.5284,0.12657,0.0019069,0.91311,0.001409,-0.00039999,-0.00015372,0.0010674,-0.00012069,0.0010867,0.201516,0.0804,0.663408,6.43158E-05,0.0240483,0.000362311,0.1734909,5.08649E-05,-1.44396E-05,-5.54929E-06,3.85331E-05,-4.35691E-06,3.92299E-05
0.0017923,1.6876,0.67,5.5284,0.12572,0.002637,0.91794,0.0015053,-0.00039619,-0.00012866,0.0010242,-0.00013355,0.0010551,0.202512,0.0804,0.663408,6.4702E-05,0.0238868,0.00050103,0.1744086,5.43413E-05,-1.43025E-05,-4.64463E-06,3.69736E-05,-4.82116E-06,3.80891E-05
0.0018409,1.6958,0.67,5.5284,0.12491,0.0033766,0.92219,0.0016038,-0.00039556,-0.00010529,0.0010164,-0.00011887,0.0010617,0.203496,0.0804,0.663408,6.64565E-05,0.0237329,0.000641554,0.1752161,5.78972E-05,-1.42797E-05,-3.80097E-06,3.6692E-05,-4.29121E-06,3.83274E-05
0.0019443,1.7041,0.67,5.5284,0.1243,0.0045348,0.92683,0.0016796,-0.00039684,-5.28E-05,0.0010551,-9.98E-05,0.0011538,0.204492,0.0804,0.663408,7.01892E-05,0.023617,0.000861612,0.1760977,6.06336E-05,-1.43259E-05,-1.90489E-06,3.80891E-05,-3.60365E-06,4.16522E-05
0.0020839,1.7123,0.67,5.5284,0.12381,0.0057167,0.93064,0.0017369,-0.00041356,4.74E-05,0.0011002,-0.0001356,0.0013308,0.205476,0.0804,0.663408,7.52288E-05,0.0235239,0.001086173,0.1768216,6.27021E-05,-1.49295E-05,1.71089E-06,3.97172E-05,-4.89516E-06,4.80419E-05
0.0022506,1.7206,0.67,5.5284,0.1233,0.0065212,0.93239,0.0018241,-0.00045147,0.00017585,0.001109,-0.00020465,0.0015683,0.206472,0.0804,0.663408,8.12467E-05,0.023427,0.001239028,0.1771541,6.585E-05,-1.62981E-05,6.34819E-06,4.00349E-05,-7.38787E-06,5.66156E-05
0.0023773,1.7289,0.67,5.5284,0.123,0.0069237,0.93381,0.0019531,-0.00048144,0.00029308,0.0010863,-0.00021809,0.0017153,0.207468,0.0804,0.663408,8.58205E-05,0.02337,0.001315503,0.1774239,7.05069E-05,-1.738E-05,1.05802E-05,3.92154E-05,-7.87305E-06,6.19223E-05
0.0023832,1.7371,0.67,5.5284,0.12332,0.007053,0.93667,0.0020709,-0.00047747,0.00034836,0.0010611,-0.00015508,0.0016345,0.208452,0.0804,0.663408,8.60335E-05,0.0234308,0.00134007,0.1779673,7.47595E-05,-1.72367E-05,1.25758E-05,3.83057E-05,-5.59839E-06,5.90055E-05
0.0023228,1.7454,0.67,5.5284,0.12415,0.0071019,0.94075,0.0021675,-0.00045641,0.00035718,0.0010734,-8.30E-05,0.0014048,0.209448,0.0804,0.663408,8.38531E-05,0.0235885,0.001349361,0.1787425,7.82468E-05,-1.64764E-05,1.28942E-05,3.87497E-05,-2.99673E-06,5.07133E-05
0.0022871,1.7536,0.67,5.5284,0.12503,0.0073939,0.94495,0.0022597,-0.0004459,0.00035139,0.0011432,-5.82E-05,0.0011714,0.210432,0.0804,0.663408,8.25643E-05,0.0237557,0.001404841,0.1795405,8.15752E-05,-1.6097E-05,1.26852E-05,4.12695E-05,-2.1021E-06,4.22875E-05
0.0023003,1.7619,0.67,5.5284,0.12568,0.0083879,0.94833,0.0023272,-0.00046073,0.00033327,0.0012467,-6.77E-05,0.0010266,0.211428,0.0804,0.663408,8.30408E-05,0.0238792,0.001593701,0.1801827,8.40119E-05,-1.66324E-05,1.2031E-05,4.50059E-05,-2.44343E-06,3.70603E-05
0.0023281,1.7701,0.67,5.5284,0.126,0.010181,0.95139,0.0023543,-0.00050555,0.00030057,0.0013603,-7.96E-05,0.00094161,0.212412,0.0804,0.663408,8.40444E-05,0.02394,0.00193439,0.1807641,8.49902E-05,-1.82504E-05,1.08506E-05,4.91068E-05,-2.87179E-06,3.39921E-05
0.0023488,1.7784,0.67,5.5284,0.12599,0.011939,0.95498,0.0023575,-0.00056851,0.00026255,0.0014824,-8.61E-05,0.00085784,0.213408,0.0804,0.663408,8.47917E-05,0.0239381,0.00226841,0.1814462,8.51058E-05,-2.05232E-05,9.47806E-06,5.35146E-05,-3.10727E-06,3.0968E-05
0.0023693,1.7866,0.67,5.5284,0.1257,0.01262,0.95866,0.0023683,-0.00062512,0.00023584,0.001585,-0.00010037,0.00078526,0.214392,0.0804,0.663408,8.55317E-05,0.023883,0.0023978,0.1821454,8.54956E-05,-2.25668E-05,8.51382E-06,5.72185E-05,-3.62336E-06,2.83479E-05
0.0023741,1.7949,0.67,5.5284,0.12525,0.011968,0.96216,0.0023805,-0.00066034,0.00021632,0.0016367,-0.00013014,0.00073088,0.215388,0.0804,0.663408,8.5705E-05,0.0237975,0.00227392,0.1828104,8.59361E-05,-2.38383E-05,7.80915E-06,5.90849E-05,-4.69805E-06,2.63848E-05
0.00236,1.8032,0.67,5.5284,0.12472,0.010488,0.96593,0.002353,-0.00067484,0.00019698,0.0016499,-0.0001646,0.00071715,0.216384,0.0804,0.663408,0.000085196,0.0236968,0.00199272,0.1835267,8.49433E-05,-2.43617E-05,7.11098E-06,5.95614E-05,-5.94206E-06,2.58891E-05
0.0023349,1.8114,0.67,5.5284,0.12408,0.0088911,0.97019,0.0022803,-0.00067055,0.00019316,0.0016456,-0.00019573,0.00074397,0.217368,0.0804,0.663408,8.42899E-05,0.0235752,0.001689309,0.1843361,8.23188E-05,-2.42069E-05,6.97308E-06,5.94062E-05,-7.06585E-06,2.68573E-05
0.0023295,1.8197,0.67,5.5284,0.12329,0.0077433,0.97494,0.002195,-0.0006536,0.00024023,0.0016411,-0.00022591,0.00082292,0.218364,0.0804,0.663408,8.4095E-05,0.0234251,0.001471227,0.1852386,7.92395E-05,-2.3595E-05,8.6723E-06,5.92437E-05,-8.15535E-06,2.97074E-05
0.0023525,1.8279,0.67,5.5284,0.12236,0.007435,0.97948,0.0021234,-0.00064,0.0003362,0.0016496,-0.00028316,0.00093199,0.219348,0.0804,0.663408,8.49253E-05,0.0232484,0.00141265,0.1861012,7.66547E-05,-0.000023104,1.21368E-05,5.95506E-05,-1.02221E-05,3.36448E-05
0.0024015,1.8362,0.67,5.5284,0.12136,0.0079515,0.98382,0.0020598,-0.00064795,0.0004771,0.0016735,-0.0003874,0.0010696,0.220344,0.0804,0.663408,8.66942E-05,0.0230584,0.001510785,0.1869258,7.43588E-05,-2.3391E-05,1.72233E-05,6.04134E-05,-1.39851E-05,3.86126E-05
0.0024559,1.8446,0.67,5.5284,0.12032,0.0090453,0.98736,0.0019799,-0.0006732,0.00059835,0.0016959,-0.00050045,0.001236,0.221352,0.0804,0.663408,8.8658E-05,0.0228608,0.001718607,0.1875984,7.14744E-05,-2.43025E-05,2.16004E-05,6.1222E-05,-1.80662E-05,4.46196E-05
0.0025185,1.8534,0.67,5.5284,0.11926,0.010209,0.99024,0.001891,-0.000706,0.00068051,0.0017246,-0.00062294,0.0014214,0.222408,0.0804,0.663408,9.09179E-05,0.0226594,0.00193971,0.1881456,6.82651E-05,-2.54866E-05,2.45664E-05,6.22581E-05,-2.24881E-05,5.13125E-05
0.0025635,1.8626,0.67,5.5284,0.11827,0.011096,0.99273,0.0018132,-0.0007359,0.00071264,0.0017563,-0.00073112,0.0015575,0.223512,0.0804,0.663408,9.25424E-05,0.0224713,0.00210824,0.1886187,6.54565E-05,-2.6566E-05,2.57263E-05,6.34024E-05,-2.63934E-05,5.62258E-05
0.0025547,1.8723,0.67,5.5284,0.11728,0.011824,0.99477,0.0017409,-0.00073844,0.00068141,0.001744,-0.00082538,0.0016244,0.224676,0.0804,0.663408,9.22247E-05,0.0222832,0.00224656,0.1890063,6.28465E-05,-2.66577E-05,2.45989E-05,6.29584E-05,-2.97962E-05,5.86408E-05
0.0025044,1.8824,0.67,5.5284,0.1162,0.012059,0.99637,0.0016725,-0.00072215,0.00058545,0.0016807,-0.00086356,0.0016556,0.225888,0.0804,0.663408,9.04088E-05,0.022078,0.00229121,0.1893103,6.03773E-05,-2.60696E-05,2.11347E-05,6.06733E-05,-3.11745E-05,5.97672E-05
0.002501,1.8931,0.67,5.5284,0.11498,0.011592,0.99855,0.0016273,-0.00072336,0.00045297,0.0016624,-0.00087403,0.0017123,0.227172,0.0804,0.663408,9.02861E-05,0.0218462,0.00220248,0.1897245,5.87455E-05,-2.61133E-05,1.63522E-05,6.00126E-05,-3.15525E-05,6.1814E-05
0.0025778,1.9042,0.67,5.5284,0.11351,0.011433,1.0026,0.0016171,-0.00074318,0.00036085,0.0017083,-0.00091429,0.0018301,0.228504,0.0804,0.663408,9.30586E-05,0.0215669,0.00217227,0.190494,5.83773E-05,-2.68288E-05,1.30267E-05,6.16696E-05,-3.30059E-05,6.60666E-05
0.0026818,1.9159,0.67,5.5284,0.11153,0.012235,1.0068,0.0016257,-0.00074834,0.00032123,0.0017148,-0.00093732,0.002023,0.229908,0.0804,0.663408,9.6813E-05,0.0211907,0.00232465,0.191292,5.86878E-05,-2.70151E-05,1.15964E-05,6.19043E-05,-3.38373E-05,7.30303E-05
0.0027859,1.9282,0.67,5.5284,0.10915,0.012384,1.0088,0.0016314,-0.00072367,0.00031706,0.0016258,-0.00094798,0.0023146,0.231384,0.0804,0.663408,0.000100571,0.0207385,0.00235296,0.191672,5.88935E-05,-2.61245E-05,1.14459E-05,5.86914E-05,-3.42221E-05,8.35571E-05
0.0027845,1.941,0.67,5.5284,0.1069,0.011697,1.0084,0.0016291,-0.00063996,0.00030687,0.0014558,-0.00083702,0.0024841,0.23292,0.0804,0.663408,0.00010052,0.020311,0.00222243,0.191596,5.88105E-05,-2.31026E-05,1.1078E-05,5.25544E-05,-3.02164E-05,8.9676E-05
0.0026108,1.9545,0.67,5.5284,0.10497,0.011097,1.0099,0.0016268,-0.00045161,0.00021456,0.0012924,-0.00072917,0.0023024,0.23454,0.0804,0.663408,9.42499E-05,0.0199443,0.00210843,0.191881,5.87275E-05,-1.63031E-05,7.74562E-06,4.66556E-05,-2.6323E-05,8.31166E-05
0.0023944,1.9686,0.67,5.5284,0.10267,0.011778,1.0147,0.0016125,-0.00021581,3.22E-05,0.0011494,-0.00063939,0.002027,0.236232,0.0804,0.663408,8.64378E-05,0.0195073,0.00223782,0.192793,5.82113E-05,-7.79074E-06,1.16404E-06,4.14933E-05,-2.3082E-05,7.31747E-05
0.0021766,1.9833,0.67,5.5284,0.099514,0.012534,1.0184,0.001566,-3.09E-05,-0.00011381,0.0010438,-0.0004694,0.0017435,0.237996,0.0804,0.663408,7.85753E-05,0.01890766,0.00238146,0.193496,5.65326E-05,-1.11668E-06,-4.10854E-06,3.76812E-05,-1.69453E-05,6.29404E-05
0.002108,1.9988,0.67,5.5284,0.09647,0.012781,1.0155,0.0015037,7.06E-05,-0.00025309,0.0011303,-0.00043754,0.001582,0.239856,0.0804,0.663408,7.60988E-05,0.0183293,0.00242839,0.192945,5.42836E-05,2.54888E-06,-9.13655E-06,4.08038E-05,-1.57952E-05,5.71102E-05
0.0022186,2.0149,0.67,5.5284,0.094142,0.010178,1.0137,0.0014212,6.74E-05,-0.00023756,0.0010685,-0.00036398,0.0019475,0.241788,0.0804,0.663408,8.00915E-05,0.01788698,0.00193382,0.192603,5.13053E-05,2.43469E-06,-8.57592E-06,3.85729E-05,-1.31397E-05,7.03048E-05
0.0023892,2.0319,0.67,5.5284,0.091743,0.0074685,1.0083,0.0013307,7.32E-05,-0.00017303,0.00094232,-5.55E-05,0.0025053,0.243828,0.0804,0.663408,8.62501E-05,0.01743117,0.001419015,0.191577,4.80383E-05,2.6427E-06,-6.24638E-06,3.40178E-05,-2.002E-06,9.04413E-05
0.002746,2.0496,0.67,5.5284,0.088703,0.0025006,1.0059,0.0013197,7.17E-05,0.0002169,0.00078991,0.00012689,0.0033825,0.245952,0.0804,0.663408,9.91306E-05,0.01685357,0.000475114,0.191121,4.76412E-05,2.59003E-06,7.83009E-06,2.85158E-05,4.58073E-06,0.000122108
0.0034345,2.0681,0.67,5.5284,0.084379,0.0017053,0.99909,0.0014254,6.12E-06,0.00078765,0.00070595,0.00020619,0.0047377,0.248172,0.0804,0.663408,0.000123985,0.01603201,0.000324007,0.1898271,5.14569E-05,2.20795E-07,2.84342E-05,2.54848E-05,7.44346E-06,0.000171031
0.0042997,2.0875,0.67,5.5284,0.079294,0.0026743,0.98898,0.0016386,-0.0001747,0.0013657,0.0007649,-0.00025045,0.006196,0.2505,0.0804,0.663408,0.000155219,0.01506586,0.000508117,0.1879062,5.91535E-05,-6.30667E-06,4.93018E-05,2.76129E-05,-9.04125E-06,0.000223676
0.0051764,2.1078,0.67,5.5284,0.074503,0.0055999,0.98884,0.0018934,-0.0002415,0.0022526,0.00074122,-0.00049921,0.0077182,0.252936,0.0804,0.663408,0.000186868,0.01415557,0.001063981,0.1878796,6.83517E-05,-8.71815E-06,8.13189E-05,2.6758E-05,-1.80215E-05,0.000278627
0.0052968,2.129,0.67,5.5284,0.071123,0.014685,0.98059,0.0020472,-0.00018406,0.0025842,0.00082121,-0.00025087,0.0077251,0.25548,0.0804,0.663408,0.000191214,0.01351337,0.00279015,0.1863121,7.39039E-05,-6.64457E-06,9.32896E-05,2.96457E-05,-9.05641E-06,0.000278876
0.0045291,2.1511,0.67,5.5284,0.07027,0.017668,0.97694,0.0020534,-2.50E-05,0.0022289,0.00090475,-2.61E-05,0.0061001,0.258132,0.0804,0.663408,0.000163501,0.0133513,0.00335692,0.1856186,7.41277E-05,-9.02464E-07,8.04633E-05,3.26615E-05,-9.40694E-07,0.000220214
0.0038194,2.1743,0.67,5.5284,0.06853,0.019583,0.98474,0.0019602,0.00010446,0.0018637,0.0010633,0.00012534,0.0046153,0.260916,0.0804,0.663408,0.00013788,0.0130207,0.00372077,0.1871006,7.07632E-05,3.77101E-06,6.72796E-05,3.83851E-05,4.52477E-06,0.000166612
0.0035405,2.1984,0.67,5.5284,0.062838,0.022792,0.98302,0.0017451,0.00019927,0.0016861,0.0011054,0.00018358,0.0042306,0.263808,0.0804,0.663408,0.000127812,0.01193922,0.00433048,0.1867738,6.29981E-05,7.19365E-06,6.08682E-05,3.99049E-05,6.62724E-06,0.000152725
0.0039205,2.2237,0.67,5.5284,0.057318,0.026936,0.95618,0.0015611,0.00052005,0.0015792,0.0017296,0.00093179,0.0045504,0.266844,0.0804,0.663408,0.00014153,0.01089042,0.00511784,0.1816742,5.63557E-05,1.87738E-05,5.70091E-05,6.24386E-05,3.36376E-05,0.000164269
0.0052272,2.2501,0.67,5.5284,0.054053,0.030472,0.93796,0.0016115,0.00057279,0.0016371,0.0022028,0.00124,0.00664,0.270012,0.0804,0.663408,0.000188702,0.01027007,0.00578968,0.1782124,5.81752E-05,2.06777E-05,5.90993E-05,7.95211E-05,0.000044764,0.000239704
0.005062,2.2776,0.67,5.5284,0.049061,0.03177,0.93289,0.0017747,0.00029403,0.001495,0.0018075,0.00032028,0.0065418,0.273312,0.0804,0.663408,0.000182738,0.00932159,0.0060363,0.1772491,6.40667E-05,1.06145E-05,5.39695E-05,6.52508E-05,1.15621E-05,0.000236159
0.0050253,2.3063,0.67,5.5284,0.04179,0.03689,0.92076,0.0019615,0.000146,0.0011511,0.0015514,-0.00067759,0.0065377,0.276756,0.0804,0.663408,0.000181413,0.0079401,0.0070091,0.1749444,7.08102E-05,5.2706E-06,4.15547E-05,5.60055E-05,-2.4461E-05,0.000236011
0.0060231,2.3362,0.67,5.5284,0.032405,0.050904,0.9082,0.002208,0.00036799,0.0014402,0.0018609,-0.00055333,0.0079774,0.280344,0.0804,0.663408,0.000217434,0.00615695,0.00967176,0.172558,7.97088E-05,1.32844E-05,5.19912E-05,6.71785E-05,-1.99752E-05,0.000287984
0.005443,2.3674,0.67,5.5284,0.023322,0.059904,0.88419,0.002414,0.00053139,0.001518,0.0026881,8.24E-05,0.0057839,0.284088,0.0804,0.663408,0.000196492,0.00443118,0.01138176,0.1679961,8.71454E-05,1.91832E-05,5.47998E-05,9.70404E-05,2.97385E-06,0.000208799
0.0054395,2.3999,0.67,5.5284,0.016527,0.065246,0.85481,0.0021066,0.00078818,0.0013409,0.0040906,0.00040049,0.0046819,0.287988,0.0804,0.663408,0.000196366,0.00314013,0.01239674,0.1624139,7.60483E-05,2.84533E-05,4.84065E-05,0.000147671,1.44577E-05,0.000169017
0.0053998,2.4338,0.67,5.5284,0.0087728,0.072118,0.81341,0.0012218,0.0006192,0.0013323,0.0038999,0.00079631,0.0056779,0.292056,0.0804,0.663408,0.000194933,0.001666832,0.01370242,0.1545479,4.4107E-05,2.23531E-05,4.8096E-05,0.000140786,2.87468E-05,0.000204972
0.0039282,2.4691,0.67,5.5284,0.0027337,0.065697,0.70028,0.00038015,9.18E-05,0.00072904,0.0022129,0.00086923,0.0052632,0.296292,0.0804,0.663408,0.000141808,0.000519403,0.01248243,0.1330532,1.37234E-05,3.3138E-06,2.63183E-05,7.98857E-05,3.13792E-05,0.000190002
0.0015018,2.5058,0.67,5.5284,0.00017607,0.028901,0.30796,2.39E-05,1.58E-05,0.00012804,0.00084445,0.00034783,0.0021352,0.300696,0.0804,0.663408,5.4215E-05,3.34533E-05,0.00549119,0.0585124,8.6362E-07,5.70705E-07,4.62224E-06,3.04846E-05,1.25567E-05,7.70807E-05
5.14E-08,2.544,0.67,5.5284,-0.00038565,-8.27E-14,5.64E-18,1.03E-07,2.20E-17,-1.61E-21,4.72E-27,-3.44E-31,7.44E-35,0.30528,0.0804,0.663408,1.85384E-09,-7.32735E-05,-1.57124E-14,1.0719E-18,3.70783E-09,7.94597E-19,-5.80199E-23,1.70287E-28,-1.24166E-32,2.68635E-36
0,2.5837,0.67,5.5284,0,0,0,0,0,0,0,0,0,0.310044,0.0804,0.663408,0,0,0,0,0,0,0,0,0,0
0,2.625,0.67,5.5284,0,0,0,0,0,0,0,0,0,0.315,0.0804,0.663408,0,0,0,0,0,0,0,0,0,0
0,-0.125,0.67,5.5435,0,0,0,0,0,0,0,0,0,-0.015,0.0804,0.66522,0,0,0,0,0,0,0,0,0,0
0,-0.083719,0.67,5.5435,0,0,0,0,0,0,0,0,0,-0.01004628,0.0804,0.66522,0,0,0,0,0,0,0,0,0,0
3.10E-08,-0.044001,0.67,5.5435,-0.00083373,-2.32E-13,-6.69E-17,6.21E-08,1.73E-17,4.99E-21,4.82E-27,1.39E-30,4.17E-34,-0.00528012,0.0804,0.66522,1.12018E-09,-0.000158409,-4.41332E-14,-1.27137E-17,2.24037E-09,6.24422E-19,1.80262E-22,1.74042E-28,5.02404E-32,1.50501E-35
0.0009291,-0.0058053,0.67,5.5435,-0.0027768,0.025151,0.38775,1.12E-05,-2.19E-05,-3.60E-05,0.00079703,-0.00019304,0.00105,-0.000696636,0.0804,0.66522,3.35405E-05,-0.000527592,0.00477869,0.0736725,4.0515E-07,-7.88966E-07,-1.29931E-06,2.87728E-05,-6.96874E-06,0.000037905
0.0024336,0.030909,0.67,5.5435,-0.0094575,0.056939,0.87766,0.00017811,-0.00012832,-0.00020585,0.0020714,-0.00049573,0.0026177,0.00370908,0.0804,0.66522,8.7853E-05,-0.001796925,0.01081841,0.1667554,6.42977E-06,-4.63235E-06,-7.43119E-06,7.47775E-05,-1.78959E-05,9.4499E-05
0.0026107,0.066184,0.67,5.5435,-0.021282,0.051931,0.992,0.00045915,-0.00020049,-0.00011352,0.0017628,-0.00051009,0.0029994,0.00794208,0.0804,0.66522,9.42463E-05,-0.00404358,0.00986689,0.18848,1.65753E-05,-7.23769E-06,-4.09807E-06,6.36371E-05,-1.84142E-05,0.000108278
0.0025764,0.10006,0.67,5.5435,-0.034983,0.039005,1.0259,0.00053949,-0.00024795,3.32E-05,0.0014379,-0.00054163,0.0031755,0.0120072,0.0804,0.66522,9.3008E-05,-0.00664677,0.00741095,0.194921,1.94756E-05,-8.951E-06,1.19848E-06,5.19082E-05,-1.95528E-05,0.000114636
0.0030875,0.13258,0.67,5.5435,-0.04489,0.031159,1.0476,0.00048161,-0.0001912,3.57E-05,0.0014041,-0.00076328,0.0042894,0.0159096,0.0804,0.66522,0.000111459,-0.0085291,0.00592021,0.199044,1.73861E-05,-6.90232E-06,1.28917E-06,5.0688E-05,-2.75544E-05,0.000154847
0.0026668,0.16379,0.67,5.5435,-0.046851,0.018652,1.0627,0.00055547,-7.35E-05,-0.00011386,0.00092921,-0.0005652,0.0038489,0.0196548,0.0804,0.66522,9.62715E-05,-0.00890169,0.00354388,0.201913,2.00525E-05,-2.65396E-06,-4.11035E-06,3.35445E-05,-2.04037E-05,0.000138945
0.0023613,0.19372,0.67,5.5435,-0.04688,0.016426,1.0708,0.00075053,9.31E-06,-0.00031489,0.001014,-0.00046627,0.0029581,0.0232464,0.0804,0.66522,8.52429E-05,-0.0089072,0.00312094,0.203452,2.70941E-05,3.35943E-07,-1.13675E-05,3.66054E-05,-1.68323E-05,0.000106787
0.0035343,0.22242,0.67,5.5435,-0.048317,0.023425,1.0741,0.001046,3.80E-05,-0.0008288,0.001139,-0.00064106,0.0048836,0.0266904,0.0804,0.66522,0.000127588,-0.00918023,0.00445075,0.204079,3.77606E-05,1.37101E-06,-2.99197E-05,4.11179E-05,-2.31423E-05,0.000176298
0.0032448,0.24993,0.67,5.5435,-0.052183,0.026111,1.0787,0.0012808,0.00011179,-0.0010412,0.0011287,-0.00024203,0.0040802,0.0299916,0.0804,0.66522,0.000117137,-0.00991477,0.00496109,0.204953,4.62369E-05,4.03562E-06,-3.75873E-05,4.07461E-05,-8.73728E-06,0.000147295
0.0022813,0.27629,0.67,5.5435,-0.057895,0.026227,1.08,0.0012727,0.00015577,-0.00087852,0.0011895,-0.00022868,0.0021004,0.0331548,0.0804,0.66522,8.23549E-05,-0.01100005,0.00498313,0.2052,4.59445E-05,5.6233E-06,-3.17146E-05,4.2941E-05,-8.25535E-06,7.58244E-05
0.0030213,0.30154,0.67,5.5435,-0.062944,0.023861,1.0797,0.0012931,2.66E-05,-0.00085559,0.0017744,-0.00094701,0.002975,0.0361848,0.0804,0.66522,0.000109069,-0.01195936,0.00453359,0.205143,4.66809E-05,9.61993E-07,-3.08868E-05,6.40558E-05,-3.41871E-05,0.000107398
0.0037468,0.32572,0.67,5.5435,-0.06763,0.016528,1.0842,0.0014564,3.25E-05,-0.00090774,0.0018782,-0.0013953,0.0041589,0.0390864,0.0804,0.66522,0.000135259,-0.0128497,0.00314032,0.205998,5.2576E-05,1.17238E-06,-3.27694E-05,6.7803E-05,-5.03703E-05,0.000150136
0.0031782,0.34887,0.67,5.5435,-0.071751,0.015129,1.0864,0.0015238,7.61E-05,-0.00045715,0.001301,-0.00097807,0.0035317,0.0418644,0.0804,0.66522,0.000114733,-0.01363269,0.00287451,0.206416,5.50092E-05,2.74584E-06,-1.65031E-05,4.69661E-05,-3.53083E-05,0.000127494
0.0023018,0.37102,0.67,5.5435,-0.075246,0.022091,1.084,0.0014333,0.00014444,-0.0001316,0.001144,-0.00045084,0.0020262,0.0445224,0.0804,0.66522,8.3095E-05,-0.01429674,0.00419729,0.20596,5.17421E-05,5.21428E-06,-4.75076E-06,4.12984E-05,-1.62753E-05,7.31458E-05
0.0022059,0.39221,0.67,5.5435,-0.079995,0.031052,1.0842,0.0013402,0.00016352,-0.00031249,0.0011668,-0.00049313,0.0019048,0.0470652,0.0804,0.66522,7.9633E-05,-0.01519905,0.00589988,0.205998,4.83812E-05,5.90307E-06,-1.12809E-05,4.21215E-05,-1.7802E-05,6.87633E-05
0.0023271,0.41248,0.67,5.5435,-0.085166,0.036021,1.0791,0.0013817,0.00020134,-0.00030104,0.0011659,-0.00076943,0.0021068,0.0494976,0.0804,0.66522,8.40083E-05,-0.01618154,0.00684399,0.205029,4.98794E-05,7.26837E-06,-1.08675E-05,4.2089E-05,-2.77764E-05,7.60555E-05
0.0030369,0.43187,0.67,5.5435,-0.088284,0.038038,1.0745,0.0015759,0.00040034,-0.00075265,0.0013134,-0.0011079,0.0031845,0.0518244,0.0804,0.66522,0.000109632,-0.01677396,0.00722722,0.204155,5.689E-05,1.44523E-05,-2.71707E-05,4.74137E-05,-3.99952E-05,0.00011496
0.0036422,0.4504,0.67,5.5435,-0.090125,0.039434,1.0668,0.0017769,0.00053616,-0.00077639,0.0015737,-0.0014129,0.0039338,0.054048,0.0804,0.66522,0.000131483,-0.01712375,0.00749246,0.202692,6.41461E-05,1.93554E-05,-2.80277E-05,5.68106E-05,-5.10057E-05,0.00014201
0.0039107,0.46812,0.67,5.5435,-0.092961,0.038733,1.0675,0.0017789,0.00043699,-0.00043675,0.001741,-0.0017116,0.0043016,0.0561744,0.0804,0.66522,0.000141176,-0.01766259,0.00735927,0.202825,6.42183E-05,1.57753E-05,-1.57667E-05,6.28501E-05,-6.17888E-05,0.000155288
0.0034534,0.48504,0.67,5.5435,-0.097606,0.037204,1.0691,0.0015975,0.00016041,-0.00012831,0.0017006,-0.0014075,0.0036087,0.0582048,0.0804,0.66522,0.000124668,-0.01854514,0.00706876,0.203129,5.76698E-05,5.7908E-06,-4.63199E-06,6.13917E-05,-5.08108E-05,0.000130274
0.0027122,0.50122,0.67,5.5435,-0.10298,0.0335,1.07,0.0013781,-6.84E-05,7.75E-05,0.001563,-0.0010523,0.0024833,0.0601464,0.0804,0.66522,9.79104E-05,-0.0195662,0.006365,0.2033,4.97494E-05,-2.46769E-06,2.79652E-06,5.64243E-05,-3.7988E-05,8.96471E-05
0.0024988,0.51667,0.67,5.5435,-0.10769,0.030618,1.0721,0.0012068,-0.00022058,-3.48E-05,0.0014215,-0.00093581,0.0023692,0.0620004,0.0804,0.66522,9.02067E-05,-0.0204611,0.00581742,0.203699,4.35655E-05,-7.96294E-06,-1.25606E-06,5.13162E-05,-3.37827E-05,8.55281E-05
0.0024108,0.53142,0.67,5.5435,-0.1114,0.02801,1.0769,0.0011106,-0.00024315,-0.00023102,0.0013273,-0.00064971,0.0023837,0.0637704,0.0804,0.66522,8.70299E-05,-0.021166,0.0053219,0.204611,4.00927E-05,-8.77772E-06,-8.33982E-06,4.79155E-05,-2.34545E-05,8.60516E-05
0.0023409,0.54551,0.67,5.5435,-0.11478,0.024309,1.0793,0.0011055,-0.00017438,-0.00041667,0.0012738,-0.00026903,0.0023025,0.0654612,0.0804,0.66522,8.45065E-05,-0.0218082,0.00461871,0.205067,3.99086E-05,-6.29512E-06,-1.50418E-05,4.59842E-05,-9.71198E-06,8.31203E-05
0.0022659,0.55896,0.67,5.5435,-0.11784,0.020254,1.079,0.0012075,-9.25E-05,-0.00061792,0.0013593,-3.27E-05,0.0019649,0.0670752,0.0804,0.66522,8.1799E-05,-0.0223896,0.00384826,0.20501,4.35908E-05,-3.33788E-06,-2.23069E-05,4.90707E-05,-1.17971E-06,7.09329E-05
0.0024241,0.5718,0.67,5.5435,-0.12001,0.016629,1.0802,0.0014098,6.57E-05,-0.00086256,0.0015265,-0.00012694,0.0019119,0.068616,0.0804,0.66522,8.751E-05,-0.0228019,0.00315951,0.205238,5.08938E-05,2.37069E-06,-3.11384E-05,5.51067E-05,-4.58253E-06,6.90196E-05
0.0026456,0.58405,0.67,5.5435,-0.12153,0.014769,1.0788,0.0016809,0.00027361,-0.0011321,0.0016399,-0.00023667,0.0019703,0.070086,0.0804,0.66522,9.55062E-05,-0.0230907,0.00280611,0.204972,6.06805E-05,9.87732E-06,-4.08688E-05,5.92004E-05,-8.54379E-06,7.11278E-05
0.0029327,0.59575,0.67,5.5435,-0.1233,0.012397,1.0771,0.0019348,0.00043541,-0.0013405,0.001739,-0.00028696,0.0021917,0.07149,0.0804,0.66522,0.00010587,-0.023427,0.00235543,0.204649,6.98463E-05,1.57183E-05,-4.83921E-05,6.27779E-05,-1.03593E-05,7.91204E-05
0.0030489,0.6069,0.67,5.5435,-0.12578,0.0081224,1.0757,0.0020893,0.00050413,-0.001391,0.0017507,-0.00027578,0.0022579,0.072828,0.0804,0.66522,0.000110065,-0.0238982,0.001543256,0.204383,7.54237E-05,1.81991E-05,-5.02151E-05,6.32003E-05,-9.95566E-06,8.15102E-05
0.0029652,0.61755,0.67,5.5435,-0.12878,0.0029513,1.076,0.0021216,0.00049405,-0.0013378,0.0016373,-0.00026572,0.0021715,0.074106,0.0804,0.66522,0.000107044,-0.0244682,0.000560747,0.20444,7.65898E-05,1.78352E-05,-4.82946E-05,5.91065E-05,-9.59249E-06,7.83912E-05
0.0027897,0.6277,0.67,5.5435,-0.13211,-0.0017914,1.0805,0.0020548,0.00043112,-0.0012315,0.001486,-0.00033641,0.0020386,0.075324,0.0804,0.66522,0.000100708,-0.0251009,-0.000340366,0.205295,7.41783E-05,1.55634E-05,-4.44572E-05,5.36446E-05,-1.21444E-05,7.35935E-05
0.0025929,0.63738,0.67,5.5435,-0.13559,-0.0054971,1.0864,0.0019142,0.00034195,-0.0010935,0.001328,-0.00043379,0.0019436,0.0764856,0.0804,0.66522,9.36037E-05,-0.0257621,-0.001044449,0.206416,6.91026E-05,1.23444E-05,-3.94754E-05,4.79408E-05,-1.56598E-05,7.0164E-05
0.0024066,0.64661,0.67,5.5435,-0.1391,-0.0080522,1.0913,0.00172,0.00022852,-0.00093414,0.0011968,-0.00050773,0.0018964,0.0775932,0.0804,0.66522,8.68783E-05,-0.026429,-0.001529918,0.207347,0.000062092,8.24957E-06,-3.37225E-05,4.32045E-05,-1.83291E-05,6.846E-05
0.0021838,0.65542,0.67,5.5435,-0.14262,-0.0098136,1.0949,0.0015006,0.00011246,-0.00074973,0.0010964,-0.00057181,0.0017707,0.0786504,0.0804,0.66522,7.88352E-05,-0.0270978,-0.001864584,0.208031,5.41717E-05,4.05981E-06,-2.70653E-05,3.958E-05,-2.06423E-05,6.39223E-05
0.0019681,0.66381,0.67,5.5435,-0.14612,-0.011091,1.0969,0.0012913,1.33E-05,-0.00052922,0.0010302,-0.0006135,0.0016146,0.0796572,0.0804,0.66522,7.10484E-05,-0.0277628,-0.00210729,0.208411,4.66159E-05,4.79516E-07,-1.91048E-05,3.71902E-05,-2.21474E-05,5.82871E-05
0.0017796,0.67207,0.67,5.5435,-0.14965,-0.012194,1.0995,0.0011142,-6.06E-05,-0.00029733,0.00097967,-0.00064413,0.0014653,0.0806484,0.0804,0.66522,6.42436E-05,-0.0284335,-0.00231686,0.208905,4.02226E-05,-2.18809E-06,-1.07336E-05,3.53661E-05,-2.32531E-05,5.28973E-05
0.0016803,0.68032,0.67,5.5435,-0.15307,-0.013212,1.1026,0.00098486,-0.00011351,-0.00011656,0.00091759,-0.00066349,0.0014581,0.0816384,0.0804,0.66522,6.06588E-05,-0.0290833,-0.00251028,0.209494,3.55534E-05,-4.09771E-06,-4.20782E-06,3.3125E-05,-2.3952E-05,5.26374E-05
0.0016717,0.68858,0.67,5.5435,-0.15611,-0.014164,1.1046,0.00092167,-0.00015663,-8.62E-06,0.00084167,-0.00067143,0.00158,0.0826296,0.0804,0.66522,6.03484E-05,-0.0296609,-0.00269116,0.209874,3.32723E-05,-5.65434E-06,-3.11326E-07,3.03843E-05,-2.42386E-05,0.000057038
0.001704,0.69683,0.67,5.5435,-0.1587,-0.015352,1.1047,0.00091542,-0.00019329,5.99E-05,0.0007882,-0.00066923,0.0017043,0.0836196,0.0804,0.66522,6.15144E-05,-0.030153,-0.00291688,0.209893,3.30467E-05,-6.97777E-06,2.16066E-06,2.8454E-05,-2.41592E-05,6.15252E-05
0.0017486,0.70509,0.67,5.5435,-0.16084,-0.01676,1.1031,0.00094534,-0.00022291,0.00011454,0.00079402,-0.00067084,0.0017579,0.0846108,0.0804,0.66522,6.31245E-05,-0.0305596,-0.0031844,0.209589,3.41268E-05,-8.04705E-06,4.13489E-06,2.86641E-05,-2.42173E-05,6.34602E-05
0.0018177,0.71335,0.67,5.5435,-0.16247,-0.017835,1.1001,0.0010022,-0.00024586,0.0001402,0.00085725,-0.0006839,0.001776,0.085602,0.0804,0.66522,6.5619E-05,-0.0308693,-0.00338865,0.209019,3.61794E-05,-8.87555E-06,5.06122E-06,3.09467E-05,-2.46888E-05,6.41136E-05
0.0019007,0.7216,0.67,5.5435,-0.1637,-0.018119,1.0955,0.0010642,-0.00025881,0.00015487,0.00096498,-0.00069888,0.0017723,0.086592,0.0804,0.66522,6.86153E-05,-0.031103,-0.00344261,0.208145,3.84176E-05,-9.34304E-06,5.59081E-06,3.48358E-05,-2.52296E-05,6.398E-05
0.0019856,0.72986,0.67,5.5435,-0.16485,-0.017539,1.09,0.0011168,-0.00025779,0.00014592,0.0010952,-0.00071005,0.0017592,0.0875832,0.0804,0.66522,7.16802E-05,-0.0313215,-0.00333241,0.2071,4.03165E-05,-9.30622E-06,5.26771E-06,3.95367E-05,-2.56328E-05,6.35071E-05
0.002086,0.73811,0.67,5.5435,-0.166,-0.016136,1.0839,0.0011744,-0.00025202,0.00010204,0.0012287,-0.0007299,0.0017689,0.0885732,0.0804,0.66522,7.53046E-05,-0.03154,-0.00306584,0.205941,4.23958E-05,-9.09792E-06,3.68364E-06,4.43561E-05,-2.63494E-05,6.38573E-05
0.0022001,0.74637,0.67,5.5435,-0.16695,-0.014082,1.0775,0.0012428,-0.00024971,2.52E-05,0.0013583,-0.00076176,0.0017991,0.0895644,0.0804,0.66522,7.94236E-05,-0.0317205,-0.00267558,0.204725,4.48651E-05,-9.01453E-06,9.08204E-07,4.90346E-05,-2.74995E-05,6.49475E-05
0.0023393,0.75463,0.67,5.5435,-0.16779,-0.011495,1.0707,0.0012988,-0.00025027,-4.95E-05,0.0014973,-0.00081006,0.0018826,0.0905556,0.0804,0.66522,8.44487E-05,-0.0318801,-0.00218405,0.203433,4.68867E-05,-9.03475E-06,-1.78644E-06,5.40525E-05,-2.92432E-05,6.79619E-05
0.00252,0.76288,0.67,5.5435,-0.1686,-0.008428,1.0633,0.0013266,-0.00025255,-6.70E-05,0.0016601,-0.00088639,0.0020533,0.0915456,0.0804,0.66522,0.000090972,-0.032034,-0.00160132,0.202027,4.78903E-05,-9.11706E-06,-2.41823E-06,5.99296E-05,-3.19987E-05,7.41241E-05
0.0027524,0.77114,0.67,5.5435,-0.16915,-0.005136,1.0554,0.0013461,-0.00025429,-3.56E-05,0.0018447,-0.0010061,0.002314,0.0925368,0.0804,0.66522,9.93616E-05,-0.0321385,-0.00097584,0.200526,4.85942E-05,-9.17987E-06,-1.28624E-06,6.65937E-05,-3.63202E-05,8.35354E-05
0.0029872,0.7794,0.67,5.5435,-0.1696,-0.0020145,1.048,0.0013685,-0.00026421,2.56E-05,0.0020191,-0.0011439,0.0025868,0.093528,0.0804,0.66522,0.000107838,-0.032224,-0.000382755,0.19912,4.94029E-05,-9.53798E-06,9.24629E-07,7.28895E-05,-4.12948E-05,9.33835E-05
0.0031904,0.78765,0.67,5.5435,-0.17049,0.00074247,1.0416,0.001394,-0.0003064,0.00011751,0.0021535,-0.0012577,0.0028333,0.094518,0.0804,0.66522,0.000115173,-0.0323931,0.000141069,0.197904,5.03234E-05,-1.1061E-05,4.24211E-06,7.77414E-05,-4.5403E-05,0.000102282
0.003347,0.79591,0.67,5.5435,-0.17175,0.0032159,1.0358,0.0014232,-0.00039615,0.00023255,0.0022619,-0.0013219,0.0030089,0.0955092,0.0804,0.66522,0.000120827,-0.0326325,0.000611021,0.196802,5.13775E-05,-1.4301E-05,8.39506E-06,8.16546E-05,-4.77206E-05,0.000108621
0.0034534,0.80416,0.67,5.5435,-0.17323,0.0055274,1.0306,0.0014382,-0.00052843,0.00037532,0.0023792,-0.0013277,0.0030894,0.0964992,0.0804,0.66522,0.000124668,-0.0329137,0.001050206,0.195814,5.1919E-05,-1.90763E-05,1.35491E-05,8.58891E-05,-4.793E-05,0.000111527
0.0035129,0.81242,0.67,5.5435,-0.17514,0.0074168,1.0259,0.0014547,-0.00066923,0.00051802,0.0024812,-0.0012763,0.0030899,0.0974904,0.0804,0.66522,0.000126816,-0.0332766,0.001409192,0.194921,5.25147E-05,-2.41592E-05,1.87005E-05,8.95713E-05,-4.60744E-05,0.000111545
0.0035141,0.82068,0.67,5.5435,-0.17722,0.0085483,1.0215,0.0014922,-0.00076843,0.0006423,0.00249,-0.0011914,0.0030461,0.0984816,0.0804,0.66522,0.000126859,-0.0336718,0.001624177,0.194085,5.38684E-05,-2.77403E-05,2.3187E-05,0.000089889,-4.30095E-05,0.000109964
0.0034664,0.82893,0.67,5.5435,-0.17906,0.0090849,1.0165,0.0015387,-0.00080044,0.00073269,0.0023816,-0.0011022,0.0030125,0.0994716,0.0804,0.66522,0.000125137,-0.0340214,0.001726131,0.193135,5.55471E-05,-2.88959E-05,2.64501E-05,8.59758E-05,-3.97894E-05,0.000108751
0.0034197,0.83719,0.67,5.5435,-0.18065,0.0095497,1.0104,0.0016062,-0.00078,0.00077073,0.002212,-0.0010318,0.0030211,0.1004628,0.0804,0.66522,0.000123451,-0.0343235,0.001814443,0.191976,5.79838E-05,-0.000028158,2.78234E-05,7.98532E-05,-3.7248E-05,0.000109062
0.0033886,0.84544,0.67,5.5435,-0.18198,0.010113,1.0027,0.0016999,-0.0007366,0.0007782,0.0020325,-0.00098176,0.0030447,0.1014528,0.0804,0.66522,0.000122328,-0.0345762,0.00192147,0.190513,6.13664E-05,-2.65913E-05,2.8093E-05,7.33733E-05,-3.54415E-05,0.000109914
0.0033083,0.8537,0.67,5.5435,-0.18295,0.01032,0.99446,0.0017971,-0.00067427,0.00078752,0.0018537,-0.00093243,0.0029659,0.102444,0.0804,0.66522,0.00011943,-0.0347605,0.0019608,0.1889474,6.48753E-05,-2.43411E-05,2.84295E-05,6.69186E-05,-3.36607E-05,0.000107069
0.0031969,0.86196,0.67,5.5435,-0.18363,0.0098942,0.98719,0.0019088,-0.00059244,0.00078772,0.0016887,-0.00086519,0.0027962,0.1034352,0.0804,0.66522,0.000115408,-0.0348897,0.001879898,0.1875661,6.89077E-05,-2.13871E-05,2.84367E-05,6.09621E-05,-3.12334E-05,0.000100943
0.0031271,0.87021,0.67,5.5435,-0.18431,0.0092977,0.98174,0.0020561,-0.00051052,0.00079128,0.0015709,-0.00079859,0.0026271,0.1044252,0.0804,0.66522,0.000112888,-0.0350189,0.001766563,0.1865306,7.42252E-05,-1.84298E-05,2.85652E-05,5.67095E-05,-2.88291E-05,9.48383E-05
0.0031201,0.87847,0.67,5.5435,-0.18491,0.0090721,0.97713,0.0022201,-0.00044281,0.00080779,0.0015067,-0.00076478,0.0025133,0.1054164,0.0804,0.66522,0.000112636,-0.0351329,0.001723699,0.1856547,8.01456E-05,-1.59854E-05,2.91612E-05,5.43919E-05,-2.76086E-05,9.07301E-05
0.0031267,0.88672,0.67,5.5435,-0.18506,0.0091238,0.97173,0.0023698,-0.00039451,0.00083242,0.0014607,-0.00075602,0.0024229,0.1064064,0.0804,0.66522,0.000112874,-0.0351614,0.001733522,0.1846287,8.55498E-05,-1.42418E-05,3.00504E-05,5.27313E-05,-2.72923E-05,8.74667E-05
0.0031704,0.89498,0.67,5.5435,-0.18511,0.0088641,0.96535,0.0025233,-0.00035858,0.00084515,0.0014056,-0.00074239,0.0024119,0.1073976,0.0804,0.66522,0.000114451,-0.0351709,0.001684179,0.1834165,9.10911E-05,-1.29447E-05,3.05099E-05,5.07422E-05,-2.68003E-05,8.70696E-05
0.0032456,0.90324,0.67,5.5435,-0.18529,0.007758,0.95885,0.0026961,-0.00031315,0.00085294,0.0013429,-0.00073291,0.0024523,0.1083888,0.0804,0.66522,0.000117166,-0.0352051,0.00147402,0.1821815,9.73292E-05,-1.13047E-05,3.07911E-05,4.84787E-05,-2.64581E-05,8.8528E-05
0.003373,0.91149,0.67,5.5435,-0.18526,0.0055604,0.9524,0.00288,-0.00025678,0.00087347,0.0012732,-0.00076009,0.0025929,0.1093788,0.0804,0.66522,0.000121765,-0.0351994,0.001056476,0.180956,0.000103968,-9.26976E-06,3.15323E-05,4.59625E-05,-2.74392E-05,9.36037E-05
0.0035519,0.91975,0.67,5.5435,-0.18509,0.0024711,0.94565,0.0030787,-0.00021257,0.00091905,0.0012038,-0.00082385,0.0028213,0.11037,0.0804,0.66522,0.000128224,-0.0351671,0.000469509,0.1796735,0.000111141,-7.67378E-06,3.31777E-05,4.34572E-05,-2.9741E-05,0.000101849
0.003767,0.92801,0.67,5.5435,-0.1847,-0.00076848,0.93804,0.0032822,-0.00019123,0.00098993,0.0011659,-0.00087541,0.003086,0.1113612,0.0804,0.66522,0.000135989,-0.035093,-0.000146011,0.1782276,0.000118487,-6.9034E-06,3.57365E-05,4.2089E-05,-3.16023E-05,0.000111405
0.0039362,0.93626,0.67,5.5435,-0.18408,-0.0034195,0.92948,0.0034801,-0.00019457,0.0010904,0.0011605,-0.0008603,0.0032318,0.1123512,0.0804,0.66522,0.000142097,-0.0349752,-0.000649705,0.1766012,0.000125632,-7.02398E-06,3.93634E-05,4.18941E-05,-3.10568E-05,0.000116668
0.0040036,0.94452,0.67,5.5435,-0.18341,-0.0050967,0.92011,0.003655,-0.00020331,0.0011758,0.0011521,-0.00076608,0.0032,0.1133424,0.0804,0.66522,0.00014453,-0.0348479,-0.000968373,0.1748209,0.000131946,-7.33949E-06,4.24464E-05,4.15908E-05,-2.76555E-05,0.00011552
0.0039899,0.95277,0.67,5.5435,-0.1825,-0.0056319,0.90981,0.0038089,-0.00018581,0.0012266,0.0011205,-0.00061251,0.0030503,0.1143324,0.0804,0.66522,0.000144035,-0.034675,-0.001070061,0.1728639,0.000137501,-6.70774E-06,4.42803E-05,4.04501E-05,-2.21116E-05,0.000110116
0.0039087,0.96103,0.67,5.5435,-0.18169,-0.0053484,0.89884,0.003941,-0.00013975,0.0012174,0.0010668,-0.00042865,0.0028097,0.1153236,0.0804,0.66522,0.000141104,-0.0345211,-0.001016196,0.1707796,0.00014227,-5.04498E-06,4.39481E-05,3.85115E-05,-1.54743E-05,0.00010143
0.0038537,0.96929,0.67,5.5435,-0.18106,-0.0048345,0.88777,0.0040655,-6.41E-05,0.0011462,0.0010175,-0.00025042,0.0026244,0.1163148,0.0804,0.66522,0.000139119,-0.0344014,-0.000918555,0.1686763,0.000146765,-2.3156E-06,4.13778E-05,3.67318E-05,-9.04016E-06,9.47408E-05
0.0038327,0.97754,0.67,5.5435,-0.17977,-0.004149,0.8769,0.0041809,3.30E-05,0.0010375,0.0010212,-0.00011774,0.0024634,0.1173048,0.0804,0.66522,0.00013836,-0.0341563,-0.00078831,0.166611,0.00015093,1.19137E-06,3.74538E-05,3.68653E-05,-4.25041E-06,8.89287E-05
0.0039063,0.9858,0.67,5.5435,-0.17843,-0.0032169,0.86701,0.0042892,0.00013951,0.00091615,0.0011124,-6.85E-05,0.0024111,0.118296,0.0804,0.66522,0.000141017,-0.0339017,-0.000611211,0.1647319,0.00015484,5.03631E-06,3.3073E-05,4.01576E-05,-2.47408E-06,8.70407E-05
0.0040625,0.99405,0.67,5.5435,-0.17732,-0.0022136,0.85848,0.0043964,0.00026681,0.0008224,0.0012938,-9.04E-05,0.0024346,0.119286,0.0804,0.66522,0.000146656,-0.0336908,-0.000420584,0.1631112,0.00015871,9.63184E-06,2.96886E-05,4.67062E-05,-3.26506E-06,8.78891E-05
0.0042877,1.0023,0.67,5.5435,-0.17551,-0.00115,0.85106,0.0044918,0.00041091,0.00071813,0.0015291,-0.00013533,0.0025545,0.120276,0.0804,0.66522,0.000154786,-0.0333469,-0.0002185,0.1617014,0.000162154,1.48339E-05,2.59245E-05,5.52005E-05,-4.88541E-06,9.22175E-05
0.0045599,1.0106,0.67,5.5435,-0.1732,-2.43E-05,0.84484,0.0046171,0.00054331,0.00064693,0.0017312,-0.00016425,0.0027715,0.121272,0.0804,0.66522,0.000164612,-0.032908,-4.61738E-06,0.1605196,0.000166677,1.96135E-05,2.33542E-05,6.24963E-05,-5.92943E-06,0.000100051
0.0047959,1.0188,0.67,5.5435,-0.17093,0.00097218,0.83898,0.0047654,0.000636,0.00055906,0.0018287,-0.00018291,0.0029978,0.122256,0.0804,0.66522,0.000173132,-0.0324767,0.000184714,0.1594062,0.000172031,2.29596E-05,2.01821E-05,6.60161E-05,-6.60305E-06,0.000108221
0.0049932,1.0271,0.67,5.5435,-0.16893,0.0014613,0.83258,0.0048939,0.00066228,0.00045668,0.0018041,-0.00022511,0.0032883,0.123252,0.0804,0.66522,0.000180255,-0.0320967,0.000277647,0.1581902,0.00017667,2.39083E-05,1.64861E-05,6.5128E-05,-8.12647E-06,0.000118708
0.0050786,1.0353,0.67,5.5435,-0.16723,0.0012159,0.82548,0.004952,0.00060294,0.00035062,0.0016835,-0.00029865,0.0035216,0.124236,0.0804,0.66522,0.000183337,-0.0317737,0.000231021,0.1568412,0.000178767,2.17661E-05,1.26574E-05,6.07744E-05,-1.07813E-05,0.00012713
0.0051266,1.0436,0.67,5.5435,-0.16553,0.00030302,0.81747,0.004925,0.00046535,0.00023608,0.001515,-0.00038864,0.0038132,0.125232,0.0804,0.66522,0.00018507,-0.0314507,5.75738E-05,0.1553193,0.000177793,1.67991E-05,8.52249E-06,5.46915E-05,-1.40299E-05,0.000137657
0.0051793,1.0518,0.67,5.5435,-0.16369,-0.00093214,0.809,0.0048502,0.00029092,0.00018096,0.0013518,-0.0004866,0.0041566,0.126216,0.0804,0.66522,0.000186973,-0.0311011,-0.000177107,0.15371,0.000175092,1.05022E-05,6.53266E-06,4.88E-05,-1.75663E-05,0.000150053
0.0052354,1.0601,0.67,5.5435,-0.16198,-0.0020926,0.80047,0.0046972,0.00012315,0.0001156,0.0012432,-0.00061581,0.0045303,0.127212,0.0804,0.66522,0.000188998,-0.0307762,-0.000397594,0.1520893,0.000169569,4.44572E-06,4.17316E-06,4.48795E-05,-2.22307E-05,0.000163544
0.0053887,1.0684,0.67,5.5435,-0.16046,-0.0029322,0.79219,0.0045189,-9.55E-06,9.83E-05,0.0012004,-0.00076402,0.0050581,0.128208,0.0804,0.66522,0.000194532,-0.0304874,-0.000557118,0.1505161,0.000163132,-3.44625E-07,3.54715E-06,4.33344E-05,-2.75811E-05,0.000182597
0.0055593,1.0766,0.67,5.5435,-0.15904,-0.003363,0.78428,0.0043642,-9.02E-05,7.64E-05,0.0011957,-0.00088926,0.0055586,0.129192,0.0804,0.66522,0.000200691,-0.0302176,-0.00063897,0.1490132,0.000157548,-3.25535E-06,2.75865E-06,4.31648E-05,-3.21023E-05,0.000200665
0.005732,1.0849,0.67,5.5435,-0.15744,-0.0035415,0.77621,0.0042156,-0.00012568,-3.88E-06,0.0011871,-0.00097799,0.0060614,0.130188,0.0804,0.66522,0.000206925,-0.0299136,-0.000672885,0.1474799,0.000152183,-4.53705E-06,-1.40158E-07,4.28543E-05,-3.53054E-05,0.000218817
0.0058422,1.0931,0.67,5.5435,-0.15539,-0.0036578,0.76775,0.0040706,-0.0001412,-4.15E-05,0.001164,-0.0010326,0.0064498,0.131172,0.0804,0.66522,0.000210903,-0.0295241,-0.000694982,0.1458725,0.000146949,-5.09732E-06,-1.49988E-06,4.20204E-05,-3.72769E-05,0.000232838
0.0059058,1.1014,0.67,5.5435,-0.15305,-0.003547,0.75902,0.0039155,-0.00014864,-3.13E-05,0.0011555,-0.0010674,0.0067405,0.132168,0.0804,0.66522,0.000213199,-0.0290795,-0.00067393,0.1442138,0.00014135,-5.3659E-06,-1.13065E-06,4.17136E-05,-3.85331E-05,0.000243332
0.0060059,1.1096,0.67,5.5435,-0.15022,-0.0025819,0.75024,0.0038292,-0.00015361,5.30E-05,0.0011764,-0.0011025,0.0070062,0.133152,0.0804,0.66522,0.000216813,-0.0285418,-0.000490561,0.1425456,0.000138234,-5.54532E-06,1.915E-06,4.2468E-05,-3.98003E-05,0.000252924
0.006112,1.1179,0.67,5.5435,-0.14676,-0.00046143,0.74192,0.0038013,-0.00016585,9.51E-05,0.0012249,-0.0011442,0.0071979,0.134148,0.0804,0.66522,0.000220643,-0.0278844,-8.76717E-05,0.1409648,0.000137227,-5.98719E-06,3.43307E-06,4.42189E-05,-4.13056E-05,0.000259844
0.0062409,1.1262,0.67,5.5435,-0.14297,0.0021747,0.73434,0.0037686,-0.00016761,9.07E-05,0.0013133,-0.0012181,0.0074001,0.135144,0.0804,0.66522,0.000225296,-0.0271643,0.000413193,0.1395246,0.000136046,-6.05072E-06,3.27575E-06,4.74101E-05,-4.39734E-05,0.000267144
0.0063771,1.1344,0.67,5.5435,-0.13897,0.0039177,0.72749,0.0037936,-0.00013692,0.00010875,0.0014458,-0.0013384,0.0075148,0.136128,0.0804,0.66522,0.000230213,-0.0264043,0.000744363,0.1382231,0.000136949,-4.94281E-06,3.92588E-06,5.21934E-05,-4.83162E-05,0.000271284
0.0064809,1.1427,0.67,5.5435,-0.13488,0.004132,0.72162,0.0038815,-8.30E-05,0.00014158,0.0016016,-0.0014893,0.0074787,0.137124,0.0804,0.66522,0.00023396,-0.0256272,0.00078508,0.1371078,0.000140122,-2.995E-06,5.11104E-06,5.78178E-05,-5.37637E-05,0.000269981
0.0064878,1.1509,0.67,5.5435,-0.13079,0.0033902,0.71699,0.0039512,-2.28E-05,0.00010769,0.0017511,-0.001612,0.0072733,0.138108,0.0804,0.66522,0.00023421,-0.0248501,0.000644138,0.1362281,0.000142638,-8.216E-07,3.88761E-06,6.32147E-05,-5.81932E-05,0.000262566
0.0063898,1.1592,0.67,5.5435,-0.12698,0.002339,0.71383,0.0039719,3.47E-05,3.12E-05,0.0018506,-0.001665,0.0069571,0.139104,0.0804,0.66522,0.000230672,-0.0241262,0.00044441,0.1356277,0.000143386,1.25292E-06,1.12473E-06,6.68067E-05,-6.01065E-05,0.000251151
0.006316,1.1674,0.67,5.5435,-0.12339,0.001564,0.7121,0.004013,9.25E-05,-4.75E-05,0.0018683,-0.0016674,0.0067507,0.140088,0.0804,0.66522,0.000228008,-0.0234441,0.00029716,0.135299,0.000144869,3.33777E-06,-1.71601E-06,6.74456E-05,-6.01931E-05,0.0002437
0.0062347,1.1757,0.67,5.5435,-0.11968,0.001079,0.71109,0.0041086,0.00013512,-0.00012019,0.0018033,-0.0016152,0.0065574,0.141084,0.0804,0.66522,0.000225073,-0.0227392,0.00020501,0.1351071,0.00014832,4.87783E-06,-4.33886E-06,6.50991E-05,-5.83087E-05,0.000236722
0.0061135,1.1839,0.67,5.5435,-0.11574,0.00082428,0.70996,0.0041556,0.00013592,-0.00019428,0.0016753,-0.00152,0.0063961,0.142068,0.0804,0.66522,0.000220697,-0.0219906,0.000156613,0.1348924,0.000150017,4.90671E-06,-7.01351E-06,6.04783E-05,-0.000054872,0.000230899
0.0060131,1.1922,0.67,5.5435,-0.11145,0.00070611,0.70852,0.0041516,0.00010094,-0.00026082,0.0015274,-0.0014093,0.0063472,0.143064,0.0804,0.66522,0.000217073,-0.0211755,0.000134161,0.1346188,0.000149873,3.64393E-06,-9.4156E-06,5.51391E-05,-5.08757E-05,0.000229134
0.0059248,1.2005,0.67,5.5435,-0.10661,0.00046966,0.7067,0.0041627,4.63E-05,-0.00028199,0.0014007,-0.0013025,0.0062862,0.14406,0.0804,0.66522,0.000213885,-0.0202559,8.92354E-05,0.134273,0.000150273,1.67269E-06,-1.01798E-05,5.05653E-05,-4.70203E-05,0.000226932
0.0057935,1.2087,0.67,5.5435,-0.10139,6.65E-05,0.70483,0.0041478,1.36E-06,-0.00026721,0.0013259,-0.0012211,0.0061134,0.145044,0.0804,0.66522,0.000209145,-0.0192641,1.26411E-05,0.1339177,0.000149736,4.90527E-08,-9.64628E-06,4.7865E-05,-4.40817E-05,0.000220694
0.0055953,1.217,0.67,5.5435,-0.096264,-0.00057696,0.70412,0.0040695,-4.97E-06,-0.00018525,0.0013044,-0.0011555,0.0058168,0.14604,0.0804,0.66522,0.00020199,-0.01829016,-0.000109622,0.1337828,0.000146909,-1.79247E-07,-6.68753E-06,4.70888E-05,-4.17136E-05,0.000209986
0.0053864,1.2252,0.67,5.5435,-0.091271,-0.0011989,0.70525,0.0039736,2.51E-05,-4.38E-05,0.0013133,-0.0010867,0.0054859,0.147024,0.0804,0.66522,0.000194449,-0.01734149,-0.000227791,0.1339975,0.000143447,9.0741E-07,-1.58237E-06,4.74101E-05,-3.92299E-05,0.000198041
0.0051387,1.2335,0.67,5.5435,-0.086328,-0.001754,0.70813,0.0038629,7.00E-05,7.33E-05,0.0013185,-0.00098993,0.0050959,0.14802,0.0804,0.66522,0.000185507,-0.01640232,-0.00033326,0.1345447,0.000139451,2.52671E-06,2.64581E-06,4.75979E-05,-3.57365E-05,0.000183962
0.0049375,1.2417,0.67,5.5435,-0.081424,-0.002492,0.71241,0.0037464,0.00010535,0.00011813,0.0013057,-0.00082806,0.0048229,0.149004,0.0804,0.66522,0.000178244,-0.01547056,-0.00047348,0.1353579,0.000135245,3.80314E-06,4.26449E-06,4.71358E-05,-2.9893E-05,0.000174107
0.004792,1.25,0.67,5.5435,-0.076399,-0.0036724,0.71732,0.0036808,0.00010724,0.00012687,0.0012978,-0.00061457,0.0046054,0.15,0.0804,0.66522,0.000172991,-0.01451581,-0.000697756,0.1362908,0.000132877,3.87136E-06,4.58001E-06,4.68506E-05,-2.2186E-05,0.000166255
0.0046225,1.2583,0.67,5.5435,-0.070982,-0.005603,0.72144,0.0035976,7.88E-05,7.80E-05,0.0013036,-0.00039222,0.0043439,0.150996,0.0804,0.66522,0.000166872,-0.01348658,-0.00106457,0.1370736,0.000129873,2.84472E-06,2.81753E-06,4.706E-05,-1.41591E-05,0.000156815
0.0044769,1.2665,0.67,5.5435,-0.065124,-0.0081861,0.72402,0.0034369,5.01E-05,7.02E-05,0.0013174,-0.00018095,0.0041994,0.15198,0.0804,0.66522,0.000161616,-0.01237356,-0.001555359,0.1375638,0.000124072,1.81023E-06,2.53473E-06,4.75581E-05,-6.5323E-06,0.000151598
0.0044285,1.2748,0.67,5.5435,-0.059079,-0.010687,0.72549,0.003286,2.44E-05,9.58E-05,0.0013407,1.55E-06,0.0042302,0.152976,0.0804,0.66522,0.000159869,-0.01122501,-0.00203053,0.1378431,0.000118625,8.8084E-07,3.45939E-06,4.83993E-05,5.60344E-08,0.00015271
0.0044659,1.283,0.67,5.5435,-0.053205,-0.012313,0.72613,0.0032135,-1.29E-05,8.13E-05,0.0013831,0.0001769,0.0043352,0.15396,0.0804,0.66522,0.000161219,-0.01010895,-0.00233947,0.1379647,0.000116007,-4.64607E-07,2.93479E-06,4.99299E-05,6.38609E-06,0.000156501
0.0044807,1.2913,0.67,5.5435,-0.047506,-0.012932,0.72555,0.0031361,-5.34E-05,6.19E-05,0.0014348,0.00036071,0.0043905,0.154956,0.0804,0.66522,0.000161753,-0.00902614,-0.00245708,0.1378545,0.000113213,-1.92879E-06,2.23315E-06,5.17963E-05,1.30216E-05,0.000158497
0.00451,1.2995,0.67,5.5435,-0.041733,-0.012937,0.72356,0.0030241,-8.92E-05,6.01E-05,0.0014628,0.00053635,0.0045331,0.15594,0.0804,0.66522,0.000162811,-0.00792927,-0.00245803,0.1374764,0.00010917,-3.21983E-06,2.16957E-06,5.28071E-05,1.93622E-05,0.000163645
0.004579,1.3078,0.67,5.5435,-0.035909,-0.012715,0.72103,0.0029707,-0.00012736,6.12E-06,0.0014377,0.00068623,0.0047495,0.156936,0.0804,0.66522,0.000165302,-0.00682271,-0.00241585,0.1369957,0.000107242,-4.5977E-06,2.20907E-07,5.1901E-05,2.47729E-05,0.000171457
0.0045382,1.316,0.67,5.5435,-0.030149,-0.012517,0.71864,0.0029211,-0.00015724,-6.37E-05,0.0013392,0.00076465,0.0048161,0.15792,0.0804,0.66522,0.000163829,-0.00572831,-0.00237823,0.1365416,0.000105452,-5.67636E-06,-2.2987E-06,4.83451E-05,2.76039E-05,0.000173861
0.0042985,1.3243,0.67,5.5435,-0.024093,-0.012403,0.71591,0.0027656,-0.00016269,-4.34E-05,0.001181,0.00075249,0.0046505,0.158916,0.0804,0.66522,0.000155176,-0.00457767,-0.00235657,0.1360229,9.98382E-05,-5.87311E-06,-1.56681E-06,4.26341E-05,2.71649E-05,0.000167883
0.0041201,1.3326,0.67,5.5435,-0.017781,-0.012308,0.71269,0.0026517,-0.00015574,-7.74E-05,0.0010138,0.00068877,0.0045748,0.159912,0.0804,0.66522,0.000148736,-0.00337839,-0.00233852,0.1354111,9.57264E-05,-5.62221E-06,-2.79479E-06,3.65982E-05,2.48646E-05,0.00016515
0.0039584,1.3408,0.67,5.5435,-0.011586,-0.012298,0.70988,0.0026217,-0.00015207,-0.00012323,0.00087306,0.00060625,0.0044221,0.160896,0.0804,0.66522,0.000142898,-0.00220134,-0.00233662,0.1348772,9.46434E-05,-5.48973E-06,-4.4486E-06,3.15175E-05,2.18856E-05,0.000159638
0.0036729,1.3491,0.67,5.5435,-0.0052866,-0.012368,0.70739,0.0024962,-0.00013654,-6.26E-05,0.0007698,0.00050354,0.0040799,0.161892,0.0804,0.66522,0.000132592,-0.001004454,-0.00234992,0.1344041,9.01128E-05,-4.92909E-06,-2.25863E-06,2.77898E-05,1.81778E-05,0.000147284
0.0034569,1.3573,0.67,5.5435,0.0012975,-0.012715,0.70513,0.0023274,-0.00011428,-6.84E-05,0.00070223,0.00038261,0.0038841,0.162876,0.0804,0.66522,0.000124794,0.000246525,-0.00241585,0.1339747,8.40191E-05,-4.12551E-06,-2.47003E-06,2.53505E-05,1.38122E-05,0.000140216
0.0032845,1.3656,0.67,5.5435,0.0077853,-0.01328,0.70403,0.0022183,-9.34E-05,-0.00015165,0.00065698,0.00028489,0.0036938,0.163872,0.0804,0.66522,0.00011857,0.001479207,-0.0025232,0.1337657,8.00806E-05,-3.37012E-06,-5.47457E-06,2.3717E-05,1.02845E-05,0.000133346
0.0030863,1.3738,0.67,5.5435,0.014142,-0.013846,0.70415,0.0021111,-7.85E-05,-0.00015966,0.00062312,0.00021009,0.0034384,0.164856,0.0804,0.66522,0.000111415,0.00268698,-0.00263074,0.1337885,7.62107E-05,-2.83446E-06,-5.76373E-06,2.24946E-05,7.58425E-06,0.000124126
0.0029951,1.3821,0.67,5.5435,0.020447,-0.014348,0.7055,0.0020613,-8.55E-05,-0.00023588,0.00060664,0.00014221,0.0033223,0.165852,0.0804,0.66522,0.000108123,0.00388493,-0.00272612,0.134045,7.44129E-05,-3.08731E-06,-8.51527E-06,2.18997E-05,5.13378E-06,0.000119935
0.0029259,1.3903,0.67,5.5435,0.026597,-0.014691,0.70805,0.0020483,-0.0001001,-0.00028506,0.00061339,0.00010024,0.00319,0.166836,0.0804,0.66522,0.000105625,0.00505343,-0.00279129,0.1345295,7.39436E-05,-3.61361E-06,-1.02907E-05,2.21434E-05,3.61866E-06,0.000115159
0.0027597,1.3986,0.67,5.5435,0.032773,-0.014748,0.71112,0.0018951,-0.00011046,-0.0002174,0.00064934,4.79E-05,0.0029749,0.167832,0.0804,0.66522,9.96252E-05,0.00622687,-0.00280212,0.1351128,6.84131E-05,-3.98761E-06,-7.84814E-06,2.34412E-05,1.72836E-06,0.000107394
0.0028724,1.4069,0.67,5.5435,0.038791,-0.0145,0.7144,0.0018446,-0.0001284,-0.00032927,0.00070851,1.82E-05,0.0031917,0.168828,0.0804,0.66522,0.000103694,0.00737029,-0.002755,0.135736,6.65901E-05,-4.63524E-06,-1.18866E-05,2.55772E-05,6.55757E-07,0.00011522
0.0028573,1.4151,0.67,5.5435,0.044697,-0.01444,0.71841,0.0018787,-0.00015977,-0.00036111,0.0007849,1.84E-05,0.003051,0.169812,0.0804,0.66522,0.000103149,0.00849243,-0.0027436,0.1364979,6.78211E-05,-5.7677E-06,-1.30361E-05,2.83349E-05,6.65431E-07,0.000110141
0.0028369,1.4234,0.67,5.5435,0.050634,-0.014226,0.72311,0.0017908,-0.00018584,-0.00031912,0.00087051,1.90E-05,0.0030125,0.170808,0.0804,0.66522,0.000102412,0.00962046,-0.00270294,0.1373909,6.46479E-05,-6.70882E-06,-1.15202E-05,3.14254E-05,6.85611E-07,0.000108751
0.0029215,1.4316,0.67,5.5435,0.056372,-0.013888,0.729,0.0017689,-0.00021776,-0.00041471,0.00096261,5.51E-05,0.0031115,0.171792,0.0804,0.66522,0.000105466,0.01071068,-0.00263872,0.13851,6.38573E-05,-7.86114E-06,-1.4971E-05,3.47502E-05,1.98738E-06,0.000112325
0.002889,1.4399,0.67,5.5435,0.061752,-0.014006,0.73588,0.0017627,-0.00025763,-0.00045182,0.0010692,0.0001001,0.0029461,0.172788,0.0804,0.66522,0.000104293,0.01173288,-0.00266114,0.1398172,6.36335E-05,-9.30044E-06,-1.63107E-05,3.85981E-05,3.61361E-06,0.000106354
0.0030076,1.4481,0.67,5.5435,0.066704,-0.014489,0.74345,0.0017673,-0.00030405,-0.00053047,0.0011765,0.00016045,0.0030713,0.173772,0.0804,0.66522,0.000108574,0.01267376,-0.00275291,0.1412555,6.37995E-05,-1.09762E-05,-1.915E-05,4.24717E-05,5.79225E-06,0.000110874
0.0030275,1.4564,0.67,5.5435,0.071216,-0.015392,0.75162,0.0017799,-0.00035001,-0.00054685,0.001276,0.0001999,0.0029992,0.174768,0.0804,0.66522,0.000109293,0.01353104,-0.00292448,0.1428078,6.42544E-05,-1.26354E-05,-1.97413E-05,4.60636E-05,7.21639E-06,0.000108271
0.0030633,1.4647,0.67,5.5435,0.07559,-0.016621,0.75988,0.0017739,-0.0003745,-0.00050954,0.0013594,0.00020668,0.0029932,0.175764,0.0804,0.66522,0.000110585,0.0143621,-0.00315799,0.1443772,6.40378E-05,-1.35195E-05,-1.83944E-05,4.90743E-05,7.46115E-06,0.000108055
0.0030775,1.4729,0.67,5.5435,0.080033,-0.017965,0.76871,0.0018065,-0.00037917,-0.00048701,0.0014146,0.00017829,0.002934,0.176748,0.0804,0.66522,0.000111098,0.01520627,-0.00341335,0.1460549,6.52147E-05,-1.3688E-05,-1.75811E-05,5.10671E-05,6.43627E-06,0.000105917
0.003046,1.4812,0.67,5.5435,0.084692,-0.019264,0.77783,0.0018061,-0.00037038,-0.00043089,0.0014427,0.00010498,0.0028432,0.177744,0.0804,0.66522,0.000109961,0.01609148,-0.00366016,0.1477877,6.52002E-05,-1.33707E-05,-1.55551E-05,5.20815E-05,3.78978E-06,0.00010264
0.0030183,1.4894,0.67,5.5435,0.089403,-0.020375,0.78678,0.0017954,-0.0003678,-0.00037674,0.0014525,1.22E-05,0.0027887,0.178728,0.0804,0.66522,0.000108961,0.01698657,-0.00387125,0.1494882,6.48139E-05,-1.32776E-05,-1.36003E-05,5.24353E-05,4.40348E-07,0.000100672
0.0029702,1.4977,0.67,5.5435,0.093806,-0.02148,0.79502,0.0018097,-0.00038566,-0.00033105,0.0014485,-0.00011262,0.0026822,0.179724,0.0804,0.66522,0.000107224,0.01782314,-0.0040812,0.1510538,6.53302E-05,-1.39223E-05,-1.19509E-05,5.22909E-05,-4.06558E-06,9.68274E-05
0.0028823,1.5059,0.67,5.5435,0.09788,-0.02276,0.80238,0.0017659,-0.00042353,-0.00028621,0.0014304,-0.00026419,0.0025682,0.180708,0.0804,0.66522,0.000104051,0.0185972,-0.0043244,0.1524522,6.3749E-05,-1.52894E-05,-1.03322E-05,5.16374E-05,-9.53726E-06,9.2712E-05
0.0027986,1.5142,0.67,5.5435,0.10159,-0.023822,0.80921,0.0016403,-0.00045674,-0.00022763,0.0013983,-0.00042373,0.0025586,0.181704,0.0804,0.66522,0.000101029,0.0193021,-0.00452618,0.1537499,5.92148E-05,-1.64883E-05,-8.21744E-06,5.04786E-05,-1.52967E-05,9.23655E-05
0.0027624,1.5224,0.67,5.5435,0.10507,-0.024159,0.81616,0.0015275,-0.00046281,-0.00014403,0.0013656,-0.00058218,0.0026317,0.182688,0.0804,0.66522,9.97226E-05,0.0199633,-0.00459021,0.1550704,5.51428E-05,-1.67074E-05,-5.19948E-06,4.92982E-05,-2.10167E-05,9.50044E-05
0.0027563,1.5307,0.67,5.5435,0.10873,-0.023562,0.82387,0.0014741,-0.00045043,-3.78E-05,0.0013566,-0.00071276,0.0026819,0.183684,0.0804,0.66522,9.95024E-05,0.0206587,-0.00447678,0.1565353,5.3215E-05,-1.62605E-05,-1.36451E-06,4.89733E-05,-2.57306E-05,9.68166E-05
0.0027782,1.539,0.67,5.5435,0.11281,-0.022281,0.83263,0.0014402,-0.00043424,5.82E-05,0.0013862,-0.00081185,0.0027301,0.18468,0.0804,0.66522,0.000100293,0.0214339,-0.00423339,0.1581997,5.19912E-05,-1.56761E-05,2.10095E-06,5.00418E-05,-2.93078E-05,9.85566E-05
0.0027949,1.5472,0.67,5.5435,0.11694,-0.020771,0.84184,0.0013834,-0.00042447,0.00015745,0.0014334,-0.00088481,0.0027729,0.185664,0.0804,0.66522,0.000100896,0.0222186,-0.00394649,0.1599496,4.99407E-05,-1.53234E-05,5.68395E-06,5.17457E-05,-3.19416E-05,0.000100102
0.0027951,1.5555,0.67,5.5435,0.12047,-0.019511,0.85057,0.0013131,-0.00042583,0.00023147,0.0014651,-0.00091953,0.002812,0.18666,0.0804,0.66522,0.000100903,0.0228893,-0.00370709,0.1616083,4.74029E-05,-1.53725E-05,8.35607E-06,5.28901E-05,-3.3195E-05,0.000101513
0.002742,1.5637,0.67,5.5435,0.12356,-0.018784,0.85845,0.0012442,-0.0004266,0.00027421,0.0014595,-0.00091665,0.0027803,0.187644,0.0804,0.66522,9.89862E-05,0.0234764,-0.00356896,0.1631055,4.49156E-05,-1.54003E-05,9.89898E-06,5.2688E-05,-3.30911E-05,0.000100369
0.0026427,1.572,0.67,5.5435,0.12666,-0.018334,0.86549,0.0011813,-0.00042067,0.00028876,0.0014128,-0.00088022,0.0026914,0.18864,0.0804,0.66522,9.54015E-05,0.0240654,-0.00348346,0.1644431,4.26449E-05,-1.51862E-05,1.04242E-05,5.10021E-05,-3.17759E-05,9.71595E-05
0.0025245,1.5802,0.67,5.5435,0.12934,-0.01788,0.87154,0.0011374,-0.00041474,0.000299,0.0013407,-0.00083388,0.0025709,0.189624,0.0804,0.66522,9.11345E-05,0.0245746,-0.0033972,0.1655926,4.10601E-05,-1.49721E-05,1.07939E-05,4.83993E-05,-3.01031E-05,9.28095E-05
0.0024312,1.5885,0.67,5.5435,0.1313,-0.017437,0.8763,0.0011306,-0.00041325,0.00030258,0.0012579,-0.00079145,0.0024739,0.19062,0.0804,0.66522,8.77663E-05,0.024947,-0.00331303,0.166497,4.08147E-05,-1.49183E-05,1.09231E-05,4.54102E-05,-2.85713E-05,8.93078E-05
0.0023502,1.5968,0.67,5.5435,0.13294,-0.017007,0.88003,0.0011514,-0.00041255,0.00028802,0.0011752,-0.00075459,0.0023739,0.191616,0.0804,0.66522,8.48422E-05,0.0252586,-0.00323133,0.1672057,4.15655E-05,-1.48931E-05,1.03975E-05,4.24247E-05,-2.72407E-05,8.56978E-05
0.0022759,1.605,0.67,5.5435,0.13444,-0.016334,0.88318,0.0011623,-0.00041663,0.00025693,0.0011123,-0.00072576,0.0022771,0.1926,0.0804,0.66522,8.216E-05,0.0255436,-0.00310346,0.1678042,4.1959E-05,-1.50403E-05,9.27517E-06,4.0154E-05,-2.61999E-05,8.22033E-05
0.0022248,1.6133,0.67,5.5435,0.13558,-0.015148,0.88586,0.0011599,-0.00043823,0.00023553,0.0010953,-0.00071462,0.0021944,0.193596,0.0804,0.66522,8.03153E-05,0.0257602,-0.00287812,0.1683134,4.18724E-05,-1.58201E-05,8.50263E-06,3.95403E-05,-2.57978E-05,7.92178E-05
0.0021987,1.6215,0.67,5.5435,0.13638,-0.01353,0.88791,0.0011669,-0.00046739,0.00022485,0.0011202,-0.00069586,0.0021104,0.19458,0.0804,0.66522,7.93731E-05,0.0259122,-0.0025707,0.1687029,4.21251E-05,-1.68728E-05,8.11709E-06,4.04392E-05,-2.51205E-05,7.61854E-05
0.0021539,1.6298,0.67,5.5435,0.13685,-0.011848,0.88915,0.001187,-0.00048525,0.00018884,0.0011598,-0.00062991,0.0019611,0.195576,0.0804,0.66522,7.77558E-05,0.0260015,-0.00225112,0.1689385,4.28507E-05,-1.75175E-05,6.81712E-06,4.18688E-05,-2.27398E-05,7.07957E-05
0.0020767,1.638,0.67,5.5435,0.13705,-0.010215,0.8898,0.001218,-0.00049118,0.00011017,0.001204,-0.00049744,0.0017314,0.19656,0.0804,0.66522,7.49689E-05,0.0260395,-0.00194085,0.169062,4.39698E-05,-1.77316E-05,3.97714E-06,4.34644E-05,-1.79576E-05,6.25035E-05
0.0019776,1.6463,0.67,5.5435,0.13708,-0.0082887,0.89055,0.0012484,-0.00048426,1.70E-07,0.0012367,-0.00032232,0.00147,0.197556,0.0804,0.66522,7.13914E-05,0.0260452,-0.001574853,0.1692045,4.50672E-05,-1.74818E-05,6.14242E-09,4.46449E-05,-1.16358E-05,0.000053067
0.0019062,1.6545,0.67,5.5435,0.13691,-0.0058339,0.89239,0.0012694,-0.00046353,-0.00010512,0.0012355,-0.00018403,0.0013075,0.19854,0.0804,0.66522,6.88138E-05,0.0260129,-0.001108441,0.1695541,4.58253E-05,-1.67334E-05,-3.79483E-06,4.46016E-05,-6.64348E-06,4.72008E-05
0.0018816,1.6628,0.67,5.5435,0.13664,-0.0031963,0.89601,0.0013143,-0.00044251,-0.00016368,0.0012011,-0.00012785,0.0012477,0.199536,0.0804,0.66522,6.79258E-05,0.0259616,-0.000607297,0.1702419,4.74462E-05,-1.59746E-05,-5.90885E-06,4.33597E-05,-4.61539E-06,4.5042E-05
0.0018595,1.6711,0.67,5.5435,0.13624,-0.00090429,0.90111,0.001388,-0.00043008,-0.00019189,0.0011467,-0.0001164,0.0011843,0.200532,0.0804,0.66522,6.7128E-05,0.0258856,-0.000171815,0.1712109,5.01068E-05,-1.55259E-05,-6.92723E-06,4.13959E-05,-4.20204E-06,4.27532E-05
0.0018308,1.6793,0.67,5.5435,0.13556,0.00069544,0.90694,0.001461,-0.00041873,-0.00018737,0.0010833,-0.00012603,0.0011172,0.201516,0.0804,0.66522,6.60919E-05,0.0257564,0.000132134,0.1723186,5.27421E-05,-1.51162E-05,-6.76406E-06,3.91071E-05,-4.54968E-06,4.03309E-05
0.0018191,1.6876,0.67,5.5435,0.13459,0.0015788,0.91224,0.0015288,-0.00040792,-0.00016024,0.001029,-0.00014122,0.0010804,0.202512,0.0804,0.66522,6.56695E-05,0.0255721,0.000299972,0.1733256,5.51897E-05,-1.47259E-05,-5.78466E-06,3.71469E-05,-5.09804E-06,3.90024E-05
0.0018532,1.6958,0.67,5.5435,0.1336,0.002309,0.91673,0.0016101,-0.00040708,-0.00012066,0.0010097,-0.00013675,0.0010865,0.203496,0.0804,0.66522,6.69005E-05,0.025384,0.00043871,0.1741787,5.81246E-05,-1.46956E-05,-4.35583E-06,3.64502E-05,-4.93668E-06,3.92227E-05
0.001942,1.7041,0.67,5.5435,0.13284,0.0033931,0.92158,0.0016963,-0.00041104,-6.00E-05,0.0010418,-0.00011644,0.0011459,0.204492,0.0804,0.66522,7.01062E-05,0.0252396,0.000644689,0.1751002,6.12364E-05,-1.48385E-05,-2.16687E-06,3.7609E-05,-4.20348E-06,4.1367E-05
0.0020686,1.7123,0.67,5.5435,0.13218,0.0045993,0.92604,0.0017645,-0.00042101,1.91E-05,0.0010901,-0.00013013,0.0012826,0.205476,0.0804,0.66522,7.46765E-05,0.0251142,0.000873867,0.1759476,6.36985E-05,-1.51985E-05,6.89041E-07,3.93526E-05,-4.69769E-06,4.63019E-05
0.0022266,1.7206,0.67,5.5435,0.1315,0.0055309,0.92849,0.0018429,-0.00045029,0.00012986,0.0011067,-0.00018965,0.0015037,0.206472,0.0804,0.66522,8.03803E-05,0.024985,0.001050871,0.1764131,6.65287E-05,-1.62555E-05,4.68795E-06,3.99519E-05,-6.84637E-06,5.42836E-05
0.0023674,1.7289,0.67,5.5435,0.131,0.0060886,0.93003,0.00195,-0.00048522,0.00025417,0.0010919,-0.00022207,0.0016929,0.207468,0.0804,0.66522,8.54631E-05,0.02489,0.001156834,0.1767057,0.000070395,-1.75164E-05,9.17554E-06,3.94176E-05,-8.01673E-06,6.11137E-05
0.0024082,1.7371,0.67,5.5435,0.13093,0.0063282,0.93269,0.0020738,-0.00049531,0.00033669,0.0010694,-0.00017696,0.0016733,0.208452,0.0804,0.66522,8.6936E-05,0.0248767,0.001202358,0.1772111,7.48642E-05,-1.78807E-05,1.21545E-05,3.86053E-05,-6.38826E-06,6.04061E-05
0.0023632,1.7454,0.67,5.5435,0.13139,0.0064086,0.93675,0.0021976,-0.00047657,0.00035654,0.0010733,-0.00010127,0.0014555,0.209448,0.0804,0.66522,8.53115E-05,0.0249641,0.001217634,0.1779825,7.93334E-05,-1.72042E-05,1.28711E-05,3.87461E-05,-3.65585E-06,5.25436E-05
0.0023135,1.7536,0.67,5.5435,0.13216,0.0066285,0.94128,0.002282,-0.00045529,0.00033724,0.0011314,-6.35E-05,0.0012137,0.210432,0.0804,0.66522,8.35174E-05,0.0251104,0.001259415,0.1788432,8.23802E-05,-1.6436E-05,1.21744E-05,4.08435E-05,-2.29203E-06,4.38146E-05
0.0023109,1.7619,0.67,5.5435,0.13286,0.0074575,0.94509,0.0023247,-0.00046029,0.00031127,0.0012328,-6.47E-05,0.0010643,0.211428,0.0804,0.66522,8.34235E-05,0.0252434,0.001416925,0.1795671,8.39217E-05,-1.66165E-05,1.12368E-05,4.45041E-05,-2.33502E-06,3.84212E-05
0.0023397,1.7701,0.67,5.5435,0.13322,0.0091807,0.94837,0.0023645,-0.00049665,0.00028785,0.0013448,-7.42E-05,0.00097007,0.212412,0.0804,0.66522,8.44632E-05,0.0253118,0.001744333,0.1801903,8.53585E-05,-1.79291E-05,1.03914E-05,4.85473E-05,-2.67916E-06,3.50195E-05
0.0023629,1.7784,0.67,5.5435,0.1332,0.011149,0.95206,0.0023924,-0.00055025,0.00025832,0.0014607,-7.97E-05,0.00087265,0.213408,0.0804,0.66522,8.53007E-05,0.025308,0.00211831,0.1808914,8.63656E-05,-1.9864E-05,9.32535E-06,5.27313E-05,-2.87573E-06,3.15027E-05
0.0023776,1.7866,0.67,5.5435,0.13282,0.012201,0.95593,0.0023944,-0.00060472,0.00022531,0.0015669,-8.99E-05,0.00079403,0.214392,0.0804,0.66522,8.58314E-05,0.0252358,0.00231819,0.1816267,8.64378E-05,-2.18304E-05,8.13369E-06,5.65651E-05,-3.24691E-06,2.86645E-05
0.0023805,1.7949,0.67,5.5435,0.13221,0.011837,0.95956,0.0023915,-0.00064308,0.00019894,0.0016298,-0.00011752,0.00073974,0.215388,0.0804,0.66522,8.59361E-05,0.0251199,0.00224903,0.1823164,8.63332E-05,-2.32152E-05,7.18173E-06,5.88358E-05,-4.24247E-06,2.67046E-05
0.0023701,1.8032,0.67,5.5435,0.13152,0.01046,0.9634,0.0023787,-0.00066063,0.00018055,0.0016497,-0.000151,0.00071183,0.216384,0.0804,0.66522,8.55606E-05,0.0249888,0.0019874,0.183046,8.58711E-05,-2.38487E-05,6.51786E-06,5.95542E-05,-5.4511E-06,2.56971E-05
0.0023549,1.8114,0.67,5.5435,0.13077,0.0088085,0.96768,0.0023355,-0.00066016,0.00017543,0.0016467,-0.00018373,0.00072752,0.217368,0.0804,0.66522,8.50119E-05,0.0248463,0.001673615,0.1838592,8.43116E-05,-2.38318E-05,6.33302E-06,5.94459E-05,-6.63265E-06,2.62635E-05
0.0023481,1.8197,0.67,5.5435,0.12992,0.0074895,0.97252,0.0022587,-0.00064731,0.00021646,0.0016397,-0.00021373,0.00079775,0.218364,0.0804,0.66522,8.47664E-05,0.0246848,0.001423005,0.1847788,8.15391E-05,-2.33679E-05,7.81421E-06,5.91932E-05,-7.71565E-06,2.87988E-05
0.0023535,1.8279,0.67,5.5435,0.12891,0.006965,0.97722,0.0021656,-0.00063271,0.00029576,0.0016437,-0.00025811,0.00089776,0.219348,0.0804,0.66522,8.49614E-05,0.0244929,0.00132335,0.1856718,7.81782E-05,-2.28408E-05,1.06769E-05,5.93376E-05,-9.31777E-06,3.24091E-05
0.002391,1.8362,0.67,5.5435,0.1278,0.0073211,0.98177,0.0020835,-0.0006355,0.00042871,0.0016636,-0.00035134,0.0010349,0.220344,0.0804,0.66522,8.63151E-05,0.024282,0.001391009,0.1865363,7.52144E-05,-2.29416E-05,1.54764E-05,6.0056E-05,-1.26834E-05,3.73599E-05
0.002444,1.8446,0.67,5.5435,0.12662,0.008373,0.98571,0.0020114,-0.00065806,0.00056337,0.0016807,-0.00046195,0.0011958,0.221352,0.0804,0.66522,8.82284E-05,0.0240578,0.00159087,0.1872849,7.26115E-05,-2.3756E-05,2.03377E-05,6.06733E-05,-1.66764E-05,4.31684E-05
0.0025021,1.8534,0.67,5.5435,0.12541,0.0096193,0.98895,0.001933,-0.00068823,0.00065469,0.0017006,-0.00058384,0.0013706,0.222408,0.0804,0.66522,9.03258E-05,0.0238279,0.001827667,0.1879005,6.97813E-05,-2.48451E-05,2.36343E-05,6.13917E-05,-2.10766E-05,4.94787E-05
0.0025519,1.8626,0.67,5.5435,0.12423,0.010589,0.99172,0.0018523,-0.00071723,0.00069535,0.0017321,-0.00069472,0.0015194,0.223512,0.0804,0.66522,9.21236E-05,0.0236037,0.00201191,0.1884268,6.6868E-05,-2.5892E-05,2.51021E-05,6.25288E-05,-2.50794E-05,5.48503E-05
0.002559,1.8723,0.67,5.5435,0.12306,0.011377,0.99404,0.0017741,-0.00072267,0.00068293,0.0017347,-0.00080155,0.0016091,0.224676,0.0804,0.66522,9.23799E-05,0.0233814,0.00216163,0.1888676,6.4045E-05,-2.60884E-05,2.46538E-05,6.26227E-05,-2.8936E-05,5.80885E-05
0.0025084,1.8824,0.67,5.5435,0.1218,0.011756,0.99586,0.0016962,-0.00070714,0.00060502,0.0016804,-0.00085419,0.0016403,0.225888,0.0804,0.66522,9.05532E-05,0.023142,0.00223364,0.1892134,6.12328E-05,-2.55278E-05,2.18412E-05,6.06624E-05,-3.08363E-05,5.92148E-05
0.0024859,1.8931,0.67,5.5435,0.1204,0.011385,0.99795,0.0016376,-0.0007084,0.00046958,0.0016527,-0.00086338,0.0016816,0.227172,0.0804,0.66522,8.9741E-05,0.022876,0.00216315,0.1896105,5.91174E-05,-2.55732E-05,1.69518E-05,5.96625E-05,-3.1168E-05,6.07058E-05
0.002551,1.9042,0.67,5.5435,0.11878,0.011105,1.0019,0.0016209,-0.00073349,0.00036215,0.0016933,-0.0008952,0.0017878,0.228504,0.0804,0.66522,9.20911E-05,0.0225682,0.00210995,0.190361,5.85145E-05,-2.6479E-05,1.30736E-05,6.11281E-05,-3.23167E-05,6.45396E-05
0.0026546,1.9159,0.67,5.5435,0.11669,0.01187,1.0064,0.0016343,-0.00074571,0.00031467,0.0017117,-0.00091708,0.0019631,0.229908,0.0804,0.66522,9.58311E-05,0.0221711,0.0022553,0.191216,5.89982E-05,-2.69201E-05,1.13596E-05,6.17924E-05,-3.31066E-05,7.08679E-05
0.0027683,1.9282,0.67,5.5435,0.11414,0.012202,1.0088,0.0016487,-0.00072812,0.00030639,0.0016396,-0.00094211,0.0022484,0.231384,0.0804,0.66522,9.99356E-05,0.0216866,0.00231838,0.191672,5.95181E-05,-2.62851E-05,1.10607E-05,5.91896E-05,-3.40102E-05,8.11672E-05
0.0027977,1.941,0.67,5.5435,0.11162,0.0116,1.0085,0.0016491,-0.00065699,0.00030639,0.0014804,-0.00084901,0.0024659,0.23292,0.0804,0.66522,0.000100997,0.0212078,0.002204,0.191615,5.95325E-05,-2.37173E-05,1.10607E-05,5.34424E-05,-3.06493E-05,8.9019E-05
0.0026521,1.9545,0.67,5.5435,0.10943,0.010894,1.0097,0.0016477,-0.0004782,0.00022696,0.0013207,-0.00074695,0.0023357,0.23454,0.0804,0.66522,9.57408E-05,0.0207917,0.00206986,0.191843,5.9482E-05,-1.7263E-05,8.19326E-06,4.76773E-05,-2.69649E-05,8.43188E-05
0.0024469,1.9686,0.67,5.5435,0.10696,0.011518,1.0143,0.0016399,-0.00023947,5.02E-05,0.0011752,-0.00066734,0.0020787,0.236232,0.0804,0.66522,8.83331E-05,0.0203224,0.00218842,0.192717,5.92004E-05,-8.64487E-06,1.81153E-06,4.24247E-05,-2.4091E-05,7.50411E-05
0.0022267,1.9833,0.67,5.5435,0.10367,0.012349,1.0186,0.0015972,-4.43E-05,-8.94E-05,0.0010542,-0.00049407,0.001802,0.237996,0.0804,0.66522,8.03839E-05,0.0196973,0.00234631,0.193534,5.76589E-05,-1.59966E-06,-3.22882E-06,3.80566E-05,-1.78359E-05,6.50522E-05
0.0021484,1.9988,0.67,5.5435,0.1004,0.012926,1.0161,0.0015346,6.83E-05,-0.00023827,0.0011428,-0.00045137,0.0016194,0.239856,0.0804,0.66522,7.75572E-05,0.019076,0.00245594,0.193059,5.53991E-05,2.46426E-06,-8.60155E-06,4.12551E-05,-1.62945E-05,5.84603E-05
0.0022468,2.0149,0.67,5.5435,0.097863,0.010605,1.0144,0.0014518,7.19E-05,-0.00023286,0.0010987,-0.00039252,0.0019431,0.241788,0.0804,0.66522,8.11095E-05,0.01859397,0.00201495,0.192736,5.241E-05,2.59555E-06,-8.40625E-06,3.96631E-05,-1.417E-05,7.01459E-05
0.0023996,2.0319,0.67,5.5435,0.095314,0.0080446,1.009,0.0013533,7.68E-05,-0.0001899,0.00097912,-9.54E-05,0.0024668,0.243828,0.0804,0.66522,8.66256E-05,0.01810966,0.001528474,0.19171,4.88541E-05,2.77241E-06,-6.85539E-06,3.53462E-05,-3.44401E-06,8.90515E-05
0.0027229,2.0496,0.67,5.5435,0.092154,0.0030237,1.0067,0.001335,7.60E-05,0.00017456,0.00081217,0.00010742,0.0032986,0.245952,0.0804,0.66522,9.82967E-05,0.01750926,0.000574503,0.191273,4.81935E-05,2.7418E-06,6.30162E-06,2.93193E-05,3.87786E-06,0.000119079
0.003397,2.0681,0.67,5.5435,0.087732,0.001935,1.0005,0.0014416,1.55E-05,0.00075246,0.0007118,0.00022122,0.0046406,0.248172,0.0804,0.66522,0.000122632,0.01666908,0.00036765,0.190095,5.20418E-05,5.5955E-07,2.71638E-05,2.5696E-05,7.98604E-06,0.000167526
0.004245,2.0875,0.67,5.5435,0.082489,0.0027521,0.99018,0.0016527,-0.00016084,0.0013174,0.000762,-0.0002118,0.0060753,0.2505,0.0804,0.66522,0.000153245,0.01567291,0.000522899,0.1881342,5.96625E-05,-5.80632E-06,4.75581E-05,2.75082E-05,-7.64598E-06,0.000219318
0.0051263,2.1078,0.67,5.5435,0.07749,0.0053059,0.98983,0.0019101,-0.00023834,0.0022003,0.00072905,-0.0004766,0.0076135,0.252936,0.0804,0.66522,0.000185059,0.0147231,0.001008121,0.1880677,6.89546E-05,-8.60407E-06,7.94308E-05,2.63187E-05,-1.72053E-05,0.000274847
0.0053015,2.129,0.67,5.5435,0.07381,0.01434,0.98221,0.0020688,-0.00019005,0.0025724,0.0008123,-0.00024719,0.0077218,0.25548,0.0804,0.66522,0.000191384,0.0140239,0.0027246,0.1866199,7.46837E-05,-6.86081E-06,9.28636E-05,2.9324E-05,-8.92356E-06,0.000278757
0.0045558,2.1511,0.67,5.5435,0.072648,0.017632,0.97795,0.0020726,-2.79E-05,0.0022256,0.00089969,-1.91E-05,0.0061393,0.258132,0.0804,0.66522,0.000164464,0.01380312,0.00335008,0.1858105,7.48209E-05,-1.00874E-06,8.03442E-05,3.24788E-05,-6.89618E-07,0.000221629
0.0038363,2.1743,0.67,5.5435,0.070835,0.019594,0.98549,0.0019821,0.00010171,0.0018553,0.0010595,0.00012818,0.004631,0.260916,0.0804,0.66522,0.00013849,0.01345865,0.00372286,0.1872431,7.15538E-05,3.67173E-06,6.69763E-05,3.8248E-05,4.6273E-06,0.000167179
0.0035551,2.1984,0.67,5.5435,0.065101,0.022676,0.98456,0.0017678,0.00018621,0.0016973,0.0010969,0.00016851,0.0042455,0.263808,0.0804,0.66522,0.000128339,0.01236919,0.00430844,0.1870664,6.38176E-05,6.72218E-06,6.12725E-05,3.95981E-05,6.08321E-06,0.000153263
0.0039238,2.2237,0.67,5.5435,0.059273,0.026915,0.95814,0.0015766,0.00050723,0.0015892,0.0017256,0.00090868,0.0045453,0.266844,0.0804,0.66522,0.000141649,0.01126187,0.00511385,0.1820466,5.69153E-05,1.8311E-05,5.73701E-05,6.22942E-05,3.28033E-05,0.000164085
0.0052109,2.2501,0.67,5.5435,0.055648,0.030777,0.93972,0.0016289,0.00058179,0.0016331,0.0022141,0.0012544,0.0065788,0.270012,0.0804,0.66522,0.000188113,0.01057312,0.00584763,0.1785468,5.88033E-05,2.10026E-05,5.89549E-05,7.9929E-05,4.52838E-05,0.000237495
0.0050678,2.2776,0.67,5.5435,0.050498,0.032082,0.93484,0.0018006,0.00031675,0.0015073,0.0018208,0.0003587,0.0065141,0.273312,0.0804,0.66522,0.000182948,0.00959462,0.00609558,0.1776196,6.50017E-05,1.14347E-05,5.44135E-05,6.57309E-05,1.29491E-05,0.000235159
0.0050161,2.3063,0.67,5.5435,0.043247,0.036964,0.92258,0.0019899,0.0001622,0.0011563,0.0015599,-0.00066115,0.0064824,0.276756,0.0804,0.66522,0.000181081,0.00821693,0.00702316,0.1752902,7.18354E-05,5.85542E-06,4.17424E-05,5.63124E-05,-2.38675E-05,0.000234015
0.0060196,2.3362,0.67,5.5435,0.033798,0.05081,0.90978,0.0022335,0.00037553,0.0014322,0.0018575,-0.000549,0.0079482,0.280344,0.0804,0.66522,0.000217308,0.00642162,0.0096539,0.1728582,8.06294E-05,1.35566E-05,5.17024E-05,6.70558E-05,-1.98189E-05,0.00028693
0.0054587,2.3674,0.67,5.5435,0.024442,0.059966,0.88556,0.0024227,0.00054348,0.0015327,0.0026725,9.99E-05,0.0058221,0.284088,0.0804,0.66522,0.000197059,0.00464398,0.01139354,0.1682564,8.74595E-05,1.96196E-05,5.53305E-05,9.64773E-05,3.6057E-06,0.000210178
0.0054291,2.3999,0.67,5.5435,0.01743,0.065427,0.85614,0.0020886,0.00077678,0.0013504,0.0040649,0.00038944,0.0047047,0.287988,0.0804,0.66522,0.000195991,0.0033117,0.01243113,0.1626666,7.53985E-05,2.80418E-05,4.87494E-05,0.000146743,1.40588E-05,0.00016984
0.0053735,2.4338,0.67,5.5435,0.0094812,0.072513,0.81528,0.0011996,0.00059805,0.0013128,0.0038788,0.0007663,0.0056685,0.292056,0.0804,0.66522,0.000193983,0.001801428,0.01377747,0.1549032,4.33056E-05,2.15896E-05,4.73921E-05,0.000140025,2.76634E-05,0.000204633
0.0038948,2.4691,0.67,5.5435,0.0030904,0.066309,0.70201,0.00037233,8.90E-05,0.00070998,0.0022067,0.00085992,0.0052106,0.296292,0.0804,0.66522,0.000140602,0.000587176,0.01259871,0.1333819,1.34411E-05,3.21308E-06,2.56303E-05,7.96619E-05,3.10431E-05,0.000188103
0.0014895,2.5058,0.67,5.5435,0.00036513,0.029171,0.30874,2.34E-05,1.53E-05,0.00012471,0.00084221,0.00034411,0.0021133,0.300696,0.0804,0.66522,5.3771E-05,6.93747E-05,0.00554249,0.0586606,8.45787E-07,5.53738E-07,4.50203E-06,3.04038E-05,1.24224E-05,7.62901E-05
4.91E-08,2.544,0.67,5.5435,-0.00026986,-5.79E-14,-3.09E-18,9.82E-08,2.11E-17,1.99E-21,4.52E-27,4.27E-31,1.55E-34,0.30528,0.0804,0.66522,1.77186E-09,-5.12734E-05,-1.09928E-14,-5.87689E-19,3.54372E-09,7.60122E-19,7.17921E-23,1.63038E-28,1.5432E-32,5.59947E-36
0,2.5837,0.67,5.5435,0,0,0,0,0,0,0,0,0,0.310044,0.0804,0.66522,0,0,0,0,0,0,0,0,0,0
0,2.625,0.67,5.5435,0,0,0,0,0,0,0,0,0,0.315,0.0804,0.66522,0,0,0,0,0,0,0,0,0,0
0,-0.125,0.67,5.5579,0,0,0,0,0,0,0,0,0,-0.015,0.0804,0.666948,0,0,0,0,0,0,0,0,0,0
0,-0.083719,0.67,5.5579,0,0,0,0,0,0,0,0,0,-0.01004628,0.0804,0.666948,0,0,0,0,0,0,0,0,0,0
2.16E-08,-0.044001,0.67,5.5579,-0.00068274,-1.90E-13,-3.56E-17,4.33E-08,1.21E-17,2.90E-21,3.37E-27,8.10E-31,2.53E-34,-0.00528012,0.0804,0.666948,7.80879E-10,-0.000129721,-3.61513E-14,-6.76495E-18,1.56176E-09,4.35619E-19,1.0482E-22,1.21513E-28,2.92251E-32,9.1185E-36
0.00093222,-0.0058053,0.67,5.5579,-0.0026574,0.025184,0.38859,1.11E-05,-2.24E-05,-3.57E-05,0.00079806,-0.0001938,0.0010553,-0.000696636,0.0804,0.666948,3.36531E-05,-0.000504906,0.00478496,0.0738321,4.00891E-07,-8.09218E-07,-1.28751E-06,2.881E-05,-6.99618E-06,3.80963E-05
0.0024406,0.030909,0.67,5.5579,-0.0096115,0.057012,0.87952,0.00017653,-0.00013163,-0.00020397,0.0020738,-0.0004976,0.0026309,0.00370908,0.0804,0.666948,8.81057E-05,-0.001826185,0.01083228,0.1671088,6.37273E-06,-4.75184E-06,-7.36332E-06,7.48642E-05,-1.79634E-05,9.49755E-05
0.0026034,0.066184,0.67,5.5579,-0.021626,0.051965,0.99415,0.00045565,-0.00020492,-0.00010579,0.0017679,-0.00051552,0.0029833,0.00794208,0.0804,0.666948,9.39827E-05,-0.00410894,0.00987335,0.1888885,1.6449E-05,-7.39761E-06,-3.81902E-06,6.38212E-05,-1.86103E-05,0.000107697
0.0025637,0.10006,0.67,5.5579,-0.035501,0.038956,1.0281,0.00053963,-0.00024637,4.13E-05,0.0014401,-0.00055775,0.0031477,0.0120072,0.0804,0.666948,9.25496E-05,-0.00674519,0.00740164,0.195339,1.94806E-05,-8.89396E-06,1.49039E-06,5.19876E-05,-2.01348E-05,0.000113632
0.0030881,0.13258,0.67,5.5579,-0.045508,0.031171,1.0494,0.00048561,-0.00018831,3.25E-05,0.0014024,-0.00077727,0.0042882,0.0159096,0.0804,0.666948,0.00011148,-0.00864652,0.00592249,0.199386,1.75305E-05,-6.79799E-06,1.17145E-06,5.06266E-05,-2.80594E-05,0.000154804
0.0026748,0.16379,0.67,5.5579,-0.04755,0.018792,1.0646,0.00056239,-7.29E-05,-0.00011868,0.00093301,-0.00057651,0.0038542,0.0196548,0.0804,0.666948,9.65603E-05,-0.0090345,0.00357048,0.202274,2.03023E-05,-2.63194E-06,-4.28435E-06,3.36817E-05,-2.0812E-05,0.000139137
0.0023779,0.19372,0.67,5.5579,-0.047702,0.016723,1.0729,0.0007603,7.18E-06,-0.00031798,0.0010208,-0.00048289,0.0029748,0.0232464,0.0804,0.666948,8.58422E-05,-0.00906338,0.00317737,0.203851,2.74468E-05,2.59187E-07,-1.14791E-05,3.68509E-05,-1.74323E-05,0.00010739
0.0035342,0.22242,0.67,5.5579,-0.049288,0.02374,1.0761,0.0010543,3.79E-05,-0.00082296,0.0011351,-0.00064194,0.0048791,0.0266904,0.0804,0.666948,0.000127585,-0.00936472,0.0045106,0.204459,3.80602E-05,1.36974E-06,-2.97089E-05,4.09771E-05,-2.3174E-05,0.000176136
0.0032293,0.24993,0.67,5.5579,-0.053318,0.026256,1.0806,0.0012846,0.00011705,-0.0010229,0.0011224,-0.00023379,0.0040516,0.0299916,0.0804,0.666948,0.000116578,-0.01013042,0.00498864,0.205314,4.63741E-05,4.22551E-06,-3.69267E-05,4.05186E-05,-8.43982E-06,0.000146263
0.0022905,0.27629,0.67,5.5579,-0.059169,0.026315,1.0818,0.0012736,0.00015505,-0.00087302,0.0012017,-0.00023451,0.0021058,0.0331548,0.0804,0.666948,8.26871E-05,-0.01124211,0.00499985,0.205542,4.5977E-05,5.59731E-06,-3.1516E-05,4.33814E-05,-8.46581E-06,7.60194E-05
0.0030455,0.30154,0.67,5.5579,-0.064394,0.023791,1.0818,0.001302,2.64E-05,-0.00086795,0.0017927,-0.00096755,0.0029962,0.0361848,0.0804,0.666948,0.000109943,-0.01223486,0.00452029,0.205542,4.70022E-05,9.52318E-07,-3.1333E-05,6.47165E-05,-3.49286E-05,0.000108163
0.0037211,0.32572,0.67,5.5579,-0.069281,0.016476,1.0861,0.0014683,3.87E-05,-0.00090779,0.0018628,-0.0013919,0.0041112,0.0390864,0.0804,0.666948,0.000134332,-0.01316339,0.00313044,0.206359,5.30056E-05,1.39631E-06,-3.27712E-05,6.72471E-05,-5.02476E-05,0.000148414
0.0031364,0.34887,0.67,5.5579,-0.073491,0.015382,1.0878,0.001526,7.97E-05,-0.00044126,0.0012756,-0.0009446,0.003471,0.0418644,0.0804,0.666948,0.000113224,-0.01396329,0.00292258,0.206682,5.50886E-05,2.87681E-06,-1.59295E-05,4.60492E-05,-3.41001E-05,0.000125303
0.0022982,0.37102,0.67,5.5579,-0.077104,0.022485,1.0856,0.0014331,0.00014173,-0.0001276,0.0011371,-0.0004411,0.0020262,0.0445224,0.0804,0.666948,8.2965E-05,-0.01464976,0.00427215,0.206264,5.17349E-05,5.11645E-06,-4.60636E-06,4.10493E-05,-1.59237E-05,7.31458E-05
0.0022241,0.39221,0.67,5.5579,-0.082062,0.031355,1.086,0.0013491,0.00016406,-0.00032197,0.0011679,-0.00051492,0.0019313,0.0470652,0.0804,0.666948,8.029E-05,-0.01559178,0.00595745,0.20634,4.87025E-05,5.92257E-06,-1.16231E-05,4.21612E-05,-1.85886E-05,6.97199E-05
0.0023788,0.41248,0.67,5.5579,-0.087319,0.036174,1.0806,0.0014046,0.00021869,-0.000335,0.0011767,-0.00079999,0.0021764,0.0494976,0.0804,0.666948,8.58747E-05,-0.01659061,0.00687306,0.205314,5.07061E-05,7.89471E-06,-1.20935E-05,4.24789E-05,-2.88796E-05,7.8568E-05
0.0030978,0.43187,0.67,5.5579,-0.090432,0.038187,1.0758,0.0016088,0.00042443,-0.00079055,0.0013338,-0.001142,0.003253,0.0518244,0.0804,0.666948,0.000111831,-0.01718208,0.00725553,0.204402,5.80777E-05,1.53219E-05,-2.85389E-05,4.81502E-05,-4.12262E-05,0.000117433
0.0036973,0.4504,0.67,5.5579,-0.092412,0.039513,1.0683,0.001806,0.00054559,-0.0007785,0.0015921,-0.0014396,0.0039966,0.054048,0.0804,0.666948,0.000133473,-0.01755828,0.00750747,0.202977,6.51966E-05,1.96958E-05,-2.81039E-05,5.74748E-05,-5.19696E-05,0.000144277
0.0039142,0.46812,0.67,5.5579,-0.095541,0.038665,1.0693,0.0017981,0.00042529,-0.00042721,0.0017393,-0.0016983,0.0042911,0.0561744,0.0804,0.666948,0.000141303,-0.01815279,0.00734635,0.203167,6.49114E-05,1.5353E-05,-1.54223E-05,6.27887E-05,-6.13086E-05,0.000154909
0.0034062,0.48504,0.67,5.5579,-0.10049,0.036868,1.0707,0.0016068,0.00014129,-0.0001239,0.0016752,-0.001373,0.0035305,0.0582048,0.0804,0.666948,0.000122964,-0.0190931,0.00700492,0.203433,5.80055E-05,5.10057E-06,-4.47279E-06,6.04747E-05,-4.95653E-05,0.000127451
0.0026954,0.50122,0.67,5.5579,-0.10609,0.03303,1.0716,0.0013811,-8.47E-05,6.51E-05,0.0015299,-0.0010398,0.0024797,0.0601464,0.0804,0.666948,9.73039E-05,-0.0201571,0.0062757,0.203604,4.98577E-05,-3.05872E-06,2.35116E-06,5.52294E-05,-3.75368E-05,8.95172E-05
0.0025151,0.51667,0.67,5.5579,-0.11097,0.030262,1.0742,0.0012155,-0.00023338,-6.79E-05,0.0014033,-0.00092285,0.0024115,0.0620004,0.0804,0.666948,9.07951E-05,-0.0210843,0.00574978,0.204098,4.38796E-05,-8.42502E-06,-2.45224E-06,5.06591E-05,-3.33149E-05,8.70552E-05
0.0024277,0.53142,0.67,5.5579,-0.11487,0.027564,1.079,0.0011235,-0.00024689,-0.00025905,0.0013169,-0.000616,0.002415,0.0637704,0.0804,0.666948,8.764E-05,-0.0218253,0.00523716,0.20501,4.05584E-05,-8.91273E-06,-9.35171E-06,4.75401E-05,-2.22376E-05,8.71815E-05
0.0023446,0.54551,0.67,5.5579,-0.11842,0.023763,1.0811,0.0011205,-0.0001733,-0.0004335,0.0012739,-0.00024132,0.0022947,0.0654612,0.0804,0.666948,8.46401E-05,-0.0224998,0.00451497,0.205409,4.04501E-05,-6.25613E-06,-1.56494E-05,4.59878E-05,-8.71165E-06,8.28387E-05
0.0022813,0.55896,0.67,5.5579,-0.12155,0.019695,1.0808,0.0012425,-8.80E-05,-0.00064451,0.001372,-3.27E-05,0.001948,0.0670752,0.0804,0.666948,8.23549E-05,-0.0230945,0.00374205,0.205352,4.48543E-05,-3.17604E-06,-2.32668E-05,4.95292E-05,-1.17993E-06,7.03228E-05
0.0024548,0.5718,0.67,5.5579,-0.12375,0.016143,1.0818,0.0014677,7.78E-05,-0.00089433,0.0015355,-0.00013825,0.0019064,0.068616,0.0804,0.666948,8.86183E-05,-0.0235125,0.00306717,0.205542,5.2984E-05,2.80854E-06,-3.22853E-05,5.54316E-05,-4.99083E-06,6.8821E-05
0.0026821,0.58405,0.67,5.5579,-0.12537,0.014302,1.08,0.0017384,0.00028814,-0.0011551,0.0016463,-0.00024293,0.0019795,0.070086,0.0804,0.666948,9.68238E-05,-0.0238203,0.00271738,0.2052,6.27562E-05,1.04019E-05,-4.16991E-05,5.94314E-05,-8.76977E-06,7.146E-05
0.0029663,0.59575,0.67,5.5579,-0.12734,0.011686,1.0782,0.0019859,0.00044764,-0.0013546,0.0017418,-0.00028889,0.002205,0.07149,0.0804,0.666948,0.000107083,-0.0241946,0.00222034,0.204858,7.1691E-05,1.61598E-05,-4.89011E-05,6.2879E-05,-1.04289E-05,7.96005E-05
0.0030588,0.6069,0.67,5.5579,-0.13007,0.0071748,1.0768,0.0021398,0.00051203,-0.0013886,0.0017381,-0.00028135,0.0022398,0.072828,0.0804,0.666948,0.000110423,-0.0247133,0.001363212,0.204592,7.72468E-05,1.84843E-05,-5.01285E-05,6.27454E-05,-1.01567E-05,8.08568E-05
0.0029622,0.61755,0.67,5.5579,-0.1333,0.0019687,1.0776,0.0021614,0.00049509,-0.0013296,0.0016149,-0.00028673,0.0021482,0.074106,0.0804,0.666948,0.000106935,-0.025327,0.000374053,0.204744,7.80265E-05,1.78727E-05,-4.79986E-05,5.82979E-05,-1.0351E-05,7.755E-05
0.0027839,0.6277,0.67,5.5579,-0.13684,-0.0026689,1.0825,0.0020715,0.00042421,-0.0012197,0.0014596,-0.00036939,0.0020367,0.075324,0.0804,0.666948,0.000100499,-0.0259996,-0.000507091,0.205675,7.47812E-05,1.5314E-05,-4.40312E-05,5.26916E-05,-1.3335E-05,7.35249E-05
0.0025828,0.63738,0.67,5.5579,-0.14051,-0.0062059,1.0884,0.0019109,0.00032401,-0.0010716,0.001301,-0.00046208,0.0019536,0.0764856,0.0804,0.666948,9.32391E-05,-0.0266969,-0.001179121,0.206796,6.89835E-05,1.16968E-05,-3.86848E-05,4.69661E-05,-1.66811E-05,7.0525E-05
0.0023976,0.64661,0.67,5.5579,-0.14421,-0.008607,1.093,0.0017171,0.00020227,-0.00090549,0.0011738,-0.0005295,0.0019042,0.0775932,0.0804,0.666948,8.65534E-05,-0.0273999,-0.00163533,0.20767,6.19873E-05,7.30195E-06,-3.26882E-05,4.23742E-05,-1.9115E-05,6.87416E-05
0.0021856,0.65542,0.67,5.5579,-0.14793,-0.010289,1.0961,0.0015116,8.37E-05,-0.00071584,0.0010795,-0.000589,0.0017802,0.0786504,0.0804,0.666948,7.89002E-05,-0.0281067,-0.00195491,0.208259,5.45688E-05,3.02005E-06,-2.58418E-05,3.897E-05,-2.12629E-05,6.42652E-05
0.0019738,0.66381,0.67,5.5579,-0.15158,-0.011559,1.0979,0.0013018,-1.25E-05,-0.00049081,0.0010189,-0.00062601,0.0016269,0.0796572,0.0804,0.666948,7.12542E-05,-0.0288002,-0.00219621,0.208601,4.6995E-05,-4.51936E-07,-1.77182E-05,3.67823E-05,-2.2599E-05,5.87311E-05
0.0017947,0.67207,0.67,5.5579,-0.15517,-0.012678,1.1007,0.0011156,-8.06E-05,-0.00026127,0.0009689,-0.00065696,0.0015048,0.0806484,0.0804,0.666948,6.47887E-05,-0.0294823,-0.00240882,0.209133,4.02732E-05,-2.90905E-06,-9.43185E-06,3.49773E-05,-2.37163E-05,5.43233E-05
0.001714,0.68032,0.67,5.5579,-0.1586,-0.013682,1.1038,0.00099535,-0.00012949,-9.54E-05,0.00090451,-0.00067556,0.0015282,0.0816384,0.0804,0.666948,6.18754E-05,-0.030134,-0.00259958,0.209722,3.59321E-05,-4.67459E-06,-3.44289E-06,3.26528E-05,-2.43877E-05,5.5168E-05
0.0017051,0.68858,0.67,5.5579,-0.16166,-0.014658,1.1054,0.00093805,-0.00016925,8.76E-06,0.00083065,-0.00067939,0.0016415,0.0826296,0.0804,0.666948,6.15541E-05,-0.0307154,-0.00278502,0.210026,3.38636E-05,-6.10993E-06,3.16081E-07,2.99865E-05,-2.4526E-05,5.92582E-05
0.0017391,0.69683,0.67,5.5579,-0.16422,-0.015915,1.105,0.0009265,-0.00020358,7.30E-05,0.00078968,-0.00067683,0.0017621,0.0836196,0.0804,0.666948,6.27815E-05,-0.0312018,-0.00302385,0.20995,3.34467E-05,-7.34924E-06,2.63393E-06,2.85074E-05,-2.44336E-05,6.36118E-05
0.0017908,0.70509,0.67,5.5579,-0.16633,-0.017287,1.1029,0.00096162,-0.00022998,0.00011072,0.00081091,-0.0006819,0.001809,0.0846108,0.0804,0.666948,6.46479E-05,-0.0316027,-0.00328453,0.209551,3.47145E-05,-8.30228E-06,3.99699E-06,2.92739E-05,-2.46166E-05,6.53049E-05
0.0018681,0.71335,0.67,5.5579,-0.16815,-0.018164,1.0995,0.0010268,-0.00025067,0.00013001,0.00088805,-0.00069627,0.0018213,0.085602,0.0804,0.666948,6.74384E-05,-0.0319485,-0.00345116,0.208905,3.70675E-05,-9.04919E-06,4.69336E-06,3.20586E-05,-2.51353E-05,6.57489E-05
0.0019679,0.7216,0.67,5.5579,-0.16974,-0.018206,1.0946,0.001103,-0.00026158,0.00013603,0.0010062,-0.00071109,0.0018266,0.086592,0.0804,0.666948,7.10412E-05,-0.0322506,-0.00345914,0.207974,3.98183E-05,-9.44304E-06,4.91068E-06,3.63238E-05,-2.56703E-05,6.59403E-05
0.0020647,0.72986,0.67,5.5579,-0.17099,-0.017411,1.0889,0.0011739,-0.00025985,0.0001177,0.001139,-0.00072373,0.0018166,0.0875832,0.0804,0.666948,7.45357E-05,-0.0324881,-0.00330809,0.206891,4.23778E-05,-9.38059E-06,4.24897E-06,4.11179E-05,-2.61267E-05,6.55793E-05
0.0021639,0.73811,0.67,5.5579,-0.17203,-0.01579,1.0826,0.0012319,-0.00025611,7.54E-05,0.0012681,-0.00074645,0.0018278,0.0885732,0.0804,0.666948,7.81168E-05,-0.0326857,-0.0030001,0.205694,4.44716E-05,-9.24557E-06,2.72122E-06,4.57784E-05,-2.69468E-05,6.59836E-05
0.002278,0.74637,0.67,5.5579,-0.17317,-0.013507,1.076,0.0012886,-0.00025588,4.90E-06,0.0013968,-0.00077973,0.0018705,0.0895644,0.0804,0.666948,8.22358E-05,-0.0329023,-0.00256633,0.20444,4.65185E-05,-9.23727E-06,1.76796E-07,5.04245E-05,-2.81483E-05,6.75251E-05
0.0024381,0.75463,0.67,5.5579,-0.1742,-0.010728,1.0689,0.0013428,-0.00025937,-5.16E-05,0.0015445,-0.00083363,0.0019889,0.0905556,0.0804,0.666948,8.80154E-05,-0.033098,-0.00203832,0.203091,4.84751E-05,-9.36326E-06,-1.8628E-06,5.57565E-05,-3.0094E-05,7.17993E-05
0.0026529,0.76288,0.67,5.5579,-0.17477,-0.0075598,1.0609,0.0013827,-0.00026124,-5.31E-05,0.0017177,-0.00092396,0.0022053,0.0915456,0.0804,0.666948,9.57697E-05,-0.0332063,-0.001436362,0.201571,4.99155E-05,-9.43076E-06,-1.91695E-06,6.2009E-05,-3.3355E-05,7.96113E-05
0.0028941,0.77114,0.67,5.5579,-0.1753,-0.0042817,1.0529,0.0014061,-0.00026267,-1.28E-05,0.0019043,-0.0010561,0.0024778,0.0925368,0.0804,0.666948,0.000104477,-0.033307,-0.000813523,0.200051,5.07602E-05,-9.48239E-06,-4.61466E-07,6.87452E-05,-3.81252E-05,8.94486E-05
0.0031223,0.7794,0.67,5.5579,-0.17617,-0.0012713,1.0457,0.0014268,-0.00028123,5.57E-05,0.00207,-0.0011921,0.0027477,0.093528,0.0804,0.666948,0.000112715,-0.0334723,-0.000241547,0.198683,5.15075E-05,-1.01524E-05,2.01164E-06,0.000074727,-4.30348E-05,9.9192E-05
0.0033104,0.78765,0.67,5.5579,-0.17721,0.0013494,1.0394,0.0014577,-0.00033593,0.00015267,0.0021948,-0.0012935,0.0029683,0.094518,0.0804,0.666948,0.000119505,-0.0336699,0.000256386,0.197486,5.2623E-05,-1.21271E-05,5.51139E-06,7.92323E-05,-4.66954E-05,0.000107156
0.0034436,0.79591,0.67,5.5579,-0.17862,0.0037234,1.0337,0.0014853,-0.00043672,0.0002872,0.0023016,-0.0013379,0.0031003,0.0955092,0.0804,0.666948,0.000124314,-0.0339378,0.000707446,0.196403,5.36193E-05,-1.57656E-05,1.03679E-05,8.30878E-05,-4.82982E-05,0.000111921
0.0035413,0.80416,0.67,5.5579,-0.18058,0.0058782,1.0286,0.0015147,-0.00057705,0.00042896,0.0024137,-0.0013175,0.0031541,0.0964992,0.0804,0.666948,0.000127841,-0.0343102,0.001116858,0.195434,5.46807E-05,-2.08315E-05,1.54855E-05,8.71346E-05,-4.75618E-05,0.000113863
0.00358,0.81242,0.67,5.5579,-0.18269,0.0074575,1.024,0.0015481,-0.00070861,0.00055708,0.0024831,-0.001248,0.0031289,0.0974904,0.0804,0.666948,0.000129238,-0.0347111,0.001416925,0.19456,5.58864E-05,-2.55808E-05,2.01106E-05,8.96399E-05,-4.50528E-05,0.000112953
0.0035584,0.82068,0.67,5.5579,-0.18476,0.0082739,1.0193,0.0015776,-0.00077849,0.00066637,0.0024417,-0.0011587,0.0030975,0.0984816,0.0804,0.666948,0.000128458,-0.0351044,0.001572041,0.193667,5.69514E-05,-2.81035E-05,2.4056E-05,8.81454E-05,-4.18291E-05,0.00011182
0.0035184,0.82893,0.67,5.5579,-0.18676,0.0086969,1.0139,0.0016306,-0.00078614,0.00073624,0.0023023,-0.0010767,0.0031038,0.0994716,0.0804,0.666948,0.000127014,-0.0354844,0.001652411,0.192641,5.88647E-05,-2.83797E-05,2.65783E-05,8.3113E-05,-3.88689E-05,0.000112047
0.0034957,0.83719,0.67,5.5579,-0.18844,0.0091949,1.0072,0.0017179,-0.00075883,0.00077445,0.0021291,-0.0010148,0.0031443,0.1004628,0.0804,0.666948,0.000126195,-0.0358036,0.001747031,0.191368,6.20162E-05,-2.73938E-05,2.79576E-05,7.68605E-05,-3.66343E-05,0.000113509
0.0034537,0.84544,0.67,5.5579,-0.18965,0.00969,0.99903,0.0018073,-0.00070868,0.00078463,0.0019534,-0.00096701,0.0031467,0.1014528,0.0804,0.666948,0.000124679,-0.0360335,0.0018411,0.1898157,6.52435E-05,-2.55833E-05,2.83251E-05,7.05177E-05,-3.49091E-05,0.000113596
0.0033745,0.8537,0.67,5.5579,-0.19059,0.0096821,0.99074,0.0019091,-0.00063991,0.00076178,0.0017787,-0.00091008,0.0030613,0.102444,0.0804,0.666948,0.000121819,-0.0362121,0.001839599,0.1882406,6.89185E-05,-2.31008E-05,2.75003E-05,6.42111E-05,-3.28539E-05,0.000110513
0.0032838,0.86196,0.67,5.5579,-0.19151,0.0091222,0.98391,0.0020477,-0.00055849,0.00074926,0.0016301,-0.00084061,0.0028897,0.1034352,0.0804,0.666948,0.000118545,-0.0363869,0.001733218,0.1869429,7.3922E-05,-2.01615E-05,2.70483E-05,5.88466E-05,-3.0346E-05,0.000104318
0.003241,0.87021,0.67,5.5579,-0.19228,0.0086082,0.97868,0.0022059,-0.00047678,0.00078572,0.0015358,-0.00078574,0.0027402,0.1044252,0.0804,0.666948,0.000117,-0.0365332,0.001635558,0.1859492,7.9633E-05,-1.72118E-05,2.83645E-05,5.54424E-05,-2.83652E-05,9.89212E-05
0.0032384,0.87847,0.67,5.5579,-0.19274,0.0085175,0.97366,0.0023642,-0.00041852,0.00083061,0.0014826,-0.00076139,0.0026299,0.1054164,0.0804,0.666948,0.000116906,-0.0366206,0.001618325,0.1849954,8.53476E-05,-1.51086E-05,2.9985E-05,5.35219E-05,-2.74862E-05,9.49394E-05
0.00328,0.88672,0.67,5.5579,-0.19319,0.0084762,0.9677,0.0025267,-0.00038018,0.00085354,0.0014333,-0.00074892,0.0026,0.1064064,0.0804,0.666948,0.000118408,-0.0367061,0.001610478,0.183863,9.12139E-05,-1.37245E-05,3.08128E-05,5.17421E-05,-2.7036E-05,0.00009386
0.003344,0.89498,0.67,5.5579,-0.19346,0.0078743,0.96098,0.0026986,-0.00033651,0.00085543,0.0013734,-0.00072949,0.0026161,0.1073976,0.0804,0.666948,0.000120718,-0.0367574,0.001496117,0.1825862,9.74195E-05,-1.2148E-05,3.0881E-05,4.95797E-05,-2.63346E-05,9.44412E-05
0.0034568,0.90324,0.67,5.5579,-0.19354,0.0063426,0.95422,0.0028916,-0.00028055,0.00087717,0.0013065,-0.00071675,0.0027155,0.1083888,0.0804,0.666948,0.00012479,-0.0367726,0.001205094,0.1813018,0.000104387,-1.01279E-05,3.16658E-05,4.71647E-05,-2.58747E-05,9.80296E-05
0.0036176,0.91149,0.67,5.5579,-0.19371,0.0037651,0.94754,0.0031088,-0.00022442,0.00090435,0.0012341,-0.00075182,0.0028923,0.1093788,0.0804,0.666948,0.000130595,-0.0368049,0.000715369,0.1800326,0.000112228,-8.10156E-06,3.2647E-05,4.4551E-05,-2.71407E-05,0.000104412
0.0038233,0.91975,0.67,5.5579,-0.19366,0.00049993,0.94031,0.0033159,-0.0001846,0.00095215,0.0011754,-0.00080968,0.0031553,0.11037,0.0804,0.666948,0.000138021,-0.0367954,9.49867E-05,0.1786589,0.000119704,-6.66406E-06,3.43726E-05,4.24319E-05,-2.92294E-05,0.000113906
0.0040131,0.92801,0.67,5.5579,-0.19331,-0.0026463,0.93217,0.0035035,-0.00017428,0.0010389,0.0011529,-0.00083193,0.0033698,0.1113612,0.0804,0.666948,0.000144873,-0.0367289,-0.000502797,0.1771123,0.000126476,-6.29151E-06,3.75043E-05,4.16197E-05,-3.00327E-05,0.00012165
0.0041546,0.93626,0.67,5.5579,-0.19279,-0.0050171,0.92318,0.0036971,-0.00018548,0.0011463,0.0011512,-0.00078885,0.0034609,0.1123512,0.0804,0.666948,0.000149981,-0.0366301,-0.000953249,0.1754042,0.000133465,-6.69583E-06,4.13814E-05,4.15583E-05,-2.84775E-05,0.000124938
0.004215,0.94452,0.67,5.5579,-0.19206,-0.006347,0.91328,0.003889,-0.00018426,0.001211,0.0011364,-0.00067081,0.0034047,0.1133424,0.0804,0.666948,0.000152162,-0.0364914,-0.00120593,0.1735232,0.000140393,-6.65179E-06,4.37171E-05,4.1024E-05,-2.42162E-05,0.00012291
0.0041878,0.95277,0.67,5.5579,-0.19148,-0.0066329,0.90251,0.0040486,-0.00015935,0.0012221,0.001094,-0.00049778,0.0032329,0.1143324,0.0804,0.666948,0.00015118,-0.0363812,-0.001260251,0.1714769,0.000146154,-5.75254E-06,4.41178E-05,3.94934E-05,-1.79699E-05,0.000116708
0.0041307,0.96103,0.67,5.5579,-0.19078,-0.0063116,0.89125,0.0042008,-0.00010759,0.0012172,0.0010398,-0.00031679,0.0030207,0.1153236,0.0804,0.666948,0.000149118,-0.0362482,-0.001199204,0.1693375,0.000151649,-3.884E-06,4.39409E-05,3.75368E-05,-1.14361E-05,0.000109047
0.0040707,0.96929,0.67,5.5579,-0.18969,-0.0057623,0.87989,0.0043354,-1.82E-05,0.0011597,0.0010103,-0.00015818,0.0027957,0.1163148,0.0804,0.666948,0.000146952,-0.0360411,-0.001094837,0.1671791,0.000156508,-6.55865E-07,4.18652E-05,3.64718E-05,-5.7103E-06,0.000100925
0.0040868,0.97754,0.67,5.5579,-0.18897,-0.0049709,0.86915,0.0044389,9.17E-05,0.001051,0.0010422,-5.49E-05,0.0026925,0.1173048,0.0804,0.666948,0.000147533,-0.0359043,-0.000944471,0.1651385,0.000160244,3.3116E-06,3.79411E-05,3.76234E-05,-1.98027E-06,9.71993E-05
0.004179,0.9858,0.67,5.5579,-0.18795,-0.0040926,0.85944,0.0045279,0.00021447,0.00089605,0.0011647,-3.60E-05,0.0026653,0.118296,0.0804,0.666948,0.000150862,-0.0357105,-0.000777594,0.1632936,0.000163457,7.74237E-06,3.23474E-05,4.20457E-05,-1.30079E-06,9.62173E-05
0.0044174,0.99405,0.67,5.5579,-0.18599,-0.0031432,0.85071,0.0046575,0.00034908,0.00076408,0.001371,-6.72E-05,0.0028063,0.119286,0.0804,0.666948,0.000159468,-0.0353381,-0.000597208,0.1616349,0.000168136,1.26018E-05,2.75833E-05,4.94931E-05,-2.42484E-06,0.000101307
0.0047052,1.0023,0.67,5.5579,-0.18412,-0.0020528,0.84343,0.0048474,0.00048882,0.00066782,0.001606,-0.00010105,0.0029571,0.120276,0.0804,0.666948,0.000169858,-0.0349828,-0.000390032,0.1602517,0.000174991,1.76464E-05,2.41083E-05,5.79766E-05,-3.64791E-06,0.000106751
0.0050035,1.0106,0.67,5.5579,-0.18252,-0.00095799,0.83717,0.0050253,0.00060986,0.00058158,0.0017877,-0.00011897,0.0031941,0.121272,0.0804,0.666948,0.000180626,-0.0346788,-0.000182018,0.1590623,0.000181413,2.20159E-05,2.0995E-05,6.4536E-05,-4.29482E-06,0.000115307
0.0052521,1.0188,0.67,5.5579,-0.1807,-8.46E-05,0.83086,0.0051714,0.00068432,0.00052724,0.0018545,-0.00013787,0.0034783,0.122256,0.0804,0.666948,0.000189601,-0.034333,-1.60797E-05,0.1578634,0.000186688,2.4704E-05,1.90334E-05,6.69475E-05,-4.97711E-06,0.000125567
0.0053938,1.0271,0.67,5.5579,-0.17861,0.0001715,0.82385,0.0052568,0.00068224,0.00043851,0.0017983,-0.00019174,0.0037325,0.123252,0.0804,0.666948,0.000194716,-0.0339359,0.000032585,0.1565315,0.00018977,2.46289E-05,1.58302E-05,6.49186E-05,-6.92181E-06,0.000134743
0.0054918,1.0353,0.67,5.5579,-0.17635,-0.00032653,0.81595,0.0052949,0.00058632,0.00034877,0.0016522,-0.00026902,0.0040364,0.124236,0.0804,0.666948,0.000198254,-0.0335065,-6.20407E-05,0.1550305,0.000191146,2.11662E-05,1.25906E-05,5.96444E-05,-9.71162E-06,0.000145714
0.0055199,1.0436,0.67,5.5579,-0.17437,-0.001417,0.80727,0.0052637,0.00042504,0.00024322,0.0014713,-0.00036629,0.0043047,0.125232,0.0804,0.666948,0.000199268,-0.0331303,-0.00026923,0.1533813,0.00019002,1.53439E-05,8.78024E-06,5.31139E-05,-1.32231E-05,0.0001554
0.005603,1.0518,0.67,5.5579,-0.17292,-0.0027247,0.79821,0.0051564,0.00024133,0.00015297,0.0013166,-0.00049342,0.004733,0.126216,0.0804,0.666948,0.000202268,-0.0328548,-0.000517693,0.1516599,0.000186146,8.71201E-06,5.52222E-06,4.75293E-05,-1.78125E-05,0.000170861
0.0057282,1.0601,0.67,5.5579,-0.17168,-0.003856,0.78937,0.0050396,7.74E-05,0.00011938,0.0012316,-0.00063959,0.0051851,0.127212,0.0804,0.666948,0.000206788,-0.0326192,-0.00073264,0.1499803,0.00018193,2.79566E-06,4.30962E-06,4.44608E-05,-2.30892E-05,0.000187182
0.0058879,1.0684,0.67,5.5579,-0.17048,-0.0046394,0.78085,0.0048904,-4.45E-05,4.14E-05,0.0012067,-0.00078792,0.0056785,0.128208,0.0804,0.666948,0.000212553,-0.0323912,-0.000881486,0.1483615,0.000176543,-1.60631E-06,1.4958E-06,4.35619E-05,-2.84439E-05,0.000204994
0.0061007,1.0766,0.67,5.5579,-0.16898,-0.0051027,0.7725,0.0047471,-0.0001169,8.87E-06,0.0011975,-0.00089287,0.0062568,0.129192,0.0804,0.666948,0.000220235,-0.0321062,-0.000969513,0.146775,0.00017137,-4.22009E-06,3.20283E-07,4.32298E-05,-3.22326E-05,0.00022587
0.0062622,1.0849,0.67,5.5579,-0.167,-0.0053941,0.76388,0.0046482,-0.00014382,-3.67E-07,0.0011766,-0.00095882,0.0066995,0.130188,0.0804,0.666948,0.000226065,-0.03173,-0.001024879,0.1451372,0.0001678,-5.1919E-06,-1.32606E-08,4.24753E-05,-3.46134E-05,0.000241852
0.0064276,1.0931,0.67,5.5579,-0.16463,-0.005532,0.75485,0.0046029,-0.00015708,2.12E-05,0.0011567,-0.0010024,0.0070955,0.131172,0.0804,0.666948,0.000232036,-0.0312797,-0.00105108,0.1434215,0.000166165,-5.67059E-06,7.66764E-07,4.17569E-05,-3.61866E-05,0.000256148
0.0064904,1.1014,0.67,5.5579,-0.16171,-0.005194,0.74561,0.0044902,-0.00017006,4.80E-05,0.0011623,-0.0010454,0.0073283,0.132168,0.0804,0.666948,0.000234303,-0.0307249,-0.00098686,0.1416659,0.000162096,-6.13917E-06,1.73258E-06,4.1959E-05,-3.77389E-05,0.000264552
0.0065134,1.1096,0.67,5.5579,-0.15848,-0.0038455,0.73642,0.0042633,-0.00017951,1.79E-05,0.0011973,-0.0010857,0.0075661,0.133152,0.0804,0.666948,0.000235134,-0.0301112,-0.000730645,0.1399198,0.000153905,-6.48031E-06,6.47417E-07,4.32225E-05,-3.91938E-05,0.000273136
0.0066105,1.1179,0.67,5.5579,-0.15506,-0.0015432,0.72793,0.0041279,-0.00019431,1.94E-05,0.0012616,-0.0011193,0.0078315,0.134148,0.0804,0.666948,0.000238639,-0.0294614,-0.000293208,0.1383067,0.000149017,-7.01459E-06,6.99799E-07,4.55438E-05,-4.04067E-05,0.000282717
0.0067441,1.1262,0.67,5.5579,-0.15128,0.00078827,0.72026,0.0041329,-0.00019768,8.87E-06,0.0013632,-0.0011876,0.0079922,0.135144,0.0804,0.666948,0.000243462,-0.0287432,0.000149771,0.1368494,0.000149198,-7.13625E-06,3.20279E-07,4.92115E-05,-4.28724E-05,0.000288518
0.0068695,1.1344,0.67,5.5579,-0.1473,0.0019418,0.71327,0.0042086,-0.00016266,8.20E-06,0.0015005,-0.0013082,0.0080299,0.136128,0.0804,0.666948,0.000247989,-0.027987,0.000368942,0.1355213,0.00015193,-5.87203E-06,2.95901E-07,5.41681E-05,-4.7226E-05,0.000289879
0.0069302,1.1427,0.67,5.5579,-0.14335,0.0017235,0.70747,0.0042934,-9.44E-05,2.52E-05,0.0016556,-0.0014502,0.0079114,0.137124,0.0804,0.666948,0.00025018,-0.0272365,0.000327465,0.1344193,0.000154992,-3.40907E-06,9.10803E-07,5.97672E-05,-5.23522E-05,0.000285602
0.0068883,1.1509,0.67,5.5579,-0.13957,0.00080162,0.70301,0.0043546,-2.07E-05,1.78E-05,0.0017919,-0.0015489,0.0076302,0.138108,0.0804,0.666948,0.000248668,-0.0265183,0.000152308,0.1335719,0.000157201,-7.45826E-07,6.41678E-07,6.46876E-05,-5.59153E-05,0.00027545
0.0068304,1.1592,0.67,5.5579,-0.13566,-0.00027256,0.69994,0.0044494,5.42E-05,-7.53E-06,0.0018616,-0.0015823,0.0073497,0.139104,0.0804,0.666948,0.000246577,-0.0257754,-5.17864E-05,0.1329886,0.000160623,1.95489E-06,-2.71905E-07,6.72038E-05,-5.7121E-05,0.000265324
0.0067247,1.1674,0.67,5.5579,-0.13175,-0.00099041,0.69824,0.0045383,0.00011602,-0.00010358,0.0018487,-0.0015679,0.0070623,0.140088,0.0804,0.666948,0.000242762,-0.0250325,-0.000188178,0.1326656,0.000163833,4.18832E-06,-3.73924E-06,6.67381E-05,-5.66012E-05,0.000254949
0.0065995,1.1757,0.67,5.5579,-0.12787,-0.0014149,0.69676,0.0045954,0.00014133,-0.0002073,0.0017594,-0.0014875,0.0068442,0.141084,0.0804,0.666948,0.000238242,-0.0242953,-0.000268831,0.1323844,0.000165894,5.10201E-06,-7.48353E-06,6.35143E-05,-5.36988E-05,0.000247076
0.0065574,1.1839,0.67,5.5579,-0.12356,-0.0015842,0.69508,0.0047245,0.00012839,-0.00023111,0.0016213,-0.0013843,0.006769,0.142068,0.0804,0.666948,0.000236722,-0.0234764,-0.000300998,0.1320652,0.000170554,4.63488E-06,-8.34307E-06,5.85289E-05,-4.99732E-05,0.000244361
0.0064887,1.1922,0.67,5.5579,-0.11871,-0.0016855,0.69327,0.004833,8.45E-05,-0.00028109,0.0014861,-0.0012925,0.0066584,0.143064,0.0804,0.666948,0.000234242,-0.0225549,-0.000320245,0.1317213,0.000174471,3.05179E-06,-1.01473E-05,5.36482E-05,-4.66593E-05,0.000240368
0.0063804,1.2005,0.67,5.5579,-0.1135,-0.0019838,0.69091,0.0048377,3.62E-05,-0.00032469,0.0013759,-0.0012066,0.0065471,0.14406,0.0804,0.666948,0.000230332,-0.021565,-0.000376922,0.1312729,0.000174641,1.30559E-06,-1.17213E-05,4.967E-05,-4.35583E-05,0.00023635
0.006299,1.2087,0.67,5.5579,-0.10802,-0.0025278,0.68873,0.0048469,2.11E-05,-0.00023331,0.0013172,-0.001141,0.0064339,0.145044,0.0804,0.666948,0.000227394,-0.0205238,-0.000480282,0.1308587,0.000174973,7.62324E-07,-8.42249E-06,4.75509E-05,-4.11901E-05,0.000232264
0.0061385,1.217,0.67,5.5579,-0.10249,-0.0032915,0.68815,0.0048079,3.92E-05,-0.00012248,0.0013139,-0.0010733,0.0061552,0.14604,0.0804,0.666948,0.0002216,-0.0194731,-0.000625385,0.1307485,0.000173565,1.41476E-06,-4.42153E-06,4.74318E-05,-3.87461E-05,0.000222203
0.0058547,1.2252,0.67,5.5579,-0.097253,-0.0039202,0.68938,0.0046214,7.26E-05,-6.77E-05,0.0013216,-0.00099311,0.0057663,0.147024,0.0804,0.666948,0.000211355,-0.01847807,-0.000744838,0.1309822,0.000166833,2.61963E-06,-2.44249E-06,4.77098E-05,-3.58513E-05,0.000208163
0.0056288,1.2335,0.67,5.5579,-0.092203,-0.0045317,0.69225,0.0044429,0.00011566,4.18E-05,0.0013159,-0.00087776,0.0054987,0.14802,0.0804,0.666948,0.0002032,-0.01751857,-0.000861023,0.1315275,0.000160389,4.17533E-06,1.50815E-06,4.7504E-05,-3.16871E-05,0.000198503
0.0054243,1.2417,0.67,5.5579,-0.0871,-0.0053364,0.69671,0.0043334,0.00014484,0.00013441,0.0013024,-0.00070926,0.0052128,0.149004,0.0804,0.666948,0.000195817,-0.016549,-0.001013916,0.1323749,0.000156436,5.22872E-06,4.8522E-06,4.70166E-05,-2.56043E-05,0.000188182
0.0052245,1.25,0.67,5.5579,-0.081759,-0.0065947,0.70147,0.0041955,0.00013828,0.0001251,0.0012978,-0.00050371,0.0049558,0.15,0.0804,0.666948,0.000188604,-0.01553421,-0.001252993,0.1332793,0.000151458,4.99191E-06,4.51611E-06,4.68506E-05,-1.81839E-05,0.000178904
0.0050579,1.2583,0.67,5.5579,-0.075979,-0.0086138,0.70503,0.0040604,0.00010002,9.28E-05,0.0013088,-0.00029054,0.0047466,0.150996,0.0804,0.666948,0.00018259,-0.01443601,-0.001636622,0.1339557,0.00014658,3.61072E-06,3.349E-06,4.72477E-05,-1.04885E-05,0.000171352
0.0049847,1.2665,0.67,5.5579,-0.069809,-0.011144,0.70705,0.0039619,5.06E-05,7.02E-05,0.0013284,-9.14E-05,0.0046791,0.15198,0.0804,0.666948,0.000179948,-0.01326371,-0.00211736,0.1343395,0.000143025,1.8254E-06,2.53541E-06,4.79552E-05,-3.29842E-06,0.000168916
0.0049719,1.2748,0.67,5.5579,-0.06357,-0.013417,0.70824,0.003867,4.02E-06,7.60E-05,0.0013582,8.73E-05,0.0047187,0.152976,0.0804,0.666948,0.000179486,-0.0120783,-0.00254923,0.1345656,0.000139599,1.4496E-07,2.74349E-06,4.9031E-05,3.15229E-06,0.000170345
0.0049525,1.283,0.67,5.5579,-0.057378,-0.014782,0.70859,0.0037246,-4.33E-05,0.00011074,0.0014066,0.00025804,0.0047737,0.15396,0.0804,0.666948,0.000178785,-0.01090182,-0.00280858,0.1346321,0.000134458,-1.5641E-06,3.99771E-06,5.07783E-05,9.31524E-06,0.000172331
0.0049436,1.2913,0.67,5.5579,-0.051148,-0.015259,0.70752,0.0035308,-8.88E-05,0.00012329,0.0014582,0.00043054,0.0048981,0.154956,0.0804,0.666948,0.000178464,-0.00971812,-0.00289921,0.1344288,0.000127462,-3.20582E-06,4.45077E-06,5.2641E-05,1.55425E-05,0.000176821
0.0050107,1.2995,0.67,5.5579,-0.044874,-0.015215,0.70514,0.0033772,-0.00012464,7.93E-05,0.0014813,0.00060673,0.0051629,0.15594,0.0804,0.666948,0.000180886,-0.00852606,-0.00289085,0.1339766,0.000121917,-4.4995E-06,2.86327E-06,5.34749E-05,2.1903E-05,0.000186381
0.0050569,1.3078,0.67,5.5579,-0.038528,-0.014961,0.70254,0.0032937,-0.00015734,4.14E-05,0.0014508,0.00075657,0.0053693,0.156936,0.0804,0.666948,0.000182554,-0.00732032,-0.00284259,0.1334826,0.000118903,-5.67997E-06,1.4949E-06,5.23739E-05,2.73122E-05,0.000193832
0.0048991,1.316,0.67,5.5579,-0.031972,-0.014756,0.69994,0.00316,-0.00018258,3.56E-06,0.0013503,0.00081648,0.0052878,0.15792,0.0804,0.666948,0.000176858,-0.00607468,-0.00280364,0.1329886,0.000114076,-6.59114E-06,1.28512E-07,4.87458E-05,2.94749E-05,0.00019089
0.0047472,1.3243,0.67,5.5579,-0.025379,-0.014637,0.69681,0.0030363,-0.00018802,-2.34E-05,0.001197,0.00079292,0.005261,0.158916,0.0804,0.666948,0.000171374,-0.00482201,-0.00278103,0.1323939,0.00010961,-6.78752E-06,-8.44596E-07,4.32117E-05,2.86244E-05,0.000189922
0.0046191,1.3326,0.67,5.5579,-0.018841,-0.014506,0.69361,0.0030356,-0.00018377,-3.34E-06,0.0010374,0.00072277,0.0051653,0.159912,0.0804,0.666948,0.00016675,-0.00357979,-0.00275614,0.1317859,0.000109585,-6.6341E-06,-1.20538E-07,3.74501E-05,2.6092E-05,0.000186467
0.0043637,1.3408,0.67,5.5579,-0.012107,-0.014499,0.6907,0.0029513,-0.00018454,4.89E-05,0.00090182,0.00062773,0.0048742,0.160896,0.0804,0.666948,0.00015753,-0.00230033,-0.00275481,0.131233,0.000106542,-6.66189E-06,1.76663E-06,3.25557E-05,2.26611E-05,0.000175959
0.0041421,1.3491,0.67,5.5579,-0.0051994,-0.014595,0.68805,0.0028161,-0.00016807,-3.07E-06,0.00079607,0.00051781,0.0046721,0.161892,0.0804,0.666948,0.00014953,-0.000987886,-0.00277305,0.1307295,0.000101661,-6.06733E-06,-1.10744E-07,2.87381E-05,1.86929E-05,0.000168663
0.0039979,1.3573,0.67,5.5579,0.0016128,-0.014927,0.68596,0.0027827,-0.00013084,-8.44E-05,0.00071883,0.00040079,0.0044943,0.162876,0.0804,0.666948,0.000144324,0.000306432,-0.00283613,0.1303324,0.000100455,-4.72332E-06,-3.04529E-06,2.59498E-05,1.44685E-05,0.000162244
0.0037104,1.3656,0.67,5.5579,0.0085568,-0.015394,0.68492,0.0026211,-9.84E-05,-6.87E-05,0.00066377,0.00030406,0.004136,0.163872,0.0804,0.666948,0.000133945,0.001625792,-0.00292486,0.1301348,9.46217E-05,-3.55285E-06,-2.48054E-06,2.39621E-05,1.09766E-05,0.00014931
0.0035313,1.3738,0.67,5.5579,0.015652,-0.01587,0.68501,0.0024295,-8.25E-05,-0.00015409,0.00062642,0.00023091,0.0040068,0.164856,0.0804,0.666948,0.00012748,0.00297388,-0.0030153,0.1301519,8.7705E-05,-2.97955E-06,-5.56265E-06,2.26138E-05,8.33585E-06,0.000144645
0.0033582,1.3821,0.67,5.5579,0.0226,-0.016275,0.68666,0.0023414,-8.55E-05,-0.00025336,0.00060836,0.00015157,0.0037666,0.165852,0.0804,0.666948,0.000121231,0.004294,-0.00309225,0.1304654,8.45245E-05,-3.08608E-06,-9.1463E-06,2.19618E-05,5.47168E-06,0.000135974
0.0031156,1.3903,0.67,5.5579,0.029514,-0.016594,0.68922,0.0021762,-0.00010147,-0.0002881,0.00061338,9.36E-05,0.0034416,0.166836,0.0804,0.666948,0.000112473,0.00560766,-0.00315286,0.1309518,7.85608E-05,-3.66307E-06,-1.04004E-05,2.2143E-05,3.37871E-06,0.000124242
0.0031594,1.3986,0.67,5.5579,0.036311,-0.016704,0.69243,0.0021129,-0.00012757,-0.00039534,0.00064955,5.65E-05,0.0035564,0.167832,0.0804,0.666948,0.000114054,0.00689909,-0.00317376,0.1315617,7.62757E-05,-4.60528E-06,-1.42718E-05,2.34488E-05,2.03914E-06,0.000128386
0.0030439,1.4069,0.67,5.5579,0.042754,-0.016372,0.6964,0.0020755,-0.00014852,-0.00042538,0.00070918,1.81E-05,0.0033032,0.168828,0.0804,0.666948,0.000109885,0.00812326,-0.00311068,0.132316,7.49256E-05,-5.36157E-06,-1.53562E-05,2.56014E-05,6.54313E-07,0.000119246
0.0030038,1.4151,0.67,5.5579,0.048947,-0.016233,0.70025,0.0019383,-0.0001696,-0.00038224,0.00078853,-4.49E-06,0.0032807,0.169812,0.0804,0.666948,0.000108437,0.00929993,-0.00308427,0.1330475,6.99726E-05,-6.12256E-06,-1.37989E-05,2.84659E-05,-1.61988E-07,0.000118433
0.003111,1.4234,0.67,5.5579,0.05497,-0.016027,0.70522,0.0019327,-0.00020981,-0.00049825,0.00087748,2.01E-05,0.0034119,0.170808,0.0804,0.666948,0.000112307,0.0104443,-0.00304513,0.1339918,6.97705E-05,-7.57414E-06,-1.79868E-05,3.1677E-05,7.25646E-07,0.00012317
0.0030453,1.4316,0.67,5.5579,0.06074,-0.015697,0.71143,0.0019193,-0.00024951,-0.00047806,0.00097173,4.87E-05,0.0031996,0.171792,0.0804,0.666948,0.000109935,0.0115406,-0.00298243,0.1351717,6.92867E-05,-9.00731E-06,-1.7258E-05,3.50795E-05,1.75814E-06,0.000115506
0.0031691,1.4399,0.67,5.5579,0.066477,-0.01577,0.71833,0.0019464,-0.00029322,-0.00050647,0.0010817,0.0001028,0.0033101,0.172788,0.0804,0.666948,0.000114405,0.01263063,-0.0029963,0.1364827,7.0265E-05,-1.05852E-05,-1.82836E-05,3.90494E-05,3.71108E-06,0.000119495
0.0032154,1.4481,0.67,5.5579,0.072073,-0.016164,0.72636,0.0020202,-0.0003418,-0.00059388,0.001189,0.00016765,0.0032216,0.173772,0.0804,0.666948,0.000116076,0.01369387,-0.00307116,0.1380084,7.29292E-05,-1.2339E-05,-2.14391E-05,4.29229E-05,6.05217E-06,0.0001163
0.0032038,1.4564,0.67,5.5579,0.077487,-0.016964,0.7347,0.0019594,-0.00038243,-0.00058114,0.0012845,0.00020264,0.0031637,0.174768,0.0804,0.666948,0.000115657,0.01472253,-0.00322316,0.139593,7.07343E-05,-1.38057E-05,-2.09792E-05,4.63705E-05,7.3153E-06,0.00011421
0.003216,1.4647,0.67,5.5579,0.082579,-0.018056,0.74332,0.0019262,-0.0004145,-0.00064265,0.001362,0.00022077,0.0031437,0.175764,0.0804,0.666948,0.000116098,0.01569001,-0.00343064,0.1412308,6.95358E-05,-1.49635E-05,-2.31997E-05,4.91682E-05,7.9698E-06,0.000113488
0.0032254,1.4729,0.67,5.5579,0.087326,-0.019296,0.75237,0.0019565,-0.00042394,-0.0006508,0.0014154,0.00019946,0.0030789,0.176748,0.0804,0.666948,0.000116437,0.01659194,-0.00366624,0.1429503,7.06297E-05,-1.53042E-05,-2.34939E-05,5.10959E-05,7.20051E-06,0.000111148
0.0032231,1.4812,0.67,5.5579,0.091849,-0.020539,0.76177,0.0019635,-0.00041838,-0.0006047,0.0014486,0.00014296,0.0030341,0.177744,0.0804,0.666948,0.000116354,0.01745131,-0.00390241,0.1447363,7.08824E-05,-1.51035E-05,-2.18297E-05,5.22945E-05,5.16086E-06,0.000109531
0.0031386,1.4894,0.67,5.5579,0.096268,-0.021546,0.77116,0.0019024,-0.00041031,-0.00049678,0.0014582,4.11E-05,0.0029167,0.178728,0.0804,0.666948,0.000113303,0.01829092,-0.00409374,0.1465204,6.86766E-05,-1.48122E-05,-1.79338E-05,5.2641E-05,1.48317E-06,0.000105293
0.0030659,1.4977,0.67,5.5579,0.1008,-0.022542,0.77991,0.0018354,-0.0004105,-0.00038267,0.0014534,-7.74E-05,0.002843,0.179724,0.0804,0.666948,0.000110679,0.019152,-0.00428298,0.1481829,6.62579E-05,-1.48191E-05,-1.38144E-05,5.24677E-05,-2.79584E-06,0.000102632
0.0030006,1.5059,0.67,5.5579,0.10526,-0.023763,0.78786,0.0018132,-0.00043183,-0.00027583,0.0014389,-0.00021857,0.0027491,0.180708,0.0804,0.666948,0.000108322,0.0199994,-0.00451497,0.1496934,6.54565E-05,-1.55891E-05,-9.95746E-06,5.19443E-05,-7.89038E-06,9.92425E-05
0.002939,1.5142,0.67,5.5579,0.10958,-0.024916,0.79526,0.0017699,-0.00046572,-0.00021942,0.0014128,-0.00038701,0.0026954,0.181704,0.0804,0.666948,0.000106098,0.0208202,-0.00473404,0.1510994,6.38934E-05,-1.68125E-05,-7.92106E-06,5.10021E-05,-1.39711E-05,9.73039E-05
0.002885,1.5224,0.67,5.5579,0.11378,-0.025428,0.80261,0.0016837,-0.0004814,-0.00017949,0.0013817,-0.0005579,0.0027047,0.182688,0.0804,0.666948,0.000104149,0.0216182,-0.00483132,0.1524959,6.07816E-05,-1.73785E-05,-6.47959E-06,4.98794E-05,-2.01402E-05,9.76397E-05
0.0028639,1.5307,0.67,5.5579,0.11774,-0.024971,0.81047,0.0015894,-0.00047709,-9.85E-05,0.0013667,-0.00069745,0.0027718,0.183684,0.0804,0.666948,0.000103387,0.0223706,-0.00474449,0.1539893,5.73773E-05,-1.72229E-05,-3.55545E-06,4.93379E-05,-2.51779E-05,0.000100062
0.0028564,1.539,0.67,5.5579,0.12139,-0.023824,0.81937,0.0015138,-0.00046726,1.08E-05,0.0013885,-0.00080117,0.0028105,0.18468,0.0804,0.666948,0.000103116,0.0230641,-0.00452656,0.1556803,5.46482E-05,-1.68681E-05,3.91396E-07,5.01249E-05,-2.89222E-05,0.000101459
0.0028701,1.5472,0.67,5.5579,0.12506,-0.022418,0.82894,0.0014517,-0.00045715,0.00011929,0.001431,-0.00087537,0.0028575,0.185664,0.0804,0.666948,0.000103611,0.0237614,-0.00425942,0.1574986,5.24064E-05,-1.65031E-05,4.30637E-06,5.16591E-05,-3.16009E-05,0.000103156
0.0028673,1.5555,0.67,5.5579,0.12907,-0.021063,0.83838,0.0013895,-0.00045567,0.00020909,0.001462,-0.00091447,0.0028831,0.18666,0.0804,0.666948,0.00010351,0.0245233,-0.00400197,0.1592922,5.0161E-05,-1.64497E-05,7.54815E-06,5.27782E-05,-3.30124E-05,0.00010408
0.0028369,1.5637,0.67,5.5579,0.13287,-0.020067,0.84704,0.0013327,-0.00045826,0.0002661,0.0014629,-0.00091705,0.0028781,0.187644,0.0804,0.666948,0.000102412,0.0252453,-0.00381273,0.1609376,4.81105E-05,-1.65432E-05,9.60621E-06,5.28107E-05,-3.31055E-05,0.000103899
0.0027545,1.572,0.67,5.5579,0.13585,-0.019429,0.85472,0.0012853,-0.00045353,0.0002849,0.0014276,-0.00089089,0.0027961,0.18864,0.0804,0.666948,9.94375E-05,0.0258115,-0.00369151,0.1623968,4.63993E-05,-1.63724E-05,1.02849E-05,5.15364E-05,-3.21611E-05,0.000100939
0.0026421,1.5802,0.67,5.5579,0.13843,-0.018968,0.86145,0.0012418,-0.00044342,0.00027989,0.0013601,-0.00084319,0.0026822,0.189624,0.0804,0.666948,9.53798E-05,0.0263017,-0.00360392,0.1636755,4.4829E-05,-1.60075E-05,1.0104E-05,4.90996E-05,-3.04392E-05,9.68274E-05
0.002531,1.5885,0.67,5.5579,0.14081,-0.018558,0.86703,0.0012103,-0.00043534,0.00027113,0.0012748,-0.00079493,0.0025769,0.19062,0.0804,0.666948,9.13691E-05,0.0267539,-0.00352602,0.1647357,4.36918E-05,-1.57158E-05,9.78779E-06,4.60203E-05,-2.8697E-05,9.30261E-05
0.0024445,1.5968,0.67,5.5579,0.14261,-0.018086,0.8714,0.0012073,-0.00043447,0.00027642,0.0011932,-0.00075951,0.0024884,0.191616,0.0804,0.666948,8.82465E-05,0.0270959,-0.00343634,0.165566,4.35835E-05,-1.56844E-05,9.97876E-06,4.30745E-05,-2.74183E-05,8.98312E-05
0.0023694,1.605,0.67,5.5579,0.1439,-0.017445,0.87503,0.0012282,-0.00043787,0.00027276,0.0011267,-0.0007287,0.0023839,0.1926,0.0804,0.666948,8.55353E-05,0.027341,-0.00331455,0.1662557,4.4338E-05,-1.58071E-05,9.84664E-06,4.06739E-05,-2.63061E-05,8.60588E-05
0.0023155,1.6133,0.67,5.5579,0.14503,-0.01641,0.8782,0.0012494,-0.00045,0.00024885,0.0010918,-0.00071207,0.0022898,0.193596,0.0804,0.666948,8.35896E-05,0.0275557,-0.0031179,0.166858,4.51033E-05,-0.000016245,8.98349E-06,3.9414E-05,-2.57057E-05,8.26618E-05
0.0022892,1.6215,0.67,5.5579,0.14591,-0.014875,0.88079,0.0012699,-0.00047769,0.00021764,0.0011054,-0.00070152,0.0022031,0.19458,0.0804,0.666948,8.26401E-05,0.0277229,-0.00282625,0.1673501,4.58434E-05,-1.72446E-05,7.8568E-06,3.99049E-05,-2.53249E-05,7.95319E-05
0.0022497,1.6298,0.67,5.5579,0.14643,-0.013192,0.88265,0.0012904,-0.00050039,0.00017812,0.0011466,-0.00065424,0.0020624,0.195576,0.0804,0.666948,8.12142E-05,0.0278217,-0.00250648,0.1677035,4.65834E-05,-1.80641E-05,6.43013E-06,4.13923E-05,-2.36181E-05,7.44526E-05
0.0021655,1.638,0.67,5.5579,0.14652,-0.011565,0.88381,0.001303,-0.00049901,0.00010241,0.0011903,-0.00053962,0.0018378,0.19656,0.0804,0.666948,7.81746E-05,0.0278388,-0.00219735,0.1679239,4.70383E-05,-1.80143E-05,3.697E-06,4.29698E-05,-1.94803E-05,6.63446E-05
0.002059,1.6463,0.67,5.5579,0.1463,-0.0097265,0.88479,0.0013109,-0.0004861,-8.06E-06,0.0012305,-0.00037145,0.0015767,0.197556,0.0804,0.666948,7.43299E-05,0.027797,-0.001848035,0.1681101,4.73235E-05,-1.75482E-05,-2.91121E-07,4.44211E-05,-1.34093E-05,5.69189E-05
0.0019715,1.6545,0.67,5.5579,0.14602,-0.0074555,0.88657,0.0013262,-0.00047287,-0.00011573,0.0012441,-0.00021857,0.0013727,0.19854,0.0804,0.666948,7.11712E-05,0.0277438,-0.001416545,0.1684483,4.78758E-05,-1.70706E-05,-4.17785E-06,4.4912E-05,-7.89038E-06,4.95545E-05
0.0019307,1.6628,0.67,5.5579,0.14569,-0.0048699,0.88997,0.0013587,-0.0004528,-0.00018237,0.0012134,-0.00014337,0.0012893,0.199536,0.0804,0.666948,6.96983E-05,0.0276811,-0.000925281,0.1690943,4.90491E-05,-1.63461E-05,-6.58356E-06,4.38037E-05,-5.17566E-06,4.65437E-05
0.0018989,1.6711,0.67,5.5579,0.1452,-0.0023882,0.89494,0.0014093,-0.00043305,-0.00020946,0.0011583,-0.00012818,0.0012301,0.200532,0.0804,0.666948,6.85503E-05,0.027588,-0.000453758,0.1700386,5.08757E-05,-1.56331E-05,-7.56151E-06,4.18146E-05,-4.6273E-06,4.44066E-05
0.0018758,1.6793,0.67,5.5579,0.14449,-0.00053144,0.90093,0.0014869,-0.00042432,-0.00020133,0.0010996,-0.00013653,0.0011653,0.201516,0.0804,0.666948,6.77164E-05,0.0274531,-0.000100974,0.1711767,5.36771E-05,-1.5318E-05,-7.26801E-06,3.96956E-05,-4.92873E-06,4.20673E-05
0.0018696,1.6876,0.67,5.5579,0.14353,0.00052167,0.90676,0.0015836,-0.00041876,-0.00017058,0.0010453,-0.00015175,0.0011104,0.202512,0.0804,0.666948,6.74926E-05,0.0272707,9.91173E-05,0.1722844,5.7168E-05,-1.51172E-05,-6.15794E-06,3.77353E-05,-5.47818E-06,4.00854E-05
0.0018824,1.6958,0.67,5.5579,0.1424,0.0012426,0.91159,0.0016628,-0.00040902,-0.00014904,0.0010129,-0.00015237,0.0010891,0.203496,0.0804,0.666948,6.79546E-05,0.027056,0.000236094,0.1732021,6.00271E-05,-1.47656E-05,-5.38034E-06,3.65657E-05,-5.50056E-06,3.93165E-05
0.0019459,1.7041,0.67,5.5579,0.14142,0.0022376,0.91651,0.0017179,-0.00040666,-9.70E-05,0.0010295,-0.00013436,0.0011444,0.204492,0.0804,0.666948,7.0247E-05,0.0268698,0.000425144,0.1741369,6.20162E-05,-1.46804E-05,-3.50047E-06,3.7165E-05,-4.8504E-06,4.13128E-05
0.0020612,1.7123,0.67,5.5579,0.14069,0.0034731,0.92153,0.0017827,-0.00042313,-3.93E-06,0.0010762,-0.00013316,0.0012635,0.205476,0.0804,0.666948,7.44093E-05,0.0267311,0.000659889,0.1750907,6.43555E-05,-1.5275E-05,-1.41996E-07,3.88508E-05,-4.80708E-06,4.56124E-05
0.0022213,1.7206,0.67,5.5579,0.1399,0.004527,0.92478,0.0018869,-0.00045772,0.0001053,0.0011029,-0.00017891,0.0014528,0.206472,0.0804,0.666948,8.01889E-05,0.026581,0.00086013,0.1757082,6.81171E-05,-1.65237E-05,3.80133E-06,3.98147E-05,-6.45865E-06,5.24461E-05
0.0023694,1.7289,0.67,5.5579,0.13911,0.00519,0.92659,0.001989,-0.00049498,0.00021625,0.0010992,-0.00022044,0.0016506,0.207468,0.0804,0.666948,8.55353E-05,0.0264309,0.0009861,0.1760521,7.18029E-05,-1.78688E-05,7.80663E-06,3.96811E-05,-7.95788E-06,5.95867E-05
0.002427,1.7371,0.67,5.5579,0.1388,0.0055116,0.92906,0.0020758,-0.00050892,0.00030264,0.0010824,-0.00019173,0.0016958,0.208452,0.0804,0.666948,8.76147E-05,0.026372,0.001047204,0.1765214,7.49364E-05,-1.8372E-05,1.09253E-05,3.90746E-05,-6.92145E-06,6.12184E-05
0.0023921,1.7454,0.67,5.5579,0.1391,0.0056563,0.93301,0.002183,-0.00049315,0.0003427,0.0010787,-0.00011888,0.0015224,0.209448,0.0804,0.666948,8.63548E-05,0.026429,0.001074697,0.1772719,7.88063E-05,-1.78027E-05,1.23715E-05,3.89411E-05,-4.29157E-06,5.49586E-05
0.0023297,1.7536,0.67,5.5579,0.13965,0.005881,0.93779,0.0022797,-0.00047012,0.00033336,0.0011195,-6.99E-05,0.0012602,0.210432,0.0804,0.666948,8.41022E-05,0.0265335,0.00111739,0.1781801,8.22972E-05,-1.69713E-05,1.20343E-05,4.0414E-05,-2.52469E-06,4.54932E-05
0.0023166,1.7619,0.67,5.5579,0.14009,0.006624,0.94205,0.0023377,-0.00046943,0.00031039,0.0012114,-6.29E-05,0.0010841,0.211428,0.0804,0.666948,8.36293E-05,0.0266171,0.00125856,0.1789895,8.4391E-05,-1.69464E-05,1.12051E-05,4.37315E-05,-2.27239E-06,3.9136E-05
0.0023477,1.7701,0.67,5.5579,0.14025,0.0082446,0.94557,0.0023796,-0.00050024,0.00029091,0.0013239,-6.92E-05,0.00099195,0.212412,0.0804,0.666948,8.4752E-05,0.0266475,0.001566474,0.1796583,8.59036E-05,-1.80587E-05,1.05019E-05,4.77928E-05,-2.49928E-06,3.58094E-05
0.0023808,1.7784,0.67,5.5579,0.14012,0.010276,0.94935,0.002422,-0.00054974,0.00026849,0.0014403,-7.08E-05,0.0008992,0.213408,0.0804,0.666948,8.59469E-05,0.0266228,0.00195244,0.1803765,8.74342E-05,-1.98456E-05,9.69249E-06,5.19948E-05,-2.55707E-06,3.24611E-05
0.0024012,1.7866,0.67,5.5579,0.13969,0.01161,0.95342,0.0024442,-0.00060109,0.00023701,0.0015525,-7.62E-05,0.00080558,0.214392,0.0804,0.666948,8.66833E-05,0.0265411,0.0022059,0.1811498,8.82356E-05,-2.16993E-05,8.55606E-06,5.60453E-05,-2.74985E-06,2.90814E-05
0.0023935,1.7949,0.67,5.5579,0.13903,0.011591,0.95723,0.0024237,-0.00063725,0.00019576,0.0016252,-0.00010039,0.00073827,0.215388,0.0804,0.666948,8.64054E-05,0.0264157,0.00220229,0.1818737,8.74956E-05,-2.30047E-05,7.06694E-06,5.86697E-05,-3.62408E-06,2.66515E-05
0.0023703,1.8032,0.67,5.5579,0.13828,0.010436,0.96113,0.0023829,-0.00065493,0.000166,0.001648,-0.00013369,0.00070966,0.216384,0.0804,0.666948,8.55678E-05,0.0262732,0.00198284,0.1826147,8.60227E-05,-2.3643E-05,5.9926E-06,5.94928E-05,-4.82621E-06,2.56187E-05
0.0023554,1.8114,0.67,5.5579,0.13748,0.0088026,0.96539,0.0023499,-0.0006577,0.0001603,0.0016433,-0.00016425,0.00071776,0.217368,0.0804,0.666948,8.50299E-05,0.0261212,0.001672494,0.1834241,8.48314E-05,-2.3743E-05,5.78683E-06,5.93231E-05,-5.92943E-06,2.59111E-05
0.0023667,1.8197,0.67,5.5579,0.13655,0.0073326,0.97029,0.0023122,-0.00064714,0.00020413,0.0016363,-0.00019604,0.00078493,0.218364,0.0804,0.666948,8.54379E-05,0.0259445,0.001393194,0.1843551,8.34704E-05,-2.33618E-05,7.36909E-06,5.90704E-05,-7.07704E-06,2.8336E-05
0.002379,1.8279,0.67,5.5579,0.13543,0.006575,0.97516,0.0022451,-0.00063101,0.00027186,0.001638,-0.00023542,0.00087502,0.219348,0.0804,0.666948,8.58819E-05,0.0257317,0.00124925,0.1852804,8.10481E-05,-2.27795E-05,9.81415E-06,5.91318E-05,-8.49866E-06,3.15882E-05
0.0023978,1.8362,0.67,5.5579,0.13417,0.006715,0.9799,0.0021473,-0.00062844,0.00037874,0.001653,-0.00031389,0.00099528,0.220344,0.0804,0.666948,8.65606E-05,0.0254923,0.00127585,0.186181,7.75175E-05,-2.26867E-05,1.36725E-05,5.96733E-05,-1.13314E-05,3.59296E-05
0.002432,1.8446,0.67,5.5579,0.13283,0.0076623,0.98416,0.0020457,-0.00064535,0.00050811,0.0016682,-0.00041833,0.0011502,0.221352,0.0804,0.666948,8.77952E-05,0.0252377,0.001455837,0.1869904,7.38498E-05,-2.32971E-05,1.83428E-05,6.0222E-05,-1.51017E-05,4.15222E-05
0.0024846,1.8534,0.67,5.5579,0.13145,0.0089723,0.98775,0.0019577,-0.00066985,0.00062157,0.0016831,-0.00054467,0.0013283,0.222408,0.0804,0.666948,8.96941E-05,0.0249755,0.001704737,0.1876725,7.0673E-05,-2.41816E-05,2.24387E-05,6.07599E-05,-1.96626E-05,4.79516E-05
0.0025399,1.8626,0.67,5.5579,0.1301,0.010049,0.99081,0.0018801,-0.00069655,0.00068231,0.0017123,-0.00065975,0.0014873,0.223512,0.0804,0.666948,9.16904E-05,0.024719,0.00190931,0.1882539,6.78716E-05,-2.51455E-05,2.46314E-05,6.1814E-05,-2.3817E-05,5.36915E-05
0.0025589,1.8723,0.67,5.5579,0.12877,0.010898,0.99343,0.0018052,-0.00070672,0.00068546,0.0017215,-0.00077362,0.0015912,0.224676,0.0804,0.666948,9.23763E-05,0.0244663,0.00207062,0.1887517,6.51677E-05,-2.55126E-05,2.47451E-05,6.21462E-05,-2.79277E-05,5.74423E-05
0.0025164,1.8824,0.67,5.5579,0.12734,0.011414,0.99549,0.0017297,-0.00069135,0.00062554,0.001672,-0.00084028,0.0016312,0.225888,0.0804,0.666948,9.0842E-05,0.0241946,0.00216866,0.1891431,6.24422E-05,-2.49577E-05,2.2582E-05,6.03592E-05,-3.03341E-05,5.88863E-05
0.0024803,1.8931,0.67,5.5579,0.12576,0.011177,0.99755,0.0016638,-0.00068749,0.00049122,0.0016395,-0.00085211,0.0016573,0.227172,0.0804,0.666948,8.95388E-05,0.0238944,0.00212363,0.1895345,6.00632E-05,-2.48184E-05,1.7733E-05,5.9186E-05,-3.07612E-05,5.98285E-05
0.0025306,1.9042,0.67,5.5579,0.12397,0.010803,1.0013,0.0016316,-0.00071554,0.00037035,0.0016792,-0.00087804,0.0017505,0.228504,0.0804,0.666948,9.13547E-05,0.0235543,0.00205257,0.190247,5.89008E-05,-2.5831E-05,1.33696E-05,6.06191E-05,-3.16972E-05,6.31931E-05
0.0026317,1.9159,0.67,5.5579,0.12175,0.011494,1.006,0.0016415,-0.00073832,0.00031432,0.0017099,-0.0008968,0.0019122,0.229908,0.0804,0.666948,9.50044E-05,0.0231325,0.00218386,0.19114,5.92582E-05,-2.66534E-05,1.1347E-05,6.17274E-05,-3.23745E-05,6.90304E-05
0.0027505,1.9282,0.67,5.5579,0.11904,0.011988,1.0089,0.0016639,-0.00073064,0.00030158,0.0016532,-0.00093306,0.0021838,0.231384,0.0804,0.666948,9.92931E-05,0.0226176,0.00227772,0.191691,6.00668E-05,-2.63761E-05,1.0887E-05,5.96805E-05,-3.36835E-05,7.88352E-05
0.002809,1.941,0.67,5.5579,0.11628,0.011501,1.0088,0.0016729,-0.00067165,0.0003093,0.0015036,-0.00085858,0.0024414,0.23292,0.0804,0.666948,0.000101405,0.0220932,0.00218519,0.191672,6.03917E-05,-2.42466E-05,1.11657E-05,5.428E-05,-3.09947E-05,8.81345E-05
0.0026914,1.9545,0.67,5.5579,0.11381,0.010701,1.0097,0.001673,-0.00050356,0.00024106,0.0013479,-0.00076052,0.0023619,0.23454,0.0804,0.666948,9.71595E-05,0.0216239,0.00203319,0.191843,6.03953E-05,-1.81785E-05,8.70227E-06,4.86592E-05,-2.74548E-05,8.52646E-05
0.0024968,1.9686,0.67,5.5579,0.11117,0.011251,1.0141,0.0016653,-0.00026414,6.61E-05,0.0012008,-0.00069084,0.0021274,0.236232,0.0804,0.666948,9.01345E-05,0.0211223,0.00213769,0.192679,6.01173E-05,-9.53545E-06,2.3861E-06,4.33489E-05,-2.49393E-05,7.67991E-05
0.0022794,1.9833,0.67,5.5579,0.10774,0.012135,1.0189,0.0016294,-5.89E-05,-6.65E-05,0.0010644,-0.00051821,0.001865,0.237996,0.0804,0.666948,8.22863E-05,0.0204706,0.00230565,0.193591,5.88213E-05,-2.12481E-06,-2.40058E-06,3.84248E-05,-1.87074E-05,6.73265E-05
0.0021904,1.9988,0.67,5.5579,0.10425,0.013018,1.0168,0.0015697,6.43E-05,-0.00022155,0.0011518,-0.00046306,0.0016593,0.239856,0.0804,0.666948,7.90734E-05,0.0198075,0.00247342,0.193192,5.66662E-05,2.32174E-06,-7.99796E-06,4.158E-05,-1.67165E-05,5.99007E-05
0.0022759,2.0149,0.67,5.5579,0.10149,0.010983,1.0152,0.0014836,7.54E-05,-0.00022513,0.0011252,-0.00041771,0.001943,0.241788,0.0804,0.666948,8.216E-05,0.0192831,0.00208677,0.192888,5.3558E-05,2.72024E-06,-8.12719E-06,4.06197E-05,-1.50793E-05,7.01423E-05
0.0024136,2.0319,0.67,5.5579,0.098781,0.0085908,1.0099,0.0013771,7.94E-05,-0.00019928,0.0010151,-0.00013382,0.002435,0.243828,0.0804,0.666948,8.7131E-05,0.01876839,0.001632252,0.191881,4.97133E-05,2.86616E-06,-7.19401E-06,3.66451E-05,-4.8309E-06,8.79035E-05
0.002699,2.0496,0.67,5.5579,0.095489,0.0035391,1.0074,0.001349,7.85E-05,0.00013615,0.00083486,8.69E-05,0.0032142,0.245952,0.0804,0.666948,9.74339E-05,0.01814291,0.000672429,0.191406,4.86989E-05,2.83446E-06,4.91502E-06,3.01384E-05,3.13745E-06,0.000116033
0.003359,2.0681,0.67,5.5579,0.090968,0.0021662,1.002,0.0014552,2.54E-05,0.00071872,0.00071798,0.00023261,0.0045447,0.248172,0.0804,0.666948,0.00012126,0.01728392,0.000411578,0.19038,5.25327E-05,9.15279E-07,2.59458E-05,2.59191E-05,8.39722E-06,0.000164064
0.0041936,2.0875,0.67,5.5579,0.085576,0.0028452,0.99144,0.0016666,-0.00014671,0.0012711,0.00076049,-0.0001765,0.0059601,0.2505,0.0804,0.666948,0.000151389,0.01625944,0.000540588,0.1883736,6.01643E-05,-5.29623E-06,4.58867E-05,2.74537E-05,-6.37165E-06,0.00021516
0.0050736,2.1078,0.67,5.5579,0.080374,0.0050418,0.99084,0.0019224,-0.00023663,0.0021468,0.00071872,-0.00045537,0.007506,0.252936,0.0804,0.666948,0.000183157,0.01527106,0.000957942,0.1882596,6.93986E-05,-8.54234E-06,7.74995E-05,2.59458E-05,-1.64389E-05,0.000270967
0.005303,2.129,0.67,5.5579,0.076405,0.013992,0.98382,0.0020874,-0.00019831,0.002561,0.00080321,-0.00024399,0.0077154,0.25548,0.0804,0.666948,0.000191438,0.01451695,0.00265848,0.1869258,7.53551E-05,-7.15899E-06,9.24521E-05,2.89959E-05,-8.80804E-06,0.000278526
0.004583,2.1511,0.67,5.5579,0.074942,0.017576,0.97902,0.0020948,-3.20E-05,0.0022239,0.00089395,-1.37E-05,0.0061772,0.258132,0.0804,0.666948,0.000165446,0.01423898,0.00333944,0.1860138,7.56223E-05,-1.15488E-06,8.02828E-05,3.22716E-05,-4.93776E-07,0.000222997
0.0038482,2.1743,0.67,5.5579,0.073053,0.0196,0.98623,0.001999,0.00010033,0.0018453,0.0010538,0.00013097,0.0046436,0.260916,0.0804,0.666948,0.00013892,0.01388007,0.003724,0.1873837,7.21639E-05,3.62191E-06,6.66153E-05,3.80422E-05,4.72802E-06,0.000167634
0.0035652,2.1984,0.67,5.5579,0.06729,0.022559,0.98605,0.0017853,0.00017569,0.0017061,0.0010871,0.00015413,0.0042579,0.263808,0.0804,0.666948,0.000128704,0.0127851,0.00428621,0.1873495,6.44493E-05,6.34241E-06,6.15902E-05,3.92443E-05,5.56409E-06,0.00015371
0.0039273,2.2237,0.67,5.5579,0.061175,0.026869,0.96012,0.0015935,0.00049514,0.0015993,0.0017204,0.00088508,0.0045407,0.266844,0.0804,0.666948,0.000141776,0.01162325,0.00510511,0.1824228,5.75254E-05,1.78746E-05,5.77347E-05,6.21064E-05,3.19514E-05,0.000163919
0.0051941,2.2501,0.67,5.5579,0.057193,0.031044,0.94148,0.0016455,0.00058868,0.0016283,0.0022228,0.0012683,0.0065199,0.270012,0.0804,0.666948,0.000187507,0.01086667,0.00589836,0.1788812,5.94026E-05,2.12513E-05,5.87816E-05,8.02431E-05,4.57856E-05,0.000235368
0.0050733,2.2776,0.67,5.5579,0.051877,0.032378,0.93675,0.0018265,0.00033796,0.0015177,0.001833,0.00039668,0.0064872,0.273312,0.0804,0.666948,0.000183146,0.00985663,0.00615182,0.1779825,6.59367E-05,1.22004E-05,5.4789E-05,6.61713E-05,1.43201E-05,0.000234188
0.0050087,2.3063,0.67,5.5579,0.044637,0.037044,0.92437,0.0020172,0.00017645,0.0011639,0.0015687,-0.00064391,0.0064315,0.276756,0.0804,0.666948,0.000180814,0.00848103,0.00703836,0.1756303,7.28209E-05,6.36985E-06,4.20168E-05,5.66301E-05,-2.32452E-05,0.000232177
0.0060154,2.3362,0.67,5.5579,0.035127,0.050712,0.91134,0.0022558,0.00038048,0.0014284,0.0018542,-0.000545,0.0079207,0.280344,0.0804,0.666948,0.000217156,0.00667413,0.00963528,0.1731546,8.14344E-05,1.37353E-05,5.15652E-05,6.69366E-05,-1.96745E-05,0.000285937
0.0054727,2.3674,0.67,5.5579,0.025516,0.060013,0.8869,0.0024275,0.00055346,0.0015476,0.0026563,0.00011362,0.0058616,0.284088,0.0804,0.666948,0.000197564,0.00484804,0.01140247,0.168511,8.76328E-05,1.99799E-05,5.58684E-05,9.58924E-05,4.10168E-06,0.000211604
0.0054179,2.3999,0.67,5.5579,0.018294,0.065598,0.85747,0.0020693,0.00076528,0.0013594,0.0040388,0.00037871,0.0047276,0.287988,0.0804,0.666948,0.000195586,0.00347586,0.01246362,0.1629193,7.47017E-05,2.76266E-05,4.90743E-05,0.000145801,1.36714E-05,0.000170666
0.0053487,2.4338,0.67,5.5579,0.010158,0.072882,0.8171,0.00118,0.00057911,0.0012973,0.0038574,0.00073942,0.00566,0.292056,0.0804,0.666948,0.000193088,0.00193002,0.01384758,0.155249,0.000042598,2.09059E-05,4.68325E-05,0.000139252,2.66931E-05,0.000204326
0.0038645,2.4691,0.67,5.5579,0.0034322,0.066877,0.70369,0.00036625,8.74E-05,0.0006952,0.0022,0.00085105,0.0051627,0.296292,0.0804,0.666948,0.000139508,0.000652118,0.01270663,0.1337011,1.32216E-05,3.15435E-06,2.50967E-05,0.00007942,3.07229E-05,0.000186373
0.0014779,2.5058,0.67,5.5579,0.00060029,0.029422,0.3095,2.30E-05,1.51E-05,0.00012211,0.00083976,0.00034053,0.002093,0.300696,0.0804,0.666948,5.33522E-05,0.000114055,0.00559018,0.058805,8.31239E-07,5.43847E-07,4.40817E-06,3.03153E-05,1.22931E-05,7.55573E-05
3.82E-08,2.544,0.67,5.5579,-0.00010492,-2.25E-14,-2.39E-18,7.63E-08,1.64E-17,3.39E-21,3.51E-27,7.27E-31,1.64E-34,0.30528,0.0804,0.666948,1.37776E-09,-1.99348E-05,-4.2674E-15,-4.5467E-19,2.75551E-09,5.91174E-19,1.22227E-22,1.26834E-28,2.62378E-32,5.92257E-36
0,2.5837,0.67,5.5579,0,0,0,0,0,0,0,0,0,0.310044,0.0804,0.666948,0,0,0,0,0,0,0,0,0,0
0,2.625,0.67,5.5579,0,0,0,0,0,0,0,0,0,0.315,0.0804,0.666948,0,0,0,0,0,0,0,0,0,0
0,-0.125,0.67,5.5716,0,0,0,0,0,0,0,0,0,-0.015,0.0804,0.668592,0,0,0,0,0,0,0,0,0,0
0,-0.083719,0.67,5.5716,0,0,0,0,0,0,0,0,0,-0.01004628,0.0804,0.668592,0,0,0,0,0,0,0,0,0,0
1.28E-08,-0.044001,0.67,5.5716,-0.0005647,-1.57E-13,-1.68E-18,2.57E-08,7.17E-18,6.94E-22,2.00E-27,1.94E-31,2.78E-35,-0.00528012,0.0804,0.668592,4.63452E-10,-0.000107293,-2.99117E-14,-3.19447E-19,9.26904E-10,2.58841E-19,2.50415E-23,7.2283E-29,6.99726E-33,1.00492E-36
0.00093594,-0.0058053,0.67,5.5716,-0.002571,0.025213,0.3894,1.11E-05,-2.27E-05,-3.54E-05,0.00079931,-0.00019458,0.0010615,-0.000696636,0.0804,0.668592,3.37874E-05,-0.00048849,0.00479047,0.073986,4.01504E-07,-8.19903E-07,-1.27917E-06,2.88551E-05,-7.02434E-06,3.83202E-05
0.00245,0.030909,0.67,5.5716,-0.0097657,0.057076,0.88132,0.00017707,-0.00013337,-0.00020264,0.0020769,-0.00049955,0.0026461,0.00370908,0.0804,0.668592,0.000088445,-0.001855483,0.01084444,0.1674508,6.39223E-06,-4.81466E-06,-7.3153E-06,7.49761E-05,-1.80338E-05,9.55242E-05
0.0025979,0.066184,0.67,5.5716,-0.021961,0.051993,0.99624,0.00045233,-0.00020804,-0.00010076,0.0017738,-0.00052196,0.0029697,0.00794208,0.0804,0.668592,9.37842E-05,-0.00417259,0.00987867,0.1892856,1.63291E-05,-7.51024E-06,-3.63744E-06,6.40342E-05,-1.88428E-05,0.000107206
0.0025522,0.10006,0.67,5.5716,-0.035996,0.038906,1.0302,0.00053841,-0.00024575,4.55E-05,0.0014429,-0.00057305,0.0031231,0.0120072,0.0804,0.668592,9.21344E-05,-0.00683924,0.00739214,0.195738,1.94366E-05,-8.87158E-06,1.64356E-06,5.20887E-05,-2.06871E-05,0.000112744
0.0030904,0.13258,0.67,5.5716,-0.046095,0.031179,1.0511,0.00049345,-0.00018649,2.99E-05,0.0014009,-0.00079026,0.0042864,0.0159096,0.0804,0.668592,0.000111563,-0.00875805,0.00592401,0.199709,1.78135E-05,-6.73229E-06,1.07813E-06,5.05725E-05,-2.85284E-05,0.000154739
0.0026813,0.16379,0.67,5.5716,-0.048211,0.018919,1.0664,0.00056848,-7.19E-05,-0.00012412,0.00093693,-0.00058787,0.0038573,0.0196548,0.0804,0.668592,9.67949E-05,-0.00916009,0.00359461,0.202616,2.05221E-05,-2.5957E-06,-4.48073E-06,3.38232E-05,-2.12221E-05,0.000139249
0.0023929,0.19372,0.67,5.5716,-0.048485,0.017004,1.075,0.00076744,7.21E-06,-0.00032502,0.0010278,-0.00049886,0.0029906,0.0232464,0.0804,0.668592,8.63837E-05,-0.00921215,0.00323076,0.20425,2.77046E-05,2.60458E-07,-1.17332E-05,3.71036E-05,-1.80088E-05,0.000107961
0.0035336,0.22242,0.67,5.5716,-0.050217,0.024034,1.078,0.0010645,4.02E-05,-0.00081772,0.0011318,-0.00064168,0.0048709,0.0266904,0.0804,0.668592,0.000127563,-0.00954123,0.00456646,0.20482,3.84285E-05,1.45281E-06,-2.95197E-05,4.0858E-05,-2.31646E-05,0.000175839
0.0032135,0.24993,0.67,5.5716,-0.054404,0.026388,1.0825,0.0012876,0.00012359,-0.0010064,0.0011172,-0.00022521,0.0040221,0.0299916,0.0804,0.668592,0.000116007,-0.01033676,0.00501372,0.205675,4.64824E-05,4.4616E-06,-3.6331E-05,4.03309E-05,-8.13008E-06,0.000145198
0.0023016,0.27629,0.67,5.5716,-0.060396,0.026393,1.0837,0.0012753,0.00015322,-0.00086735,0.0012143,-0.00024035,0.0021137,0.0331548,0.0804,0.668592,8.30878E-05,-0.01147524,0.00501467,0.205903,4.60383E-05,5.53124E-06,-3.13113E-05,4.38362E-05,-8.67664E-06,7.63046E-05
0.0030681,0.30154,0.67,5.5716,-0.06579,0.023711,1.084,0.001311,2.59E-05,-0.0008782,0.0018092,-0.00098509,0.0030159,0.0361848,0.0804,0.668592,0.000110758,-0.0125001,0.00450509,0.20596,4.73271E-05,9.33763E-07,-3.1703E-05,6.53121E-05,-3.55617E-05,0.000108874
0.003695,0.32572,0.67,5.5716,-0.07086,0.016428,1.088,0.0014779,4.57E-05,-0.00090586,0.0018467,-0.0013877,0.0040654,0.0390864,0.0804,0.668592,0.00013339,-0.0134634,0.00312132,0.20672,5.33522E-05,1.64988E-06,-3.27015E-05,6.66659E-05,-5.0096E-05,0.000146761
0.0030962,0.34887,0.67,5.5716,-0.075154,0.015638,1.0892,0.0015294,8.27E-05,-0.00042378,0.0012525,-0.00091269,0.0034105,0.0418644,0.0804,0.668592,0.000111773,-0.01427926,0.00297122,0.206948,5.52113E-05,2.98522E-06,-1.52985E-05,4.52153E-05,-3.29481E-05,0.000123119
0.0022942,0.37102,0.67,5.5716,-0.078883,0.022866,1.0872,0.0014344,0.00013914,-0.00012605,0.0011319,-0.00043301,0.0020222,0.0445224,0.0804,0.668592,8.28206E-05,-0.01498777,0.00434454,0.206568,5.17818E-05,5.02295E-06,-4.55041E-06,4.08616E-05,-1.56317E-05,7.30014E-05
0.0022443,0.39221,0.67,5.5716,-0.084043,0.031637,1.0877,0.0013574,0.00016542,-0.00033238,0.0011699,-0.00053769,0.0019613,0.0470652,0.0804,0.668592,8.10192E-05,-0.01596817,0.00601103,0.206663,4.90021E-05,5.97166E-06,-1.19989E-05,4.22334E-05,-1.94106E-05,7.08029E-05
0.0024311,0.41248,0.67,5.5716,-0.089373,0.036317,1.0821,0.0014278,0.00023679,-0.00036921,0.0011882,-0.00082924,0.0022462,0.0494976,0.0804,0.668592,8.77627E-05,-0.01698087,0.00690023,0.205599,5.15436E-05,8.54812E-06,-1.33285E-05,4.2894E-05,-2.99356E-05,8.10878E-05
0.0031571,0.43187,0.67,5.5716,-0.092486,0.038327,1.0771,0.0016415,0.00044627,-0.00082506,0.0013539,-0.0011738,0.0033189,0.0518244,0.0804,0.668592,0.000113971,-0.01757234,0.00728213,0.204649,5.92582E-05,1.61103E-05,-2.97847E-05,4.88758E-05,-4.23742E-05,0.000119812
0.0037487,0.4504,0.67,5.5716,-0.094622,0.039576,1.0698,0.0018353,0.00055034,-0.00077489,0.0016081,-0.0014627,0.0040539,0.054048,0.0804,0.668592,0.000135328,-0.01797818,0.00751944,0.203262,6.62543E-05,1.98673E-05,-2.79735E-05,5.80524E-05,-5.28035E-05,0.000146346
0.0039095,0.46812,0.67,5.5716,-0.09805,0.038568,1.0711,0.0018143,0.0004115,-0.00041336,0.0017352,-0.0016798,0.0042695,0.0561744,0.0804,0.668592,0.000141133,-0.0186295,0.00732792,0.203509,6.54962E-05,1.48552E-05,-1.49223E-05,6.26407E-05,-6.06408E-05,0.000154129
0.0033579,0.48504,0.67,5.5716,-0.10329,0.036513,1.0722,0.0016123,0.00012313,-0.00011762,0.0016493,-0.0013386,0.0034542,0.0582048,0.0804,0.668592,0.00012122,-0.0196251,0.00693747,0.203718,5.8204E-05,4.44499E-06,-4.24608E-06,5.95397E-05,-4.83235E-05,0.000124697
0.0026836,0.50122,0.67,5.5716,-0.1091,0.032576,1.0733,0.0013869,-0.00010024,4.57E-05,0.0014996,-0.0010277,0.0024807,0.0601464,0.0804,0.668592,9.6878E-05,-0.020729,0.00618944,0.203927,5.00671E-05,-3.61866E-06,1.65028E-06,5.41356E-05,-3.71E-05,8.95533E-05
0.0025279,0.51667,0.67,5.5716,-0.11416,0.029917,1.0763,0.0012202,-0.00024411,-9.70E-05,0.001388,-0.00090649,0.0024476,0.0620004,0.0804,0.668592,9.12572E-05,-0.0216904,0.00568423,0.204497,4.40492E-05,-8.81237E-06,-3.50246E-06,5.01068E-05,-3.27243E-05,8.83584E-05
0.0024359,0.53142,0.67,5.5716,-0.11824,0.027115,1.0811,0.0011301,-0.00024594,-0.00027788,0.001308,-0.00058387,0.0024336,0.0637704,0.0804,0.668592,8.7936E-05,-0.0224656,0.00515185,0.205409,4.07966E-05,-8.87843E-06,-1.00315E-05,4.72188E-05,-2.10777E-05,8.7853E-05
0.0023553,0.54551,0.67,5.5716,-0.12195,0.023228,1.0829,0.0011474,-0.00016911,-0.00045909,0.0012756,-0.00021711,0.0022875,0.0654612,0.0804,0.668592,8.50263E-05,-0.0231705,0.00441332,0.205751,4.14211E-05,-6.10487E-06,-1.65731E-05,4.60492E-05,-7.83767E-06,8.25788E-05
0.0023003,0.55896,0.67,5.5716,-0.12515,0.019154,1.0826,0.001287,-8.26E-05,-0.00066815,0.0013847,-3.46E-05,0.0019289,0.0670752,0.0804,0.668592,8.30408E-05,-0.0237785,0.00363926,0.205694,4.64607E-05,-2.98161E-06,-2.41202E-05,4.99877E-05,-1.24895E-06,6.96333E-05
0.0024738,0.5718,0.67,5.5716,-0.12737,0.015672,1.0834,0.0015105,9.14E-05,-0.00091359,0.0015438,-0.00014954,0.0018933,0.068616,0.0804,0.668592,8.93042E-05,-0.0242003,0.00297768,0.205846,5.45291E-05,3.30131E-06,-3.29806E-05,5.57312E-05,-5.39839E-06,6.83481E-05
0.00272,0.58405,0.67,5.5716,-0.1291,0.013828,1.0813,0.0017909,0.00030469,-0.0011797,0.001653,-0.00024925,0.0019961,0.070086,0.0804,0.668592,0.000098192,-0.024529,0.00262732,0.205447,6.46515E-05,1.09993E-05,-4.25872E-05,5.96733E-05,-8.99793E-06,7.20592E-05
0.0030039,0.59575,0.67,5.5716,-0.13131,0.010955,1.0793,0.002051,0.00046141,-0.0013679,0.001744,-0.00029283,0.0022128,0.07149,0.0804,0.668592,0.000108441,-0.0249489,0.00208145,0.205067,7.40411E-05,1.66569E-05,-4.93812E-05,6.29584E-05,-1.05712E-05,7.98821E-05
0.0030643,0.6069,0.67,5.5716,-0.13428,0.0062302,1.078,0.0021851,0.00052015,-0.0013804,0.001725,-0.00028966,0.0022185,0.072828,0.0804,0.668592,0.000110621,-0.0255132,0.001183738,0.20482,7.88821E-05,1.87774E-05,-4.98324E-05,6.22725E-05,-1.04567E-05,8.00879E-05
0.0029512,0.61755,0.67,5.5716,-0.13774,0.001018,1.0793,0.0021778,0.00049346,-0.0013155,0.0015924,-0.00030947,0.0021321,0.074106,0.0804,0.668592,0.000106538,-0.0261706,0.00019342,0.205067,7.86186E-05,1.78139E-05,-4.74896E-05,5.74856E-05,-1.11719E-05,7.69688E-05
0.0027726,0.6277,0.67,5.5716,-0.14151,-0.0034966,1.0847,0.0020756,0.00041257,-0.001199,0.0014332,-0.00040049,0.0020365,0.075324,0.0804,0.668592,0.000100091,-0.0268869,-0.000664354,0.206093,7.49292E-05,1.48938E-05,-4.32839E-05,5.17385E-05,-1.44577E-05,7.35177E-05
0.0025786,0.63738,0.67,5.5716,-0.14538,-0.0068634,1.0904,0.0019159,0.00030512,-0.0010477,0.0012748,-0.0004875,0.0019664,0.0764856,0.0804,0.668592,9.30875E-05,-0.0276222,-0.001304046,0.207176,6.9164E-05,1.10148E-05,-3.7822E-05,4.60203E-05,-1.75988E-05,7.0987E-05
0.0023972,0.64661,0.67,5.5716,-0.14923,-0.009132,1.0946,0.0017203,0.00017952,-0.00088158,0.0011529,-0.00054995,0.0019213,0.0775932,0.0804,0.668592,8.65389E-05,-0.0283537,-0.00173508,0.207974,6.21028E-05,6.48067E-06,-3.1825E-05,4.16197E-05,-1.98532E-05,6.93589E-05
0.0021792,0.65542,0.67,5.5716,-0.15303,-0.010761,1.0972,0.0014979,6.06E-05,-0.00068843,0.0010652,-0.00060532,0.0017953,0.0786504,0.0804,0.668592,7.86691E-05,-0.0290757,-0.00204459,0.208468,5.40742E-05,2.18878E-06,-2.48523E-05,3.84537E-05,-2.18521E-05,6.48103E-05
0.0019696,0.66381,0.67,5.5716,-0.15681,-0.012029,1.0991,0.0012814,-3.25E-05,-0.00045967,0.0010094,-0.00063848,0.0016484,0.0796572,0.0804,0.668592,7.11026E-05,-0.0297939,-0.00228551,0.208829,4.62585E-05,-1.17397E-06,-1.65941E-05,3.64393E-05,-2.30491E-05,5.95072E-05
0.001813,0.67207,0.67,5.5716,-0.16061,-0.013141,1.102,0.0011162,-9.85E-05,-0.00023657,0.00095928,-0.00067049,0.0015506,0.0806484,0.0804,0.668592,6.54493E-05,-0.0305159,-0.00249679,0.20938,4.02948E-05,-3.55423E-06,-8.54018E-06,3.463E-05,-2.42047E-05,5.59767E-05
0.0017456,0.68032,0.67,5.5716,-0.16421,-0.014127,1.105,0.0010112,-0.00014591,-7.55E-05,0.0008935,-0.00068796,0.0015866,0.0816384,0.0804,0.668592,6.30162E-05,-0.0311999,-0.00268413,0.20995,3.65043E-05,-5.26735E-06,-2.72587E-06,3.22554E-05,-2.48354E-05,5.72763E-05
0.0017472,0.68858,0.67,5.5716,-0.16731,-0.015143,1.1061,0.00095872,-0.00018413,2.71E-05,0.0008252,-0.00068923,0.0017104,0.0826296,0.0804,0.668592,6.30739E-05,-0.0317889,-0.00287717,0.210159,3.46098E-05,-6.64709E-06,9.7748E-07,2.97897E-05,-2.48812E-05,6.17454E-05
0.0017948,0.69683,0.67,5.5716,-0.16992,-0.016448,1.1052,0.00096571,-0.00021562,8.57E-05,0.00079941,-0.0006894,0.0018244,0.0836196,0.0804,0.668592,6.47923E-05,-0.0322848,-0.00312512,0.209988,3.48621E-05,-7.78388E-06,3.09377E-06,2.88587E-05,-2.48873E-05,6.58608E-05
0.001853,0.70509,0.67,5.5716,-0.17213,-0.017747,1.1028,0.0010151,-0.00023906,0.00013224,0.00083765,-0.00069843,0.0018533,0.0846108,0.0804,0.668592,6.68933E-05,-0.0327047,-0.00337193,0.209532,3.66451E-05,-8.63007E-06,4.77386E-06,3.02392E-05,-2.52133E-05,6.69041E-05
0.001942,0.71335,0.67,5.5716,-0.17386,-0.018444,1.099,0.0010814,-0.00025793,0.00015981,0.00092827,-0.00071293,0.0018743,0.085602,0.0804,0.668592,7.01062E-05,-0.0330334,-0.00350436,0.20881,3.90385E-05,-9.31127E-06,5.76914E-06,3.35105E-05,-2.57368E-05,6.76622E-05
0.0020454,0.7216,0.67,5.5716,-0.17519,-0.018276,1.0937,0.0011609,-0.00026577,0.00016678,0.0010508,-0.00072528,0.001879,0.086592,0.0804,0.668592,7.38389E-05,-0.0332861,-0.00347244,0.207803,4.19085E-05,-9.5943E-06,6.02076E-06,3.79339E-05,-2.61826E-05,6.78319E-05
0.0021437,0.72986,0.67,5.5716,-0.17651,-0.017223,1.0878,0.0012403,-0.00026386,0.00014262,0.00118,-0.00073921,0.0018671,0.0875832,0.0804,0.668592,7.73876E-05,-0.0335369,-0.00327237,0.206682,4.47748E-05,-9.52535E-06,5.14858E-06,0.000042598,-2.66855E-05,6.74023E-05
0.0022534,0.73811,0.67,5.5716,-0.17792,-0.015351,1.0814,0.0013055,-0.00026115,8.16E-05,0.0013067,-0.0007647,0.0018946,0.0885732,0.0804,0.668592,8.13477E-05,-0.0338048,-0.00291669,0.205466,4.71286E-05,-9.42752E-06,2.94572E-06,4.71719E-05,-2.76057E-05,6.83951E-05
0.0023798,0.74637,0.67,5.5716,-0.17908,-0.012897,1.0746,0.0013597,-0.00026157,4.81E-06,0.0014387,-0.00079981,0.0019614,0.0895644,0.0804,0.668592,8.59108E-05,-0.0340252,-0.00245043,0.204174,4.90852E-05,-9.44268E-06,1.73511E-07,5.19371E-05,-2.88731E-05,7.08065E-05
0.0025594,0.75463,0.67,5.5716,-0.17993,-0.0099637,1.0669,0.001406,-0.00026282,-3.79E-05,0.0015929,-0.00086267,0.0021198,0.0905556,0.0804,0.668592,9.23943E-05,-0.0341867,-0.001893103,0.202711,5.07566E-05,-9.4878E-06,-1.36992E-06,5.75037E-05,-3.11424E-05,7.65248E-05
0.0027882,0.76288,0.67,5.5716,-0.18079,-0.0066877,1.0587,0.0014385,-0.0002627,-2.87E-05,0.0017741,-0.00096588,0.0023639,0.0915456,0.0804,0.668592,0.000100654,-0.0343501,-0.001270663,0.201153,5.19299E-05,-9.48347E-06,-1.0365E-06,6.4045E-05,-3.48683E-05,8.53368E-05
0.003033,0.77114,0.67,5.5716,-0.18161,-0.0034614,1.0507,0.001461,-0.00026948,1.95E-05,0.0019615,-0.0011039,0.0026435,0.0925368,0.0804,0.668592,0.000109491,-0.0345059,-0.000657666,0.199633,5.27421E-05,-9.72823E-06,7.04564E-07,7.08102E-05,-3.98508E-05,9.54304E-05
0.0032559,0.7794,0.67,5.5716,-0.18247,-0.00060958,1.0436,0.0014954,-0.00029861,9.30E-05,0.0021164,-0.0012344,0.0029,0.093528,0.0804,0.668592,0.000117538,-0.0346693,-0.00011582,0.198284,5.39839E-05,-1.07798E-05,3.35712E-06,7.6402E-05,-4.45618E-05,0.00010469
0.0034233,0.78765,0.67,5.5716,-0.18388,0.0018878,1.0374,0.0015305,-0.00036777,0.00020306,0.002232,-0.0013224,0.0030841,0.094518,0.0804,0.668592,0.000123581,-0.0349372,0.000358682,0.197106,5.52511E-05,-1.32765E-05,7.33047E-06,8.05752E-05,-4.77386E-05,0.000111336
0.0035475,0.79591,0.67,5.5716,-0.18574,0.0041689,1.0319,0.0015629,-0.00048511,0.00033148,0.0023379,-0.0013423,0.0031941,0.0955092,0.0804,0.668592,0.000128065,-0.0352906,0.000792091,0.196061,5.64207E-05,-1.75125E-05,1.19664E-05,8.43982E-05,-4.8457E-05,0.000115307
0.0036213,0.80416,0.67,5.5716,-0.18777,0.0061156,1.0269,0.0015969,-0.00062374,0.00046255,0.0024359,-0.0012988,0.0032097,0.0964992,0.0804,0.668592,0.000130729,-0.0356763,0.001161964,0.195111,5.76481E-05,-2.2517E-05,1.66981E-05,8.7936E-05,-4.68867E-05,0.00011587
0.0036347,0.81242,0.67,5.5716,-0.19004,0.0073598,1.0222,0.0016234,-0.00072882,0.00059605,0.0024642,-0.0012186,0.0031819,0.0974904,0.0804,0.668592,0.000131213,-0.0361076,0.001398362,0.194218,5.86047E-05,-2.63104E-05,2.15174E-05,8.89576E-05,-4.39915E-05,0.000114867
0.0036209,0.82068,0.67,5.5716,-0.19235,0.0079329,1.0173,0.0016815,-0.00077504,0.00068971,0.0023808,-0.0011285,0.0031794,0.0984816,0.0804,0.668592,0.000130714,-0.0365465,0.001507251,0.193287,6.07022E-05,-2.79789E-05,2.48985E-05,8.59469E-05,-4.07389E-05,0.000114776
0.0035968,0.82893,0.67,5.5716,-0.19429,0.0083229,1.0113,0.0017654,-0.00077073,0.00074596,0.0022233,-0.0010548,0.0032049,0.0994716,0.0804,0.668592,0.000129844,-0.0369151,0.001581351,0.192147,6.37309E-05,-2.78234E-05,2.69292E-05,8.02611E-05,-3.80783E-05,0.000115697
0.0035694,0.83719,0.67,5.5716,-0.19586,0.0088447,1.0039,0.001827,-0.0007317,0.00077193,0.00205,-0.0010029,0.0032619,0.1004628,0.0804,0.668592,0.000128855,-0.0372134,0.001680493,0.190741,6.59547E-05,-2.64144E-05,2.78667E-05,0.000074005,-3.62047E-05,0.000117755
0.0035376,0.84544,0.67,5.5716,-0.19714,0.0092256,0.99549,0.001913,-0.0006763,0.000758,0.001878,-0.00095109,0.0032841,0.1014528,0.0804,0.668592,0.000127707,-0.0374566,0.001752864,0.1891431,6.90593E-05,-2.44144E-05,2.73638E-05,6.77958E-05,-3.43343E-05,0.000118556
0.003467,0.8537,0.67,5.5716,-0.19825,0.0090016,0.98744,0.0020621,-0.00060472,0.00073113,0.0017125,-0.00088759,0.0031594,0.102444,0.0804,0.668592,0.000125159,-0.0376675,0.001710304,0.1876136,7.44418E-05,-2.18304E-05,2.63938E-05,6.18213E-05,-3.2042E-05,0.000114054
0.0033837,0.86196,0.67,5.5716,-0.19917,0.0083653,0.98096,0.0022115,-0.00051858,0.0007495,0.0015823,-0.00082311,0.0029736,0.1034352,0.0804,0.668592,0.000122152,-0.0378423,0.001589407,0.1863824,7.98352E-05,-1.87207E-05,2.7057E-05,5.7121E-05,-2.97143E-05,0.000107347
0.0033475,0.87021,0.67,5.5716,-0.20002,0.0079711,0.97571,0.0023424,-0.00044981,0.0007916,0.0015049,-0.00077671,0.0028478,0.1044252,0.0804,0.668592,0.000120845,-0.0380038,0.001514509,0.1853849,8.45606E-05,-1.62381E-05,2.85768E-05,5.43269E-05,-2.80392E-05,0.000102806
0.0033737,0.87847,0.67,5.5716,-0.20081,0.0079313,0.97028,0.0024957,-0.00040482,0.00084221,0.0014555,-0.00075908,0.0027961,0.1054164,0.0804,0.668592,0.000121791,-0.0381539,0.001506947,0.1843532,9.00948E-05,-1.4614E-05,3.04038E-05,5.25436E-05,-2.74028E-05,0.000100939
0.0034485,0.88672,0.67,5.5716,-0.2012,0.007711,0.96375,0.0026921,-0.00035524,0.0008752,0.0014013,-0.00074185,0.0028035,0.1064064,0.0804,0.668592,0.000124491,-0.038228,0.00146509,0.1831125,9.71848E-05,-1.28242E-05,3.15947E-05,5.05869E-05,-2.67808E-05,0.000101206
0.0035527,0.89498,0.67,5.5716,-0.20154,0.0067488,0.95673,0.0029087,-0.00030315,0.00089723,0.0013365,-0.00070646,0.0028601,0.1073976,0.0804,0.668592,0.000128252,-0.0382926,0.001282272,0.1817787,0.000105004,-1.09437E-05,3.239E-05,4.82477E-05,-2.55032E-05,0.00010325
0.0036947,0.90324,0.67,5.5716,-0.20209,0.0047753,0.94986,0.0031207,-0.00025307,0.00090256,0.0012668,-0.00070326,0.003002,0.1083888,0.0804,0.668592,0.000133379,-0.0383971,0.000907307,0.1804734,0.000112657,-9.13583E-06,3.25824E-05,4.57315E-05,-2.53877E-05,0.000108372
0.0038735,0.91149,0.67,5.5716,-0.20231,0.0018605,0.94279,0.003319,-0.00019727,0.00094457,0.0012004,-0.00074173,0.0032276,0.1093788,0.0804,0.668592,0.000139833,-0.0384389,0.000353495,0.1791301,0.000119816,-7.12145E-06,3.4099E-05,4.33344E-05,-2.67765E-05,0.000116516
0.0040756,0.91975,0.67,5.5716,-0.20223,-0.0014725,0.93507,0.0035189,-0.00016222,0.0010161,0.0011555,-0.00077908,0.0034768,0.11037,0.0804,0.668592,0.000147129,-0.0384237,-0.000279775,0.1776633,0.000127032,-5.85614E-06,3.66812E-05,4.17136E-05,-2.81248E-05,0.000125512
0.004271,0.92801,0.67,5.5716,-0.20196,-0.0044186,0.92649,0.0037329,-0.00016635,0.0011052,0.0011419,-0.00077714,0.0036672,0.1113612,0.0804,0.668592,0.000154183,-0.0383724,-0.000839534,0.1760331,0.000134758,-6.00524E-06,3.98977E-05,4.12226E-05,-2.80548E-05,0.000132386
0.0044043,0.93626,0.67,5.5716,-0.20147,-0.0065098,0.917,0.0039472,-0.0001743,0.0011596,0.0011389,-0.00070495,0.0037225,0.1123512,0.0804,0.668592,0.000158995,-0.0382793,-0.001236862,0.17423,0.000142494,-6.29223E-06,4.18616E-05,4.11143E-05,-2.54487E-05,0.000134382
0.0044563,0.94452,0.67,5.5716,-0.20101,-0.0075616,0.90664,0.0041581,-0.00016222,0.0011993,0.0011163,-0.00055962,0.0036381,0.1133424,0.0804,0.668592,0.000160872,-0.0381919,-0.001436704,0.1722616,0.000150107,-5.85614E-06,4.32947E-05,4.02984E-05,-2.02023E-05,0.000131335
0.0044168,0.95277,0.67,5.5716,-0.20028,-0.0076007,0.89538,0.0043285,-0.0001304,0.0012448,0.0010708,-0.00039178,0.0034343,0.1143324,0.0804,0.668592,0.000159446,-0.0380532,-0.001444133,0.1701222,0.000156259,-4.70744E-06,4.49373E-05,3.86559E-05,-1.41433E-05,0.000123978
0.0043395,0.96103,0.67,5.5716,-0.19952,-0.0071703,0.88377,0.0044459,-5.75E-05,0.0012346,0.0010227,-0.00022676,0.0032105,0.1153236,0.0804,0.668592,0.000156656,-0.0379088,-0.001362357,0.1679163,0.000160497,-2.076E-06,4.45691E-05,3.69195E-05,-8.18604E-06,0.000115899
0.0043028,0.96929,0.67,5.5716,-0.19907,-0.006627,0.87253,0.004555,4.26E-05,0.0011478,0.0010074,-7.88E-05,0.0030431,0.1163148,0.0804,0.668592,0.000155331,-0.0378233,-0.00125913,0.1657807,0.000164436,1.53609E-06,4.14356E-05,3.63671E-05,-2.84392E-06,0.000109856
0.004379,0.97754,0.67,5.5716,-0.19789,-0.0058938,0.86172,0.0046941,0.00015973,0.00097159,0.0010676,-1.65E-06,0.0029962,0.1173048,0.0804,0.668592,0.000158082,-0.0375991,-0.001119822,0.1637268,0.000169457,5.76625E-06,3.50744E-05,3.85404E-05,-5.95614E-08,0.000108163
0.0045861,0.9858,0.67,5.5716,-0.19633,-0.0050026,0.85191,0.004884,0.00028835,0.00082182,0.0012264,3.59E-06,0.0030618,0.118296,0.0804,0.668592,0.000165558,-0.0373027,-0.000950494,0.1618629,0.000176312,1.04094E-05,2.96677E-05,4.4273E-05,1.29516E-07,0.000110531
0.004853,0.99405,0.67,5.5716,-0.19529,-0.00402,0.84349,0.0050698,0.00042032,0.00069412,0.0014572,-2.68E-05,0.003179,0.119286,0.0804,0.668592,0.000175193,-0.0371051,-0.0007638,0.1602631,0.00018302,1.51736E-05,2.50577E-05,5.26049E-05,-9.66794E-07,0.000114762
0.0051715,1.0023,0.67,5.5716,-0.19382,-0.0029602,0.83626,0.0052447,0.0005587,0.00062871,0.0016924,-5.47E-05,0.003406,0.120276,0.0804,0.668592,0.000186691,-0.0368258,-0.000562438,0.1588894,0.000189334,2.01691E-05,2.26964E-05,6.10956E-05,-1.97608E-06,0.000122957
0.0054557,1.0106,0.67,5.5716,-0.19168,-0.001925,0.82969,0.0054087,0.00067584,0.00057199,0.0018475,-7.13E-05,0.0036552,0.121272,0.0804,0.668592,0.000196951,-0.0364192,-0.00036575,0.1576411,0.000195254,2.43978E-05,2.06488E-05,6.66948E-05,-2.57483E-06,0.000131953
0.0057018,1.0188,0.67,5.5716,-0.18948,-0.001208,0.82275,0.0055497,0.00073271,0.00048062,0.0018726,-9.48E-05,0.0039814,0.122256,0.0804,0.668592,0.000205835,-0.0360012,-0.00022952,0.1563225,0.000200344,2.64508E-05,1.73504E-05,6.76009E-05,-3.42112E-06,0.000143729
0.0058494,1.0271,0.67,5.5716,-0.18755,-0.001171,0.81505,0.0056579,0.00069027,0.00038884,0.0017793,-0.0001484,0.0042617,0.123252,0.0804,0.668592,0.000211163,-0.0356345,-0.00022249,0.1548595,0.00020425,2.49187E-05,1.40371E-05,6.42327E-05,-5.35724E-06,0.000153847
0.0059307,1.0353,0.67,5.5716,-0.18606,-0.0018914,0.80645,0.0056778,0.00055597,0.00027694,0.0016096,-0.00023907,0.0045739,0.124236,0.0804,0.668592,0.000214098,-0.0353514,-0.000359366,0.1532255,0.000204969,2.00705E-05,9.99753E-06,5.81066E-05,-8.63043E-06,0.000165118
0.0060423,1.0436,0.67,5.5716,-0.18461,-0.0031376,0.79712,0.0056647,0.00037829,0.00022883,0.0014301,-0.00036098,0.0049898,0.125232,0.0804,0.668592,0.000218127,-0.0350759,-0.000596144,0.1514528,0.000204496,1.36563E-05,8.26076E-06,5.16266E-05,-1.30314E-05,0.000180132
0.0061314,1.0518,0.67,5.5716,-0.18297,-0.004479,0.78764,0.0055888,0.0001949,0.00016091,0.0012984,-0.00051725,0.0053756,0.126216,0.0804,0.668592,0.000221344,-0.0347643,-0.00085101,0.1496516,0.000201756,7.03589E-06,5.80885E-06,4.68722E-05,-1.86727E-05,0.000194059
0.0063064,1.0601,0.67,5.5716,-0.18138,-0.0056083,0.77845,0.0054784,3.55E-05,0.00012745,0.0012307,-0.00067344,0.0059036,0.127212,0.0804,0.668592,0.000227661,-0.0344622,-0.001065577,0.1479055,0.00019777,1.28216E-06,4.60095E-06,4.44283E-05,-2.43112E-05,0.00021312
0.006503,1.0684,0.67,5.5716,-0.17979,-0.0064349,0.76969,0.0053864,-7.28E-05,0.00010582,0.0012054,-0.0008039,0.0064143,0.128208,0.0804,0.668592,0.000234758,-0.0341601,-0.001222631,0.1462411,0.000194449,-2.6296E-06,3.8201E-06,4.35149E-05,-2.90208E-05,0.000231556
0.0066948,1.0766,0.67,5.5716,-0.17816,-0.0069599,0.76085,0.0052591,-0.00013886,1.48E-05,0.0011882,-0.00089171,0.0069424,0.129192,0.0804,0.668592,0.000241682,-0.0338504,-0.001322381,0.1445615,0.000189854,-5.01285E-06,5.32619E-07,4.2894E-05,-3.21907E-05,0.000250621
0.0068361,1.0849,0.67,5.5716,-0.17628,-0.0072546,0.75164,0.0051008,-0.00017302,-3.52E-05,0.0011722,-0.0009379,0.0073992,0.130188,0.0804,0.668592,0.000246783,-0.0334932,-0.001378374,0.1428116,0.000184139,-6.24602E-06,-1.27061E-06,4.23164E-05,-3.38582E-05,0.000267111
0.006895,1.0931,0.67,5.5716,-0.17386,-0.0072882,0.74195,0.0049061,-0.00018985,-7.92E-05,0.0011672,-0.00098013,0.0077165,0.131172,0.0804,0.668592,0.00024891,-0.0330334,-0.001384758,0.1409705,0.00017711,-6.85359E-06,-2.8584E-06,4.21359E-05,-3.53827E-05,0.000278566
0.0070064,1.1014,0.67,5.5716,-0.17107,-0.0067248,0.7322,0.0047723,-0.00020045,-4.62E-05,0.0011804,-0.0010111,0.0080601,0.132168,0.0804,0.668592,0.000252931,-0.0325033,-0.001277712,0.139118,0.00017228,-7.23625E-06,-1.66829E-06,4.26124E-05,-3.65007E-05,0.00029097
0.0071218,1.1096,0.67,5.5716,-0.16786,-0.0050558,0.72293,0.0047565,-0.00021362,-3.54E-05,0.0012197,-0.0010432,0.0082673,0.133152,0.0804,0.668592,0.000257097,-0.0318934,-0.000960602,0.1373567,0.00017171,-7.71168E-06,-1.27899E-06,4.40312E-05,-3.76595E-05,0.00029845
0.0072709,1.1179,0.67,5.5716,-0.16416,-0.0026467,0.7143,0.004786,-0.00023411,-6.78E-05,0.0012956,-0.0010988,0.0084602,0.134148,0.0804,0.668592,0.000262479,-0.0311904,-0.000502873,0.135717,0.000172775,-8.45137E-06,-2.44852E-06,4.67712E-05,-3.96667E-05,0.000305413
0.0074226,1.1262,0.67,5.5716,-0.16017,-0.00073401,0.70642,0.0048492,-0.00022174,-5.48E-05,0.0014136,-0.00119,0.0085824,0.135144,0.0804,0.668592,0.000267956,-0.0304323,-0.000139462,0.1342198,0.000175056,-8.00481E-06,-1.97889E-06,5.1031E-05,-0.000042959,0.000309825
0.0075317,1.1344,0.67,5.5716,-0.15606,-0.0002684,0.69938,0.0049541,-0.00015814,5.83E-06,0.0015601,-0.001311,0.0085492,0.136128,0.0804,0.668592,0.000271894,-0.0296514,-0.000050996,0.1328822,0.000178843,-5.70885E-06,2.10315E-07,5.63196E-05,-4.73271E-05,0.000308626
0.0075656,1.1427,0.67,5.5716,-0.15198,-0.00093203,0.69371,0.005055,-7.03E-05,3.34E-05,0.0017103,-0.0014271,0.008366,0.137124,0.0804,0.668592,0.000273118,-0.0288762,-0.000177086,0.1318049,0.000182486,-2.53823E-06,1.20433E-06,6.17418E-05,-5.15183E-05,0.000302013
0.0074844,1.1509,0.67,5.5716,-0.14782,-0.0019313,0.68932,0.0051095,1.52E-05,1.18E-05,0.0018279,-0.001484,0.0080313,0.138108,0.0804,0.668592,0.000270187,-0.0280858,-0.000366947,0.1309708,0.000184453,5.49875E-07,4.26955E-07,6.59872E-05,-5.35724E-05,0.00028993
0.0073803,1.1592,0.67,5.5716,-0.14392,-0.0029223,0.68636,0.0051668,9.13E-05,-4.80E-05,0.0018706,-0.0014809,0.0077233,0.139104,0.0804,0.668592,0.000266429,-0.0273448,-0.000555237,0.1304084,0.000186521,3.29709E-06,-1.73305E-06,6.75287E-05,-5.34605E-05,0.000278811
0.0072939,1.1674,0.67,5.5716,-0.14018,-0.0035048,0.68452,0.0052921,0.0001442,-9.75E-05,0.0018258,-0.0014258,0.0074699,0.140088,0.0804,0.668592,0.00026331,-0.0266342,-0.000665912,0.1300588,0.000191045,5.20562E-06,-3.51921E-06,6.59114E-05,-5.14714E-05,0.000269663
0.0071401,1.1757,0.67,5.5716,-0.13608,-0.0038273,0.68256,0.005382,0.00015295,-0.00014917,0.0017155,-0.0013314,0.0071827,0.141084,0.0804,0.668592,0.000257758,-0.0258552,-0.000727187,0.1296864,0.00019429,5.5215E-06,-5.38504E-06,6.19296E-05,-4.80635E-05,0.000259295
0.0070192,1.1839,0.67,5.5716,-0.13161,-0.0040045,0.68032,0.0053812,0.00012977,-0.00019367,0.0015818,-0.0012472,0.0070753,0.142068,0.0804,0.668592,0.000253393,-0.0250059,-0.000760855,0.1292608,0.000194261,4.6847E-06,-6.99149E-06,5.7103E-05,-4.50239E-05,0.000255418
0.006966,1.1922,0.67,5.5716,-0.1266,-0.0041868,0.67795,0.0054127,9.77E-05,-0.00019093,0.0014585,-0.0011648,0.0070607,0.143064,0.0804,0.668592,0.000251473,-0.024054,-0.000795492,0.1288105,0.000195398,3.52805E-06,-6.89257E-06,5.26519E-05,-4.20493E-05,0.000254891
0.0068445,1.2005,0.67,5.5716,-0.12097,-0.0046323,0.67513,0.005424,6.83E-05,-0.00019017,0.0013628,-0.0010871,0.0069023,0.14406,0.0804,0.668592,0.000247086,-0.0229843,-0.000880137,0.1282747,0.000195806,2.46711E-06,-6.86514E-06,4.91971E-05,-3.92443E-05,0.000249173
0.0067144,1.2087,0.67,5.5716,-0.11514,-0.0053034,0.67274,0.0053461,6.29E-05,-0.00015174,0.0013243,-0.0010202,0.0067583,0.145044,0.0804,0.668592,0.00024239,-0.0218766,-0.001007646,0.1278206,0.000192994,2.27159E-06,-5.47781E-06,4.78072E-05,-3.68292E-05,0.000243975
0.0065997,1.217,0.67,5.5716,-0.10949,-0.0060728,0.67226,0.0052978,8.39E-05,-4.39E-05,0.0013262,-0.00094445,0.0065754,0.14604,0.0804,0.668592,0.000238249,-0.0208031,-0.001153832,0.1277294,0.000191251,3.0281E-06,-1.58504E-06,4.78758E-05,-3.40946E-05,0.000237372
0.0064099,1.2252,0.67,5.5716,-0.10398,-0.0067113,0.67366,0.005268,0.00012313,7.06E-05,0.0013278,-0.00085655,0.0062239,0.147024,0.0804,0.668592,0.000231397,-0.0197562,-0.001275147,0.1279954,0.000190175,4.44499E-06,2.54898E-06,4.79336E-05,-3.09215E-05,0.000224683
0.0061984,1.2335,0.67,5.5716,-0.098617,-0.0073678,0.67667,0.0051781,0.00016872,0.00012817,0.0013211,-0.00073671,0.0058975,0.14802,0.0804,0.668592,0.000223762,-0.01873723,-0.001399882,0.1285673,0.000186929,6.09079E-06,4.62694E-06,4.76917E-05,-2.65952E-05,0.0002129
0.0060389,1.2417,0.67,5.5716,-0.093255,-0.0081957,0.6811,0.0050744,0.00019647,0.00020215,0.0013112,-0.00056508,0.0056921,0.149004,0.0804,0.668592,0.000218004,-0.01771845,-0.001557183,0.129409,0.000183186,7.09257E-06,7.29762E-06,4.73343E-05,-2.03994E-05,0.000205485
0.0058669,1.25,0.67,5.5716,-0.087586,-0.0094808,0.68557,0.0049602,0.00017804,0.00020536,0.0013128,-0.00037552,0.0054607,0.15,0.0804,0.668592,0.000211795,-0.01664134,-0.001801352,0.1302583,0.000179063,6.42724E-06,7.4135E-06,4.73921E-05,-1.35563E-05,0.000197131
0.0057034,1.2583,0.67,5.5716,-0.081433,-0.011531,0.6885,0.0048037,0.00012239,0.00018766,0.0013269,-0.00019095,0.0052761,0.150996,0.0804,0.668592,0.000205893,-0.01547227,-0.00219089,0.130815,0.000173414,4.41828E-06,6.77453E-06,4.79011E-05,-6.8933E-06,0.000190467
0.0055822,1.2665,0.67,5.5716,-0.074866,-0.014033,0.69004,0.0046146,6.18E-05,0.00020088,0.0013473,-2.22E-05,0.0052026,0.15198,0.0804,0.668592,0.000201517,-0.01422454,-0.00266627,0.1311076,0.000166587,2.2321E-06,7.25177E-06,4.86375E-05,-8.00373E-07,0.000187814
0.005506,1.2748,0.67,5.5716,-0.068092,-0.01616,0.69084,0.0043961,1.65E-06,0.0002177,0.0013808,0.00013479,0.0052351,0.152976,0.0804,0.668592,0.000198767,-0.01293748,-0.0030704,0.1312596,0.000158699,5.95578E-08,7.85897E-06,4.98469E-05,4.86592E-06,0.000188987
0.0054902,1.283,0.67,5.5716,-0.06128,-0.017364,0.6907,0.0041853,-5.56E-05,0.00019639,0.0014309,0.00030608,0.0053642,0.15396,0.0804,0.668592,0.000198196,-0.0116432,-0.00329916,0.131233,0.000151089,-2.00687E-06,7.08968E-06,5.16555E-05,1.10495E-05,0.000193648
0.0055673,1.2913,0.67,5.5716,-0.054516,-0.01773,0.68923,0.0040421,-0.00010809,0.00010718,0.0014812,0.00049477,0.0056114,0.154956,0.0804,0.668592,0.00020098,-0.01035804,-0.0033687,0.1309537,0.00014592,-3.90205E-06,3.8692E-06,5.34713E-05,1.78612E-05,0.000202572
0.0056152,1.2995,0.67,5.5716,-0.047799,-0.017589,0.68669,0.0039281,-0.00015593,-4.98E-06,0.0015033,0.00068464,0.0057989,0.15594,0.0804,0.668592,0.000202709,-0.00908181,-0.00334191,0.1304711,0.000141804,-5.62907E-06,-1.79753E-07,5.42691E-05,2.47155E-05,0.00020934
0.0055915,1.3078,0.67,5.5716,-0.041023,-0.017272,0.68382,0.0037845,-0.0001924,-0.00010102,0.0014709,0.00083588,0.0059275,0.156936,0.0804,0.668592,0.000201853,-0.00779437,-0.00328168,0.1299258,0.00013662,-6.94564E-06,-3.64682E-06,5.30995E-05,3.01753E-05,0.000213983
0.0055213,1.316,0.67,5.5716,-0.034155,-0.017045,0.68089,0.0036916,-0.00021177,-0.00013374,0.0013691,0.00088433,0.005982,0.15792,0.0804,0.668592,0.000199319,-0.00648945,-0.00323855,0.1293691,0.000133267,-7.6449E-06,-4.82801E-06,4.94245E-05,3.19243E-05,0.00021595
0.0053146,1.3243,0.67,5.5716,-0.02712,-0.016896,0.6777,0.0035745,-0.00020982,-0.00014916,0.0012179,0.00083678,0.0058369,0.158916,0.0804,0.668592,0.000191857,-0.0051528,-0.00321024,0.128763,0.000129039,-7.5745E-06,-5.38468E-06,4.39662E-05,3.02078E-05,0.000210712
0.0050508,1.3326,0.67,5.5716,-0.019813,-0.016737,0.67419,0.0033608,-0.0001929,-0.00014203,0.0010613,0.00075334,0.0056795,0.159912,0.0804,0.668592,0.000182334,-0.00376447,-0.00318003,0.1280961,0.000121325,-6.96369E-06,-5.12728E-06,3.83129E-05,2.71956E-05,0.00020503
0.004882,1.3408,0.67,5.5716,-0.012375,-0.016735,0.67107,0.0032395,-0.00018021,-0.00016689,0.00092549,0.00065745,0.005599,0.160896,0.0804,0.668592,0.00017624,-0.00235125,-0.00317965,0.1275033,0.000116946,-6.50558E-06,-6.02473E-06,3.34102E-05,2.37339E-05,0.000202124
0.0046465,1.3491,0.67,5.5716,-0.0050229,-0.016809,0.66869,0.0031697,-0.0001521,-0.00017937,0.00081654,0.00053599,0.0053068,0.161892,0.0804,0.668592,0.000167739,-0.000954351,-0.00319371,0.1270511,0.000114426,-5.49081E-06,-6.47526E-06,2.94771E-05,1.93492E-05,0.000191575
0.0043424,1.3573,0.67,5.5716,0.0025274,-0.017093,0.66654,0.0029682,-0.00010665,-0.00017964,0.00073709,0.0004096,0.0049794,0.162876,0.0804,0.668592,0.000156761,0.000480206,-0.00324767,0.1266426,0.000107152,-3.85007E-06,-6.485E-06,2.66089E-05,1.47866E-05,0.000179756
0.0041837,1.3656,0.67,5.5716,0.010217,-0.017468,0.66538,0.0028109,-7.90E-05,-0.00027477,0.00068297,0.00031256,0.0048735,0.163872,0.0804,0.668592,0.000151032,0.00194123,-0.00331892,0.1264222,0.000101473,-2.85028E-06,-9.9192E-06,2.46552E-05,1.12834E-05,0.000175933
0.0039435,1.3738,0.67,5.5716,0.017594,-0.017922,0.66585,0.0027405,-7.79E-05,-0.00034437,0.00064447,0.00023739,0.0045021,0.164856,0.0804,0.668592,0.00014236,0.00334286,-0.00340518,0.1265115,9.89321E-05,-2.81255E-06,-1.24318E-05,2.32654E-05,8.56978E-06,0.000162526
0.0037071,1.3821,0.67,5.5716,0.024912,-0.018276,0.66741,0.0026041,-8.79E-05,-0.00031425,0.0006243,0.00014914,0.0041858,0.165852,0.0804,0.668592,0.000133826,0.00473328,-0.00347244,0.1268079,9.4008E-05,-3.17435E-06,-1.13444E-05,2.25372E-05,5.38395E-06,0.000151107
0.0036499,1.3903,0.67,5.5716,0.032177,-0.018492,0.67021,0.0025924,-0.00011868,-0.00042014,0.00062402,8.94E-05,0.0040834,0.166836,0.0804,0.668592,0.000131761,0.00611363,-0.00351348,0.1273399,9.35856E-05,-4.28435E-06,-1.51671E-05,2.25271E-05,3.22615E-06,0.000147411
0.0034876,1.3986,0.67,5.5716,0.039121,-0.018627,0.67388,0.0025488,-0.00015317,-0.00048388,0.00065618,5.47E-05,0.0037701,0.167832,0.0804,0.668592,0.000125902,0.00743299,-0.00353913,0.1280372,9.20117E-05,-5.52944E-06,-1.74681E-05,2.36881E-05,1.97579E-06,0.000136101
0.0033222,1.4069,0.67,5.5716,0.046174,-0.018309,0.67778,0.0023243,-0.0001612,-0.00036571,0.00071302,-4.92E-06,0.003607,0.168828,0.0804,0.668592,0.000119931,0.00877306,-0.00347871,0.1287782,8.39072E-05,-5.81932E-06,-1.32021E-05,2.574E-05,-1.7754E-07,0.000130213
0.0034147,1.4151,0.67,5.5716,0.053173,-0.018148,0.68213,0.002297,-0.00018368,-0.00055109,0.0007864,-1.46E-05,0.003746,0.169812,0.0804,0.668592,0.000123271,0.01010287,-0.00344812,0.1296047,8.29217E-05,-6.63085E-06,-1.98943E-05,2.8389E-05,-5.27529E-07,0.000135231
0.00333,1.4234,0.67,5.5716,0.059784,-0.017884,0.68739,0.0022618,-0.0002167,-0.00060808,0.00087465,-1.66E-06,0.0035236,0.170808,0.0804,0.668592,0.000120213,0.01135896,-0.00339796,0.1306041,8.1651E-05,-7.82287E-06,-2.19517E-05,3.15749E-05,-5.99007E-08,0.000127202
0.0033102,1.4316,0.67,5.5716,0.0664,-0.017469,0.69356,0.0021242,-0.00024804,-0.0005769,0.00097124,2.23E-05,0.0035249,0.171792,0.0804,0.668592,0.000119498,0.012616,-0.00331911,0.1317764,7.66836E-05,-8.95424E-06,-2.08261E-05,3.50618E-05,8.0485E-07,0.000127249
0.0033427,1.4399,0.67,5.5716,0.072562,-0.017438,0.70091,0.0020953,-0.00029875,-0.00067302,0.0010842,8.59E-05,0.003506,0.172788,0.0804,0.668592,0.000120671,0.01378678,-0.00331322,0.1331729,7.56403E-05,-1.07849E-05,-2.4296E-05,3.91396E-05,3.10085E-06,0.000126567
0.0033238,1.4481,0.67,5.5716,0.078195,-0.017669,0.70908,0.0020677,-0.00035185,-0.00067824,0.0011911,0.00013973,0.0033889,0.173772,0.0804,0.668592,0.000119989,0.01485705,-0.00335711,0.1347252,7.4644E-05,-1.27018E-05,-2.44845E-05,4.29987E-05,5.04425E-06,0.000122339
0.0033993,1.4564,0.67,5.5716,0.083506,-0.018387,0.71769,0.0020769,-0.00041118,-0.0007529,0.0012891,0.0001944,0.0034327,0.174768,0.0804,0.668592,0.000122715,0.01586614,-0.00349353,0.1363611,7.49761E-05,-1.48436E-05,-2.71797E-05,4.65365E-05,7.01784E-06,0.00012392
0.0033738,1.4647,0.67,5.5716,0.088574,-0.019474,0.72673,0.0020952,-0.00045856,-0.0007062,0.0013745,0.00021787,0.0032779,0.175764,0.0804,0.668592,0.000121794,0.01682906,-0.00370006,0.1380787,7.56367E-05,-1.6554E-05,-2.54938E-05,4.96195E-05,7.86511E-06,0.000118332
0.0033762,1.4729,0.67,5.5716,0.093662,-0.02072,0.73605,0.0020942,-0.0004693,-0.00068149,0.0014324,0.00021186,0.0032257,0.176748,0.0804,0.668592,0.000121881,0.01779578,-0.0039368,0.1398495,7.56006E-05,-1.69417E-05,-2.46018E-05,5.17096E-05,7.64815E-06,0.000116448
0.0033458,1.4812,0.67,5.5716,0.098955,-0.021989,0.74575,0.0020851,-0.00045729,-0.00063195,0.0014658,0.00017386,0.0031407,0.177744,0.0804,0.668592,0.000120783,0.01880145,-0.00417791,0.1416925,7.52721E-05,-1.65082E-05,-2.28134E-05,5.29154E-05,6.27635E-06,0.000113379
0.0033023,1.4894,0.67,5.5716,0.10429,-0.022924,0.75554,0.0020563,-0.00044339,-0.00054887,0.0014769,8.45E-05,0.0030715,0.178728,0.0804,0.668592,0.000119213,0.0198151,-0.00435556,0.1435526,7.42324E-05,-1.60064E-05,-1.98142E-05,5.33161E-05,3.05222E-06,0.000110881
0.0032348,1.4977,0.67,5.5716,0.10922,-0.023719,0.76489,0.0020299,-0.00044519,-0.00050215,0.0014744,-3.71E-05,0.0029653,0.179724,0.0804,0.668592,0.000116776,0.0207518,-0.00450661,0.1453291,7.32794E-05,-1.60714E-05,-1.81276E-05,5.32258E-05,-1.33942E-06,0.000107047
0.0031454,1.5059,0.67,5.5716,0.11374,-0.024705,0.7734,0.0019537,-0.00045813,-0.00041441,0.0014593,-0.00017833,0.0028777,0.180708,0.0804,0.668592,0.000113549,0.0216106,-0.00469395,0.146946,7.05286E-05,-1.65385E-05,-1.49602E-05,5.26807E-05,-6.43771E-06,0.000103885
0.0030511,1.5142,0.67,5.5716,0.11787,-0.025789,0.78131,0.0018384,-0.00048307,-0.00030402,0.0014327,-0.00034319,0.0028311,0.181704,0.0804,0.668592,0.000110145,0.0223953,-0.00489991,0.1484489,6.63662E-05,-1.74388E-05,-1.09751E-05,5.17205E-05,-1.23892E-05,0.000102203
0.0029963,1.5224,0.67,5.5716,0.12173,-0.026558,0.78907,0.0017547,-0.00050304,-0.00020128,0.0014014,-0.00052169,0.0028365,0.182688,0.0804,0.668592,0.000108166,0.0231287,-0.00504602,0.1499233,6.33447E-05,-1.81597E-05,-7.26621E-06,5.05905E-05,-1.8833E-05,0.000102398
0.0029771,1.5307,0.67,5.5716,0.12573,-0.026525,0.79715,0.0016987,-0.00050195,-0.00011843,0.0013801,-0.0006777,0.0028755,0.183684,0.0804,0.668592,0.000107473,0.0238887,-0.00503975,0.1514585,6.13231E-05,-1.81204E-05,-4.27532E-06,4.98216E-05,-2.4465E-05,0.000103806
0.0029792,1.539,0.67,5.5716,0.13014,-0.025536,0.80624,0.0016567,-0.00049383,-3.00E-05,0.0013854,-0.00079603,0.0029164,0.18468,0.0804,0.668592,0.000107549,0.0247266,-0.00485184,0.1531856,5.98069E-05,-1.78273E-05,-1.0817E-06,5.00129E-05,-2.87367E-05,0.000105282
0.0029842,1.5472,0.67,5.5716,0.1345,-0.024017,0.81623,0.0016047,-0.00048604,7.09E-05,0.0014159,-0.00087591,0.0029478,0.185664,0.0804,0.668592,0.00010773,0.025555,-0.00456323,0.1550837,5.79297E-05,-1.7546E-05,2.55844E-06,5.1114E-05,-3.16204E-05,0.000106416
0.0029736,1.5555,0.67,5.5716,0.13821,-0.022503,0.82621,0.0015233,-0.00048221,0.00016472,0.0014528,-0.0009197,0.002971,0.18666,0.0804,0.668592,0.000107347,0.0262599,-0.00427557,0.1569799,5.49911E-05,-1.74078E-05,5.94639E-06,5.24461E-05,-3.32012E-05,0.000107253
0.0029331,1.5637,0.67,5.5716,0.14165,-0.021388,0.83554,0.0014353,-0.00048226,0.00021823,0.0014688,-0.00092758,0.0029622,0.187644,0.0804,0.668592,0.000105885,0.0269135,-0.00406372,0.1587526,5.18143E-05,-1.74096E-05,7.8781E-06,5.30237E-05,-3.34856E-05,0.000106935
0.0028586,1.572,0.67,5.5716,0.14515,-0.02065,0.844,0.0013675,-0.00047829,0.00024975,0.0014455,-0.00090648,0.0029043,0.18864,0.0804,0.668592,0.000103195,0.0275785,-0.0039235,0.16036,4.93668E-05,-1.72663E-05,9.01598E-06,5.21826E-05,-3.27239E-05,0.000104845
0.0027592,1.5802,0.67,5.5716,0.14807,-0.020044,0.85151,0.0013305,-0.00047444,0.00025792,0.0013874,-0.00086108,0.0028005,0.189624,0.0804,0.668592,9.96071E-05,0.0281333,-0.00380836,0.1617869,4.80311E-05,-1.71273E-05,9.31091E-06,5.00851E-05,-3.1085E-05,0.000101098
0.0026505,1.5885,0.67,5.5716,0.1502,-0.019559,0.8578,0.0013139,-0.00046609,0.00025626,0.0013024,-0.00081003,0.0026847,0.19062,0.0804,0.668592,9.56831E-05,0.028538,-0.00371621,0.162982,4.74318E-05,-1.68258E-05,9.25099E-06,4.70166E-05,-2.92421E-05,9.69177E-05
0.0025525,1.5968,0.67,5.5716,0.15201,-0.019157,0.86288,0.0013072,-0.00045407,0.00023592,0.0012109,-0.00076544,0.0025869,0.191616,0.0804,0.668592,9.21453E-05,0.0288819,-0.00363983,0.1639472,4.71899E-05,-1.63919E-05,8.51671E-06,4.37135E-05,-2.76324E-05,9.33871E-05
0.0024646,1.605,0.67,5.5716,0.15355,-0.018617,0.8671,0.001303,-0.00045497,0.00022347,0.0011379,-0.00073213,0.0024884,0.1926,0.0804,0.668592,8.89721E-05,0.0291745,-0.00353723,0.164749,4.70383E-05,-1.64244E-05,8.06727E-06,4.10782E-05,-2.64299E-05,8.98312E-05
0.0023988,1.6133,0.67,5.5716,0.15466,-0.017655,0.87075,0.0013084,-0.00046523,0.00021465,0.0010973,-0.00071382,0.002392,0.193596,0.0804,0.668592,8.65967E-05,0.0293854,-0.00335445,0.1654425,4.72332E-05,-1.67948E-05,7.74887E-06,3.96125E-05,-2.57689E-05,8.63512E-05
0.0023634,1.6215,0.67,5.5716,0.15545,-0.016195,0.87384,0.0013249,-0.00048032,0.00020061,0.0010986,-0.00070771,0.0023034,0.19458,0.0804,0.668592,8.53187E-05,0.0295355,-0.00307705,0.1660296,4.78289E-05,-1.73396E-05,7.24202E-06,3.96595E-05,-2.55483E-05,8.31527E-05
0.0023248,1.6298,0.67,5.5716,0.15592,-0.01453,0.87626,0.0013441,-0.00050011,0.00017089,0.0011324,-0.00067518,0.002173,0.195576,0.0804,0.668592,8.39253E-05,0.0296248,-0.0027607,0.1664894,4.8522E-05,-1.8054E-05,6.16913E-06,4.08796E-05,-2.4374E-05,7.84453E-05
0.0022479,1.638,0.67,5.5716,0.15609,-0.012954,0.87801,0.0013663,-0.00050738,0.00011142,0.0011772,-0.0005806,0.0019524,0.19656,0.0804,0.668592,8.11492E-05,0.0296571,-0.00246126,0.1668219,4.93234E-05,-1.83164E-05,4.02226E-06,4.24969E-05,-2.09597E-05,7.04816E-05
0.0021336,1.6463,0.67,5.5716,0.15596,-0.011235,0.87939,0.0013788,-0.0004923,4.96E-06,0.0012178,-0.00042384,0.0016706,0.197556,0.0804,0.668592,7.7023E-05,0.0296324,-0.00213465,0.1670841,4.97747E-05,-1.7772E-05,1.78966E-07,4.39626E-05,-1.53006E-05,6.03087E-05
0.0020363,1.6545,0.67,5.5716,0.15552,-0.0090261,0.88113,0.0013917,-0.00047327,-0.00011129,0.001242,-0.00026446,0.0014389,0.19854,0.0804,0.668592,7.35104E-05,0.0295488,-0.001714959,0.1674147,5.02404E-05,-1.7085E-05,-4.01757E-06,4.48362E-05,-9.54701E-06,5.19443E-05
0.0019961,1.6628,0.67,5.5716,0.15499,-0.0064644,0.88432,0.0014311,-0.00046101,-0.00018941,0.0012291,-0.00016565,0.001332,0.199536,0.0804,0.668592,7.20592E-05,0.0294481,-0.001228236,0.1680208,5.16627E-05,-1.66425E-05,-6.8377E-06,4.43705E-05,-5.97997E-06,4.80852E-05
0.0019639,1.6711,0.67,5.5716,0.15442,-0.0039343,0.88916,0.0014828,-0.00044002,-0.00022997,0.0011764,-0.00013456,0.0012686,0.200532,0.0804,0.668592,7.08968E-05,0.0293398,-0.000747517,0.1689404,5.35291E-05,-1.58847E-05,-8.30192E-06,4.2468E-05,-4.85762E-06,4.57965E-05
0.001918,1.6793,0.67,5.5716,0.15363,-0.0018617,0.89519,0.0015317,-0.00041578,-0.00023381,0.0011115,-0.00014275,0.0011929,0.201516,0.0804,0.668592,6.92398E-05,0.0291897,-0.000353723,0.1700861,5.52944E-05,-1.50097E-05,-8.44054E-06,4.01252E-05,-5.15328E-06,4.30637E-05
0.0019047,1.6876,0.67,5.5716,0.15255,-0.00058295,0.90143,0.0016049,-0.00041389,-0.00019076,0.001055,-0.00016187,0.0011496,0.202512,0.0804,0.668592,6.87597E-05,0.0289845,-0.000110761,0.1712717,5.79369E-05,-1.49414E-05,-6.88644E-06,3.80855E-05,-5.84351E-06,4.15006E-05
0.0019233,1.6958,0.67,5.5716,0.15131,0.0001951,0.90673,0.0017123,-0.00041873,-0.00014601,0.0010154,-0.00016677,0.0011189,0.203496,0.0804,0.668592,6.94311E-05,0.0287489,0.000037069,0.1722787,6.1814E-05,-1.51162E-05,-5.27096E-06,3.66559E-05,-6.0204E-06,4.03923E-05
0.0019738,1.7041,0.67,5.5716,0.15015,0.0011299,0.91177,0.0017879,-0.00041379,-0.00010974,0.0010184,-0.00015018,0.0011413,0.204492,0.0804,0.668592,7.12542E-05,0.0285285,0.000214681,0.1732363,6.45432E-05,-1.49378E-05,-3.96161E-06,3.67642E-05,-5.4215E-06,4.12009E-05
0.0020639,1.7123,0.67,5.5716,0.14914,0.0023352,0.91713,0.0018216,-0.00041982,-3.73E-05,0.0010612,-0.00014102,0.0012449,0.205476,0.0804,0.668592,7.45068E-05,0.0283366,0.000443688,0.1742547,6.57598E-05,-1.51555E-05,-1.34592E-06,3.83093E-05,-5.09082E-06,4.49409E-05
0.0021967,1.7206,0.67,5.5716,0.1482,0.0034746,0.92117,0.0018835,-0.00044791,6.50E-05,0.0010951,-0.00017153,0.0014148,0.206472,0.0804,0.668592,7.93009E-05,0.028158,0.000660174,0.1750223,6.79944E-05,-1.61696E-05,2.34502E-06,3.95331E-05,-6.19223E-06,5.10743E-05
0.002351,1.7289,0.67,5.5716,0.14729,0.0042927,0.92345,0.0019896,-0.0004861,0.00018369,0.0010983,-0.00021464,0.0016142,0.207468,0.0804,0.668592,8.48711E-05,0.0279851,0.000815613,0.1754555,7.18246E-05,-1.75482E-05,6.63121E-06,3.96486E-05,-7.7485E-06,5.82726E-05
0.0024508,1.7371,0.67,5.5716,0.14658,0.0047353,0.92581,0.0021171,-0.00051073,0.00029076,0.0010857,-0.00020481,0.0016988,0.208452,0.0804,0.668592,8.84739E-05,0.0278502,0.000899707,0.1759039,7.64273E-05,-1.84374E-05,1.04964E-05,3.91938E-05,-7.39364E-06,6.13267E-05
0.0024407,1.7454,0.67,5.5716,0.1464,0.0049235,0.92956,0.0022242,-0.00050609,0.00034238,0.0010829,-0.00014016,0.0015743,0.209448,0.0804,0.668592,8.81093E-05,0.027816,0.000935465,0.1766164,8.02936E-05,-1.82698E-05,1.23599E-05,3.90927E-05,-5.05978E-06,5.68322E-05
0.002367,1.7536,0.67,5.5716,0.14679,0.0051043,0.93447,0.002295,-0.0004822,0.00033259,0.0011171,-7.80E-05,0.001322,0.210432,0.0804,0.668592,8.54487E-05,0.0278901,0.000969817,0.1775493,8.28495E-05,-1.74074E-05,1.20065E-05,4.03273E-05,-2.81688E-06,4.77242E-05
0.0023402,1.7619,0.67,5.5716,0.1473,0.0057068,0.93918,0.0023635,-0.00047086,0.00030817,0.0011995,-5.88E-05,0.0011174,0.211428,0.0804,0.668592,8.44812E-05,0.027987,0.001084292,0.1784442,8.53224E-05,-1.6998E-05,1.11249E-05,4.3302E-05,-2.1225E-06,4.03381E-05
0.0023663,1.7701,0.67,5.5716,0.14748,0.0072091,0.94304,0.0024149,-0.0004896,0.00028506,0.0013071,-6.33E-05,0.0010107,0.212412,0.0804,0.668592,8.54234E-05,0.0280212,0.001369729,0.1791776,8.71779E-05,-1.76746E-05,1.02907E-05,4.71863E-05,-2.28354E-06,3.64863E-05
0.0023828,1.7784,0.67,5.5716,0.14727,0.0093512,0.94689,0.0024263,-0.00053259,0.00025403,0.0014194,-6.02E-05,0.0009199,0.213408,0.0804,0.668592,8.60191E-05,0.0279813,0.001776728,0.1799091,8.75894E-05,-1.92265E-05,9.17048E-06,5.12403E-05,-2.17387E-06,3.32084E-05
0.0024007,1.7866,0.67,5.5716,0.14672,0.011011,0.9511,0.0024335,-0.00058314,0.00022572,0.0015362,-6.05E-05,0.00083162,0.214392,0.0804,0.668592,8.66653E-05,0.0278768,0.00209209,0.180709,8.78494E-05,-2.10514E-05,8.14849E-06,5.54568E-05,-2.18401E-06,3.00215E-05
0.0024105,1.7949,0.67,5.5716,0.14593,0.011322,0.95512,0.0024441,-0.00062266,0.00019496,0.001622,-8.33E-05,0.00075495,0.215388,0.0804,0.668592,8.70191E-05,0.0277267,0.00215118,0.1814728,8.8232E-05,-2.2478E-05,7.03806E-06,5.85542E-05,-3.0085E-06,2.72537E-05
0.0024005,1.8032,0.67,5.5716,0.14499,0.010361,0.95912,0.0024299,-0.00064448,0.00016569,0.001656,-0.00011693,0.00071511,0.216384,0.0804,0.668592,8.66581E-05,0.0275481,0.00196859,0.1822328,8.77194E-05,-2.32657E-05,5.98141E-06,5.97816E-05,-4.22117E-06,2.58155E-05
0.0023778,1.8114,0.67,5.5716,0.14402,0.0087653,0.96335,0.0023892,-0.00065213,0.00014761,0.0016543,-0.00014616,0.00071212,0.217368,0.0804,0.668592,8.58386E-05,0.0273638,0.001665407,0.1830365,8.62501E-05,-2.35419E-05,5.32872E-06,5.97202E-05,-5.27638E-06,2.57075E-05
0.0023714,1.8197,0.67,5.5716,0.143,0.0071905,0.96827,0.0023323,-0.00064604,0.00017736,0.0016419,-0.00017228,0.00076868,0.218364,0.0804,0.668592,8.56075E-05,0.02717,0.001366195,0.1839713,8.4196E-05,-2.3322E-05,6.4027E-06,5.92726E-05,-6.21931E-06,2.77493E-05
0.0023808,1.8279,0.67,5.5716,0.14183,0.0062356,0.97327,0.0022648,-0.00062855,0.00024067,0.0016364,-0.00020786,0.00086051,0.219348,0.0804,0.668592,8.59469E-05,0.0269477,0.001184764,0.1849213,8.17593E-05,-2.26907E-05,8.68819E-06,5.9074E-05,-7.50375E-06,3.10644E-05
0.002401,1.8362,0.67,5.5716,0.1405,0.0061756,0.97819,0.002184,-0.00062177,0.0003434,0.0016447,-0.00028005,0.00097324,0.220344,0.0804,0.668592,8.66761E-05,0.026695,0.001173364,0.1858561,7.88424E-05,-2.24459E-05,1.23967E-05,5.93737E-05,-1.01098E-05,3.5134E-05
0.0024289,1.8446,0.67,5.5716,0.13903,0.0069888,0.98273,0.0020918,-0.00063574,0.00046642,0.001656,-0.00037766,0.00111,0.221352,0.0804,0.668592,8.76833E-05,0.0264157,0.001327872,0.1867187,7.5514E-05,-2.29502E-05,1.68378E-05,5.97816E-05,-1.36335E-05,0.000040071
0.0024742,1.8534,0.67,5.5716,0.13747,0.0083164,0.98667,0.0020006,-0.00065693,0.00058448,0.0016649,-0.00050176,0.0012829,0.222408,0.0804,0.668592,8.93186E-05,0.0261193,0.001580116,0.1874673,7.22217E-05,-2.37152E-05,2.10997E-05,6.01029E-05,-1.81135E-05,4.63127E-05
0.0025299,1.8626,0.67,5.5716,0.13591,0.0094995,0.99002,0.0019169,-0.00067893,0.00066187,0.0016897,-0.00061944,0.0014533,0.223512,0.0804,0.668592,9.13294E-05,0.0258229,0.001804905,0.1881038,6.92001E-05,-2.45094E-05,2.38935E-05,6.09982E-05,-2.23618E-05,5.24641E-05
0.0025575,1.8723,0.67,5.5716,0.13438,0.010422,0.99291,0.0018351,-0.00068917,0.00068173,0.0017096,-0.00074537,0.0015704,0.224676,0.0804,0.668592,9.23258E-05,0.0255322,0.00198018,0.1886529,6.62471E-05,-2.4879E-05,2.46105E-05,6.17166E-05,-2.69079E-05,5.66914E-05
0.0025233,1.8824,0.67,5.5716,0.13277,0.011054,0.99524,0.0017531,-0.00067786,0.00064072,0.0016698,-0.00082852,0.0016236,0.225888,0.0804,0.668592,9.10911E-05,0.0252263,0.00210026,0.1890956,6.32869E-05,-2.44707E-05,2.313E-05,6.02798E-05,-2.99096E-05,5.8612E-05
0.0024766,1.8931,0.67,5.5716,0.13101,0.010962,0.99732,0.001684,-0.00067397,0.00051658,0.0016283,-0.00084369,0.0016409,0.227172,0.0804,0.668592,8.94053E-05,0.0248919,0.00208278,0.1894908,6.07924E-05,-2.43303E-05,1.86485E-05,5.87816E-05,-3.04572E-05,5.92365E-05
0.0025144,1.9042,0.67,5.5716,0.12906,0.010523,1.0009,0.0016477,-0.00070043,0.00038337,0.0016607,-0.00086263,0.0017204,0.228504,0.0804,0.668592,9.07698E-05,0.0245214,0.00199937,0.190171,5.9482E-05,-2.52855E-05,1.38397E-05,5.99513E-05,-3.11409E-05,6.21064E-05
0.0026118,1.9159,0.67,5.5716,0.12671,0.011119,1.0057,0.0016529,-0.00072798,0.00031294,0.0017024,-0.00087659,0.0018682,0.229908,0.0804,0.668592,9.4286E-05,0.0240749,0.00211261,0.191083,5.96697E-05,-2.62801E-05,1.12971E-05,6.14566E-05,-3.16449E-05,6.7442E-05
0.0027313,1.9282,0.67,5.5716,0.12385,0.011748,1.0091,0.0016776,-0.00072874,0.00029454,0.0016639,-0.00092267,0.0021212,0.231384,0.0804,0.668592,9.85999E-05,0.0235315,0.00223212,0.191729,6.05614E-05,-2.63075E-05,1.06329E-05,6.00668E-05,-3.33084E-05,7.65753E-05
0.0028149,1.941,0.67,5.5716,0.12085,0.011395,1.0092,0.001693,-0.00068313,0.00030983,0.001525,-0.00086572,0.0024119,0.23292,0.0804,0.668592,0.000101618,0.0229615,0.00216505,0.191748,6.11173E-05,-2.4661E-05,1.11849E-05,5.50525E-05,-3.12525E-05,8.70696E-05
0.0027288,1.9545,0.67,5.5716,0.11812,0.010518,1.0099,0.0017005,-0.00052741,0.00025314,0.0013738,-0.00077122,0.0023833,0.23454,0.0804,0.668592,9.85097E-05,0.0224428,0.00199842,0.191881,6.13881E-05,-1.90395E-05,9.13835E-06,4.95942E-05,-2.7841E-05,8.60371E-05
0.0025473,1.9686,0.67,5.5716,0.11528,0.010986,1.014,0.0016959,-0.00028857,8.12E-05,0.0012271,-0.00071159,0.0021715,0.236232,0.0804,0.668592,9.19575E-05,0.0219032,0.00208734,0.19266,6.1222E-05,-1.04174E-05,2.93208E-06,4.42983E-05,-2.56884E-05,7.83912E-05
0.0023339,1.9833,0.67,5.5716,0.11171,0.011903,1.0192,0.0016601,-7.57E-05,-4.42E-05,0.0010762,-0.00054177,0.0019315,0.237996,0.0804,0.668592,8.42538E-05,0.0212249,0.00226157,0.193648,5.99296E-05,-2.73241E-06,-1.59493E-06,3.88508E-05,-1.95579E-05,6.97272E-05
0.0022316,1.9988,0.67,5.5716,0.10801,0.013062,1.0175,0.0016038,5.87E-05,-0.00020399,0.0011598,-0.00047365,0.0016996,0.239856,0.0804,0.668592,8.05608E-05,0.0205219,0.00248178,0.193325,5.78972E-05,2.11773E-06,-7.36404E-06,4.18688E-05,-1.70988E-05,6.13556E-05
0.0023039,2.0149,0.67,5.5716,0.10502,0.011314,1.0161,0.0015158,7.89E-05,-0.0002145,0.0011497,-0.00043955,0.0019422,0.241788,0.0804,0.668592,8.31708E-05,0.0199538,0.00214966,0.193059,5.47204E-05,2.84916E-06,-7.74345E-06,4.15042E-05,-1.58678E-05,7.01134E-05
0.0024321,2.0319,0.67,5.5716,0.10213,0.0091077,1.0108,0.0014031,8.23E-05,-0.00020455,0.0010511,-0.00016977,0.0024099,0.243828,0.0804,0.668592,8.77988E-05,0.0194047,0.001730463,0.192052,5.06519E-05,2.97009E-06,-7.38426E-06,3.79447E-05,-6.1287E-06,8.69974E-05
0.0026771,2.0496,0.67,5.5716,0.098703,0.0040478,1.0083,0.0013656,7.94E-05,9.99E-05,0.00085885,6.49E-05,0.0031298,0.245952,0.0804,0.668592,9.66433E-05,0.01875357,0.000769082,0.191577,4.92982E-05,2.8675E-06,3.60697E-06,3.10045E-05,2.34401E-06,0.000112986
0.0033198,2.0681,0.67,5.5716,0.094079,0.0024001,1.0035,0.0014651,3.27E-05,0.00068446,0.00072534,0.0002404,0.004449,0.248172,0.0804,0.668592,0.000119845,0.01787501,0.000456019,0.190665,5.28901E-05,1.17892E-06,2.4709E-05,2.61848E-05,8.67844E-06,0.000160609
0.0041453,2.0875,0.67,5.5716,0.088547,0.0029526,0.99276,0.0016788,-0.00013394,0.0012287,0.00076061,-0.00014281,0.0058513,0.2505,0.0804,0.668592,0.000149645,0.01682393,0.000560994,0.1886244,6.06047E-05,-4.83523E-06,4.43561E-05,2.7458E-05,-5.15544E-06,0.000211232
0.0050213,2.1078,0.67,5.5716,0.083156,0.0048091,0.99185,0.0019344,-0.00023639,0.0020971,0.00071022,-0.00043457,0.0073981,0.252936,0.0804,0.668592,0.000181269,0.01579964,0.000913729,0.1884515,6.98318E-05,-8.53368E-06,7.57053E-05,2.56389E-05,-1.5688E-05,0.000267071
0.0053004,2.129,0.67,5.5716,0.078912,0.013647,0.98542,0.0021037,-0.00020744,0.0025474,0.00079394,-0.00024249,0.0077032,0.25548,0.0804,0.668592,0.000191344,0.01499328,0.00259293,0.1872298,7.59436E-05,-7.48858E-06,9.19611E-05,2.86612E-05,-8.75389E-06,0.000278086
0.0046101,2.1511,0.67,5.5716,0.077153,0.017503,0.98015,0.0021166,-3.83E-05,0.0022244,0.00088918,-1.03E-05,0.0062143,0.258132,0.0804,0.668592,0.000166425,0.01465907,0.00332557,0.1862285,7.64093E-05,-1.38158E-06,8.03008E-05,3.20994E-05,-3.72588E-07,0.000224336
0.0038603,2.1743,0.67,5.5716,0.075185,0.019602,0.98698,0.002017,9.74E-05,0.0018366,0.0010501,0.00013305,0.0046534,0.260916,0.0804,0.668592,0.000139357,0.01428515,0.00372438,0.1875262,7.28137E-05,3.51434E-06,6.63013E-05,3.79086E-05,4.80311E-06,0.000167988
0.0035756,2.1984,0.67,5.5716,0.069404,0.022443,0.9875,0.0018039,0.00016662,0.0017117,0.0010789,0.00013913,0.0042683,0.263808,0.0804,0.668592,0.000129079,0.01318676,0.00426417,0.187625,6.51208E-05,6.01498E-06,6.17924E-05,3.89483E-05,5.02259E-06,0.000154086
0.0039324,2.2237,0.67,5.5716,0.063023,0.026805,0.96209,0.0016115,0.00048383,0.0016089,0.0017149,0.00086177,0.0045385,0.266844,0.0804,0.668592,0.00014196,0.01197437,0.00509295,0.1827971,5.81752E-05,1.74663E-05,5.80813E-05,6.19079E-05,3.11099E-05,0.00016384
0.0051775,2.2501,0.67,5.5716,0.058687,0.031277,0.94324,0.0016629,0.00059567,0.0016229,0.0022303,0.0012808,0.0064618,0.270012,0.0804,0.668592,0.000186908,0.01115053,0.00594263,0.1792156,6.00307E-05,2.15037E-05,5.85867E-05,8.05138E-05,4.62369E-05,0.000233271
0.0050768,2.2776,0.67,5.5716,0.053194,0.032659,0.93859,0.0018493,0.0003584,0.0015265,0.0018464,0.00043336,0.0064578,0.273312,0.0804,0.668592,0.000183272,0.01010686,0.00620521,0.1783321,6.67597E-05,1.29382E-05,5.51067E-05,6.6655E-05,1.56443E-05,0.000233127
0.0050015,2.3063,0.67,5.5716,0.04596,0.03713,0.92611,0.0020418,0.00018894,0.0011732,0.0015795,-0.00062603,0.0063816,0.276756,0.0804,0.668592,0.000180554,0.0087324,0.0070547,0.1759609,7.3709E-05,6.82073E-06,4.23525E-05,5.702E-05,-2.25997E-05,0.000230376
0.0060098,2.3362,0.67,5.5716,0.036394,0.050613,0.91288,0.0022757,0.00038413,0.0014296,0.0018526,-0.00054209,0.0078914,0.280344,0.0804,0.668592,0.000216954,0.00691486,0.00961647,0.1734472,8.21528E-05,1.38671E-05,5.16086E-05,6.68789E-05,-1.95694E-05,0.00028488
0.0054853,2.3674,0.67,5.5716,0.026541,0.060049,0.88822,0.0024291,0.00056201,0.0015639,0.0026411,0.00012527,0.0059005,0.284088,0.0804,0.668592,0.000198019,0.00504279,0.01140931,0.1687618,8.76905E-05,2.02886E-05,5.64568E-05,9.53437E-05,4.52225E-06,0.000213008
0.0054098,2.3999,0.67,5.5716,0.019116,0.065763,0.85877,0.0020512,0.00075407,0.0013688,0.0040142,0.00036786,0.0047541,0.287988,0.0804,0.668592,0.000195294,0.00363204,0.01249497,0.1631663,7.40483E-05,2.72219E-05,4.94137E-05,0.000144913,1.32797E-05,0.000171623
0.0053274,2.4338,0.67,5.5716,0.010802,0.073226,0.81888,0.0011631,0.00056205,0.0012838,0.003837,0.00071399,0.0056547,0.292056,0.0804,0.668592,0.000192319,0.00205238,0.01391294,0.1555872,4.19879E-05,2.029E-05,4.63452E-05,0.000138516,2.5775E-05,0.000204135
0.003837,2.4691,0.67,5.5716,0.0037602,0.067407,0.70532,0.00036122,8.68E-05,0.00068118,0.0021932,0.00084318,0.0051196,0.296292,0.0804,0.668592,0.000138516,0.000714438,0.01280733,0.1340108,1.304E-05,3.13189E-06,2.45906E-05,7.91745E-05,3.04388E-05,0.000184818
0.0014672,2.5058,0.67,5.5716,0.00084827,0.029657,0.31023,2.27E-05,1.50E-05,0.00011964,0.00083728,0.00033731,0.0020744,0.300696,0.0804,0.668592,5.29659E-05,0.000161171,0.00563483,0.0589437,8.18243E-07,5.39948E-07,4.319E-06,3.02258E-05,1.21769E-05,7.48858E-05
1.57E-08,2.544,0.67,5.5716,7.57E-05,1.63E-14,1.16E-17,3.14E-08,6.74E-18,1.60E-21,1.45E-27,3.44E-31,1.05E-34,0.30528,0.0804,0.668592,5.66951E-10,1.43794E-05,3.10574E-15,2.19526E-18,1.13386E-09,2.4348E-19,5.76698E-23,5.22836E-29,1.24022E-32,3.78906E-36
0,2.5837,0.67,5.5716,0,0,0,0,0,0,0,0,0,0.310044,0.0804,0.668592,0,0,0,0,0,0,0,0,0,0
0,2.625,0.67,5.5716,0,0,0,0,0,0,0,0,0,0.315,0.0804,0.668592,0,0,0,0,0,0,0,0,0,0
0,-0.125,0.67,5.5846,0,0,0,0,0,0,0,0,0,-0.015,0.0804,0.670152,0,0,0,0,0,0,0,0,0,0
0,-0.083719,0.67,5.5846,0,0,0,0,0,0,0,0,0,-0.01004628,0.0804,0.670152,0,0,0,0,0,0,0,0,0,0
3.05E-08,-0.044001,0.67,5.5846,-0.00046658,-1.30E-13,-7.18E-18,6.11E-08,1.71E-17,3.63E-21,4.77E-27,1.02E-30,2.95E-34,-0.00528012,0.0804,0.670152,1.10282E-09,-8.86502E-05,-2.47209E-14,-1.36443E-18,2.20564E-09,6.16119E-19,1.31177E-22,1.721E-28,3.66704E-32,1.06408E-35
0.00093972,-0.0058053,0.67,5.5846,-0.0025043,0.025239,0.39019,1.10E-05,-2.29E-05,-3.54E-05,0.00080017,-0.00019547,0.0010682,-0.000696636,0.0804,0.670152,3.39239E-05,-0.000475817,0.00479541,0.0741361,3.98255E-07,-8.27087E-07,-1.27624E-06,2.88861E-05,-7.05647E-06,3.8562E-05
0.0024584,0.030909,0.67,5.5846,-0.0099183,0.057132,0.88307,0.00017506,-0.00013454,-0.00020218,0.0020789,-0.00050176,0.0026628,0.00370908,0.0804,0.670152,8.87482E-05,-0.001884477,0.01085508,0.1677833,6.31967E-06,-4.85689E-06,-7.2987E-06,7.50483E-05,-1.81135E-05,9.61271E-05
0.0025947,0.066184,0.67,5.5846,-0.022289,0.052014,0.99825,0.00044886,-0.00021142,-9.70E-05,0.0017787,-0.00052865,0.0029617,0.00794208,0.0804,0.670152,9.36687E-05,-0.00423491,0.00988266,0.1896675,1.62038E-05,-7.63226E-06,-3.50192E-06,6.42111E-05,-1.90843E-05,0.000106917
0.0025416,0.10006,0.67,5.5846,-0.036468,0.038855,1.0323,0.00053927,-0.00024539,4.71E-05,0.0014446,-0.00058692,0.0030994,0.0120072,0.0804,0.670152,9.17518E-05,-0.00692892,0.00738245,0.196137,1.94676E-05,-8.85858E-06,1.70201E-06,5.21501E-05,-2.11878E-05,0.000111888
0.0030898,0.13258,0.67,5.5846,-0.046648,0.031182,1.0528,0.0004991,-0.00018191,2.49E-05,0.0013987,-0.00080182,0.0042819,0.0159096,0.0804,0.670152,0.000111542,-0.00886312,0.00592458,0.200032,1.80175E-05,-6.56695E-06,8.99107E-07,5.04931E-05,-2.89457E-05,0.000154577
0.0026889,0.16379,0.67,5.5846,-0.048837,0.019034,1.0681,0.00057563,-6.85E-05,-0.00012894,0.00094019,-0.00059894,0.003862,0.0196548,0.0804,0.670152,9.70693E-05,-0.00927903,0.00361646,0.202939,2.07802E-05,-2.47426E-06,-4.65473E-06,3.39409E-05,-2.16217E-05,0.000139418
0.0024072,0.19372,0.67,5.5846,-0.049233,0.017269,1.077,0.00077449,6.68E-06,-0.00033248,0.0010335,-0.00051346,0.0030064,0.0232464,0.0804,0.670152,8.68999E-05,-0.00935427,0.00328111,0.20463,2.79591E-05,2.41321E-07,-1.20025E-05,3.73094E-05,-1.85359E-05,0.000108531
0.0035327,0.22242,0.67,5.5846,-0.051106,0.024311,1.0798,0.001073,4.08E-05,-0.00081305,0.0011279,-0.00064234,0.0048645,0.0266904,0.0804,0.670152,0.00012753,-0.00971014,0.00461909,0.205162,3.87353E-05,1.47378E-06,-2.93511E-05,4.07172E-05,-2.31885E-05,0.000175608
0.0031996,0.24993,0.67,5.5846,-0.055443,0.026512,1.0844,0.0012934,0.00012873,-0.00099025,0.0011122,-0.00021832,0.0039935,0.0299916,0.0804,0.670152,0.000115506,-0.01053417,0.00503728,0.206036,4.66917E-05,4.64715E-06,-3.5748E-05,4.01504E-05,-7.88135E-06,0.000144165
0.0023136,0.27629,0.67,5.5846,-0.061573,0.026462,1.0855,0.0012782,0.00015086,-0.00086292,0.0012274,-0.00024614,0.0021217,0.0331548,0.0804,0.670152,8.3521E-05,-0.01169887,0.00502778,0.206245,4.6143E-05,5.44605E-06,-3.11514E-05,4.43091E-05,-8.88565E-06,7.65934E-05
0.0030912,0.30154,0.67,5.5846,-0.067126,0.023622,1.086,0.0013209,2.67E-05,-0.00088817,0.0018236,-0.0010016,0.0030378,0.0361848,0.0804,0.670152,0.000111592,-0.01275394,0.00448818,0.20634,4.76845E-05,9.62354E-07,-3.20629E-05,6.5832E-05,-3.61578E-05,0.000109665
0.0036674,0.32572,0.67,5.5846,-0.072366,0.016382,1.0898,0.0014881,5.29E-05,-0.00090344,0.0018296,-0.0013809,0.004017,0.0390864,0.0804,0.670152,0.000132393,-0.01374954,0.00311258,0.207062,5.37204E-05,1.91131E-06,-3.26142E-05,6.60486E-05,-4.98505E-05,0.000145014
0.0030577,0.34887,0.67,5.5846,-0.07674,0.015891,1.0905,0.0015308,8.40E-05,-0.00040658,0.0012306,-0.00088074,0.0033541,0.0418644,0.0804,0.670152,0.000110383,-0.0145806,0.00301929,0.207195,5.52619E-05,3.03251E-06,-1.46775E-05,4.44247E-05,-3.17947E-05,0.000121083
0.0022933,0.37102,0.67,5.5846,-0.080583,0.02323,1.0889,0.0014357,0.00013699,-0.00012445,0.0011272,-0.00042643,0.0020237,0.0445224,0.0804,0.670152,8.27881E-05,-0.01531077,0.0044137,0.206891,5.18288E-05,4.94534E-06,-4.49265E-06,4.06919E-05,-1.53941E-05,7.30556E-05
0.0022651,0.39221,0.67,5.5846,-0.085935,0.0319,1.0895,0.0013686,0.00016853,-0.00034379,0.0011721,-0.00056092,0.0019895,0.0470652,0.0804,0.670152,8.17701E-05,-0.01632765,0.006061,0.207005,4.94065E-05,6.08393E-06,-1.24108E-05,4.23128E-05,-2.02492E-05,7.1821E-05
0.0024857,0.41248,0.67,5.5846,-0.091327,0.036452,1.0835,0.0014538,0.00025546,-0.00040356,0.0011998,-0.00085836,0.0023178,0.0494976,0.0804,0.670152,8.97338E-05,-0.01735213,0.00692588,0.205865,5.24822E-05,9.22211E-06,-1.45685E-05,4.33128E-05,-3.09868E-05,8.36726E-05
0.0032158,0.43187,0.67,5.5846,-0.09445,0.038461,1.0784,0.0016774,0.00046854,-0.00085659,0.0013737,-0.001202,0.0033805,0.0518244,0.0804,0.670152,0.00011609,-0.0179455,0.00730759,0.204896,6.05541E-05,1.69143E-05,-3.09229E-05,4.95906E-05,-4.33922E-05,0.000122036
0.0037968,0.4504,0.67,5.5846,-0.096759,0.039626,1.0714,0.0018636,0.00055557,-0.00076865,0.001623,-0.0014825,0.004107,0.054048,0.0804,0.670152,0.000137064,-0.01838421,0.00752894,0.203566,6.7276E-05,2.00561E-05,-2.77483E-05,5.85903E-05,-5.35183E-05,0.000148263
0.0039022,0.46812,0.67,5.5846,-0.10048,0.03845,1.0729,0.0018312,0.00039917,-0.00040193,0.0017297,-0.0016596,0.0042436,0.0561744,0.0804,0.670152,0.000140869,-0.0190912,0.0073055,0.203851,6.61063E-05,1.441E-05,-1.45097E-05,6.24422E-05,-5.99116E-05,0.000153194
0.0033134,0.48504,0.67,5.5846,-0.106,0.036146,1.0738,0.0016234,0.00010727,-0.00011859,0.0016233,-0.0013042,0.0033802,0.0582048,0.0804,0.670152,0.000119614,-0.02014,0.00686774,0.204022,5.86047E-05,3.87245E-06,-4.2811E-06,5.86011E-05,-4.70816E-05,0.000122025
0.0026735,0.50122,0.67,5.5846,-0.11202,0.032142,1.075,0.0013937,-0.00011498,3.02E-05,0.0014718,-0.0010159,0.0024816,0.0601464,0.0804,0.670152,9.65134E-05,-0.0212838,0.00610698,0.20425,5.03126E-05,-4.15078E-06,1.08964E-06,5.3132E-05,-3.6674E-05,8.95858E-05
0.0025386,0.51667,0.67,5.5846,-0.11723,0.029582,1.0784,0.0012266,-0.00025166,-0.00012238,0.0013744,-0.00088805,0.0024761,0.0620004,0.0804,0.670152,9.16435E-05,-0.0222737,0.00562058,0.204896,4.42803E-05,-9.08493E-06,-4.41792E-06,4.96158E-05,-3.20586E-05,8.93872E-05
0.0024532,0.53142,0.67,5.5846,-0.1215,0.026666,1.0831,0.0011501,-0.00024367,-0.00030381,0.0013,-0.00055158,0.0024564,0.0637704,0.0804,0.670152,8.85605E-05,-0.023085,0.00506654,0.205789,4.15186E-05,-8.79649E-06,-1.09675E-05,0.00004693,-1.9912E-05,8.8676E-05
0.0023628,0.54551,0.67,5.5846,-0.12536,0.022708,1.0847,0.0011778,-0.00016645,-0.00047926,0.0012787,-0.00019389,0.002269,0.0654612,0.0804,0.670152,8.52971E-05,-0.0238184,0.00431452,0.206093,4.25186E-05,-6.00885E-06,-1.73013E-05,4.61611E-05,-6.99943E-06,8.19109E-05
0.0023086,0.55896,0.67,5.5846,-0.12861,0.018627,1.0844,0.001316,-7.61E-05,-0.00068445,0.0013968,-3.69E-05,0.0019044,0.0670752,0.0804,0.670152,8.33405E-05,-0.0244359,0.00353913,0.206036,4.75076E-05,-2.74566E-06,-2.47086E-05,5.04245E-05,-1.33119E-06,6.87488E-05
0.0025011,0.5718,0.67,5.5846,-0.13086,0.015211,1.0849,0.0015591,0.00010608,-0.00094077,0.001551,-0.00016046,0.001892,0.068616,0.0804,0.670152,9.02897E-05,-0.0248634,0.00289009,0.206131,5.62835E-05,3.82949E-06,-3.39618E-05,5.59911E-05,-5.79261E-06,6.83012E-05
0.0027607,0.58405,0.67,5.5846,-0.13274,0.013342,1.0825,0.0018538,0.0003206,-0.0012022,0.0016599,-0.00025481,0.0020077,0.070086,0.0804,0.670152,9.96613E-05,-0.0252206,0.00253498,0.205675,6.69222E-05,1.15737E-05,-4.33994E-05,5.99224E-05,-9.19864E-06,7.2478E-05
0.0030278,0.59575,0.67,5.5846,-0.13517,0.010203,1.0805,0.0020927,0.00047242,-0.001368,0.001745,-0.00029672,0.0022178,0.07149,0.0804,0.670152,0.000109304,-0.0256823,0.00193857,0.205295,7.55465E-05,1.70544E-05,-4.93848E-05,6.29945E-05,-1.07116E-05,8.00626E-05
0.0030604,0.6069,0.67,5.5846,-0.13836,0.0052968,1.0792,0.0022086,0.00052387,-0.0013689,0.0017099,-0.00029784,0.0022024,0.072828,0.0804,0.670152,0.00011048,-0.0262884,0.001006392,0.205048,7.97305E-05,1.89117E-05,-4.94173E-05,6.17274E-05,-1.0752E-05,7.95066E-05
0.0029421,0.61755,0.67,5.5846,-0.14206,0.00010662,1.0812,0.002196,0.0004886,-0.0013001,0.0015689,-0.00033182,0.0021193,0.074106,0.0804,0.670152,0.00010621,-0.0269914,2.02578E-05,0.205428,7.92756E-05,1.76385E-05,-4.69336E-05,5.66373E-05,-1.19787E-05,7.65067E-05
0.0027684,0.6277,0.67,5.5846,-0.14603,-0.0042776,1.0868,0.0020862,0.00040144,-0.0011805,0.001407,-0.0004304,0.0020436,0.075324,0.0804,0.670152,9.99392E-05,-0.0277457,-0.000812744,0.206492,7.53118E-05,1.4492E-05,-4.26161E-05,5.07927E-05,-1.55374E-05,7.3774E-05
0.0025756,0.63738,0.67,5.5846,-0.15006,-0.0074786,1.0923,0.0019138,0.0002882,-0.0010302,0.0012504,-0.00051071,0.0019871,0.0764856,0.0804,0.670152,9.29792E-05,-0.0285114,-0.001420934,0.207537,6.90882E-05,1.0404E-05,-3.71902E-05,4.51394E-05,-1.84366E-05,7.17343E-05
0.0023949,0.64661,0.67,5.5846,-0.15407,-0.0096269,1.0961,0.0017098,0.0001557,-0.00085814,0.0011344,-0.00056845,0.0019456,0.0775932,0.0804,0.670152,8.64559E-05,-0.0292733,-0.001829111,0.208259,6.17238E-05,5.62077E-06,-3.09789E-05,4.09518E-05,-2.0521E-05,7.02362E-05
0.00218,0.65542,0.67,5.5846,-0.15806,-0.011215,1.0984,0.0014968,3.47E-05,-0.00065483,0.0010525,-0.00061919,0.0018107,0.0786504,0.0804,0.670152,0.000078698,-0.0300314,-0.00213085,0.208696,5.40345E-05,1.25256E-06,-2.36394E-05,3.79953E-05,-2.23528E-05,6.53663E-05
0.0019846,0.66381,0.67,5.5846,-0.16203,-0.012486,1.1003,0.0012982,-5.61E-05,-0.00042282,0.0010003,-0.0006496,0.0016706,0.0796572,0.0804,0.670152,7.16441E-05,-0.0307857,-0.00237234,0.209057,4.6865E-05,-2.02452E-06,-1.52638E-05,3.61108E-05,-2.34506E-05,6.03087E-05
0.001839,0.67207,0.67,5.5846,-0.1659,-0.013598,1.1035,0.0011351,-0.00011637,-0.00020246,0.00094911,-0.00068399,0.0015939,0.0806484,0.0804,0.670152,6.63879E-05,-0.031521,-0.00258362,0.209665,4.09771E-05,-4.20096E-06,-7.30881E-06,3.42629E-05,-2.4692E-05,5.75398E-05
0.0017839,0.68032,0.67,5.5846,-0.16946,-0.014579,1.1061,0.0010285,-0.00015844,-5.39E-05,0.00088209,-0.00069838,0.0016573,0.0816384,0.0804,0.670152,6.43988E-05,-0.0321974,-0.00277001,0.210159,3.71289E-05,-5.71968E-06,-1.94572E-06,3.18434E-05,-2.52115E-05,5.98285E-05
0.0017968,0.68858,0.67,5.5846,-0.17256,-0.015643,1.1068,0.00099294,-0.00019349,3.89E-05,0.00082038,-0.00069725,0.0017804,0.0826296,0.0804,0.670152,6.48645E-05,-0.0327864,-0.00297217,0.210292,3.58451E-05,-6.98499E-06,1.40555E-06,2.96157E-05,-2.51707E-05,6.42724E-05
0.0018394,0.69683,0.67,5.5846,-0.17517,-0.016989,1.1055,0.0010006,-0.0002206,0.00010208,0.00080913,-0.00069914,0.0018691,0.0836196,0.0804,0.670152,6.64023E-05,-0.0332823,-0.00322791,0.210045,3.61217E-05,-7.96366E-06,3.68509E-06,2.92096E-05,-2.5239E-05,6.74745E-05
0.001903,0.70509,0.67,5.5846,-0.17732,-0.018188,1.1027,0.0010392,-0.00024194,0.00013871,0.0008618,-0.00070925,0.001905,0.0846108,0.0804,0.670152,6.86983E-05,-0.0336908,-0.00345572,0.209513,3.75151E-05,-8.73403E-06,5.00743E-06,3.1111E-05,-2.56039E-05,6.87705E-05
0.0020004,0.71335,0.67,5.5846,-0.17919,-0.018658,1.0984,0.0011132,-0.00025895,0.00014884,0.0009621,-0.00072358,0.0019255,0.085602,0.0804,0.670152,7.22144E-05,-0.0340461,-0.00354502,0.208696,4.01865E-05,-9.3481E-06,5.37312E-06,3.47318E-05,-2.61212E-05,6.95106E-05
0.002108,0.7216,0.67,5.5846,-0.18095,-0.018236,1.093,0.0012021,-0.00026471,0.00014952,0.001089,-0.00073766,0.0019247,0.086592,0.0804,0.670152,7.60988E-05,-0.0343805,-0.00346484,0.20767,4.33958E-05,-9.55603E-06,5.39767E-06,3.93129E-05,-2.66295E-05,6.94817E-05
0.0022171,0.72986,0.67,5.5846,-0.18247,-0.016952,1.0869,0.0012893,-0.00026285,0.00011472,0.0012181,-0.00075476,0.0019267,0.0875832,0.0804,0.670152,8.00373E-05,-0.0346693,-0.00322088,0.206511,4.65437E-05,-9.48889E-06,4.14139E-06,4.39734E-05,-2.72468E-05,6.95539E-05
0.0023359,0.73811,0.67,5.5846,-0.18371,-0.014884,1.0803,0.0013596,-0.00026359,5.11E-05,0.0013432,-0.00078122,0.001969,0.0885732,0.0804,0.670152,8.4326E-05,-0.0349049,-0.00282796,0.205257,4.90816E-05,-9.5156E-06,1.84381E-06,4.84895E-05,-2.8202E-05,7.10809E-05
0.0024768,0.74637,0.67,5.5846,-0.18494,-0.012233,1.0732,0.0014109,-0.00026728,-8.37E-06,0.0014785,-0.00081972,0.0020643,0.0895644,0.0804,0.670152,8.94125E-05,-0.0351386,-0.00232427,0.203908,5.09335E-05,-9.64881E-06,-3.0211E-07,5.33739E-05,-2.95919E-05,7.45212E-05
0.0026808,0.75463,0.67,5.5846,-0.18605,-0.0091378,1.0651,0.0014554,-0.00026861,-2.98E-05,0.0016432,-0.00089252,0.0022629,0.0905556,0.0804,0.670152,9.67769E-05,-0.0353495,-0.001736182,0.202369,5.25399E-05,-9.69682E-06,-1.07574E-06,5.93195E-05,-3.222E-05,8.16907E-05
0.0029288,0.76288,0.67,5.5846,-0.18675,-0.0058417,1.0566,0.0014938,-0.00026959,-4.05E-06,0.0018328,-0.001008,0.002531,0.0915456,0.0804,0.670152,0.00010573,-0.0354825,-0.001109923,0.200754,5.39262E-05,-9.7322E-06,-1.46335E-07,6.61641E-05,-3.63888E-05,9.13691E-05
0.0031767,0.77114,0.67,5.5846,-0.18754,-0.0027215,1.0486,0.0015275,-0.00028001,4.63E-05,0.0020147,-0.0011504,0.0028113,0.0925368,0.0804,0.670152,0.000114679,-0.0356326,-0.000517085,0.199234,5.51428E-05,-1.01084E-05,1.67305E-06,7.27307E-05,-4.15294E-05,0.000101488
0.0033787,0.7794,0.67,5.5846,-0.18889,8.47E-07,1.0417,0.0015593,-0.00031978,0.00012816,0.0021576,-0.0012733,0.0030406,0.093528,0.0804,0.670152,0.000121971,-0.0358891,1.60837E-07,0.197923,5.62907E-05,-1.15441E-05,4.62658E-06,7.78894E-05,-4.59661E-05,0.000109766
0.0035359,0.78765,0.67,5.5846,-0.19053,0.0023925,1.0357,0.0015977,-0.0004045,0.0002466,0.0022668,-0.0013427,0.0032073,0.094518,0.0804,0.670152,0.000127646,-0.0362007,0.000454575,0.196783,5.7677E-05,-1.46025E-05,8.90226E-06,8.18315E-05,-4.84715E-05,0.000115784
0.0036428,0.79591,0.67,5.5846,-0.19249,0.0045326,1.0303,0.0016453,-0.00052834,0.00037665,0.0023668,-0.0013386,0.0032736,0.0955092,0.0804,0.670152,0.000131505,-0.0365731,0.000861194,0.195757,5.93953E-05,-1.90731E-05,1.35971E-05,8.54415E-05,-4.83235E-05,0.000118177
0.003693,0.80416,0.67,5.5846,-0.19492,0.0062079,1.0254,0.0016802,-0.00065506,0.0005094,0.0024418,-0.0012768,0.003264,0.0964992,0.0804,0.670152,0.000133317,-0.0370348,0.001179501,0.194826,6.06552E-05,-2.36477E-05,1.83893E-05,8.8149E-05,-4.60925E-05,0.00011783
0.0037035,0.81242,0.67,5.5846,-0.1974,0.0071416,1.0206,0.0017229,-0.00073916,0.00061358,0.002429,-0.0011867,0.003255,0.0974904,0.0804,0.670152,0.000133696,-0.037506,0.001356904,0.193914,6.21967E-05,-2.66837E-05,2.21502E-05,8.76869E-05,-4.28399E-05,0.000117506
0.0036814,0.82068,0.67,5.5846,-0.19965,0.0075619,1.0153,0.0017837,-0.00076369,0.00069585,0.0023119,-0.0011025,0.0032671,0.0984816,0.0804,0.670152,0.000132899,-0.0379335,0.001436761,0.192907,6.43916E-05,-2.75692E-05,2.51202E-05,8.34596E-05,-3.98003E-05,0.000117942
0.0036624,0.82893,0.67,5.5846,-0.20165,0.0079689,1.0087,0.0018474,-0.00074154,0.00075536,0.0021457,-0.0010421,0.0033317,0.0994716,0.0804,0.670152,0.000132213,-0.0383135,0.001514091,0.191653,6.66911E-05,-2.67696E-05,2.72685E-05,7.74598E-05,-3.76198E-05,0.000120274
0.0036702,0.83719,0.67,5.5846,-0.20328,0.0084976,1.0008,0.0019439,-0.00070011,0.0007584,0.001977,-0.000991,0.0034194,0.1004628,0.0804,0.670152,0.000132494,-0.0386232,0.001614544,0.190152,7.01748E-05,-2.5274E-05,2.73782E-05,7.13697E-05,-3.57751E-05,0.00012344
0.0036437,0.84544,0.67,5.5846,-0.20459,0.00871,0.99227,0.0020818,-0.0006446,0.00072688,0.0018088,-0.00093442,0.0033968,0.1014528,0.0804,0.670152,0.000131538,-0.0388721,0.0016549,0.1885313,7.5153E-05,-2.32701E-05,2.62404E-05,6.52977E-05,-3.37326E-05,0.000122624
0.0035467,0.8537,0.67,5.5846,-0.20572,0.0082732,0.98447,0.0022106,-0.00056398,0.00072025,0.0016523,-0.00086998,0.0032306,0.102444,0.0804,0.670152,0.000128036,-0.0390868,0.001571908,0.1870493,7.98027E-05,-2.03597E-05,2.6001E-05,5.9648E-05,-3.14063E-05,0.000116625
0.0034816,0.86196,0.67,5.5846,-0.20685,0.0076417,0.97825,0.0023386,-0.00048478,0.00074118,0.0015409,-0.00080791,0.0030838,0.1034352,0.0804,0.670152,0.000125686,-0.0393015,0.001451923,0.1858675,8.44235E-05,-1.75006E-05,2.67566E-05,5.56265E-05,-2.91656E-05,0.000111325
0.003488,0.87021,0.67,5.5846,-0.20785,0.0073881,0.97289,0.0025024,-0.00042917,0.00079691,0.0014785,-0.00077485,0.0029951,0.1044252,0.0804,0.670152,0.000125917,-0.0394915,0.001403739,0.1848491,9.03366E-05,-1.5493E-05,2.87685E-05,5.33739E-05,-2.79721E-05,0.000108123
0.0035558,0.87847,0.67,5.5846,-0.20851,0.0073194,0.96689,0.0026945,-0.00037779,0.0008598,0.0014287,-0.00075843,0.0029884,0.1054164,0.0804,0.670152,0.000128364,-0.0396169,0.001390686,0.1837091,9.72715E-05,-1.36382E-05,3.10388E-05,5.15761E-05,-2.73793E-05,0.000107881
0.003645,0.88672,0.67,5.5846,-0.20923,0.0067994,0.95995,0.0028985,-0.0003286,0.00088838,0.0013671,-0.00072046,0.0030245,0.1064064,0.0804,0.670152,0.000131585,-0.0397537,0.001291886,0.1823905,0.000104636,-1.18625E-05,3.20705E-05,4.93523E-05,-2.60086E-05,0.000109184
0.0037819,0.89498,0.67,5.5846,-0.20993,0.005424,0.95276,0.0031134,-0.00028473,0.00088625,0.0012984,-0.00068456,0.0031521,0.1073976,0.0804,0.670152,0.000136527,-0.0398867,0.00103056,0.1810244,0.000112394,-1.02788E-05,3.19936E-05,4.68722E-05,-2.47126E-05,0.000113791
0.0039427,0.90324,0.67,5.5846,-0.21028,0.0030697,0.94559,0.0033297,-0.0002268,0.00091907,0.0012308,-0.00069375,0.0033248,0.1083888,0.0804,0.670152,0.000142331,-0.0399532,0.000583243,0.1796621,0.000120202,-8.18748E-06,3.31784E-05,4.44319E-05,-2.50444E-05,0.000120025
0.0041477,0.91149,0.67,5.5846,-0.21056,-8.16E-05,0.93817,0.003551,-0.00016913,0.00098011,0.0011719,-0.00072122,0.0035723,0.1093788,0.0804,0.670152,0.000149732,-0.0400064,-1.55118E-05,0.1782523,0.000128191,-6.10559E-06,3.5382E-05,4.23056E-05,-2.6036E-05,0.00012896
0.0043704,0.91975,0.67,5.5846,-0.21066,-0.0033664,0.93004,0.0037873,-0.00015099,0.0010428,0.0011376,-0.00073924,0.0038159,0.11037,0.0804,0.670152,0.000157771,-0.0400254,-0.000639616,0.1767076,0.000136722,-5.45074E-06,3.76451E-05,4.10674E-05,-2.66866E-05,0.000137754
0.0045756,0.92801,0.67,5.5846,-0.21046,-0.0061045,0.92095,0.0040227,-0.00015598,0.0011028,0.0011325,-0.00071512,0.0039959,0.1113612,0.0804,0.670152,0.000165179,-0.0399874,-0.001159855,0.1749805,0.000145219,-5.63088E-06,3.98111E-05,4.08833E-05,-2.58158E-05,0.000144252
0.0046928,0.93626,0.67,5.5846,-0.21015,-0.0079233,0.91105,0.0042598,-0.00014876,0.0011775,0.0011282,-0.00060919,0.0039975,0.1123512,0.0804,0.670152,0.00016941,-0.0399285,-0.001505427,0.1730995,0.000153779,-5.37024E-06,4.25078E-05,4.0728E-05,-2.19918E-05,0.00014431
0.0046947,0.94452,0.67,5.5846,-0.20959,-0.0086001,0.90008,0.0044467,-0.0001299,0.0012541,0.0010977,-0.00046065,0.003845,0.1133424,0.0804,0.670152,0.000169479,-0.0398221,-0.001634019,0.1710152,0.000160526,-4.68939E-06,4.5273E-05,3.9627E-05,-1.66295E-05,0.000138805
0.0046486,0.95277,0.67,5.5846,-0.20911,-0.0084486,0.88839,0.0045679,-8.18E-05,0.0012924,0.0010467,-0.00030003,0.0036826,0.1143324,0.0804,0.670152,0.000167814,-0.0397309,-0.001605234,0.1687941,0.000164901,-2.95359E-06,4.66556E-05,3.77859E-05,-1.08311E-05,0.000132942
0.0045921,0.96103,0.67,5.5846,-0.20866,-0.008103,0.87676,0.0046897,1.29E-07,0.001235,0.0010048,-0.00013021,0.0034896,0.1153236,0.0804,0.670152,0.000165775,-0.0396454,-0.00153957,0.1665844,0.000169298,4.67242E-09,4.45835E-05,3.62733E-05,-4.70058E-06,0.000125975
0.004645,0.96929,0.67,5.5846,-0.2076,-0.0075682,0.86532,0.0048882,0.00010765,0.0010934,0.0010153,-3.85E-06,0.0033864,0.1163148,0.0804,0.670152,0.000167685,-0.039444,-0.001437958,0.1644108,0.000176464,3.88617E-06,3.94717E-05,3.66523E-05,-1.38898E-07,0.000122249
0.0047757,0.97754,0.67,5.5846,-0.20684,-0.006741,0.85461,0.0050968,0.00023523,0.00093098,0.0011133,5.02E-05,0.0033414,0.1173048,0.0804,0.670152,0.000172403,-0.0392996,-0.00128079,0.1623759,0.000183994,8.4918E-06,3.36084E-05,4.01901E-05,1.81135E-06,0.000120625
0.0050154,0.9858,0.67,5.5846,-0.20614,-0.005877,0.84505,0.0052665,0.00036985,0.00078713,0.0013051,4.11E-05,0.0034593,0.118296,0.0804,0.670152,0.000181056,-0.0391666,-0.00111663,0.1605595,0.000190121,1.33516E-05,2.84154E-05,4.71141E-05,1.48458E-06,0.000124881
0.0053164,0.99405,0.67,5.5846,-0.20434,-0.0049343,0.83657,0.0054538,0.00051221,0.00069534,0.0015468,1.18E-05,0.0036322,0.119286,0.0804,0.670152,0.000191922,-0.0388246,-0.000937517,0.1589483,0.000196882,1.84908E-05,2.51018E-05,5.58395E-05,4.25511E-07,0.000131122
0.0056403,1.0023,0.67,5.5846,-0.20241,-0.0038701,0.82921,0.0056389,0.00065355,0.00057634,0.0017641,-7.35E-06,0.0038776,0.120276,0.0804,0.670152,0.000203615,-0.0384579,-0.000735319,0.1575499,0.000203564,2.35932E-05,2.08059E-05,6.3684E-05,-2.65256E-07,0.000139981
0.0059608,1.0106,0.67,5.5846,-0.20088,-0.0028956,0.82235,0.0058274,0.00074407,0.00049614,0.0018827,-1.27E-05,0.0042115,0.121272,0.0804,0.670152,0.000215185,-0.0381672,-0.000550164,0.1562465,0.000210369,2.68609E-05,1.79107E-05,6.79655E-05,-4.56737E-07,0.000152035
0.006191,1.0188,0.67,5.5846,-0.19934,-0.0023482,0.81482,0.0059959,0.00074959,0.00041473,0.0018727,-3.07E-05,0.0045135,0.122256,0.0804,0.670152,0.000223495,-0.0378746,-0.000446158,0.1548158,0.000216452,2.70602E-05,1.49718E-05,6.76045E-05,-1.10816E-06,0.000162937
0.0063849,1.0271,0.67,5.5846,-0.19759,-0.0025761,0.80636,0.0061304,0.00066383,0.00035786,0.0017506,-9.68E-05,0.0048889,0.123252,0.0804,0.670152,0.000230495,-0.0375421,-0.000489459,0.1532084,0.000221307,2.39643E-05,1.29187E-05,6.31967E-05,-3.49495E-06,0.000176489
0.0064888,1.0353,0.67,5.5846,-0.19556,-0.0035389,0.79698,0.0061726,0.00051107,0.00031028,0.0015657,-0.0002211,0.0052392,0.124236,0.0804,0.670152,0.000234246,-0.0371564,-0.000672391,0.1514262,0.000222831,1.84496E-05,1.12011E-05,5.65218E-05,-7.98171E-06,0.000189135
0.0066015,1.0436,0.67,5.5846,-0.19371,-0.0049116,0.787,0.006123,0.00032807,0.00023194,0.0013938,-0.00038188,0.0056862,0.125232,0.0804,0.670152,0.000238314,-0.0368049,-0.000933204,0.14953,0.00022104,1.18433E-05,8.37303E-06,5.03162E-05,-1.37859E-05,0.000205272
0.0067529,1.0518,0.67,5.5846,-0.19235,-0.00629,0.77725,0.0060651,0.00014571,0.00020559,0.0012808,-0.00054565,0.0061599,0.126216,0.0804,0.670152,0.00024378,-0.0365465,-0.0011951,0.1476775,0.00021895,5.26013E-06,7.4218E-06,4.62369E-05,-1.9698E-05,0.000222372
0.0068989,1.0601,0.67,5.5846,-0.19125,-0.007423,0.76787,0.0059455,-2.41E-06,0.00011654,0.001223,-0.00070165,0.0066292,0.127212,0.0804,0.670152,0.00024905,-0.0363375,-0.00141037,0.1458953,0.000214633,-8.70407E-08,4.20709E-06,4.41503E-05,-2.53296E-05,0.000239314
0.0071163,1.0684,0.67,5.5846,-0.19007,-0.0082323,0.75872,0.005797,-0.00010869,2.98E-05,0.0012044,-0.00080754,0.0072312,0.128208,0.0804,0.670152,0.000256898,-0.0361133,-0.001564137,0.1441568,0.000209272,-3.92371E-06,1.07719E-06,4.34788E-05,-2.91522E-05,0.000261046
0.0072909,1.0766,0.67,5.5846,-0.18839,-0.0087563,0.74936,0.0056728,-0.00017486,-3.23E-05,0.0011966,-0.00087485,0.0077125,0.129192,0.0804,0.670152,0.000263201,-0.0357941,-0.001663697,0.1423784,0.000204788,-6.31245E-06,-1.16628E-06,4.31973E-05,-3.15821E-05,0.000278421
0.007497,1.0849,0.67,5.5846,-0.186,-0.0090756,0.7394,0.005634,-0.00020181,-6.97E-05,0.0011786,-0.00091484,0.0081813,0.130188,0.0804,0.670152,0.000270642,-0.03534,-0.001724364,0.140486,0.000203387,-7.28534E-06,-2.51668E-06,4.25475E-05,-3.30257E-05,0.000295345
0.0076742,1.0931,0.67,5.5846,-0.18322,-0.0090366,0.72929,0.0056836,-0.0002144,-6.84E-05,0.0011683,-0.00095308,0.0084965,0.131172,0.0804,0.670152,0.000277039,-0.0348118,-0.001716954,0.1385651,0.000205178,-7.73984E-06,-2.46866E-06,4.21756E-05,-3.44062E-05,0.000306724
0.0077593,1.1014,0.67,5.5846,-0.18012,-0.0081207,0.71925,0.0056075,-0.00023448,-0.00011982,0.0011873,-0.001001,0.0087238,0.132168,0.0804,0.670152,0.000280111,-0.0342228,-0.001542933,0.1366575,0.000202431,-8.46473E-06,-4.3255E-06,4.28615E-05,-3.61361E-05,0.000314929
0.0078293,1.1096,0.67,5.5846,-0.17665,-0.0060752,0.7097,0.0054422,-0.00024548,-9.90E-05,0.0012506,-0.0010477,0.0089657,0.133152,0.0804,0.670152,0.000282638,-0.0335635,-0.001154288,0.134843,0.000196463,-8.86183E-06,-3.57376E-06,4.51467E-05,-3.7822E-05,0.000323662
0.0079205,1.1179,0.67,5.5846,-0.17292,-0.0038238,0.70094,0.00537,-0.00024748,-8.41E-05,0.0013491,-0.0011078,0.009122,0.134148,0.0804,0.670152,0.00028593,-0.0328548,-0.000726522,0.1331786,0.000193857,-8.93403E-06,-3.03565E-06,4.87025E-05,-3.99916E-05,0.000329304
0.0080512,1.1262,0.67,5.5846,-0.16896,-0.0026152,0.69285,0.0054123,-0.00021655,-7.95E-05,0.0014691,-0.0011785,0.0092209,0.135144,0.0804,0.670152,0.000290648,-0.0321024,-0.000496888,0.1316415,0.000195384,-7.81746E-06,-2.87139E-06,5.30345E-05,-4.25439E-05,0.000332874
0.0081272,1.1344,0.67,5.5846,-0.16494,-0.0027575,0.68586,0.0055178,-0.0001417,-5.19E-05,0.0016116,-0.0012675,0.0091251,0.136128,0.0804,0.670152,0.000293392,-0.0313386,-0.000523925,0.1303134,0.000199193,-5.11537E-06,-1.87514E-06,5.81788E-05,-4.57568E-05,0.000329416
0.0081046,1.1427,0.67,5.5846,-0.16097,-0.0036,0.6803,0.0056081,-5.95E-05,-4.21E-05,0.0017572,-0.0013575,0.008844,0.137124,0.0804,0.670152,0.000292576,-0.0305843,-0.000684,0.129257,0.000202452,-2.14763E-06,-1.51898E-06,6.34349E-05,-4.90058E-05,0.000319268
0.0080719,1.1509,0.67,5.5846,-0.15717,-0.0046144,0.67605,0.0057578,2.17E-05,-2.09E-05,0.0018535,-0.0013713,0.0085324,0.138108,0.0804,0.670152,0.000291396,-0.0298623,-0.000876736,0.1284495,0.000207857,7.85067E-07,-7.53588E-07,6.69114E-05,-4.95039E-05,0.00030802
0.0079545,1.1592,0.67,5.5846,-0.15333,-0.0055688,0.67327,0.0059088,9.57E-05,-5.13E-05,0.0018584,-0.0013396,0.0081419,0.139104,0.0804,0.670152,0.000287157,-0.0291327,-0.001058072,0.1279213,0.000213308,3.45542E-06,-1.85092E-06,6.70882E-05,-4.83596E-05,0.000293923
0.0077791,1.1674,0.67,5.5846,-0.14927,-0.0060698,0.67095,0.0059479,0.0001402,-0.00011752,0.0017888,-0.0012765,0.0078215,0.140088,0.0804,0.670152,0.000280826,-0.0283613,-0.001153262,0.1274805,0.000214719,5.06122E-06,-4.24247E-06,6.45757E-05,-4.60817E-05,0.000282356
0.0076821,1.1757,0.67,5.5846,-0.14482,-0.0063449,0.66831,0.0060313,0.00014482,-9.74E-05,0.0016786,-0.001179,0.0076543,0.141084,0.0804,0.670152,0.000277324,-0.0275158,-0.001205531,0.1269789,0.00021773,5.228E-06,-3.51578E-06,6.05975E-05,-4.25619E-05,0.00027632
0.0076148,1.1839,0.67,5.5846,-0.13978,-0.0065233,0.66571,0.006136,0.00011838,-0.00014456,0.0015493,-0.0011086,0.0075444,0.142068,0.0804,0.670152,0.000274894,-0.0265582,-0.001239427,0.1264849,0.00022151,4.27352E-06,-5.21862E-06,5.59297E-05,-4.00205E-05,0.000272353
0.0075092,1.1922,0.67,5.5846,-0.13423,-0.0067976,0.6627,0.0061439,9.14E-05,-0.00022555,0.0014336,-0.0010429,0.0074408,0.143064,0.0804,0.670152,0.000271082,-0.0255037,-0.001291544,0.125913,0.000221795,3.2981E-06,-8.14236E-06,5.1753E-05,-3.76487E-05,0.000268613
0.0074712,1.2005,0.67,5.5846,-0.12823,-0.00735,0.65929,0.0062026,7.34E-05,-0.00013619,0.0013555,-0.00096726,0.0073843,0.14406,0.0804,0.670152,0.00026971,-0.0243637,-0.0013965,0.1252651,0.000223914,2.64949E-06,-4.91646E-06,4.89336E-05,-3.49181E-05,0.000266573
0.0074608,1.2087,0.67,5.5846,-0.12215,-0.0081145,0.65704,0.0063163,8.06E-05,-3.33E-05,0.0013274,-0.000891,0.007278,0.145044,0.0804,0.670152,0.000269335,-0.0232085,-0.001541755,0.1248376,0.000228018,2.90952E-06,-1.20238E-06,4.79191E-05,-3.21651E-05,0.000262736
0.0072764,1.217,0.67,5.5846,-0.11634,-0.00895,0.65676,0.006237,0.00011009,1.69E-05,0.0013315,-0.00081369,0.0069842,0.14604,0.0804,0.670152,0.000262678,-0.0221046,-0.0017005,0.1247844,0.000225156,3.97425E-06,6.09946E-07,4.80672E-05,-2.93742E-05,0.00025213
0.0070974,1.2252,0.67,5.5846,-0.11074,-0.009624,0.65808,0.0060974,0.00015555,0.00012558,0.0013349,-0.00070987,0.0067626,0.147024,0.0804,0.670152,0.000256216,-0.0210406,-0.00182856,0.1250352,0.000220116,5.61536E-06,4.53344E-06,4.81899E-05,-2.56263E-05,0.00024413
0.0069555,1.2335,0.67,5.5846,-0.10516,-0.010336,0.66125,0.0060731,0.00020256,0.00026178,0.0013256,-0.00057563,0.0065124,0.14802,0.0804,0.670152,0.000251094,-0.0199804,-0.00196384,0.1256375,0.000219239,7.31242E-06,9.45026E-06,4.78542E-05,-2.07802E-05,0.000235098
0.0067877,1.2417,0.67,5.5846,-0.099565,-0.011189,0.66571,0.005982,0.00021273,0.00029402,0.0013208,-0.00041249,0.0062725,0.149004,0.0804,0.670152,0.000245036,-0.01891735,-0.00212591,0.1264849,0.00021595,7.67955E-06,1.06141E-05,4.76809E-05,-1.48909E-05,0.000226437
0.0065757,1.25,0.67,5.5846,-0.093587,-0.012537,0.66965,0.0057714,0.00019175,0.00030196,0.0013328,-0.00024041,0.0060472,0.15,0.0804,0.670152,0.000237383,-0.01778153,-0.00238203,0.1272335,0.000208348,6.92218E-06,1.09008E-05,4.81141E-05,-8.6788E-06,0.000218304
0.0063726,1.2583,0.67,5.5846,-0.086968,-0.014646,0.67187,0.0055104,0.00014095,0.00031312,0.0013529,-7.59E-05,0.0058819,0.150996,0.0804,0.670152,0.000230051,-0.01652392,-0.00278274,0.1276553,0.000198925,5.0883E-06,1.13036E-05,4.88397E-05,-2.73847E-06,0.000212337
0.0062217,1.2665,0.67,5.5846,-0.079919,-0.017025,0.67289,0.0052295,6.98E-05,0.00030341,0.0013753,7.83E-05,0.0058386,0.15198,0.0804,0.670152,0.000224603,-0.01518461,-0.00323475,0.1278491,0.000188785,2.51862E-06,1.09531E-05,4.96483E-05,2.82594E-06,0.000210773
0.0061519,1.2748,0.67,5.5846,-0.072793,-0.018888,0.67328,0.004984,-1.13E-06,0.00026105,0.0014086,0.00022718,0.0059112,0.152976,0.0804,0.670152,0.000222084,-0.01383067,-0.00358872,0.1279232,0.000179922,-4.06306E-08,9.42391E-06,5.08505E-05,8.2012E-06,0.000213394
0.0061822,1.283,0.67,5.5846,-0.065709,-0.01986,0.67274,0.0048039,-6.97E-05,0.00020263,0.0014598,0.00039724,0.0061007,0.15396,0.0804,0.670152,0.000223177,-0.01248471,-0.0037734,0.1278206,0.000173421,-2.51635E-06,7.31494E-06,5.26988E-05,1.43404E-05,0.000220235
0.0062391,1.2913,0.67,5.5846,-0.058566,-0.020093,0.6709,0.0046574,-0.00013845,0.00013403,0.0015098,0.00058529,0.006311,0.154956,0.0804,0.670152,0.000225232,-0.01112754,-0.00381767,0.127471,0.000168132,-4.99805E-06,4.83848E-06,5.45038E-05,2.1129E-05,0.000227827
0.0062841,1.2995,0.67,5.5846,-0.051244,-0.01992,0.66805,0.0045362,-0.00019965,6.60E-05,0.0015269,0.00077,0.0065052,0.15594,0.0804,0.670152,0.000226856,-0.00973636,-0.0037848,0.1269295,0.000163757,-7.20737E-06,2.38238E-06,5.51211E-05,0.000027797,0.000234838
0.0062142,1.3078,0.67,5.5846,-0.043808,-0.01962,0.66499,0.0043651,-0.00023218,-1.38E-05,0.0014856,0.00090222,0.0065776,0.156936,0.0804,0.670152,0.000224333,-0.00832352,-0.0037278,0.1263481,0.00015758,-8.3817E-06,-4.96375E-07,5.36302E-05,3.25701E-05,0.000237451
0.0060622,1.316,0.67,5.5846,-0.036203,-0.0194,0.66175,0.0041526,-0.00023284,-4.46E-05,0.0013786,0.00093323,0.0065932,0.15792,0.0804,0.670152,0.000218845,-0.00687857,-0.003686,0.1257325,0.000149909,-8.40552E-06,-1.61085E-06,4.97675E-05,3.36896E-05,0.000238015
0.0058708,1.3243,0.67,5.5846,-0.028367,-0.01926,0.6582,0.0039946,-0.00022135,-4.70E-05,0.0012303,0.00088927,0.0065167,0.158916,0.0804,0.670152,0.000211936,-0.00538973,-0.0036594,0.125058,0.000144205,-7.99074E-06,-1.69544E-06,4.44138E-05,3.21026E-05,0.000235253
0.0057197,1.3326,0.67,5.5846,-0.020548,-0.019097,0.65466,0.0039503,-0.00020157,-0.0001357,0.001077,0.0008185,0.0064123,0.159912,0.0804,0.670152,0.000206481,-0.00390412,-0.00362843,0.1243854,0.000142606,-7.27668E-06,-4.89877E-06,3.88797E-05,2.95479E-05,0.000231484
0.0054583,1.3408,0.67,5.5846,-0.012823,-0.019088,0.65162,0.0038618,-0.00016871,-0.00015731,0.00094015,0.00071606,0.0061147,0.160896,0.0804,0.670152,0.000197045,-0.00243637,-0.00362672,0.1238078,0.000139411,-6.09043E-06,-5.67889E-06,3.39394E-05,2.58498E-05,0.000220741
0.0051352,1.3491,0.67,5.5846,-0.0047589,-0.019172,0.64902,0.0036079,-0.0001245,-0.00013984,0.00083263,0.00059651,0.0058299,0.161892,0.0804,0.670152,0.000185381,-0.000904191,-0.00364268,0.1233138,0.000130245,-4.49445E-06,-5.04822E-06,3.00579E-05,2.1534E-05,0.000210459
0.004976,1.3573,0.67,5.5846,0.0033292,-0.019485,0.647,0.0035227,-8.84E-05,-0.00031492,0.00075346,0.00049097,0.0056758,0.162876,0.0804,0.670152,0.000179634,0.000632548,-0.00370215,0.12293,0.000127169,-3.19268E-06,-1.13686E-05,2.71999E-05,1.7724E-05,0.000204896
0.0047508,1.3656,0.67,5.5846,0.011102,-0.019725,0.64613,0.0035032,-6.18E-05,-0.00040668,0.00069321,0.0003835,0.0053052,0.163872,0.0804,0.670152,0.000171504,0.00210938,-0.00374775,0.1227647,0.000126466,-2.23174E-06,-1.46811E-05,2.50249E-05,1.38444E-05,0.000191518
0.0043994,1.3738,0.67,5.5846,0.019172,-0.020028,0.64637,0.0032049,-5.76E-05,-0.00026904,0.00065083,0.00029316,0.0049429,0.164856,0.0804,0.670152,0.000158818,0.00364268,-0.00380532,0.1228103,0.000115697,-2.08015E-06,-9.71234E-06,2.3495E-05,1.05831E-05,0.000178439
0.0042037,1.3821,0.67,5.5846,0.027334,-0.020305,0.64806,0.0029657,-7.53E-05,-0.00037932,0.00063338,0.00019291,0.0048083,0.165852,0.0804,0.670152,0.000151754,0.00519346,-0.00385795,0.1231314,0.000107062,-2.71808E-06,-1.36935E-05,2.2865E-05,6.96405E-06,0.00017358
0.0039878,1.3903,0.67,5.5846,0.0352,-0.020428,0.65127,0.0028915,-9.82E-05,-0.00049237,0.00063157,0.00011078,0.0044526,0.166836,0.0804,0.670152,0.00014396,0.006688,-0.00388132,0.1237413,0.000104383,-3.54332E-06,-1.77746E-05,2.27997E-05,3.99916E-06,0.000160739
0.0037113,1.3986,0.67,5.5846,0.043132,-0.020573,0.65493,0.0027051,-0.00012669,-0.00047594,0.00065728,4.79E-05,0.0040604,0.167832,0.0804,0.670152,0.000133978,0.00819508,-0.00390887,0.1244367,9.76541E-05,-4.57351E-06,-1.71814E-05,2.37278E-05,1.72897E-06,0.00014658
0.0037688,1.4069,0.67,5.5846,0.050677,-0.020208,0.65914,0.0026224,-0.00015385,-0.00062702,0.00071319,-9.89E-07,0.0042021,0.168828,0.0804,0.670152,0.000136054,0.00962863,-0.00383952,0.1252366,9.46686E-05,-5.55399E-06,-2.26354E-05,2.57462E-05,-3.5691E-08,0.000151696
0.0036352,1.4151,0.67,5.5846,0.057604,-0.020008,0.66408,0.0025636,-0.00018529,-0.00060496,0.00078977,-2.03E-05,0.003917,0.169812,0.0804,0.670152,0.000131231,0.01094476,-0.00380152,0.1261752,9.2546E-05,-6.68897E-06,-2.18391E-05,2.85107E-05,-7.31711E-07,0.000141404
0.003579,1.4234,0.67,5.5846,0.064532,-0.019698,0.66928,0.0024179,-0.00022036,-0.00060489,0.00088367,-3.76E-05,0.0038564,0.170808,0.0804,0.670152,0.000129202,0.01226108,-0.00374262,0.1271632,8.72862E-05,-7.955E-06,-2.18365E-05,3.19005E-05,-1.35736E-06,0.000139216
0.0036504,1.4316,0.67,5.5846,0.071193,-0.019258,0.67577,0.0024306,-0.00027021,-0.00073994,0.00098497,7.10E-06,0.0038853,0.171792,0.0804,0.670152,0.000131779,0.01352667,-0.00365902,0.1283963,8.77447E-05,-9.75458E-06,-2.67118E-05,3.55574E-05,2.56303E-07,0.000140259
0.003584,1.4399,0.67,5.5846,0.077752,-0.019235,0.68338,0.0024099,-0.00032618,-0.000693,0.0010998,6.58E-05,0.0036582,0.172788,0.0804,0.670152,0.000129382,0.01477288,-0.00365465,0.1298422,8.69974E-05,-1.17751E-05,-2.50173E-05,3.97028E-05,2.37408E-06,0.000132061
0.0036605,1.4481,0.67,5.5846,0.084232,-0.019338,0.6918,0.0023904,-0.00037936,-0.00079024,0.0012047,0.00012433,0.003726,0.173772,0.0804,0.670152,0.000132144,0.01600408,-0.00367422,0.131442,8.62934E-05,-1.36949E-05,-2.85277E-05,4.34897E-05,4.48831E-06,0.000134509
0.0035831,1.4564,0.67,5.5846,0.090344,-0.019913,0.70086,0.0023427,-0.00042985,-0.00084517,0.001298,0.00017796,0.0035254,0.174768,0.0804,0.670152,0.00012935,0.01716536,-0.00378347,0.1331634,8.45715E-05,-1.55176E-05,-3.05106E-05,4.68578E-05,6.42436E-06,0.000127267
0.0035609,1.4647,0.67,5.5846,0.096139,-0.020844,0.71008,0.0022612,-0.00047362,-0.00082786,0.0013804,0.00020758,0.0034802,0.175764,0.0804,0.670152,0.000128548,0.01826641,-0.00396036,0.1349152,8.16293E-05,-1.70977E-05,-2.98857E-05,4.98324E-05,7.49364E-06,0.000125635
0.003536,1.4729,0.67,5.5846,0.10153,-0.021981,0.71984,0.0022763,-0.00050002,-0.00083656,0.0014362,0.00020341,0.0033594,0.176748,0.0804,0.670152,0.00012765,0.0192907,-0.00417639,0.1367696,8.21744E-05,-1.80507E-05,-3.01998E-05,5.18468E-05,7.3431E-06,0.000121274
0.0034655,1.4812,0.67,5.5846,0.10649,-0.02322,0.72984,0.0022189,-0.00049954,-0.00077275,0.0014731,0.00016227,0.0032391,0.177744,0.0804,0.670152,0.000125105,0.0202331,-0.0044118,0.1386696,8.01023E-05,-1.80334E-05,-2.78963E-05,5.31789E-05,5.85795E-06,0.000116932
0.003414,1.4894,0.67,5.5846,0.11138,-0.024147,0.73994,0.0021284,-0.00048675,-0.00067836,0.0014897,9.06E-05,0.0032099,0.178728,0.0804,0.670152,0.000123245,0.0211622,-0.00458793,0.1405886,7.68352E-05,-1.75717E-05,-2.44888E-05,5.37782E-05,3.27127E-06,0.000115877
0.0033714,1.4977,0.67,5.5846,0.11654,-0.024918,0.74982,0.0021035,-0.00047052,-0.000519,0.0014949,-1.50E-05,0.0031443,0.179724,0.0804,0.670152,0.000121708,0.0221426,-0.00473442,0.1424658,7.59364E-05,-1.69858E-05,-1.87359E-05,5.39659E-05,-5.41392E-07,0.000113509
0.0033072,1.5059,0.67,5.5846,0.12167,-0.025817,0.75899,0.0020812,-0.00046975,-0.00042457,0.0014884,-0.00014856,0.0030449,0.180708,0.0804,0.670152,0.00011939,0.0231173,-0.00490523,0.1442081,7.51313E-05,-1.6958E-05,-1.5327E-05,5.37312E-05,-5.36302E-06,0.000109921
0.0031992,1.5142,0.67,5.5846,0.12652,-0.026836,0.76749,0.0019915,-0.00049042,-0.00037167,0.0014613,-0.00031556,0.0029456,0.181704,0.0804,0.670152,0.000115491,0.0240388,-0.00509884,0.1458231,7.18932E-05,-1.77042E-05,-1.34173E-05,5.27529E-05,-1.13917E-05,0.000106336
0.0031293,1.5224,0.67,5.5846,0.13107,-0.027622,0.77572,0.001879,-0.00050812,-0.00029618,0.0014237,-0.0004971,0.0029559,0.182688,0.0804,0.670152,0.000112968,0.0249033,-0.00524818,0.1473868,6.78319E-05,-1.83431E-05,-1.06921E-05,5.13956E-05,-1.79453E-05,0.000106708
0.0030866,1.5307,0.67,5.5846,0.13518,-0.02774,0.78412,0.0017855,-0.00051384,-0.00019564,0.0013957,-0.00065747,0.0029919,0.183684,0.0804,0.670152,0.000111426,0.0256842,-0.0052706,0.1489828,6.44566E-05,-1.85496E-05,-7.0626E-06,5.03848E-05,-2.37347E-05,0.000108008
0.003072,1.539,0.67,5.5846,0.1389,-0.027015,0.79329,0.001718,-0.00050943,-9.12E-05,0.0013931,-0.00078974,0.0030328,0.18468,0.0804,0.670152,0.000110899,0.026391,-0.00513285,0.1507251,6.20198E-05,-1.83904E-05,-3.2908E-06,5.02909E-05,-2.85096E-05,0.000109484
0.0030714,1.5472,0.67,5.5846,0.14285,-0.025722,0.80349,0.0016657,-0.00050279,2.28E-05,0.0014166,-0.00088358,0.0030604,0.185664,0.0804,0.670152,0.000110878,0.0271415,-0.00488718,0.1526631,6.01318E-05,-1.81507E-05,8.21275E-07,5.11393E-05,-3.18972E-05,0.00011048
0.0030815,1.5555,0.67,5.5846,0.14732,-0.024172,0.8141,0.0016272,-0.00050527,0.00012243,0.0014476,-0.00092711,0.0030882,0.18666,0.0804,0.670152,0.000111242,0.0279908,-0.00459268,0.154679,5.87419E-05,-1.82402E-05,4.41972E-06,5.22584E-05,-3.34687E-05,0.000111484
0.0030595,1.5637,0.67,5.5846,0.1514,-0.022769,0.82424,0.0015849,-0.00051062,0.00019445,0.0014673,-0.00093926,0.0030668,0.187644,0.0804,0.670152,0.000110448,0.028766,-0.00432611,0.1566056,5.72149E-05,-1.84334E-05,7.01965E-06,5.29695E-05,-3.39073E-05,0.000110711
0.0029924,1.572,0.67,5.5846,0.15458,-0.021816,0.83336,0.0015202,-0.00050366,0.00021483,0.0014585,-0.00092342,0.0030061,0.18864,0.0804,0.670152,0.000108026,0.0293702,-0.00414504,0.1583384,5.48792E-05,-1.81821E-05,7.75536E-06,5.26519E-05,-3.33355E-05,0.00010852
0.002876,1.5802,0.67,5.5846,0.15747,-0.021172,0.84157,0.0014404,-0.00048779,0.00021074,0.0014111,-0.00088558,0.0029006,0.189624,0.0804,0.670152,0.000103824,0.0299193,-0.00402268,0.1598983,5.19984E-05,-1.76092E-05,7.60771E-06,5.09407E-05,-3.19694E-05,0.000104712
0.0027599,1.5885,0.67,5.5846,0.16013,-0.020665,0.84873,0.0013912,-0.00048198,0.00021199,0.0013328,-0.00083307,0.0027957,0.19062,0.0804,0.670152,9.96324E-05,0.0304247,-0.00392635,0.1612587,5.02223E-05,-1.73995E-05,7.65284E-06,4.81141E-05,-3.00738E-05,0.000100925
0.0026641,1.5968,0.67,5.5846,0.16202,-0.020174,0.85455,0.0013941,-0.00047801,0.00022047,0.0012408,-0.00078477,0.0026932,0.191616,0.0804,0.670152,9.6174E-05,0.0307838,-0.00383306,0.1623645,5.0327E-05,-1.72562E-05,7.95897E-06,4.47929E-05,-2.83302E-05,9.72245E-05
0.0025849,1.605,0.67,5.5846,0.16335,-0.019651,0.85933,0.0014109,-0.00047357,0.00021174,0.001156,-0.0007444,0.0026028,0.1926,0.0804,0.670152,9.33149E-05,0.0310365,-0.00373369,0.1632727,5.09335E-05,-1.70959E-05,7.64381E-06,4.17316E-05,-2.68728E-05,9.39611E-05
0.0025089,1.6133,0.67,5.5846,0.16447,-0.018879,0.86351,0.0014207,-0.00047868,0.00018759,0.0011041,-0.00071646,0.0024931,0.193596,0.0804,0.670152,9.05713E-05,0.0312493,-0.00358701,0.1640669,5.12873E-05,-1.72803E-05,6.772E-06,3.9858E-05,-2.58642E-05,9.00009E-05
0.0024554,1.6215,0.67,5.5846,0.16531,-0.017544,0.86714,0.001425,-0.00048839,0.00016085,0.0010984,-0.00070809,0.0023875,0.19458,0.0804,0.670152,8.86399E-05,0.0314089,-0.00333336,0.1647566,5.14425E-05,-1.76309E-05,5.80669E-06,3.96522E-05,-2.5562E-05,8.61888E-05
0.0024066,1.6298,0.67,5.5846,0.16577,-0.015866,0.87011,0.0014244,-0.00049835,0.00013324,0.0011239,-0.00069203,0.0022649,0.195576,0.0804,0.670152,8.68783E-05,0.0314963,-0.00301454,0.1653209,5.14208E-05,-1.79904E-05,4.80996E-06,4.05728E-05,-2.49823E-05,8.17629E-05
0.0023338,1.638,0.67,5.5846,0.16577,-0.014259,0.87239,0.0014296,-0.00050443,8.80E-05,0.0011651,-0.00061831,0.0020729,0.19656,0.0804,0.670152,8.42502E-05,0.0314963,-0.00270921,0.1657541,5.16086E-05,-1.82099E-05,3.17615E-06,4.20601E-05,-2.2321E-05,7.48317E-05
0.0022196,1.6463,0.67,5.5846,0.16541,-0.012632,0.87421,0.0014421,-0.00049739,8.34E-06,0.0012099,-0.00047171,0.0017871,0.197556,0.0804,0.670152,8.01276E-05,0.0314279,-0.00240008,0.1660999,5.20598E-05,-1.79558E-05,3.01197E-07,4.36774E-05,-1.70287E-05,6.45143E-05
0.0021023,1.6545,0.67,5.5846,0.16489,-0.010613,0.87612,0.0014532,-0.00047467,-0.00010522,0.0012414,-0.00030597,0.0015101,0.19854,0.0804,0.670152,7.5893E-05,0.0313291,-0.00201647,0.1664628,5.24605E-05,-1.71356E-05,-3.79844E-06,4.48145E-05,-1.10455E-05,5.45146E-05
0.0020362,1.6628,0.67,5.5846,0.16424,-0.0081303,0.87912,0.0014656,-0.00045396,-0.00019249,0.00124,-0.00019575,0.0013668,0.199536,0.0804,0.670152,7.35068E-05,0.0312056,-0.001544757,0.1670328,5.29082E-05,-1.6388E-05,-6.94889E-06,0.000044764,-7.06658E-06,4.93415E-05
0.0020046,1.6711,0.67,5.5846,0.16351,-0.0055235,0.88374,0.0015059,-0.00043961,-0.00023469,0.0011967,-0.00014988,0.0013065,0.200532,0.0804,0.670152,7.23661E-05,0.0310669,-0.001049465,0.1679106,5.4363E-05,-1.58699E-05,-8.47231E-06,4.32009E-05,-5.41067E-06,4.71647E-05
0.001977,1.6793,0.67,5.5846,0.16268,-0.0032415,0.88975,0.001593,-0.00041891,-0.00024095,0.0011293,-0.00014696,0.0012315,0.201516,0.0804,0.670152,7.13697E-05,0.0309092,-0.000615885,0.1690525,5.75073E-05,-1.51227E-05,-8.6983E-06,4.07677E-05,-5.30526E-06,4.44572E-05
0.0019543,1.6876,0.67,5.5846,0.16158,-0.001701,0.89635,0.0016737,-0.00040297,-0.00021716,0.0010676,-0.00016831,0.0011671,0.202512,0.0804,0.670152,7.05502E-05,0.0307002,-0.00032319,0.1703065,6.04206E-05,-1.45472E-05,-7.83948E-06,3.85404E-05,-6.07599E-06,4.21323E-05
0.0019467,1.6958,0.67,5.5846,0.16017,-0.0008476,0.90211,0.0017277,-0.00040493,-0.00017963,0.0010268,-0.00018064,0.0011388,0.203496,0.0804,0.670152,7.02759E-05,0.0304323,-0.000161044,0.1714009,6.237E-05,-1.4618E-05,-6.48464E-06,3.70675E-05,-6.5211E-06,4.11107E-05
0.0019798,1.7041,0.67,5.5846,0.15884,1.13E-05,0.9073,0.0017896,-0.00040862,-0.00013512,0.0010189,-0.00016571,0.001151,0.204492,0.0804,0.670152,7.14708E-05,0.0301796,2.1413E-06,0.172387,6.46046E-05,-1.47512E-05,-4.87783E-06,3.67823E-05,-5.98213E-06,4.15511E-05
0.002082,1.7123,0.67,5.5846,0.15777,0.0012079,0.91293,0.0018758,-0.00041359,-6.48E-05,0.0010485,-0.00015004,0.0012397,0.205476,0.0804,0.670152,7.51602E-05,0.0299763,0.000229501,0.1734567,6.77164E-05,-1.49306E-05,-2.34029E-06,3.78509E-05,-5.41644E-06,4.47532E-05
0.0022177,1.7206,0.67,5.5846,0.15666,0.0024181,0.9177,0.0019624,-0.00044202,3.73E-05,0.0010851,-0.00016819,0.001388,0.206472,0.0804,0.670152,8.0059E-05,0.0297654,0.000459439,0.174363,7.08426E-05,-1.59569E-05,1.34523E-06,3.91721E-05,-6.07166E-06,5.01068E-05
0.0023509,1.7289,0.67,5.5846,0.15544,0.0033301,0.92054,0.0020295,-0.00048488,0.00014786,0.0010994,-0.00020787,0.0015729,0.207468,0.0804,0.670152,8.48675E-05,0.0295336,0.000632719,0.1749026,7.3265E-05,-1.75042E-05,5.33775E-06,3.96883E-05,-7.50411E-06,5.67817E-05
0.0024558,1.7371,0.67,5.5846,0.15456,0.0038837,0.92292,0.0021209,-0.00051407,0.00025739,0.0010953,-0.00021026,0.0016956,0.208452,0.0804,0.670152,8.86544E-05,0.0293664,0.000737903,0.1753548,7.65645E-05,-1.85579E-05,9.29178E-06,3.95403E-05,-7.59039E-06,6.12112E-05
0.0024657,1.7454,0.67,5.5846,0.15423,0.0041606,0.92647,0.0022207,-0.00051737,0.00032602,0.0010899,-0.00015519,0.0016208,0.209448,0.0804,0.670152,8.90118E-05,0.0293037,0.000790514,0.1760293,8.01673E-05,-1.86771E-05,1.17693E-05,3.93454E-05,-5.60236E-06,5.85109E-05
0.0023895,1.7536,0.67,5.5846,0.15425,0.0043722,0.93139,0.0022917,-0.00049746,0.00032674,0.0011125,-8.84E-05,0.0013748,0.210432,0.0804,0.670152,8.6261E-05,0.0293075,0.000830718,0.1769641,8.27304E-05,-1.79583E-05,1.17953E-05,4.01613E-05,-3.19167E-06,4.96303E-05
0.0023516,1.7619,0.67,5.5846,0.15439,0.004906,0.93645,0.0023657,-0.00048261,0.00030887,0.0011865,-5.70E-05,0.001151,0.211428,0.0804,0.670152,8.48928E-05,0.0293341,0.00093214,0.1779255,8.54018E-05,-1.74222E-05,1.11502E-05,4.28327E-05,-2.05904E-06,4.15511E-05
0.0023856,1.7701,0.67,5.5846,0.15441,0.0062474,0.94069,0.0024432,-0.00049564,0.00029709,0.0012905,-5.54E-05,0.0010374,0.212412,0.0804,0.670152,8.61202E-05,0.0293379,0.001187006,0.1787311,8.81995E-05,-1.78926E-05,1.07249E-05,4.65871E-05,-1.99983E-06,3.74501E-05
0.0024073,1.7784,0.67,5.5846,0.15412,0.0083434,0.94469,0.0024725,-0.00053391,0.00026675,0.0013993,-5.38E-05,0.00094291,0.213408,0.0804,0.670152,8.69035E-05,0.0292828,0.001585246,0.1794911,8.92573E-05,-1.92742E-05,9.62968E-06,5.05147E-05,-1.94362E-06,3.40391E-05
0.002405,1.7866,0.67,5.5846,0.15348,0.010232,0.94902,0.0024486,-0.00058009,0.00021849,0.0015169,-4.75E-05,0.00084446,0.214392,0.0804,0.670152,8.68205E-05,0.0291612,0.00194408,0.1803138,8.83945E-05,-2.09412E-05,7.88749E-06,5.47601E-05,-1.71641E-06,3.0485E-05
0.0024043,1.7949,0.67,5.5846,0.1526,0.010936,0.9532,0.002435,-0.00061568,0.00018125,0.0016089,-5.87E-05,0.00076472,0.215388,0.0804,0.670152,8.67952E-05,0.028994,0.00207784,0.181108,8.79035E-05,-2.2226E-05,6.54313E-06,5.80813E-05,-2.12048E-06,2.76064E-05
0.0024116,1.8032,0.67,5.5846,0.15162,0.010292,0.95734,0.0024518,-0.00063725,0.0001696,0.001647,-8.94E-05,0.00072438,0.216384,0.0804,0.670152,8.70588E-05,0.0288078,0.00195548,0.1818946,8.851E-05,-2.30047E-05,6.12256E-06,5.94567E-05,-3.22882E-06,2.61501E-05
0.0024071,1.8114,0.67,5.5846,0.15058,0.0088058,0.96158,0.002449,-0.00064555,0.00015575,0.0016483,-0.00012387,0.00071695,0.217368,0.0804,0.670152,8.68963E-05,0.0286102,0.001673102,0.1827002,8.84089E-05,-2.33044E-05,5.62258E-06,5.95036E-05,-4.47171E-06,2.58819E-05
0.0023979,1.8197,0.67,5.5846,0.14944,0.0071278,0.96649,0.0023966,-0.00064089,0.00016617,0.0016383,-0.00015104,0.00076075,0.218364,0.0804,0.670152,8.65642E-05,0.0283936,0.001354282,0.1836331,8.65173E-05,-2.31361E-05,5.99874E-06,5.91426E-05,-5.45254E-06,2.74631E-05
0.0023935,1.8279,0.67,5.5846,0.14813,0.005948,0.97159,0.0023122,-0.00062607,0.00020795,0.0016305,-0.00017865,0.00084426,0.219348,0.0804,0.670152,8.64054E-05,0.0281447,0.00113012,0.1846021,8.34704E-05,-2.26011E-05,7.507E-06,5.88611E-05,-6.44927E-06,3.04778E-05
0.0024037,1.8362,0.67,5.5846,0.14665,0.005665,0.97664,0.0022164,-0.00061929,0.00029854,0.0016368,-0.0002438,0.00095411,0.220344,0.0804,0.670152,8.67736E-05,0.0278635,0.00107635,0.1855616,8.0012E-05,-2.23564E-05,1.07773E-05,5.90885E-05,-8.80118E-06,3.44434E-05
0.0024262,1.8446,0.67,5.5846,0.14505,0.0063207,0.98144,0.0021207,-0.00062966,0.00042133,0.0016501,-0.00033705,0.0010816,0.221352,0.0804,0.670152,8.75858E-05,0.0275595,0.001200933,0.1864736,7.65573E-05,-2.27307E-05,1.521E-05,5.95686E-05,-1.21675E-05,3.90458E-05
0.0024663,1.8534,0.67,5.5846,0.14334,0.0076401,0.98569,0.0020308,-0.00064755,0.00054683,0.0016571,-0.00046124,0.0012447,0.222408,0.0804,0.670152,8.90334E-05,0.0272346,0.001451619,0.1872811,7.33119E-05,-2.33766E-05,1.97406E-05,5.98213E-05,-1.66508E-05,4.49337E-05
0.0025206,1.8626,0.67,5.5846,0.14161,0.0089172,0.98933,0.0019502,-0.00066715,0.00063968,0.001674,-0.00057905,0.0014171,0.223512,0.0804,0.670152,9.09937E-05,0.0269059,0.001694268,0.1879727,7.04022E-05,-2.40841E-05,2.30924E-05,6.04314E-05,-2.09037E-05,5.11573E-05
0.0025596,1.8723,0.67,5.5846,0.13991,0.0099171,0.99248,0.0018749,-0.00067539,0.00067682,0.0016941,-0.00070999,0.0015502,0.224676,0.0804,0.670152,9.24016E-05,0.0265829,0.001884249,0.1885712,6.76839E-05,-2.43816E-05,2.44332E-05,6.1157E-05,-2.56306E-05,5.59622E-05
0.0025342,1.8824,0.67,5.5846,0.13812,0.01067,0.99509,0.0017879,-0.00066322,0.00065468,0.0016633,-0.00081098,0.0016171,0.225888,0.0804,0.670152,9.14846E-05,0.0262428,0.0020273,0.1890671,6.45432E-05,-2.39422E-05,2.36339E-05,6.00451E-05,-2.92764E-05,5.83773E-05
0.0024762,1.8931,0.67,5.5846,0.13617,0.010742,0.99725,0.0017023,-0.00065728,0.00053961,0.0016213,-0.00083637,0.0016288,0.227172,0.0804,0.670152,8.93908E-05,0.0258723,0.00204098,0.1894775,6.1453E-05,-2.37278E-05,1.94799E-05,5.85289E-05,-3.0193E-05,5.87997E-05
0.0024996,1.9042,0.67,5.5846,0.13403,0.010268,1.0006,0.0016535,-0.00068651,0.0003984,0.0016477,-0.0008506,0.0016979,0.228504,0.0804,0.670152,9.02356E-05,0.0254657,0.00195092,0.190114,5.96914E-05,-2.4783E-05,1.43822E-05,5.9482E-05,-3.07067E-05,6.12942E-05
0.0025907,1.9159,0.67,5.5846,0.13154,0.010748,1.0054,0.0016559,-0.00072059,0.00031578,0.001695,-0.00085758,0.0018305,0.229908,0.0804,0.670152,9.35243E-05,0.0249926,0.00204212,0.191026,5.9778E-05,-2.60133E-05,1.13997E-05,6.11895E-05,-3.09586E-05,6.60811E-05
0.0027101,1.9282,0.67,5.5846,0.12854,0.011484,1.0094,0.0016872,-0.00072576,0.00028592,0.0016714,-0.00090976,0.0020616,0.231384,0.0804,0.670152,9.78346E-05,0.0244226,0.00218196,0.191786,6.09079E-05,-2.61999E-05,1.03217E-05,6.03375E-05,-3.28423E-05,7.44238E-05
0.0028139,1.941,0.67,5.5846,0.12533,0.011286,1.0098,0.0017092,-0.00069127,0.00030727,0.0015442,-0.00086891,0.0023744,0.23292,0.0804,0.670152,0.000101582,0.0238127,0.00214434,0.191862,6.17021E-05,-2.49548E-05,1.10924E-05,5.57456E-05,-3.13677E-05,8.57158E-05
0.002757,1.9545,0.67,5.5846,0.12232,0.010349,1.0103,0.0017206,-0.00054986,0.00026229,0.001398,-0.00078017,0.0023955,0.23454,0.0804,0.670152,9.95277E-05,0.0232408,0.00196631,0.191957,6.21137E-05,-1.98499E-05,9.46867E-06,5.04678E-05,-2.81641E-05,8.64776E-05
0.0025921,1.9686,0.67,5.5846,0.11929,0.010724,1.014,0.0017226,-0.00031318,9.26E-05,0.0012531,-0.0007294,0.0022086,0.236232,0.0804,0.670152,9.35748E-05,0.0226651,0.00203756,0.19266,6.21859E-05,-1.13058E-05,3.34438E-06,4.52369E-05,-2.63313E-05,7.97305E-05
0.0023866,1.9833,0.67,5.5846,0.11557,0.011652,1.0196,0.0016901,-9.27E-05,-2.37E-05,0.0010885,-0.00056334,0.0019946,0.237996,0.0804,0.670152,8.61563E-05,0.0219583,0.00221388,0.193724,6.10126E-05,-3.34513E-06,-8.54415E-07,3.92949E-05,-2.03366E-05,7.20051E-05
0.0022704,1.9988,0.67,5.5846,0.11165,0.013062,1.0183,0.0016337,5.08E-05,-0.00018505,0.0011657,-0.00048456,0.0017414,0.239856,0.0804,0.670152,8.19614E-05,0.0212135,0.00248178,0.193477,5.89766E-05,1.83291E-06,-6.68031E-06,4.20818E-05,-1.74926E-05,6.28645E-05
0.0023292,2.0149,0.67,5.5846,0.10844,0.011599,1.017,0.0015462,8.00E-05,-0.00020358,0.001171,-0.000459,0.0019411,0.241788,0.0804,0.670152,8.40841E-05,0.0206036,0.00220381,0.19323,5.58178E-05,2.88627E-06,-7.34924E-06,4.22731E-05,-1.65699E-05,7.00737E-05
0.0024495,2.0319,0.67,5.5846,0.10537,0.0095932,1.0118,0.001426,8.44E-05,-0.00020805,0.0010855,-0.00020285,0.0023876,0.243828,0.0804,0.670152,8.8427E-05,0.0200203,0.001822708,0.192242,5.14786E-05,3.04579E-06,-7.51061E-06,3.91866E-05,-7.32289E-06,8.61924E-05
0.0026567,2.0496,0.67,5.5846,0.10179,0.004546,1.0091,0.001379,8.10E-05,6.83E-05,0.00088304,4.26E-05,0.0030513,0.245952,0.0804,0.670152,9.59069E-05,0.0193401,0.00086374,0.191729,4.97819E-05,2.92262E-06,2.46476E-06,3.18777E-05,1.53811E-06,0.000110152
0.0032822,2.0681,0.67,5.5846,0.097067,0.0026338,1.0049,0.0014748,3.95E-05,0.00065196,0.00073283,0.00024505,0.0043566,0.248172,0.0804,0.670152,0.000118487,0.01844273,0.000500422,0.190931,5.32403E-05,1.42729E-06,2.35358E-05,2.64552E-05,8.84631E-06,0.000157273
0.0040962,2.0875,0.67,5.5846,0.091401,0.0030704,0.99413,0.0016828,-0.00012154,0.0011883,0.00076162,-0.00011129,0.005748,0.2505,0.0804,0.670152,0.000147873,0.01736619,0.000583376,0.1888847,6.07491E-05,-4.38759E-06,4.28976E-05,2.74945E-05,-4.01757E-06,0.000207503
0.0049681,2.1078,0.67,5.5846,0.085827,0.0046076,0.99287,0.0019408,-0.00023437,0.0020481,0.00070401,-0.00041377,0.0072914,0.252936,0.0804,0.670152,0.000179348,0.01630713,0.000875444,0.1886453,7.00629E-05,-8.46076E-06,7.39364E-05,2.54148E-05,-1.49371E-05,0.00026322
0.0052951,2.129,0.67,5.5846,0.081321,0.013312,0.98698,0.0021188,-0.00021686,0.0025323,0.00078578,-0.00024383,0.0076857,0.25548,0.0804,0.670152,0.000191153,0.01545099,0.00252928,0.1875262,7.64887E-05,-7.82865E-06,9.1416E-05,2.83667E-05,-8.80226E-06,0.000277454
0.0046349,2.1511,0.67,5.5846,0.07927,0.017418,0.98132,0.0021327,-4.65E-05,0.002227,0.00088476,-8.75E-06,0.0062524,0.258132,0.0804,0.670152,0.00016732,0.0150613,0.00330942,0.1864508,7.69905E-05,-1.67912E-06,8.03947E-05,3.19398E-05,-3.15713E-07,0.000225712
0.0038709,2.1743,0.67,5.5846,0.077224,0.019601,0.98774,0.002033,9.51E-05,0.0018286,0.0010455,0.0001354,0.0046634,0.260916,0.0804,0.670152,0.000139739,0.01467256,0.00372419,0.1876706,7.33913E-05,3.43343E-06,6.60125E-05,3.77426E-05,4.88794E-06,0.000168349
0.0035824,2.1984,0.67,5.5846,0.071439,0.022332,0.98889,0.0018197,0.0001594,0.0017147,0.0010699,0.00012384,0.0042752,0.263808,0.0804,0.670152,0.000129325,0.01357341,0.00424308,0.1878891,6.56912E-05,5.75434E-06,6.19007E-05,3.86234E-05,4.47062E-06,0.000154335
0.0039339,2.2237,0.67,5.5846,0.064811,0.026725,0.96404,0.0016255,0.00047304,0.0016191,0.0017077,0.00083832,0.0045346,0.266844,0.0804,0.670152,0.000142014,0.01231409,0.00507775,0.1831676,5.86806E-05,1.70767E-05,5.84495E-05,6.1648E-05,3.02634E-05,0.000163699
0.0051587,2.2501,0.67,5.5846,0.060125,0.031478,0.94498,0.0016805,0.00060192,0.0016194,0.0022349,0.0012914,0.0064021,0.270012,0.0804,0.670152,0.000186229,0.01142375,0.00598082,0.1795462,6.06661E-05,2.17293E-05,5.84603E-05,8.06799E-05,4.66195E-05,0.000231116
0.0050794,2.2776,0.67,5.5846,0.054452,0.032924,0.94038,0.0018723,0.00037762,0.0015357,0.0018586,0.00046823,0.006428,0.273312,0.0804,0.670152,0.000183366,0.01034588,0.00625556,0.1786722,6.759E-05,1.36321E-05,5.54388E-05,6.70955E-05,1.69031E-05,0.000232051
0.0049951,2.3063,0.67,5.5846,0.047217,0.03722,0.92781,0.002064,0.00020286,0.0011824,0.00159,-0.00060854,0.0063363,0.276756,0.0804,0.670152,0.000180323,0.00897123,0.0070718,0.1762839,7.45104E-05,7.32325E-06,4.26846E-05,0.000057399,-2.19683E-05,0.00022874
0.0060026,2.3362,0.67,5.5846,0.037603,0.050517,0.9144,0.002292,0.00038855,0.0014289,0.0018504,-0.00053954,0.0078628,0.280344,0.0804,0.670152,0.000216694,0.00714457,0.00959823,0.173736,8.27412E-05,1.40267E-05,5.15833E-05,6.67994E-05,-1.94774E-05,0.000283847
0.0054978,2.3674,0.67,5.5846,0.027525,0.060076,0.88953,0.0024298,0.00056966,0.0015777,0.0026254,0.00013489,0.0059404,0.284088,0.0804,0.670152,0.000198471,0.00522975,0.01141444,0.1690107,8.77158E-05,2.05647E-05,5.6955E-05,9.47769E-05,4.86953E-06,0.000214448
0.0054056,2.3999,0.67,5.5846,0.0199,0.06592,0.86007,0.0020358,0.00074513,0.0013775,0.0039908,0.00035766,0.0047846,0.287988,0.0804,0.670152,0.000195142,0.003781,0.0125248,0.1634133,7.34924E-05,2.68992E-05,4.97278E-05,0.000144068,1.29115E-05,0.000172724
0.0053092,2.4338,0.67,5.5846,0.011416,0.073549,0.82062,0.0011491,0.00054607,0.0012703,0.0038175,0.00069076,0.0056519,0.292056,0.0804,0.670152,0.000191662,0.00216904,0.01397431,0.1559178,4.14825E-05,1.97131E-05,4.58578E-05,0.000137812,2.49364E-05,0.000204034
0.0038114,2.4691,0.67,5.5846,0.0040742,0.067902,0.70689,0.00035701,8.49E-05,0.00066664,0.0021863,0.00083561,0.0050795,0.296292,0.0804,0.670152,0.000137592,0.000774098,0.01290138,0.1343091,1.28881E-05,3.06485E-06,2.40657E-05,7.89254E-05,3.01655E-05,0.00018337
0.0014571,2.5058,0.67,5.5846,0.0010865,0.029876,0.31093,2.24E-05,1.46E-05,0.0001171,0.00083471,0.0003342,0.0020571,0.300696,0.0804,0.670152,5.26013E-05,0.000206435,0.00567644,0.0590767,8.08821E-07,5.2854E-07,4.22731E-06,3.0133E-05,1.20646E-05,7.42613E-05
1.70E-08,2.544,0.67,5.5846,0.0002494,5.37E-14,1.58E-17,3.40E-08,7.31E-18,4.19E-22,1.57E-27,9.13E-32,1.14E-34,0.30528,0.0804,0.670152,6.13086E-10,0.000047386,1.02072E-14,3.00314E-18,1.22617E-09,2.63761E-19,1.51291E-23,5.67384E-29,3.29644E-33,4.10529E-36
0,2.5837,0.67,5.5846,0,0,0,0,0,0,0,0,0,0.310044,0.0804,0.670152,0,0,0,0,0,0,0,0,0,0
0,2.625,0.67,5.5846,0,0,0,0,0,0,0,0,0,0.315,0.0804,0.670152,0,0,0,0,0,0,0,0,0,0
0,-0.125,0.67,5.5969,0,0,0,0,0,0,0,0,0,-0.015,0.0804,0.671628,0,0,0,0,0,0,0,0,0,0
0,-0.083719,0.67,5.5969,0,0,0,0,0,0,0,0,0,-0.01004628,0.0804,0.671628,0,0,0,0,0,0,0,0,0,0
4.29E-08,-0.044001,0.67,5.5969,-0.00031,-8.64E-14,-7.39E-18,8.57E-08,2.40E-17,3.06E-21,6.70E-27,8.56E-31,2.71E-34,-0.00528012,0.0804,0.671628,1.54779E-09,-0.0000589,-1.64244E-14,-1.40393E-18,3.09554E-09,8.651E-19,1.10531E-22,2.41762E-28,3.09005E-32,9.79862E-36
0.00094395,-0.0058053,0.67,5.5969,-0.0023782,0.025261,0.39095,1.09E-05,-2.34E-05,-3.52E-05,0.00080148,-0.00019637,0.0010755,-0.000696636,0.0804,0.671628,3.40766E-05,-0.000451858,0.00479959,0.0742805,3.94645E-07,-8.45787E-07,-1.27238E-06,2.89334E-05,-7.08896E-06,3.88256E-05
0.002468,0.030909,0.67,5.5969,-0.010067,0.057179,0.88476,0.00017307,-0.00013759,-0.00020156,0.0020821,-0.00050403,0.0026808,0.00370908,0.0804,0.671628,8.90948E-05,-0.00191273,0.01086401,0.1681044,6.24783E-06,-4.967E-06,-7.27632E-06,7.51638E-05,-1.81955E-05,9.67769E-05
0.0025939,0.066184,0.67,5.5969,-0.02261,0.052028,1.0002,0.00044696,-0.00021545,-9.40E-05,0.001785,-0.00053483,0.0029559,0.00794208,0.0804,0.671628,9.36398E-05,-0.0042959,0.00988532,0.190038,1.61353E-05,-7.77775E-06,-3.39178E-06,6.44385E-05,-1.93074E-05,0.000106708
0.002533,0.10006,0.67,5.5969,-0.036922,0.038806,1.0343,0.00054112,-0.00024378,4.90E-05,0.0014474,-0.00060096,0.0030776,0.0120072,0.0804,0.671628,9.14413E-05,-0.00701518,0.00737314,0.196517,1.95344E-05,-8.80046E-06,1.7689E-06,5.22511E-05,-2.16947E-05,0.000111101
0.0030874,0.13258,0.67,5.5969,-0.047167,0.031184,1.0544,0.00050343,-0.00017846,1.75E-05,0.0013973,-0.00081315,0.004274,0.0159096,0.0804,0.671628,0.000111455,-0.00896173,0.00592496,0.200336,1.81738E-05,-6.44241E-06,6.30162E-07,5.04425E-05,-2.93547E-05,0.000154291
0.0026947,0.16379,0.67,5.5969,-0.049429,0.019139,1.0698,0.00058195,-6.73E-05,-0.00013558,0.00094398,-0.00060926,0.0038634,0.0196548,0.0804,0.671628,9.72787E-05,-0.00939151,0.00363641,0.203262,2.10084E-05,-2.4283E-06,-4.89444E-06,3.40777E-05,-2.19943E-05,0.000139469
0.0024219,0.19372,0.67,5.5969,-0.049947,0.017522,1.0789,0.00078171,5.53E-06,-0.00033591,0.0010394,-0.00052776,0.0030227,0.0232464,0.0804,0.671628,8.74306E-05,-0.00948993,0.00332918,0.204991,2.82197E-05,1.99727E-07,-1.21264E-05,3.75223E-05,-1.90521E-05,0.000109119
0.0035317,0.22242,0.67,5.5969,-0.051956,0.024571,1.0816,0.0010798,4.17E-05,-0.00080782,0.0011246,-0.00064317,0.004859,0.0266904,0.0804,0.671628,0.000127494,-0.00987164,0.00466849,0.205504,3.89808E-05,1.50696E-06,-2.91623E-05,4.05981E-05,-2.32184E-05,0.00017541
0.0031869,0.24993,0.67,5.5969,-0.056439,0.026625,1.0861,0.0012979,0.0001325,-0.00097442,0.0011082,-0.00021214,0.0039677,0.0299916,0.0804,0.671628,0.000115047,-0.01072341,0.00505875,0.206359,4.68542E-05,4.78325E-06,-3.51766E-05,4.0006E-05,-7.65825E-06,0.000143234
0.0023249,0.27629,0.67,5.5969,-0.062696,0.026519,1.0873,0.0012804,0.00014982,-0.00086064,0.0012405,-0.0002508,0.0021288,0.0331548,0.0804,0.671628,8.39289E-05,-0.01191224,0.00503861,0.206587,4.62224E-05,5.4085E-06,-3.10691E-05,4.47821E-05,-9.05388E-06,7.68497E-05
0.0031117,0.30154,0.67,5.5969,-0.068404,0.023526,1.088,0.0013294,2.81E-05,-0.00089903,0.0018364,-0.0010159,0.0030576,0.0361848,0.0804,0.671628,0.000112332,-0.01299676,0.00446994,0.20672,4.79913E-05,1.01575E-06,-3.2455E-05,6.6294E-05,-3.6674E-05,0.000110379
0.0036399,0.32572,0.67,5.5969,-0.0738,0.016341,1.0916,0.0014964,5.90E-05,-0.0008983,0.0018125,-0.0013729,0.0039708,0.0390864,0.0804,0.671628,0.0001314,-0.014022,0.00310479,0.207404,5.402E-05,2.12954E-06,-3.24286E-05,6.54313E-05,-4.95617E-05,0.000143346
0.0030168,0.34887,0.67,5.5969,-0.078245,0.016143,1.0918,0.0015295,8.64E-05,-0.00039248,0.0012113,-0.00085032,0.0032929,0.0418644,0.0804,0.671628,0.000108906,-0.01486655,0.00306717,0.207442,5.5215E-05,3.1189E-06,-1.41685E-05,4.37279E-05,-3.06966E-05,0.000118874
0.002292,0.37102,0.67,5.5969,-0.082209,0.023579,1.0905,0.0014366,0.00013509,-0.00012425,0.0011244,-0.00042173,0.0020231,0.0445224,0.0804,0.671628,8.27412E-05,-0.01561971,0.00448001,0.207195,5.18613E-05,4.87675E-06,-4.48543E-06,4.05908E-05,-1.52245E-05,7.30339E-05
0.0022878,0.39221,0.67,5.5969,-0.087738,0.032143,1.0912,0.0013824,0.00017222,-0.00035576,0.0011753,-0.00058352,0.0020179,0.0470652,0.0804,0.671628,8.25896E-05,-0.01667022,0.00610717,0.207328,4.99046E-05,6.21714E-06,-1.28429E-05,4.24283E-05,-2.10651E-05,7.28462E-05
0.0025388,0.41248,0.67,5.5969,-0.093184,0.036578,1.0849,0.0014796,0.00027408,-0.00043711,0.0012122,-0.00088666,0.0023858,0.0494976,0.0804,0.671628,9.16507E-05,-0.01770496,0.00694982,0.206131,5.34136E-05,9.89429E-06,-1.57797E-05,4.37604E-05,-3.20084E-05,8.61274E-05
0.0032698,0.43187,0.67,5.5969,-0.096328,0.038587,1.0796,0.0017082,0.00048922,-0.00088176,0.0013934,-0.0012288,0.003438,0.0518244,0.0804,0.671628,0.00011804,-0.01830232,0.00733153,0.205124,6.1666E-05,1.76608E-05,-3.18315E-05,5.03017E-05,-4.43597E-05,0.000124112
0.0038366,0.4504,0.67,5.5969,-0.098816,0.039661,1.0729,0.0018886,0.00055905,-0.00076096,0.0016359,-0.0014969,0.0041486,0.054048,0.0804,0.671628,0.000138501,-0.01877504,0.00753559,0.203851,6.81785E-05,2.01817E-05,-2.74707E-05,5.9056E-05,-5.40381E-05,0.000149764
0.0038912,0.46812,0.67,5.5969,-0.10283,0.038309,1.0746,0.0018457,0.00038418,-0.00038775,0.0017219,-0.0016362,0.0042148,0.0561744,0.0804,0.671628,0.000140472,-0.0195377,0.00727871,0.204174,6.66298E-05,1.38689E-05,-1.39978E-05,6.21606E-05,-5.90668E-05,0.000152154
0.0032666,0.48504,0.67,5.5969,-0.10862,0.035771,1.0754,0.0016295,8.97E-05,-0.00011411,0.001597,-0.0012709,0.0033068,0.0582048,0.0804,0.671628,0.000117924,-0.0206378,0.00679649,0.204326,5.8825E-05,3.2381E-06,-4.11937E-06,5.76517E-05,-4.58795E-05,0.000119375
0.0026632,0.50122,0.67,5.5969,-0.11484,0.031728,1.0768,0.0013983,-0.00012746,1.24E-05,0.001446,-0.0010021,0.0024822,0.0601464,0.0804,0.671628,9.61415E-05,-0.0218196,0.00602832,0.204592,5.04786E-05,-4.60131E-06,4.47712E-07,5.22006E-05,-3.61758E-05,8.96074E-05
0.0025557,0.51667,0.67,5.5969,-0.12021,0.029254,1.0805,0.0012388,-0.00025876,-0.00014975,0.0013625,-0.00086722,0.0025101,0.0620004,0.0804,0.671628,9.22608E-05,-0.0228399,0.00555826,0.205295,4.47207E-05,-9.34124E-06,-5.40598E-06,4.91863E-05,-3.13066E-05,9.06146E-05
0.0024624,0.53142,0.67,5.5969,-0.12465,0.026217,1.0851,0.001163,-0.00024184,-0.00032149,0.0012933,-0.00051898,0.0024685,0.0637704,0.0804,0.671628,8.88926E-05,-0.0236835,0.00498123,0.206169,4.19843E-05,-8.73042E-06,-1.16058E-05,4.66881E-05,-1.87352E-05,8.91129E-05
0.0023608,0.54551,0.67,5.5969,-0.12864,0.0222,1.0864,0.0011954,-0.0001618,-0.00049343,0.0012833,-0.0001735,0.002243,0.0654612,0.0804,0.671628,8.52249E-05,-0.0244416,0.004218,0.206416,4.31539E-05,-5.84098E-06,-1.78128E-05,4.63271E-05,-6.26335E-06,8.09723E-05
0.0023254,0.55896,0.67,5.5969,-0.13192,0.018118,1.0861,0.001355,-6.89E-05,-0.00070647,0.0014091,-4.08E-05,0.0018867,0.0670752,0.0804,0.671628,8.39469E-05,-0.0250648,0.00344242,0.206359,4.89155E-05,-2.48592E-06,-2.55036E-05,5.08685E-05,-1.47216E-06,6.81099E-05
0.0025267,0.5718,0.67,5.5969,-0.13422,0.014763,1.0864,0.0016065,0.00011901,-0.00096083,0.0015585,-0.00017025,0.0018884,0.068616,0.0804,0.671628,9.12139E-05,-0.0255018,0.00280497,0.206416,5.79947E-05,4.29626E-06,-3.4686E-05,5.62619E-05,-6.14603E-06,6.81712E-05
0.0027901,0.58405,0.67,5.5969,-0.13624,0.012845,1.0837,0.0018948,0.00033483,-0.0012137,0.0016665,-0.00025983,0.002019,0.070086,0.0804,0.671628,0.000100723,-0.0258856,0.00244055,0.205903,6.84023E-05,1.20874E-05,-4.38146E-05,6.01607E-05,-9.37986E-06,7.28859E-05
0.0030527,0.59575,0.67,5.5969,-0.1389,0.0094418,1.0817,0.0021375,0.00048399,-0.0013734,0.0017442,-0.00030082,0.0022238,0.07149,0.0804,0.671628,0.000110202,-0.026391,0.001793942,0.205523,7.71638E-05,1.7472E-05,-4.95797E-05,6.29656E-05,-1.08596E-05,8.02792E-05
0.0030654,0.6069,0.67,5.5969,-0.14235,0.004385,1.0806,0.0022505,0.00052905,-0.0013584,0.0016941,-0.00030779,0.0021862,0.072828,0.0804,0.671628,0.000110661,-0.0270465,0.00083315,0.205314,8.12431E-05,1.90987E-05,-4.90382E-05,6.1157E-05,-1.11112E-05,7.89218E-05
0.0029381,0.61755,0.67,5.5969,-0.14627,-0.00076068,1.0831,0.0022153,0.00048529,-0.0012821,0.0015464,-0.00035593,0.0021146,0.074106,0.0804,0.671628,0.000106065,-0.0277913,-0.000144529,0.205789,7.99723E-05,1.7519E-05,-4.62838E-05,5.5825E-05,-1.28491E-05,7.63371E-05
0.0027645,0.6277,0.67,5.5969,-0.15045,-0.0050053,1.089,0.0020866,0.00038929,-0.001161,0.001382,-0.00045927,0.0020604,0.075324,0.0804,0.671628,9.97985E-05,-0.0285855,-0.000951007,0.20691,7.53263E-05,1.40534E-05,-4.19121E-05,4.98902E-05,-1.65796E-05,7.43804E-05
0.0025767,0.63738,0.67,5.5969,-0.15466,-0.0080466,1.0942,0.0019142,0.000266,-0.0010041,0.0012275,-0.0005311,0.0020116,0.0764856,0.0804,0.671628,9.30189E-05,-0.0293854,-0.001528854,0.207898,6.91026E-05,9.6026E-06,-3.6248E-05,4.43128E-05,-1.91727E-05,7.26188E-05
0.0023994,0.64661,0.67,5.5969,-0.15882,-0.010099,1.0976,0.0017161,0.00012915,-0.0008266,0.0011175,-0.00058368,0.0019652,0.0775932,0.0804,0.671628,8.66183E-05,-0.0301758,-0.00191881,0.208544,6.19512E-05,4.66232E-06,-2.98403E-05,4.03418E-05,-2.10708E-05,7.09437E-05
0.0021865,0.65542,0.67,5.5969,-0.16293,-0.011669,1.0997,0.001503,1.16E-05,-0.0006187,0.0010412,-0.0006305,0.0018288,0.0786504,0.0804,0.671628,7.89327E-05,-0.0309567,-0.00221711,0.208943,5.42583E-05,4.1959E-07,-2.23351E-05,3.75873E-05,-2.27611E-05,6.60197E-05
0.0019955,0.66381,0.67,5.5969,-0.167,-0.012941,1.1017,0.0013002,-7.26E-05,-0.00038935,0.00099237,-0.00066247,0.0016985,0.0796572,0.0804,0.671628,7.20376E-05,-0.03173,-0.00245879,0.209323,4.69372E-05,-2.62014E-06,-1.40555E-05,3.58246E-05,-2.39152E-05,6.13159E-05
0.0018696,0.67207,0.67,5.5969,-0.17102,-0.014034,1.105,0.001147,-0.00012822,-0.00018202,0.00093964,-0.00069754,0.0016526,0.0806484,0.0804,0.671628,6.74926E-05,-0.0324938,-0.00266646,0.20995,4.14067E-05,-4.62874E-06,-6.57092E-06,3.3921E-05,-2.51812E-05,5.96589E-05
0.0018347,0.68032,0.67,5.5969,-0.17473,-0.015011,1.1073,0.0010686,-0.00017158,-4.05E-05,0.00087343,-0.00070696,0.0017275,0.0816384,0.0804,0.671628,6.62327E-05,-0.0331987,-0.00285209,0.210387,3.85765E-05,-6.19404E-06,-1.46133E-06,3.15308E-05,-2.55213E-05,6.23628E-05
0.0018467,0.68858,0.67,5.5969,-0.17787,-0.016133,1.1075,0.0010417,-0.00020486,6.01E-05,0.00082163,-0.00070715,0.00183,0.0826296,0.0804,0.671628,6.66659E-05,-0.0337953,-0.00306527,0.210425,3.76054E-05,-7.39545E-06,2.16885E-06,2.96608E-05,-2.55281E-05,0.000066063
0.0019024,0.69683,0.67,5.5969,-0.18051,-0.017484,1.1058,0.0010537,-0.00022891,0.00011754,0.00082686,-0.00071305,0.0019242,0.0836196,0.0804,0.671628,6.86766E-05,-0.0342969,-0.00332196,0.210102,3.80386E-05,-8.26365E-06,4.24319E-06,2.98496E-05,-2.57411E-05,6.94636E-05
0.001984,0.70509,0.67,5.5969,-0.18277,-0.018537,1.1026,0.0011169,-0.00024994,0.00014802,0.00089469,-0.00072437,0.0019565,0.0846108,0.0804,0.671628,7.16224E-05,-0.0347263,-0.00352203,0.209494,4.03201E-05,-9.02283E-06,5.34352E-06,3.22983E-05,-2.61498E-05,7.06297E-05
0.0020897,0.71335,0.67,5.5969,-0.18465,-0.018799,1.098,0.0012063,-0.00026487,0.00017026,0.0010041,-0.00073799,0.0019689,0.085602,0.0804,0.671628,7.54382E-05,-0.0350835,-0.00357181,0.20862,4.35474E-05,-9.56181E-06,6.14639E-06,3.6248E-05,-2.66414E-05,7.10773E-05
0.002206,0.7216,0.67,5.5969,-0.18617,-0.018169,1.0923,0.0013022,-0.00026924,0.00017262,0.0011307,-0.00075253,0.0019791,0.086592,0.0804,0.671628,7.96366E-05,-0.0353723,-0.00345211,0.207537,4.70094E-05,-9.71956E-06,6.23158E-06,4.08183E-05,-2.71663E-05,7.14455E-05
0.0023192,0.72986,0.67,5.5969,-0.18767,-0.016646,1.0861,0.0013949,-0.00026695,0.0001304,0.0012538,-0.00076878,0.0019897,0.0875832,0.0804,0.671628,8.37231E-05,-0.0356573,-0.00316274,0.206359,5.03559E-05,-9.6369E-06,4.70744E-06,4.52622E-05,-2.7753E-05,7.18282E-05
0.0024489,0.73811,0.67,5.5969,-0.18927,-0.014347,1.0793,0.0014651,-0.00026652,5.98E-05,0.001379,-0.00079719,0.0020537,0.0885732,0.0804,0.671628,8.84053E-05,-0.0359613,-0.00272593,0.205067,5.28901E-05,-9.62137E-06,2.15867E-06,4.97819E-05,-2.87786E-05,7.41386E-05
0.0026108,0.74637,0.67,5.5969,-0.19055,-0.011535,1.0717,0.0015125,-0.00026835,1.72E-06,0.0015223,-0.00084199,0.0021868,0.0895644,0.0804,0.671628,9.42499E-05,-0.0362045,-0.00219165,0.203623,5.46013E-05,-9.68744E-06,6.21931E-08,5.4955E-05,-3.03958E-05,7.89435E-05
0.0028304,0.75463,0.67,5.5969,-0.19143,-0.0083421,1.0632,0.0015429,-0.0002707,-8.60E-06,0.0016958,-0.0009251,0.0024221,0.0905556,0.0804,0.671628,0.000102177,-0.0363717,-0.001584999,0.202008,5.56987E-05,-9.77227E-06,-3.10384E-07,6.12184E-05,-3.33961E-05,8.74378E-05
0.0030845,0.76288,0.67,5.5969,-0.19242,-0.0050352,1.0546,0.0015715,-0.00027412,1.86E-05,0.0018874,-0.0010533,0.0027101,0.0915456,0.0804,0.671628,0.00011135,-0.0365598,-0.000956688,0.200374,5.67312E-05,-9.89573E-06,6.71749E-07,6.81351E-05,-3.80241E-05,9.78346E-05
0.0033208,0.77114,0.67,5.5969,-0.19365,-0.0020246,1.0468,0.0016084,-0.00029168,7.40E-05,0.0020614,-0.0011963,0.0029718,0.0925368,0.0804,0.671628,0.000119881,-0.0367935,-0.000384674,0.198892,5.80632E-05,-1.05296E-05,2.67151E-06,7.44165E-05,-4.31864E-05,0.000107282
0.0035146,0.7794,0.67,5.5969,-0.19505,0.00054543,1.0401,0.0016559,-0.00034446,0.00017023,0.0021931,-0.0013068,0.0031803,0.093528,0.0804,0.671628,0.000126877,-0.0370595,0.000103632,0.197619,5.9778E-05,-1.2435E-05,6.1453E-06,7.91709E-05,-4.71755E-05,0.000114809
0.0036543,0.78765,0.67,5.5969,-0.19701,0.0028132,1.0343,0.0017048,-0.00043856,0.00028869,0.0022965,-0.0013541,0.0033073,0.094518,0.0804,0.671628,0.00013192,-0.0374319,0.000534508,0.196517,6.15433E-05,-1.5832E-05,1.04217E-05,8.29037E-05,-4.8883E-05,0.000119394
0.0037299,0.79591,0.67,5.5969,-0.19944,0.0047838,1.029,0.0017334,-0.00056096,0.00041476,0.0023879,-0.0013247,0.0033386,0.0955092,0.0804,0.671628,0.000134649,-0.0378936,0.000908922,0.19551,6.25757E-05,-2.02507E-05,1.49728E-05,8.62032E-05,-4.78217E-05,0.000120523
0.0037749,0.80416,0.67,5.5969,-0.20191,0.0061804,1.024,0.001778,-0.0006758,0.00052918,0.0024346,-0.0012452,0.0033373,0.0964992,0.0804,0.671628,0.000136274,-0.0383629,0.001174276,0.19456,6.41858E-05,-2.43964E-05,1.91034E-05,8.78891E-05,-4.49517E-05,0.000120477
0.0037779,0.81242,0.67,5.5969,-0.20445,0.0068544,1.019,0.0018459,-0.00073933,0.00063145,0.0023815,-0.0011563,0.0033283,0.0974904,0.0804,0.671628,0.000136382,-0.0388455,0.001302336,0.19361,6.6637E-05,-2.66898E-05,2.27953E-05,8.59722E-05,-4.17424E-05,0.000120152
0.0037592,0.82068,0.67,5.5969,-0.20686,0.007196,1.0133,0.0018986,-0.0007424,0.00071705,0.0022403,-0.0010869,0.0033795,0.0984816,0.0804,0.671628,0.000135707,-0.0393034,0.00136724,0.192527,6.85395E-05,-2.68006E-05,2.58855E-05,8.08748E-05,-3.92371E-05,0.000122
0.0037675,0.82893,0.67,5.5969,-0.20881,0.0076468,1.0062,0.0019745,-0.00071427,0.00074516,0.0020734,-0.0010308,0.0034871,0.0994716,0.0804,0.671628,0.000136007,-0.0396739,0.001452892,0.191178,7.12795E-05,-2.57851E-05,2.69003E-05,7.48497E-05,-3.72119E-05,0.000125884
0.0037797,0.83719,0.67,5.5969,-0.21041,0.0081242,0.99789,0.0020932,-0.00067223,0.00073028,0.0019084,-0.00097648,0.0035578,0.1004628,0.0804,0.671628,0.000136447,-0.0399779,0.001543598,0.1895991,7.55645E-05,-2.42675E-05,2.63631E-05,6.88932E-05,-3.52509E-05,0.000128437
0.0037177,0.84544,0.67,5.5969,-0.21182,0.0081233,0.98932,0.0022111,-0.00060406,0.00071796,0.0017428,-0.00092005,0.0034816,0.1014528,0.0804,0.671628,0.000134209,-0.0402458,0.001543427,0.1879708,7.98207E-05,-2.18066E-05,2.59184E-05,6.29151E-05,-3.32138E-05,0.000125686
0.0036459,0.8537,0.67,5.5969,-0.21313,0.0075395,0.98181,0.0023493,-0.00052173,0.00071019,0.0016004,-0.00085347,0.0033422,0.102444,0.0804,0.671628,0.000131617,-0.0404947,0.001432505,0.1865439,8.48097E-05,-1.88345E-05,2.56379E-05,5.77744E-05,-3.08103E-05,0.000120653
0.003622,0.86196,0.67,5.5969,-0.21431,0.0069936,0.97577,0.0025255,-0.00045518,0.00073684,0.0015094,-0.00080101,0.0032091,0.1034352,0.0804,0.671628,0.000130754,-0.0407189,0.001328784,0.1853963,9.11706E-05,-1.6432E-05,2.65999E-05,5.44893E-05,-2.89165E-05,0.000115849
0.0036626,0.87021,0.67,5.5969,-0.21538,0.0068167,0.9701,0.0027053,-0.00040183,0.00081719,0.0014544,-0.00077505,0.0031655,0.1044252,0.0804,0.671628,0.00013222,-0.0409222,0.001295173,0.184319,9.76613E-05,-1.45061E-05,2.95006E-05,5.25038E-05,-2.79793E-05,0.000114275
0.0037468,0.87847,0.67,5.5969,-0.21644,0.0065712,0.96364,0.0028937,-0.00035415,0.0008787,0.0013972,-0.00074324,0.0032026,0.1054164,0.0804,0.671628,0.000135259,-0.0411236,0.001248528,0.1830916,0.000104463,-1.27848E-05,3.17211E-05,5.04389E-05,-2.6831E-05,0.000115614
0.0038833,0.88672,0.67,5.5969,-0.21718,0.0057501,0.95633,0.0031184,-0.00031193,0.000897,0.0013277,-0.00069664,0.0033206,0.1064064,0.0804,0.671628,0.000140187,-0.0412642,0.001092519,0.1817027,0.000112574,-1.12607E-05,3.23817E-05,4.793E-05,-2.51487E-05,0.000119874
0.0040289,0.89498,0.67,5.5969,-0.21779,0.0040208,0.94891,0.0033513,-0.00025882,0.00090062,0.0012588,-0.00067473,0.0034477,0.1073976,0.0804,0.671628,0.000145443,-0.0413801,0.000763952,0.1802929,0.000120982,-9.3434E-06,3.25124E-05,4.54427E-05,-2.43578E-05,0.000124462
0.0042196,0.90324,0.67,5.5969,-0.21859,0.0012894,0.94155,0.0035721,-0.00019294,0.00094809,0.0011981,-0.00067773,0.003669,0.1083888,0.0804,0.671628,0.000152328,-0.0415321,0.000244986,0.1788945,0.000128953,-6.96513E-06,3.4226E-05,4.32514E-05,-2.44661E-05,0.000132451
0.0044489,0.91149,0.67,5.5969,-0.21903,-0.0020052,0.93376,0.0038142,-0.00015017,0.0010014,0.0011475,-0.00069481,0.0039361,0.1093788,0.0804,0.671628,0.000160605,-0.0416157,-0.000380988,0.1774144,0.000137693,-5.42114E-06,3.61505E-05,4.14248E-05,-2.50826E-05,0.000142093
0.0046958,0.91975,0.67,5.5969,-0.21908,-0.0051822,0.92516,0.0040829,-0.00013655,0.0010649,0.0011247,-0.00070068,0.0041841,0.11037,0.0804,0.671628,0.000169518,-0.0416252,-0.000984618,0.1757804,0.000147393,-4.92946E-06,3.84429E-05,4.06017E-05,-2.52945E-05,0.000151046
0.0048686,0.92801,0.67,5.5969,-0.219,-0.0076958,0.91567,0.0043313,-0.00012743,0.0011427,0.0011274,-0.00063997,0.0042785,0.1113612,0.0804,0.671628,0.000175756,-0.04161,-0.001462202,0.1739773,0.00015636,-4.60022E-06,4.12515E-05,4.06991E-05,-2.31029E-05,0.000154454
0.00494,0.93626,0.67,5.5969,-0.21867,-0.0091521,0.90514,0.0045182,-0.00012213,0.001232,0.0011158,-0.00051596,0.004246,0.1123512,0.0804,0.671628,0.000178334,-0.0415473,-0.001738899,0.1719766,0.000163107,-4.40889E-06,4.44752E-05,4.02804E-05,-1.86262E-05,0.000153281
0.0049611,0.94452,0.67,5.5969,-0.21833,-0.009558,0.89365,0.0046919,-9.63E-05,0.0012927,0.0010749,-0.00036704,0.0041554,0.1133424,0.0804,0.671628,0.000179096,-0.0414827,-0.00181602,0.1697935,0.000169378,-3.4747E-06,4.66665E-05,3.88039E-05,-1.32501E-05,0.00015001
0.0049504,0.95277,0.67,5.5969,-0.21782,-0.0093902,0.88176,0.0048823,-2.90E-05,0.0012721,0.0010255,-0.0001974,0.0039931,0.1143324,0.0804,0.671628,0.000178709,-0.0413858,-0.001784138,0.1675344,0.000176251,-1.04647E-06,4.59228E-05,3.70206E-05,-7.12614E-06,0.000144151
0.0049546,0.96103,0.67,5.5969,-0.21717,-0.0089911,0.86997,0.0050758,6.24E-05,0.0011976,0.0010003,-4.16E-05,0.0038332,0.1153236,0.0804,0.671628,0.000178861,-0.0412623,-0.001708309,0.1652943,0.000183236,2.25437E-06,4.32334E-05,3.61108E-05,-1.50129E-06,0.000138379
0.005004,0.96929,0.67,5.5969,-0.21697,-0.0083776,0.85868,0.0052565,0.00017921,0.00106,0.0010395,5.82E-05,0.0037119,0.1163148,0.0804,0.671628,0.000180644,-0.0412243,-0.001591744,0.1631492,0.00018976,6.46948E-06,0.000038266,3.7526E-05,2.1025E-06,0.000134
0.0051994,0.97754,0.67,5.5969,-0.21605,-0.0076285,0.84797,0.0054519,0.00031799,0.00090493,0.0011696,9.62E-05,0.0037774,0.1173048,0.0804,0.671628,0.000187698,-0.0410495,-0.001449415,0.1611143,0.000196814,1.14794E-05,3.2668E-05,4.22226E-05,3.47358E-06,0.000136364
0.0054771,0.9858,0.67,5.5969,-0.21437,-0.0067913,0.83829,0.0056616,0.00046728,0.00072682,0.0013835,8.36E-05,0.0039092,0.118296,0.0804,0.671628,0.000197723,-0.0407303,-0.001290347,0.1592751,0.000204384,1.68688E-05,2.62382E-05,4.99444E-05,3.01742E-06,0.000141122
0.0058318,0.99405,0.67,5.5969,-0.21331,-0.0058044,0.82999,0.0058814,0.00060934,0.00058934,0.0016283,6.51E-05,0.0041539,0.119286,0.0804,0.671628,0.000210528,-0.0405289,-0.001102836,0.1576981,0.000212319,2.19972E-05,2.12752E-05,5.87816E-05,2.35018E-06,0.000149956
0.0061795,1.0023,0.67,5.5969,-0.21217,-0.0047671,0.82266,0.006116,0.00072179,0.00051258,0.0018282,6.53E-05,0.0044149,0.120276,0.0804,0.671628,0.00022308,-0.0403123,-0.000905749,0.1563054,0.000220788,2.60566E-05,1.85041E-05,6.5998E-05,2.35755E-06,0.000159378
0.006508,1.0106,0.67,5.5969,-0.21037,-0.0038815,0.8152,0.0063324,0.00076969,0.00045515,0.0019143,6.64E-05,0.0047693,0.121272,0.0804,0.671628,0.000234939,-0.0399703,-0.000737485,0.154888,0.0002286,2.77858E-05,1.64309E-05,6.91062E-05,2.39621E-06,0.000172172
0.0067747,1.0188,0.67,5.5969,-0.20835,-0.0035439,0.80687,0.0065225,0.00073555,0.00041988,0.0018639,2.66E-05,0.005163,0.122256,0.0804,0.671628,0.000244567,-0.0395865,-0.000673341,0.1533053,0.000235462,2.65534E-05,1.51577E-05,6.72868E-05,9.60621E-07,0.000186384
0.0069389,1.0271,0.67,5.5969,-0.20654,-0.0040267,0.79757,0.0066179,0.00062502,0.00034655,0.001707,-8.26E-05,0.0055528,0.123252,0.0804,0.671628,0.000250494,-0.0392426,-0.000765073,0.1515383,0.000238906,2.25632E-05,1.25105E-05,6.16227E-05,-2.9833E-06,0.000200456
0.0071119,1.0353,0.67,5.5969,-0.20522,-0.0051881,0.78755,0.0066571,0.00046623,0.000302,0.0015163,-0.00023662,0.0060505,0.124236,0.0804,0.671628,0.00025674,-0.0389918,-0.000985739,0.1496345,0.000240321,1.68309E-05,1.09022E-05,5.47384E-05,-8.54198E-06,0.000218423
0.0072287,1.0436,0.67,5.5969,-0.2041,-0.006669,0.7773,0.0066383,0.00028174,0.00022761,0.0013631,-0.00041028,0.006456,0.125232,0.0804,0.671628,0.000260956,-0.038779,-0.00126711,0.147687,0.000239643,1.01708E-05,8.21672E-06,4.92079E-05,-1.48111E-05,0.000233062
0.0073933,1.0518,0.67,5.5969,-0.20276,-0.0080727,0.76719,0.0065444,9.38E-05,0.00015723,0.001273,-0.00057423,0.0069691,0.126216,0.0804,0.671628,0.000266898,-0.0385244,-0.001533813,0.1457661,0.000236253,3.38723E-06,5.676E-06,4.59553E-05,-2.07297E-05,0.000251585
0.0076142,1.0601,0.67,5.5969,-0.20124,-0.0092034,0.75758,0.0064914,-5.39E-05,0.00013271,0.0012325,-0.00071373,0.0075045,0.127212,0.0804,0.671628,0.000274873,-0.0382356,-0.001748646,0.1439402,0.00023434,-1.94503E-06,4.79083E-06,4.44933E-05,-2.57657E-05,0.000270912
0.0078697,1.0684,0.67,5.5969,-0.19955,-0.010029,0.74799,0.0064685,-0.00015767,1.86E-05,0.0012139,-0.00081467,0.008057,0.128208,0.0804,0.671628,0.000284096,-0.0379145,-0.00190551,0.1421181,0.000233513,-5.69189E-06,6.72218E-07,4.38218E-05,-2.94096E-05,0.000290858
0.008112,1.0766,0.67,5.5969,-0.1976,-0.010625,0.73794,0.006439,-0.00020838,-6.05E-05,0.0011894,-0.0008726,0.0085956,0.129192,0.0804,0.671628,0.000292843,-0.037544,-0.00201875,0.1402086,0.000232448,-7.52252E-06,-2.18517E-06,4.29373E-05,-3.15009E-05,0.000310301
0.0081931,1.0849,0.67,5.5969,-0.19549,-0.010899,0.72751,0.0063065,-0.00021595,-0.00013158,0.0011625,-0.00092013,0.0089172,0.130188,0.0804,0.671628,0.000295771,-0.0371431,-0.00207081,0.1382269,0.000227665,-7.7958E-06,-4.75004E-06,4.19663E-05,-3.32167E-05,0.000321911
0.0083033,1.0931,0.67,5.5969,-0.19287,-0.010559,0.71683,0.0061532,-0.0002196,-0.00012424,0.0011716,-0.00096131,0.0092818,0.131172,0.0804,0.671628,0.000299749,-0.0366453,-0.00200621,0.1361977,0.000222131,-7.92756E-06,-4.48506E-06,4.22948E-05,-3.47033E-05,0.000335073
0.0084077,1.1014,0.67,5.5969,-0.1897,-0.0092547,0.70651,0.0060805,-0.0002373,-8.42E-05,0.0012203,-0.0010096,0.0095147,0.132168,0.0804,0.671628,0.000303518,-0.036043,-0.001758393,0.1342369,0.000219506,-8.56653E-06,-3.03994E-06,4.40528E-05,-3.64466E-05,0.000343481
0.008539,1.1096,0.67,5.5969,-0.18623,-0.007138,0.69684,0.0060526,-0.00026272,-0.00013976,0.0012954,-0.0010421,0.0097299,0.133152,0.0804,0.671628,0.000308258,-0.0353837,-0.00135622,0.1323996,0.000218499,-9.48419E-06,-5.04534E-06,4.67639E-05,-3.76198E-05,0.000351249
0.0087161,1.1179,0.67,5.5969,-0.18235,-0.0053253,0.68789,0.00615,-0.00027114,-0.00018378,0.0013887,-0.001085,0.0098936,0.134148,0.0804,0.671628,0.000314651,-0.0346465,-0.001011807,0.1306991,0.000222015,-9.78815E-06,-6.63446E-06,5.01321E-05,-3.91685E-05,0.000357159
0.0088817,1.1262,0.67,5.5969,-0.1783,-0.0047443,0.67973,0.0063515,-0.00023319,-0.00017982,0.0015149,-0.0011577,0.0098971,0.135144,0.0804,0.671628,0.000320629,-0.033877,-0.000901417,0.1291487,0.000229289,-8.41816E-06,-6.4915E-06,5.46879E-05,-4.1793E-05,0.000357285
0.0089856,1.1344,0.67,5.5969,-0.17424,-0.0052936,0.67286,0.006573,-0.00014499,-0.00011615,0.0016741,-0.0012369,0.009724,0.136128,0.0804,0.671628,0.00032438,-0.0331056,-0.001005784,0.1278434,0.000237285,-5.23414E-06,-4.19302E-06,6.0435E-05,-4.46521E-05,0.000351036
0.0089556,1.1427,0.67,5.5969,-0.17023,-0.0063217,0.66747,0.0067191,-4.52E-05,-4.70E-05,0.0018067,-0.0012934,0.0093854,0.137124,0.0804,0.671628,0.000323297,-0.0323437,-0.001201123,0.1268193,0.00024256,-1.63028E-06,-1.69652E-06,6.52219E-05,-4.66917E-05,0.000338813
0.0087977,1.1509,0.67,5.5969,-0.16617,-0.0073714,0.66328,0.0067634,4.20E-05,-3.48E-05,0.0018638,-0.001273,0.0089683,0.138108,0.0804,0.671628,0.000317597,-0.0315723,-0.001400566,0.1260232,0.000244159,1.51508E-06,-1.25718E-06,6.72832E-05,-4.59553E-05,0.000323756
0.0086881,1.1592,0.67,5.5969,-0.16214,-0.0081995,0.66028,0.0068551,0.00011094,-2.73E-05,0.0018425,-0.0012072,0.0086785,0.139104,0.0804,0.671628,0.00031364,-0.0308066,-0.001557905,0.1254532,0.000247469,4.00493E-06,-9.85097E-07,6.65143E-05,-4.35799E-05,0.000313294
0.0085487,1.1674,0.67,5.5969,-0.15797,-0.0085467,0.65751,0.0069819,0.00013835,-4.09E-05,0.0017618,-0.0011186,0.0083538,0.140088,0.0804,0.671628,0.000308608,-0.0300143,-0.001623873,0.1249269,0.000252047,4.99444E-06,-1.47552E-06,6.3601E-05,-4.03815E-05,0.000301572
0.0083743,1.1757,0.67,5.5969,-0.15338,-0.0087776,0.65434,0.0069931,0.00013503,-9.40E-05,0.0016394,-0.0010307,0.0081161,0.141084,0.0804,0.671628,0.000302312,-0.0291422,-0.001667744,0.1243246,0.000252451,4.87458E-06,-3.3934E-06,5.91823E-05,-3.72083E-05,0.000292991
0.0083379,1.1839,0.67,5.5969,-0.14825,-0.0090713,0.65116,0.0070549,0.00012452,-9.92E-05,0.0015122,-0.0009668,0.0081088,0.142068,0.0804,0.671628,0.000300998,-0.0281675,-0.001723547,0.1237204,0.000254682,4.49517E-06,-3.58137E-06,5.45904E-05,-3.49015E-05,0.000292728
0.0082679,1.1922,0.67,5.5969,-0.14242,-0.0094921,0.64755,0.0071523,0.00011281,-5.08E-05,0.0014159,-0.00089095,0.0079677,0.143064,0.0804,0.671628,0.000298471,-0.0270598,-0.001803499,0.1230345,0.000258198,4.07244E-06,-1.83392E-06,5.1114E-05,-3.21633E-05,0.000287634
0.0081523,1.2005,0.67,5.5969,-0.13625,-0.010194,0.64382,0.0070879,9.65E-05,-8.74E-06,0.001354,-0.00081182,0.0078627,0.14406,0.0804,0.671628,0.000294298,-0.0258875,-0.00193686,0.1223258,0.000255873,3.48336E-06,-3.15597E-07,4.88794E-05,-2.93067E-05,0.000283843
0.0081005,1.2087,0.67,5.5969,-0.13005,-0.011085,0.64159,0.0070193,0.00010016,9.34E-05,0.0013413,-0.00072594,0.0078405,0.145044,0.0804,0.671628,0.000292428,-0.0247095,-0.00210615,0.1219021,0.000253397,3.61578E-06,3.37261E-06,4.84209E-05,-2.62064E-05,0.000283042
0.0080298,1.217,0.67,5.5969,-0.12389,-0.01189,0.64142,0.0070349,0.00012029,0.00023059,0.0013472,-0.00063783,0.0076776,0.14604,0.0804,0.671628,0.000289876,-0.0235391,-0.0022591,0.1218698,0.00025396,4.34247E-06,8.3243E-06,4.86339E-05,-2.30257E-05,0.000277161
0.0078796,1.2252,0.67,5.5969,-0.11799,-0.012567,0.64292,0.0070293,0.0001483,0.00027973,0.0013426,-0.00053606,0.0073872,0.147024,0.0804,0.671628,0.000284454,-0.0224181,-0.00238773,0.1221548,0.000253758,5.35363E-06,1.00983E-05,4.84679E-05,-1.93518E-05,0.000266678
0.0077639,1.2335,0.67,5.5969,-0.1123,-0.013291,0.64618,0.0070088,0.00019186,0.0003687,0.0013382,-0.00039879,0.0071809,0.14802,0.0804,0.671628,0.000280277,-0.021337,-0.00252529,0.1227742,0.000253018,6.92615E-06,1.33101E-05,4.8309E-05,-1.43963E-05,0.00025923
0.0076043,1.2417,0.67,5.5969,-0.10636,-0.014144,0.65044,0.0069232,0.00021367,0.00043027,0.0013416,-0.00024968,0.0069439,0.149004,0.0804,0.671628,0.000274515,-0.0202084,-0.00268736,0.1235836,0.000249928,7.71349E-06,1.55327E-05,4.84318E-05,-9.01345E-06,0.000250675
0.0073903,1.25,0.67,5.5969,-0.099849,-0.015592,0.65367,0.0066928,0.00020007,0.00044674,0.0013603,-8.89E-05,0.0067275,0.15,0.0804,0.671628,0.00026679,-0.01897131,-0.00296248,0.1241973,0.00024161,7.22253E-06,1.61273E-05,4.91068E-05,-3.20871E-06,0.000242863
0.0071935,1.2583,0.67,5.5969,-0.092759,-0.017687,0.65516,0.0063857,0.00014729,0.00045921,0.001381,6.04E-05,0.0066201,0.150996,0.0804,0.671628,0.000259685,-0.01762421,-0.00336053,0.1244804,0.000230524,5.31717E-06,1.65775E-05,4.98541E-05,2.17907E-06,0.000238986
0.0070741,1.2665,0.67,5.5969,-0.085316,-0.019935,0.65571,0.0060983,6.82E-05,0.00045455,0.0013999,0.00018047,0.0066501,0.15198,0.0804,0.671628,0.000255375,-0.01621004,-0.00378765,0.1245849,0.000220149,2.46094E-06,1.64093E-05,5.05364E-05,6.51497E-06,0.000240069
0.0070059,1.2748,0.67,5.5969,-0.077721,-0.02164,0.65575,0.0058452,-1.16E-05,0.00041423,0.0014379,0.00030682,0.0067286,0.152976,0.0804,0.671628,0.000252913,-0.01476699,-0.0041116,0.1245925,0.000211012,-4.1811E-07,1.49537E-05,5.19082E-05,1.10762E-05,0.000242902
0.0069767,1.283,0.67,5.5969,-0.070025,-0.02247,0.65476,0.0055738,-8.76E-05,0.00031258,0.0014961,0.00046991,0.0068835,0.15396,0.0804,0.671628,0.000251859,-0.01330475,-0.0042693,0.1244044,0.000201214,-3.16268E-06,1.12841E-05,5.40092E-05,1.69638E-05,0.000248494
0.0069591,1.2913,0.67,5.5969,-0.062226,-0.0226,0.65246,0.0052967,-0.00016225,0.00020238,0.0015462,0.00066171,0.0070754,0.154956,0.0804,0.671628,0.000251224,-0.01182294,-0.004294,0.1239674,0.000191211,-5.85723E-06,7.30592E-06,5.58178E-05,2.38877E-05,0.000255422
0.0069414,1.2995,0.67,5.5969,-0.054388,-0.022361,0.6493,0.0050722,-0.0002228,6.72E-05,0.0015588,0.00084871,0.0072518,0.15594,0.0804,0.671628,0.000250585,-0.01033372,-0.00424859,0.123367,0.000183106,-8.04308E-06,2.42502E-06,5.62727E-05,3.06384E-05,0.00026179
0.0068935,1.3078,0.67,5.5969,-0.046398,-0.022045,0.64597,0.00491,-0.00025358,-5.42E-05,0.0015134,0.00097726,0.0073636,0.156936,0.0804,0.671628,0.000248855,-0.00881562,-0.00418855,0.1227343,0.000177251,-9.15424E-06,-1.95666E-06,5.46337E-05,3.52791E-05,0.000265826
0.0067502,1.316,0.67,5.5969,-0.0383,-0.021825,0.64249,0.0047848,-0.00026092,-0.00016639,0.001407,0.0010111,0.0073087,0.15792,0.0804,0.671628,0.000243682,-0.007277,-0.00414675,0.1220731,0.000172731,-9.41921E-06,-6.00668E-06,5.07927E-05,3.65007E-05,0.000263844
0.0065671,1.3243,0.67,5.5969,-0.030208,-0.021668,0.63878,0.0046458,-0.00025441,-0.00021978,0.0012637,0.00097168,0.0072246,0.158916,0.0804,0.671628,0.000237072,-0.00573952,-0.00411692,0.1213682,0.000167713,-9.1842E-06,-7.93406E-06,4.56196E-05,3.50776E-05,0.000260808
0.0062548,1.3326,0.67,5.5969,-0.021871,-0.021508,0.63513,0.0044052,-0.00022717,-0.00017819,0.0011147,0.00089408,0.0069898,0.159912,0.0804,0.671628,0.000225798,-0.00415549,-0.00408652,0.1206747,0.000159028,-8.20084E-06,-6.43266E-06,4.02407E-05,3.22763E-05,0.000252332
0.0059275,1.3408,0.67,5.5969,-0.013052,-0.021522,0.63178,0.0041125,-0.00019675,-0.00017647,0.00097724,0.00079317,0.0067654,0.160896,0.0804,0.671628,0.000213983,-0.00247988,-0.00408918,0.1200382,0.000148461,-7.10268E-06,-6.37057E-06,3.52784E-05,2.86334E-05,0.000244231
0.005711,1.3491,0.67,5.5969,-0.0043613,-0.021547,0.62932,0.0039797,-0.00017194,-0.00030474,0.00086166,0.00068307,0.0065805,0.161892,0.0804,0.671628,0.000206167,-0.000828647,-0.00409393,0.1195708,0.000143667,-6.20703E-06,-1.10011E-05,3.11059E-05,2.46588E-05,0.000237556
0.0054014,1.3573,0.67,5.5969,0.0040726,-0.021819,0.62773,0.0038943,-0.00013606,-0.00032066,0.00077434,0.00057426,0.0061341,0.162876,0.0804,0.671628,0.000194991,0.000773794,-0.00414561,0.1192687,0.000140584,-4.91177E-06,-1.15758E-05,2.79537E-05,2.07308E-05,0.000221441
0.0050356,1.3656,0.67,5.5969,0.012892,-0.021966,0.62655,0.0036181,-9.29E-05,-0.00029825,0.00071307,0.00044486,0.0057401,0.163872,0.0804,0.671628,0.000181785,0.00244948,-0.00417354,0.1190445,0.000130613,-3.35409E-06,-1.07668E-05,2.57418E-05,1.60594E-05,0.000207218
0.0049476,1.3738,0.67,5.5969,0.021641,-0.022182,0.6267,0.0034797,-8.93E-05,-0.00051409,0.00066908,0.0003587,0.0057463,0.164856,0.0804,0.671628,0.000178608,0.00411179,-0.00421458,0.119073,0.000125617,-3.22489E-06,-1.85586E-05,2.41538E-05,1.29491E-05,0.000207441
0.0046938,1.3821,0.67,5.5969,0.029937,-0.022456,0.62896,0.0034738,-0.00010296,-0.00058614,0.00064555,0.00026049,0.0052682,0.165852,0.0804,0.671628,0.000169446,0.00568803,-0.00426664,0.1195024,0.000125404,-3.71686E-06,-2.11597E-05,2.33044E-05,9.40369E-06,0.000190182
0.0043255,1.3903,0.67,5.5969,0.038253,-0.022465,0.63209,0.0032664,-0.00010747,-0.00052952,0.00063798,0.00015285,0.0047467,0.166836,0.0804,0.671628,0.000156151,0.00726807,-0.00426835,0.1200971,0.000117917,-3.87967E-06,-1.91157E-05,2.30311E-05,5.51789E-06,0.000171356
0.0043516,1.3986,0.67,5.5969,0.04639,-0.022544,0.63594,0.0032622,-0.00013546,-0.00065809,0.00066288,7.61E-05,0.0047781,0.167832,0.0804,0.671628,0.000157093,0.0088141,-0.00428336,0.1208286,0.000117765,-4.89011E-06,-2.3757E-05,2.393E-05,2.7475E-06,0.000172489
0.0041167,1.4069,0.67,5.5969,0.054264,-0.022145,0.64084,0.0031692,-0.00015359,-0.00068732,0.00072032,5.06E-06,0.0043439,0.168828,0.0804,0.671628,0.000148613,0.01031016,-0.00420755,0.1217596,0.000114408,-5.5446E-06,-2.48123E-05,2.60036E-05,1.82706E-07,0.000156815
0.0039895,1.4151,0.67,5.5969,0.06232,-0.021985,0.64565,0.0028646,-0.00016088,-0.00065069,0.00079755,-3.66E-05,0.0043168,0.169812,0.0804,0.671628,0.000144021,0.0118408,-0.00417715,0.1226735,0.000103412,-5.80777E-06,-2.34899E-05,2.87916E-05,-1.32195E-06,0.000155836
0.0040488,1.4234,0.67,5.5969,0.069981,-0.021585,0.65135,0.0028368,-0.00019824,-0.00084264,0.00089718,-5.61E-05,0.0043637,0.170808,0.0804,0.671628,0.000146162,0.01329639,-0.00410115,0.1237565,0.000102408,-7.15646E-06,-3.04193E-05,3.23882E-05,-2.0251E-06,0.00015753
0.0038594,1.4316,0.67,5.5969,0.07727,-0.020972,0.65814,0.0027093,-0.00024441,-0.00085186,0.00099787,-3.60E-05,0.0040117,0.171792,0.0804,0.671628,0.000139324,0.0146813,-0.00398468,0.1250466,9.78057E-05,-8.8232E-06,-3.07521E-05,3.60231E-05,-1.29816E-06,0.000144822
0.0038826,1.4399,0.67,5.5969,0.08426,-0.020897,0.66576,0.0025663,-0.00029665,-0.00084081,0.001113,3.02E-05,0.0040859,0.172788,0.0804,0.671628,0.000140162,0.0160094,-0.00397043,0.1264944,9.26434E-05,-1.07091E-05,-3.03532E-05,4.01793E-05,1.08878E-06,0.000147501
0.0038308,1.4481,0.67,5.5969,0.090656,-0.020844,0.67469,0.0025418,-0.0003598,-0.00088454,0.0012202,8.98E-05,0.0038996,0.173772,0.0804,0.671628,0.000138292,0.01722464,-0.00396036,0.1281911,9.1759E-05,-1.29888E-05,-3.19319E-05,4.40492E-05,3.24301E-06,0.000140776
0.0038023,1.4564,0.67,5.5969,0.096729,-0.021297,0.68393,0.0024912,-0.00043118,-0.0008906,0.0013167,0.00013625,0.0037968,0.174768,0.0804,0.671628,0.000137263,0.01837851,-0.00404643,0.1299467,8.99323E-05,-1.55656E-05,-3.21507E-05,4.75329E-05,4.91863E-06,0.000137064
0.003783,1.4647,0.67,5.5969,0.10253,-0.022213,0.6936,0.0024872,-0.00050698,-0.00093804,0.001409,0.00018269,0.0036698,0.175764,0.0804,0.671628,0.000136566,0.0194807,-0.00422047,0.131784,8.97879E-05,-1.8302E-05,-3.38632E-05,5.08649E-05,6.59511E-06,0.00013248
0.0037222,1.4729,0.67,5.5969,0.10828,-0.023347,0.70362,0.0024653,-0.00053814,-0.00084076,0.0014653,0.00019325,0.0035137,0.176748,0.0804,0.671628,0.000134371,0.0205732,-0.00443593,0.1336878,8.89973E-05,-1.94269E-05,-3.03514E-05,5.28973E-05,6.97633E-06,0.000126845
0.0036837,1.4812,0.67,5.5969,0.11431,-0.024587,0.71403,0.002429,-0.00053418,-0.00081104,0.0014965,0.00017078,0.0034419,0.177744,0.0804,0.671628,0.000132982,0.0217189,-0.00467153,0.1356657,8.76869E-05,-1.92839E-05,-2.92785E-05,5.40237E-05,6.16516E-06,0.000124253
0.003566,1.4894,0.67,5.5969,0.12014,-0.025487,0.72467,0.0023454,-0.00051541,-0.00078987,0.0015083,9.77E-05,0.0032783,0.178728,0.0804,0.671628,0.000128733,0.0228266,-0.00484253,0.1376873,8.46689E-05,-1.86063E-05,-2.85143E-05,5.44496E-05,3.52769E-06,0.000118347
0.0035019,1.4977,0.67,5.5969,0.12541,-0.02613,0.73494,0.0022465,-0.00048883,-0.00070349,0.0015107,-7.03E-07,0.0032466,0.179724,0.0804,0.671628,0.000126419,0.0238279,-0.0049647,0.1396386,8.10987E-05,-1.76468E-05,-2.5396E-05,5.45363E-05,-2.53678E-08,0.000117202
0.0034351,1.5059,0.67,5.5969,0.13039,-0.026814,0.74468,0.0021681,-0.00047831,-0.00057954,0.0015005,-0.00012354,0.0032016,0.180708,0.0804,0.671628,0.000124007,0.0247741,-0.00509466,0.1414892,7.82684E-05,-1.7267E-05,-2.09214E-05,5.41681E-05,-4.45979E-06,0.000115578
0.0033394,1.5142,0.67,5.5969,0.13502,-0.02769,0.75376,0.0020814,-0.00048893,-0.00045235,0.0014767,-0.00027929,0.0031206,0.181704,0.0804,0.671628,0.000120552,0.0256538,-0.0052611,0.1432144,7.51385E-05,-1.76504E-05,-1.63298E-05,5.33089E-05,-1.00824E-05,0.000112654
0.0032665,1.5224,0.67,5.5969,0.1393,-0.02863,0.7625,0.0019998,-0.00050548,-0.0003504,0.0014476,-0.00046198,0.0030856,0.182688,0.0804,0.671628,0.000117921,0.026467,-0.0054397,0.144875,7.21928E-05,-1.82478E-05,-1.26494E-05,5.22584E-05,-1.66775E-05,0.00011139
0.003234,1.5307,0.67,5.5969,0.14363,-0.029105,0.77125,0.0019222,-0.00051598,-0.00026232,0.0014176,-0.00063659,0.0031282,0.183684,0.0804,0.671628,0.000116747,0.0272897,-0.00552995,0.1465375,6.93914E-05,-1.86269E-05,-9.46975E-06,5.11754E-05,-2.29809E-05,0.000112928
0.0032156,1.539,0.67,5.5969,0.14827,-0.028571,0.78068,0.0018635,-0.00052192,-0.00016841,0.001403,-0.00078307,0.0031647,0.18468,0.0804,0.671628,0.000116083,0.0281713,-0.00542849,0.1483292,6.72724E-05,-1.88413E-05,-6.0796E-06,5.06483E-05,-2.82688E-05,0.000114246
0.0032105,1.5472,0.67,5.5969,0.15266,-0.027264,0.79111,0.0018114,-0.00051887,-6.15E-05,0.0014131,-0.00088746,0.0031966,0.185664,0.0804,0.671628,0.000115899,0.0290054,-0.00518016,0.1503109,6.53915E-05,-1.87312E-05,-2.22066E-06,5.10129E-05,-3.20373E-05,0.000115397
0.0031933,1.5555,0.67,5.5969,0.15645,-0.0257,0.80208,0.0017448,-0.00051366,4.75E-05,0.0014454,-0.00094108,0.0031964,0.18666,0.0804,0.671628,0.000115278,0.0297255,-0.004883,0.1523952,6.29873E-05,-1.85431E-05,1.71634E-06,5.21789E-05,-3.3973E-05,0.00011539
0.0031801,1.5637,0.67,5.5969,0.16029,-0.024238,0.81286,0.0016878,-0.00051437,0.00013671,0.0014747,-0.00096116,0.0031978,0.187644,0.0804,0.671628,0.000114802,0.0304551,-0.00460522,0.1544434,6.09296E-05,-1.85688E-05,4.93523E-06,5.32367E-05,-3.46979E-05,0.000115441
0.0031279,1.572,0.67,5.5969,0.16424,-0.023117,0.82288,0.0016471,-0.0005175,0.00018251,0.0014739,-0.00094917,0.0031347,0.18864,0.0804,0.671628,0.000112917,0.0312056,-0.00439223,0.1563472,5.94603E-05,-1.86818E-05,6.58861E-06,5.32078E-05,-3.4265E-05,0.000113163
0.00303,1.5802,0.67,5.5969,0.16737,-0.022255,0.83185,0.0016002,-0.00051358,0.00018291,0.0014344,-0.00091114,0.0030253,0.189624,0.0804,0.671628,0.000109383,0.0318003,-0.00422845,0.1580515,5.77672E-05,-1.85402E-05,6.60305E-06,5.17818E-05,-3.28922E-05,0.000109213
0.0029039,1.5885,0.67,5.5969,0.16966,-0.021643,0.83972,0.0015503,-0.00049939,0.00016064,0.0013619,-0.0008595,0.0028957,0.19062,0.0804,0.671628,0.000104831,0.0322354,-0.00411217,0.1595468,5.59658E-05,-1.8028E-05,5.7991E-06,4.91646E-05,-3.1028E-05,0.000104535
0.0027909,1.5968,0.67,5.5969,0.17167,-0.021223,0.84635,0.0015157,-0.00048615,0.00015243,0.001273,-0.00080759,0.0027931,0.191616,0.0804,0.671628,0.000100751,0.0326173,-0.00403237,0.1608065,5.47168E-05,-1.755E-05,5.50272E-06,4.59553E-05,-2.9154E-05,0.000100831
0.0026904,1.605,0.67,5.5969,0.17326,-0.020735,0.85184,0.0015061,-0.00048095,0.00015534,0.0011836,-0.00076244,0.0026912,0.1926,0.0804,0.671628,9.71234E-05,0.0329194,-0.00393965,0.1618496,5.43702E-05,-1.73623E-05,5.60777E-06,4.2728E-05,-2.75241E-05,9.71523E-05
0.0026109,1.6133,0.67,5.5969,0.17431,-0.019998,0.85652,0.0015108,-0.00048574,0.00015644,0.0011181,-0.00073442,0.002593,0.193596,0.0804,0.671628,9.42535E-05,0.0331189,-0.00379962,0.1627388,5.45399E-05,-1.75352E-05,5.64748E-06,4.03634E-05,-2.65126E-05,9.36073E-05
0.002548,1.6215,0.67,5.5969,0.17505,-0.018831,0.86065,0.0015142,-0.0004969,0.00014069,0.0010985,-0.00071897,0.0024834,0.19458,0.0804,0.671628,9.19828E-05,0.0332595,-0.00357789,0.1635235,5.46626E-05,-1.79381E-05,5.07891E-06,3.96559E-05,-2.59548E-05,8.96507E-05
0.0024917,1.6298,0.67,5.5969,0.17547,-0.017238,0.86418,0.0015174,-0.00050357,0.00011564,0.001118,-0.00069936,0.002348,0.195576,0.0804,0.671628,8.99504E-05,0.0333393,-0.00327522,0.1641942,5.47781E-05,-1.81789E-05,4.1746E-06,4.03598E-05,-2.52469E-05,8.47628E-05
0.0024193,1.638,0.67,5.5969,0.17557,-0.015608,0.86702,0.0015237,-0.00050105,7.64E-05,0.0011547,-0.00064798,0.0021603,0.19656,0.0804,0.671628,8.73367E-05,0.0333583,-0.00296552,0.1647338,5.50056E-05,-1.80879E-05,2.7597E-06,4.16847E-05,-2.33921E-05,7.79868E-05
0.0023108,1.6463,0.67,5.5969,0.17528,-0.014028,0.86932,0.0015207,-0.00049334,7.30E-06,0.0011983,-0.00052654,0.0019027,0.197556,0.0804,0.671628,8.34199E-05,0.0333032,-0.00266532,0.1651708,5.48973E-05,-1.78096E-05,2.63696E-07,4.32586E-05,-1.90081E-05,6.86875E-05
0.0021858,1.6545,0.67,5.5969,0.17457,-0.012104,0.87144,0.0015311,-0.00047555,-9.38E-05,0.0012366,-0.00035625,0.0016039,0.19854,0.0804,0.671628,7.89074E-05,0.0331683,-0.00229976,0.1655736,5.52727E-05,-1.71674E-05,-3.38726E-06,4.46413E-05,-1.28606E-05,5.79008E-05
0.0021068,1.6628,0.67,5.5969,0.17373,-0.0097026,0.87437,0.0015568,-0.00045124,-0.00019364,0.0012465,-0.00022507,0.0014103,0.199536,0.0804,0.671628,7.60555E-05,0.0330087,-0.001843494,0.1661303,5.62005E-05,-1.62898E-05,-6.9904E-06,4.49987E-05,-8.12503E-06,5.09118E-05
0.0020481,1.6711,0.67,5.5969,0.17282,-0.0071155,0.87879,0.0015602,-0.00043005,-0.0002543,0.0012149,-0.00016542,0.001321,0.200532,0.0804,0.671628,7.39364E-05,0.0328358,-0.001351945,0.1669701,5.63232E-05,-1.55248E-05,-9.18023E-06,4.38579E-05,-5.97166E-06,4.76881E-05
0.0019957,1.6793,0.67,5.5969,0.17179,-0.0047146,0.88464,0.0015842,-0.00041147,-0.00026626,0.0011508,-0.00015151,0.0012564,0.201516,0.0804,0.671628,7.20448E-05,0.0326401,-0.000895774,0.1680816,5.71896E-05,-1.48541E-05,-9.61199E-06,4.15439E-05,-5.46951E-06,4.5356E-05
0.0019831,1.6876,0.67,5.5969,0.17062,-0.0029164,0.89145,0.0016811,-0.00039668,-0.00023203,0.0010821,-0.0001694,0.001203,0.202512,0.0804,0.671628,7.15899E-05,0.0324178,-0.000554116,0.1693755,6.06877E-05,-1.43201E-05,-8.37628E-06,3.90638E-05,-6.11534E-06,4.34283E-05
0.0019881,1.6958,0.67,5.5969,0.16918,-0.0018621,0.89776,0.0017844,-0.00039774,-0.00019436,0.0010324,-0.00019049,0.0011594,0.203496,0.0804,0.671628,7.17704E-05,0.0321442,-0.000353799,0.1705744,6.44168E-05,-1.43584E-05,-7.0164E-06,3.72696E-05,-6.87669E-06,4.18543E-05
0.0020032,1.7041,0.67,5.5969,0.16756,-0.0010414,0.90319,0.0018367,-0.00040698,-0.00015646,0.0010143,-0.00018123,0.0011554,0.204492,0.0804,0.671628,7.23155E-05,0.0318364,-0.000197866,0.1716061,6.63049E-05,-1.4692E-05,-5.64821E-06,3.66162E-05,-6.5424E-06,4.17099E-05
0.0020734,1.7123,0.67,5.5969,0.16612,6.16E-05,0.90893,0.0018839,-0.00040954,-9.54E-05,0.0010369,-0.00015611,0.0012261,0.205476,0.0804,0.671628,7.48497E-05,0.0315628,1.17036E-05,0.1726967,6.80088E-05,-1.47844E-05,-3.44546E-06,3.74321E-05,-5.63557E-06,4.42622E-05
0.0022033,1.7206,0.67,5.5969,0.16492,0.0013313,0.91431,0.0019589,-0.00042821,-2.43E-06,0.0010774,-0.00016263,0.0013704,0.206472,0.0804,0.671628,7.95391E-05,0.0313348,0.000252947,0.1737189,7.07163E-05,-1.54584E-05,-8.76436E-08,3.88941E-05,-5.87094E-06,4.94714E-05
0.0023482,1.7289,0.67,5.5969,0.16366,0.0023833,0.91786,0.0020544,-0.00046948,0.00011359,0.0010959,-0.00020111,0.0015461,0.207468,0.0804,0.671628,8.477E-05,0.0310954,0.000452827,0.1743934,7.41638E-05,-1.69482E-05,4.1006E-06,3.9562E-05,-7.26007E-06,5.58142E-05
0.0024676,1.7371,0.67,5.5969,0.16234,0.0030629,0.92038,0.0021603,-0.00050675,0.00022834,0.0010958,-0.00021526,0.0016791,0.208452,0.0804,0.671628,8.90804E-05,0.0308446,0.000581951,0.1748722,7.79868E-05,-1.82937E-05,8.24307E-06,3.95584E-05,-7.77089E-06,6.06155E-05
0.0025002,1.7454,0.67,5.5969,0.1615,0.0034093,0.92369,0.0022459,-0.00052007,0.00031018,0.0010959,-0.00017143,0.0016586,0.209448,0.0804,0.671628,9.02572E-05,0.030685,0.000647767,0.1755011,8.1077E-05,-1.87745E-05,1.11975E-05,3.9562E-05,-6.18862E-06,5.98755E-05
0.0024395,1.7536,0.67,5.5969,0.16138,0.0036113,0.92855,0.0023251,-0.00050667,0.00033298,0.0011142,-0.00010097,0.0014397,0.210432,0.0804,0.671628,8.8066E-05,0.0306622,0.000686147,0.1764245,8.39361E-05,-1.82908E-05,1.20206E-05,4.02226E-05,-3.64502E-06,5.19732E-05
0.0023863,1.7619,0.67,5.5969,0.16154,0.0040423,0.93394,0.0024128,-0.00049018,0.00031888,0.0011776,-5.55E-05,0.0011823,0.211428,0.0804,0.671628,8.61454E-05,0.0306926,0.000768037,0.1774486,8.71021E-05,-1.76955E-05,1.15116E-05,4.25114E-05,-2.00517E-06,4.2681E-05
0.0023923,1.7701,0.67,5.5969,0.16148,0.0052461,0.93857,0.0024653,-0.00049659,0.00029911,0.0012748,-4.19E-05,0.0010446,0.212412,0.0804,0.671628,8.6362E-05,0.0306812,0.000996759,0.1783283,8.89973E-05,-1.79269E-05,1.07979E-05,4.60203E-05,-1.51079E-06,3.77101E-05
0.0024159,1.7784,0.67,5.5969,0.16108,0.0073528,0.9427,0.0024816,-0.00052853,0.00027346,0.0013807,-4.04E-05,0.00096963,0.213408,0.0804,0.671628,8.7214E-05,0.0306052,0.001397032,0.179113,8.95858E-05,-1.90799E-05,9.87191E-06,4.98433E-05,-1.45945E-06,3.50036E-05
0.0024301,1.7866,0.67,5.5969,0.16036,0.0094668,0.94717,0.0024847,-0.00057279,0.00023339,0.0015016,-3.42E-05,0.00087395,0.214392,0.0804,0.671628,8.77266E-05,0.0304684,0.001798692,0.1799623,8.96977E-05,-2.06777E-05,8.42538E-06,5.42078E-05,-1.23368E-06,3.15496E-05
0.0024293,1.7949,0.67,5.5969,0.1593,0.010488,0.95153,0.0024793,-0.00060836,0.00018399,0.0016064,-3.85E-05,0.00077288,0.215388,0.0804,0.671628,8.76977E-05,0.030267,0.00199272,0.1807907,8.95027E-05,-2.19618E-05,6.64204E-06,5.7991E-05,-1.38992E-06,2.7901E-05
0.0024307,1.8032,0.67,5.5969,0.15808,0.01011,0.95579,0.0024824,-0.00063193,0.0001593,0.0016554,-6.33E-05,0.00072369,0.216384,0.0804,0.671628,8.77483E-05,0.0300352,0.0019209,0.1816001,8.96146E-05,-2.28127E-05,5.75073E-06,5.97599E-05,-2.28531E-06,2.61252E-05
0.0024248,1.8114,0.67,5.5969,0.15686,0.0087751,0.96004,0.0024793,-0.00064334,0.00014891,0.0016565,-9.76E-05,0.00071378,0.217368,0.0804,0.671628,8.75353E-05,0.0298034,0.001667269,0.1824076,8.95027E-05,-2.32246E-05,5.37565E-06,5.97997E-05,-3.52325E-06,2.57675E-05
0.0024173,1.8197,0.67,5.5969,0.15565,0.0070918,0.96492,0.0024345,-0.00063893,0.00015839,0.0016415,-0.00012898,0.0007586,0.218364,0.0804,0.671628,8.72645E-05,0.0295735,0.001347442,0.1833348,8.78855E-05,-2.30654E-05,5.71788E-06,5.92582E-05,-4.65618E-06,2.73855E-05
0.0024116,1.8279,0.67,5.5969,0.15431,0.0057512,0.9701,0.0023566,-0.00062447,0.00018825,0.0016284,-0.00015307,0.0008381,0.219348,0.0804,0.671628,8.70588E-05,0.0293189,0.001092728,0.184319,8.50733E-05,-2.25434E-05,6.79583E-06,5.87852E-05,-5.52583E-06,3.02554E-05
0.0024157,1.8362,0.67,5.5969,0.15276,0.005243,0.97526,0.0022666,-0.00061597,0.0002628,0.0016273,-0.00021122,0.00093748,0.220344,0.0804,0.671628,8.72068E-05,0.0290244,0.00099617,0.1852994,8.18243E-05,-2.22365E-05,9.48708E-06,5.87455E-05,-7.62504E-06,3.3843E-05
0.0024319,1.8446,0.67,5.5969,0.15102,0.0056952,0.98027,0.0021716,-0.00062462,0.00037823,0.0016377,-0.00029648,0.0010545,0.221352,0.0804,0.671628,8.77916E-05,0.0286938,0.001082088,0.1862513,7.83948E-05,-2.25488E-05,1.36541E-05,5.9121E-05,-1.07029E-05,3.80675E-05
0.0024655,1.8534,0.67,5.5969,0.14913,0.0069663,0.98483,0.002077,-0.00063789,0.00050854,0.001644,-0.00041899,0.00121,0.222408,0.0804,0.671628,8.90046E-05,0.0283347,0.001323597,0.1871177,7.49797E-05,-2.30278E-05,1.83583E-05,5.93484E-05,-1.51255E-05,0.000043681
0.0025128,1.8626,0.67,5.5969,0.14719,0.0083407,0.98874,0.0019864,-0.00065242,0.00061288,0.0016584,-0.00054073,0.0013809,0.223512,0.0804,0.671628,9.07121E-05,0.0279661,0.001584733,0.1878606,7.1709E-05,-2.35524E-05,2.2125E-05,5.98682E-05,-1.95204E-05,4.98505E-05
0.0025558,1.8723,0.67,5.5969,0.14528,0.0094226,0.99215,0.0019031,-0.00066158,0.00066852,0.001683,-0.0006746,0.0015256,0.224676,0.0804,0.671628,9.22644E-05,0.0276032,0.001790294,0.1885085,6.87019E-05,-2.3883E-05,2.41336E-05,6.07563E-05,-2.43531E-05,5.50742E-05
0.002546,1.8824,0.67,5.5969,0.14331,0.010271,0.99504,0.0018189,-0.00065106,0.00066943,0.0016597,-0.00079132,0.0016134,0.225888,0.0804,0.671628,9.19106E-05,0.0272289,0.00195149,0.1890576,6.56623E-05,-2.35033E-05,2.41664E-05,5.99152E-05,-2.85667E-05,5.82437E-05
0.0024856,1.8931,0.67,5.5969,0.14119,0.010512,0.99732,0.0017339,-0.0006422,0.00056648,0.0016129,-0.00082919,0.0016244,0.227172,0.0804,0.671628,8.97302E-05,0.0268261,0.00199728,0.1894908,6.25938E-05,-2.31834E-05,2.04499E-05,5.82257E-05,-2.99338E-05,5.86408E-05
0.0024909,1.9042,0.67,5.5969,0.13888,0.010038,1.0006,0.0016701,-0.00066879,0.000415,0.0016314,-0.00084169,0.0016803,0.228504,0.0804,0.671628,8.99215E-05,0.0263872,0.00190722,0.190114,6.02906E-05,-2.41433E-05,1.49815E-05,5.88935E-05,-3.0385E-05,6.06588E-05
0.002572,1.9159,0.67,5.5969,0.13624,0.01039,1.0053,0.001659,-0.00070896,0.00031886,0.0016857,-0.00084109,0.0017993,0.229908,0.0804,0.671628,9.28492E-05,0.0258856,0.0019741,0.191007,5.98899E-05,-2.55935E-05,1.15108E-05,6.08538E-05,-3.03633E-05,6.49547E-05
0.002689,1.9282,0.67,5.5969,0.1331,0.011198,1.0096,0.0016919,-0.00072278,0.00027787,0.0016781,-0.00089557,0.002008,0.231384,0.0804,0.671628,9.70729E-05,0.025289,0.00212762,0.191824,6.10776E-05,-2.60924E-05,1.00311E-05,6.05794E-05,-3.23301E-05,7.24888E-05
0.0028106,1.941,0.67,5.5969,0.12967,0.011168,1.0105,0.0017252,-0.00069682,0.00030179,0.0015627,-0.00087024,0.0023332,0.23292,0.0804,0.671628,0.000101463,0.0246373,0.00212192,0.191995,6.22797E-05,-2.51552E-05,1.08946E-05,5.64135E-05,-3.14157E-05,8.42285E-05
0.002782,1.9545,0.67,5.5969,0.12642,0.010197,1.0108,0.0017421,-0.00056822,0.00026976,0.0014211,-0.00078665,0.0024008,0.23454,0.0804,0.671628,0.00010043,0.0240198,0.00193743,0.192052,6.28898E-05,-2.05127E-05,9.73834E-06,5.13017E-05,-2.83981E-05,8.66689E-05
0.0026316,1.9686,0.67,5.5969,0.12317,0.010471,1.0141,0.0017441,-0.00033844,0.00010134,0.0012787,-0.00074415,0.0022403,0.236232,0.0804,0.671628,9.50008E-05,0.0234023,0.00198949,0.192679,6.2962E-05,-1.22177E-05,3.65837E-06,4.61611E-05,-2.68638E-05,8.08748E-05
0.0024371,1.9833,0.67,5.5969,0.1193,0.01139,1.02,0.0017184,-0.00011019,-5.85E-06,0.0011021,-0.00058397,0.0020536,0.237996,0.0804,0.671628,8.79793E-05,0.022667,0.0021641,0.1938,6.20342E-05,-3.97786E-06,-2.11217E-07,3.97858E-05,-2.10813E-05,7.4135E-05
0.0023102,1.9988,0.67,5.5969,0.11518,0.013026,1.0191,0.0016646,4.19E-05,-0.000165,0.001171,-0.00049461,0.0017848,0.239856,0.0804,0.671628,8.33982E-05,0.0218842,0.00247494,0.193629,6.00921E-05,1.5123E-06,-5.9565E-06,4.22731E-05,-1.78554E-05,6.44313E-05
0.0023552,2.0149,0.67,5.5969,0.11173,0.011841,1.0179,0.0015765,7.89E-05,-0.0001901,0.0011903,-0.00047693,0.0019435,0.241788,0.0804,0.671628,8.50227E-05,0.0212287,0.00224979,0.193401,5.69117E-05,2.84807E-06,-6.86261E-06,4.29698E-05,-1.72172E-05,7.01604E-05
0.0024688,2.0319,0.67,5.5969,0.1085,0.010046,1.0129,0.0014501,8.58E-05,-0.00020689,0.001119,-0.00023401,0.0023685,0.243828,0.0804,0.671628,8.91237E-05,0.020615,0.00190874,0.192451,5.23486E-05,3.09698E-06,-7.46873E-06,4.03959E-05,-8.44776E-06,8.55029E-05
0.0026358,2.0496,0.67,5.5969,0.10476,0.0050313,1.01,0.0013889,8.20E-05,3.83E-05,0.0009079,2.07E-05,0.0029749,0.245952,0.0804,0.671628,9.51524E-05,0.0199044,0.000955947,0.1919,5.01393E-05,2.96114E-06,1.38332E-06,3.27752E-05,7.46656E-07,0.000107394
0.0032445,2.0681,0.67,5.5969,0.099925,0.0028685,1.0063,0.0014801,4.62E-05,0.00061983,0.00074166,0.00024681,0.0042673,0.248172,0.0804,0.671628,0.000117126,0.01898575,0.000545015,0.191197,5.34316E-05,1.66703E-06,2.23759E-05,2.67739E-05,8.90984E-06,0.00015405
0.0040496,2.0875,0.67,5.5969,0.094138,0.0031989,0.99553,0.0016869,-0.00011037,0.0011489,0.00076387,-8.28E-05,0.0056484,0.2505,0.0804,0.671628,0.000146191,0.01788622,0.000607791,0.1891507,6.08971E-05,-3.98436E-06,4.14753E-05,2.75757E-05,-2.98919E-06,0.000203907
0.0049129,2.1078,0.67,5.5969,0.088394,0.0044372,0.9939,0.0019443,-0.00023263,0.0019963,0.00069885,-0.00039507,0.0071827,0.252936,0.0804,0.671628,0.000177356,0.01679486,0.000843068,0.188841,7.01892E-05,-8.39794E-06,7.20664E-05,2.52285E-05,-1.4262E-05,0.000259295
0.0052878,2.129,0.67,5.5969,0.083639,0.012988,0.98851,0.0021306,-0.00022627,0.0025165,0.00077778,-0.00024626,0.0076671,0.25548,0.0804,0.671628,0.00019089,0.01589141,0.00246772,0.1878169,7.69147E-05,-8.16835E-06,9.08457E-05,2.80779E-05,-8.88999E-06,0.000276782
0.0046608,2.1511,0.67,5.5969,0.081304,0.01732,0.98252,0.0021501,-5.63E-05,0.0022311,0.00088087,-8.25E-06,0.0062906,0.258132,0.0804,0.671628,0.000168255,0.01544776,0.0032908,0.1866788,7.76186E-05,-2.03319E-06,8.05427E-05,3.17994E-05,-2.97825E-07,0.000227091
0.0038817,2.1743,0.67,5.5969,0.079169,0.019597,0.98849,0.0020481,9.16E-05,0.0018216,0.0010418,0.00013708,0.0046735,0.260916,0.0804,0.671628,0.000140129,0.01504211,0.00372343,0.1878131,7.39364E-05,3.30597E-06,6.57598E-05,3.7609E-05,4.94859E-06,0.000168713
0.0035889,2.1984,0.67,5.5969,0.073388,0.022226,0.99023,0.0018353,0.00015165,0.0017168,0.0010622,0.00010958,0.0042803,0.263808,0.0804,0.671628,0.000129559,0.01394372,0.00422294,0.1881437,6.62543E-05,5.47457E-06,6.19765E-05,3.83454E-05,3.95584E-06,0.000154519
0.0039347,2.2237,0.67,5.5969,0.066535,0.026634,0.96597,0.0016403,0.0004612,0.001628,0.0017003,0.00081566,0.0045288,0.266844,0.0804,0.671628,0.000142043,0.01264165,0.00506046,0.1835343,5.92148E-05,1.66493E-05,5.87708E-05,6.13808E-05,2.94453E-05,0.00016349
0.0051394,2.2501,0.67,5.5969,0.061514,0.031651,0.9467,0.0016962,0.00060576,0.0016141,0.0022384,0.0013013,0.0063443,0.270012,0.0804,0.671628,0.000185532,0.01168766,0.00601369,0.179873,6.12328E-05,2.18679E-05,5.8269E-05,8.08062E-05,4.69769E-05,0.000229029
0.0050826,2.2776,0.67,5.5969,0.055658,0.033173,0.94211,0.0018942,0.00039434,0.0015419,0.0018716,0.00050105,0.0063994,0.273312,0.0804,0.671628,0.000183482,0.01057502,0.00630287,0.1790009,6.83806E-05,1.42357E-05,5.56626E-05,6.75648E-05,1.80879E-05,0.000231018
0.004991,2.3063,0.67,5.5969,0.048408,0.037316,0.92945,0.0020848,0.00021479,0.0011921,0.0016016,-0.0005917,0.0062956,0.276756,0.0804,0.671628,0.000180175,0.00919752,0.00709004,0.1765955,7.52613E-05,7.75392E-06,4.30348E-05,5.78178E-05,-2.13604E-05,0.000227271
0.0059974,2.3362,0.67,5.5969,0.03875,0.050426,0.9159,0.0023078,0.00039084,0.0014273,0.0018498,-0.00053724,0.0078372,0.280344,0.0804,0.671628,0.000216506,0.0073625,0.00958094,0.174021,8.33116E-05,1.41093E-05,5.15255E-05,6.67778E-05,-1.93944E-05,0.000282923
0.0055113,2.3674,0.67,5.5969,0.028465,0.060095,0.89083,0.0024306,0.00057609,0.0015884,0.0026115,0.00014251,0.0059807,0.284088,0.0804,0.671628,0.000198958,0.00540835,0.01141805,0.1692577,8.77447E-05,2.07968E-05,5.73412E-05,9.42752E-05,5.14461E-06,0.000215903
0.0054017,2.3999,0.67,5.5969,0.020643,0.066069,0.86134,0.0020211,0.00073631,0.0013858,0.0039682,0.00034883,0.004814,0.287988,0.0804,0.671628,0.000195001,0.00392217,0.01255311,0.1636546,7.29617E-05,2.65808E-05,5.00274E-05,0.000143252,1.25928E-05,0.000173785
0.0052928,2.4338,0.67,5.5969,0.011992,0.073851,0.82231,0.0011389,0.00053001,0.0012611,0.0037984,0.00067024,0.0056482,0.292056,0.0804,0.671628,0.00019107,0.00227848,0.01403169,0.1562389,4.11143E-05,1.91334E-05,4.55257E-05,0.000137122,2.41957E-05,0.0002039
0.0037885,2.4691,0.67,5.5969,0.0043689,0.068364,0.70841,0.00035516,8.26E-05,0.00065702,0.0021796,0.00082836,0.0050422,0.296292,0.0804,0.671628,0.000136765,0.000830091,0.01298916,0.1345979,1.28213E-05,2.98255E-06,2.37184E-05,7.86836E-05,2.99038E-05,0.000182023
0.0014477,2.5058,0.67,5.5969,0.0012522,0.03008,0.31162,2.24E-05,1.43E-05,0.00011541,0.00083227,0.00033121,0.0020408,0.300696,0.0804,0.671628,5.2262E-05,0.000237918,0.0057152,0.0592078,8.07232E-07,5.1475E-07,4.1663E-06,3.00449E-05,1.19567E-05,7.36729E-05
5.28E-08,2.544,0.67,5.5969,0.0003546,7.64E-14,5.47E-18,1.06E-07,2.27E-17,-2.19E-21,4.87E-27,-4.69E-31,1.29E-34,0.30528,0.0804,0.671628,1.90554E-09,0.000067374,1.45114E-14,1.03947E-18,3.81108E-09,8.18676E-19,-7.89832E-23,1.75865E-28,-1.69208E-32,4.64354E-36
0,2.5837,0.67,5.5969,0,0,0,0,0,0,0,0,0,0.310044,0.0804,0.671628,0,0,0,0,0,0,0,0,0,0
0,2.625,0.67,5.5969,0,0,0,0,0,0,0,0,0,0.315,0.0804,0.671628,0,0,0,0,0,0,0,0,0,0
0,-0.125,0.67,5.6086,0,0,0,0,0,0,0,0,0,-0.015,0.0804,0.673032,0,0,0,0,0,0,0,0,0,0
0,-0.083719,0.67,5.6086,0,0,0,0,0,0,0,0,0,-0.01004628,0.0804,0.673032,0,0,0,0,0,0,0,0,0,0
2.69E-08,-0.044001,0.67,5.6086,-0.00022632,-6.31E-14,4.80E-18,5.37E-08,1.50E-17,-8.57E-22,4.19E-27,-2.39E-31,4.46E-35,-0.00528012,0.0804,0.673032,9.69429E-10,-4.30008E-05,-1.19903E-14,9.12152E-19,1.93882E-09,5.41717E-19,-3.095E-23,1.51349E-28,-8.63729E-33,1.61172E-36
0.00094802,-0.0058053,0.67,5.6086,-0.0023247,0.02528,0.39169,1.10E-05,-2.38E-05,-3.50E-05,0.00080219,-0.00019727,0.0010829,-0.000696636,0.0804,0.673032,3.42235E-05,-0.000441693,0.0048032,0.0744211,3.95403E-07,-8.58675E-07,-1.2618E-06,2.89591E-05,-7.12145E-06,3.90927E-05
0.0024784,0.030909,0.67,5.6086,-0.010214,0.05722,0.8864,0.00017393,-0.00013969,-0.00019988,0.0020838,-0.00050629,0.0026991,0.00370908,0.0804,0.673032,8.94702E-05,-0.00194066,0.0108718,0.168416,6.27887E-06,-5.04281E-06,-7.21567E-06,7.52252E-05,-1.82771E-05,9.74375E-05
0.0025929,0.066184,0.67,5.6086,-0.022919,0.052039,1.0021,0.00044473,-0.00021747,-9.21E-05,0.0017897,-0.00054205,0.0029513,0.00794208,0.0804,0.673032,9.36037E-05,-0.00435461,0.00988741,0.190399,1.60548E-05,-7.85067E-06,-3.32651E-06,6.46082E-05,-1.9568E-05,0.000106542
0.0025229,0.10006,0.67,5.6086,-0.037354,0.038759,1.0362,0.00053938,-0.00024166,4.89E-05,0.0014492,-0.00061464,0.0030573,0.0120072,0.0804,0.673032,9.10767E-05,-0.00709726,0.00736421,0.196878,1.94716E-05,-8.72393E-06,1.76367E-06,5.23161E-05,-2.21885E-05,0.000110369
0.0030848,0.13258,0.67,5.6086,-0.04766,0.031185,1.056,0.00050961,-0.00017648,1.27E-05,0.0013952,-0.0008239,0.0042648,0.0159096,0.0804,0.673032,0.000111361,-0.0090554,0.00592515,0.20064,1.83969E-05,-6.37093E-06,4.57279E-07,5.03667E-05,-2.97428E-05,0.000153959
0.002698,0.16379,0.67,5.6086,-0.049986,0.019235,1.0715,0.0005863,-6.67E-05,-0.00014187,0.00094701,-0.00061959,0.0038627,0.0196548,0.0804,0.673032,9.73978E-05,-0.00949734,0.00365465,0.203585,2.11654E-05,-2.40903E-06,-5.12151E-06,3.41871E-05,-2.23672E-05,0.000139443
0.0024346,0.19372,0.67,5.6086,-0.050622,0.01776,1.0807,0.00078714,5.41E-06,-0.00034126,0.0010448,-0.00054141,0.0030372,0.0232464,0.0804,0.673032,8.78891E-05,-0.00961818,0.0033744,0.205333,2.84158E-05,1.95362E-07,-1.23195E-05,3.77173E-05,-1.95449E-05,0.000109643
0.00353,0.22242,0.67,5.6086,-0.052768,0.024814,1.0833,0.0010885,4.35E-05,-0.00080234,0.0011214,-0.00064285,0.0048501,0.0266904,0.0804,0.673032,0.000127433,-0.01002592,0.00471466,0.205827,3.92949E-05,1.57096E-06,-2.89645E-05,4.04825E-05,-2.32069E-05,0.000175089
0.0031732,0.24993,0.67,5.6086,-0.057387,0.026727,1.0879,0.0013005,0.00013623,-0.00096073,0.0011045,-0.0002058,0.0039414,0.0299916,0.0804,0.673032,0.000114553,-0.01090353,0.00507813,0.206701,4.69481E-05,4.9179E-06,-3.46824E-05,3.98725E-05,-7.42938E-06,0.000142285
0.0023365,0.27629,0.67,5.6086,-0.063769,0.026566,1.0891,0.0012829,0.00014679,-0.00085705,0.0012542,-0.00025565,0.0021358,0.0331548,0.0804,0.673032,8.43477E-05,-0.01211611,0.00504754,0.206929,4.63127E-05,5.29912E-06,-3.09395E-05,4.52766E-05,-9.22897E-06,7.71024E-05
0.003129,0.30154,0.67,5.6086,-0.069624,0.023423,1.09,0.0013363,2.87E-05,-0.00090759,0.0018476,-0.0010276,0.003074,0.0361848,0.0804,0.673032,0.000112957,-0.01322856,0.00445037,0.2071,4.82404E-05,1.03625E-06,-3.2764E-05,6.66984E-05,-3.70964E-05,0.000110971
0.0036124,0.32572,0.67,5.6086,-0.075164,0.016306,1.0932,0.0015029,6.52E-05,-0.00089152,0.0017946,-0.0013642,0.0039272,0.0390864,0.0804,0.673032,0.000130408,-0.01428116,0.00309814,0.207708,5.42547E-05,2.35235E-06,-3.21839E-05,6.47851E-05,-4.92476E-05,0.000141772
0.0029775,0.34887,0.67,5.6086,-0.079673,0.016393,1.0931,0.0015304,8.75E-05,-0.00037585,0.001193,-0.00082209,0.0032316,0.0418644,0.0804,0.673032,0.000107488,-0.01513787,0.00311467,0.207689,5.52474E-05,3.16034E-06,-1.35682E-05,4.30673E-05,-2.96774E-05,0.000116661
0.0022889,0.37102,0.67,5.6086,-0.083755,0.023914,1.0921,0.0014374,0.00013307,-0.00012632,0.0011216,-0.0004186,0.0020188,0.0445224,0.0804,0.673032,8.26293E-05,-0.01591345,0.00454366,0.207499,5.18901E-05,4.80383E-06,-4.56015E-06,4.04898E-05,-1.51115E-05,7.28787E-05
0.0023098,0.39221,0.67,5.6086,-0.089458,0.032371,1.0928,0.0013941,0.00017726,-0.00036633,0.0011783,-0.00060629,0.0020473,0.0470652,0.0804,0.673032,8.33838E-05,-0.01699702,0.00615049,0.207632,5.0327E-05,6.39909E-06,-1.32245E-05,4.25366E-05,-2.18871E-05,7.39075E-05
0.0025902,0.41248,0.67,5.6086,-0.094947,0.0367,1.0862,0.0015045,0.00029388,-0.00046988,0.0012243,-0.0009141,0.0024516,0.0494976,0.0804,0.673032,9.35062E-05,-0.01803993,0.006973,0.206378,5.43125E-05,1.06091E-05,-1.69627E-05,4.41972E-05,-3.2999E-05,8.85028E-05
0.0033229,0.43187,0.67,5.6086,-0.098116,0.038707,1.0809,0.0017399,0.00050758,-0.00090707,0.0014122,-0.0012534,0.0034937,0.0518244,0.0804,0.673032,0.000119957,-0.01864204,0.00735433,0.205371,6.28104E-05,1.83236E-05,-3.27452E-05,5.09804E-05,-4.52477E-05,0.000126123
0.0038717,0.4504,0.67,5.6086,-0.10079,0.039683,1.0745,0.0019143,0.00056016,-0.0007507,0.0016472,-0.0015078,0.0041819,0.054048,0.0804,0.673032,0.000139768,-0.0191501,0.00753977,0.204155,6.91062E-05,2.02218E-05,-2.71003E-05,5.94639E-05,-5.44316E-05,0.000150967
0.0038758,0.46812,0.67,5.6086,-0.1051,0.03815,1.0764,0.0018593,0.0003722,-0.00037736,0.0017127,-0.0016108,0.0041795,0.0561744,0.0804,0.673032,0.000139916,-0.019969,0.0072485,0.204516,6.71207E-05,1.34364E-05,-1.36227E-05,6.18285E-05,-5.81499E-05,0.00015088
0.0032253,0.48504,0.67,5.6086,-0.11114,0.035394,1.0769,0.0016399,7.53E-05,-0.00011594,0.0015713,-0.0012393,0.0032393,0.0582048,0.0804,0.673032,0.000116433,-0.0211166,0.00672486,0.204611,5.92004E-05,2.7166E-06,-4.18543E-06,5.67239E-05,-4.47387E-05,0.000116939
0.0026569,0.50122,0.67,5.6086,-0.11754,0.031335,1.0786,0.0014083,-0.0001396,-9.37E-06,0.0014227,-0.00098813,0.0024828,0.0601464,0.0804,0.673032,9.59141E-05,-0.0223326,0.00595365,0.204934,5.08396E-05,-5.03956E-06,-3.38347E-07,5.13595E-05,-3.56715E-05,8.96291E-05
0.0025675,0.51667,0.67,5.6086,-0.12307,0.028934,1.0826,0.0012438,-0.00026363,-0.00017329,0.0013518,-0.00084496,0.0025394,0.0620004,0.0804,0.673032,9.26868E-05,-0.0233833,0.00549746,0.205694,4.49012E-05,-9.51704E-06,-6.25577E-06,4.88E-05,-3.05031E-05,9.16723E-05
0.0024676,0.53142,0.67,5.6086,-0.12766,0.025776,1.0871,0.0011732,-0.00023731,-0.00033847,0.0012868,-0.00048822,0.0024751,0.0637704,0.0804,0.673032,8.90804E-05,-0.0242554,0.00489744,0.206549,4.23525E-05,-8.56689E-06,-1.22188E-05,4.64535E-05,-1.76247E-05,8.93511E-05
0.0023635,0.54551,0.67,5.6086,-0.13178,0.021712,1.0882,0.0012217,-0.00015778,-0.00051249,0.0012879,-0.00015496,0.0022175,0.0654612,0.0804,0.673032,8.53224E-05,-0.0250382,0.00412528,0.206758,4.41034E-05,-5.69586E-06,-1.85009E-05,4.64932E-05,-5.59406E-06,8.00518E-05
0.0023369,0.55896,0.67,5.6086,-0.1351,0.017625,1.0879,0.0013877,-6.19E-05,-0.00072021,0.00142,-4.58E-05,0.0018661,0.0670752,0.0804,0.673032,8.43621E-05,-0.025669,0.00334875,0.206701,5.0096E-05,-2.23304E-06,-2.59996E-05,0.000051262,-1.65241E-06,6.73662E-05
0.0025475,0.5718,0.67,5.6086,-0.13745,0.014325,1.0879,0.0016439,0.00013505,-0.00097858,0.0015647,-0.00017995,0.0018864,0.068616,0.0804,0.673032,9.19648E-05,-0.0261155,0.00272175,0.206701,5.93448E-05,4.87531E-06,-3.53267E-05,5.64857E-05,-6.4962E-06,6.8099E-05
0.0028315,0.58405,0.67,5.6086,-0.13964,0.012342,1.0849,0.0019529,0.00035149,-0.0012335,0.0016723,-0.0002655,0.0020379,0.070086,0.0804,0.673032,0.000102217,-0.0265316,0.00234498,0.206131,7.04997E-05,1.26888E-05,-4.45294E-05,6.037E-05,-9.58455E-06,7.35682E-05
0.0030769,0.59575,0.67,5.6086,-0.14254,0.0086768,1.0829,0.0021902,0.00049596,-0.0013719,0.0017418,-0.0003056,0.0022217,0.07149,0.0804,0.673032,0.000111076,-0.0270826,0.001648592,0.205751,7.90662E-05,1.79042E-05,-4.95256E-05,6.2879E-05,-1.10322E-05,8.02034E-05
0.0030587,0.6069,0.67,5.6086,-0.1462,0.0035,1.0821,0.0022681,0.00053246,-0.0013412,0.0016775,-0.00031921,0.0021719,0.072828,0.0804,0.673032,0.000110419,-0.027778,0.000665,0.205599,8.18784E-05,1.92218E-05,-4.84173E-05,6.05578E-05,-1.15235E-05,7.84056E-05
0.0029313,0.61755,0.67,5.6086,-0.15034,-0.0015826,1.0852,0.0022211,0.00047866,-0.0012649,0.001523,-0.00038027,0.0021184,0.074106,0.0804,0.673032,0.00010582,-0.0285646,-0.000300694,0.206188,8.01817E-05,1.72796E-05,-4.56629E-05,5.49803E-05,-1.37277E-05,7.64742E-05
0.0027664,0.6277,0.67,5.6086,-0.15472,-0.0056861,1.0912,0.0020936,0.00037538,-0.0011378,0.0013568,-0.00048413,0.0020824,0.075324,0.0804,0.673032,9.9867E-05,-0.0293968,-0.001080359,0.207328,7.5579E-05,1.35512E-05,-4.10746E-05,4.89805E-05,-1.74771E-05,7.51746E-05
0.0025807,0.63738,0.67,5.6086,-0.15907,-0.0085788,1.096,0.0019158,0.00024618,-0.00098071,0.0012062,-0.00054826,0.0020393,0.0764856,0.0804,0.673032,9.31633E-05,-0.0302233,-0.001629972,0.20824,6.91604E-05,8.8871E-06,-3.54036E-05,4.35438E-05,-1.97922E-05,7.36187E-05
0.0024014,0.64661,0.67,5.6086,-0.16337,-0.010552,1.0991,0.0017107,0.00010842,-0.00080266,0.0011027,-0.00059692,0.0019893,0.0775932,0.0804,0.673032,8.66905E-05,-0.0310403,-0.00200488,0.208829,6.17563E-05,3.91396E-06,-2.8976E-05,3.98075E-05,-2.15488E-05,7.18137E-05
0.0021921,0.65542,0.67,5.6086,-0.16765,-0.012106,1.1009,0.0014986,-7.41E-06,-0.00058995,0.0010317,-0.00064152,0.001854,0.0786504,0.0804,0.673032,7.91348E-05,-0.0318535,-0.00230014,0.209171,5.40995E-05,-2.67407E-07,-2.12972E-05,3.72444E-05,-2.31589E-05,6.69294E-05
0.0020172,0.66381,0.67,5.6086,-0.17191,-0.013374,1.1032,0.0013148,-8.92E-05,-0.00035816,0.00098441,-0.00067468,0.0017352,0.0796572,0.0804,0.673032,7.28209E-05,-0.0326629,-0.00254106,0.209608,4.74643E-05,-3.219E-06,-1.29296E-05,3.55372E-05,-2.43559E-05,6.26407E-05
0.0019066,0.67207,0.67,5.6086,-0.17601,-0.014457,1.1065,0.0011758,-0.0001432,-0.00015411,0.00092965,-0.00070809,0.0017078,0.0806484,0.0804,0.673032,6.88283E-05,-0.0334419,-0.00274683,0.210235,4.24464E-05,-5.16952E-06,-5.56337E-06,3.35604E-05,-2.5562E-05,6.16516E-05
0.001867,0.68032,0.67,5.6086,-0.17966,-0.015446,1.1084,0.0010863,-0.00018216,-1.30E-05,0.00086541,-0.00071657,0.0017823,0.0816384,0.0804,0.673032,6.73987E-05,-0.0341354,-0.00293474,0.210596,3.92154E-05,-6.57598E-06,-4.67964E-07,3.12413E-05,-2.58682E-05,6.4341E-05
0.0018865,0.68858,0.67,5.6086,-0.18277,-0.016625,1.1081,0.0010593,-0.00020805,7.82E-05,0.0008232,-0.000718,0.0018906,0.0826296,0.0804,0.673032,6.81027E-05,-0.0347263,-0.00315875,0.210539,3.82407E-05,-7.51061E-06,2.82479E-06,2.97175E-05,-2.59198E-05,6.82507E-05
0.001952,0.69683,0.67,5.6086,-0.18544,-0.017961,1.1061,0.0010866,-0.00022967,0.00012532,0.00084336,-0.00072364,0.0019739,0.0836196,0.0804,0.673032,7.04672E-05,-0.0352336,-0.00341259,0.210159,3.92263E-05,-8.29109E-06,4.52405E-06,3.04453E-05,-2.61234E-05,7.12578E-05
0.0020294,0.70509,0.67,5.6086,-0.18767,-0.018864,1.1025,0.0011382,-0.00024861,0.00016028,0.0009227,-0.00073373,0.0019978,0.0846108,0.0804,0.673032,7.32613E-05,-0.0356573,-0.00358416,0.209475,4.1089E-05,-8.97482E-06,5.78611E-06,3.33095E-05,-2.64877E-05,7.21206E-05
0.0021414,0.71335,0.67,5.6086,-0.18962,-0.018899,1.0975,0.0012213,-0.00026119,0.00016861,0.0010377,-0.00074642,0.0020238,0.085602,0.0804,0.673032,7.73045E-05,-0.0360278,-0.00359081,0.208525,4.40889E-05,-9.42896E-06,6.08682E-06,3.7461E-05,-2.69458E-05,7.30592E-05
0.0022628,0.7216,0.67,5.6086,-0.19156,-0.018014,1.0917,0.0013284,-0.00026324,0.00015288,0.0011648,-0.00076315,0.0020324,0.086592,0.0804,0.673032,8.16871E-05,-0.0363964,-0.00342266,0.207423,4.79552E-05,-9.50296E-06,5.51897E-06,4.20493E-05,-2.75497E-05,7.33696E-05
0.0023857,0.72986,0.67,5.6086,-0.19333,-0.016258,1.0854,0.0014238,-0.00026251,0.00010137,0.0012881,-0.00078169,0.0020594,0.0875832,0.0804,0.673032,8.61238E-05,-0.0367327,-0.00308902,0.206226,5.13992E-05,-9.47661E-06,3.65946E-06,4.65004E-05,-2.8219E-05,7.43443E-05
0.0025372,0.73811,0.67,5.6086,-0.19474,-0.013787,1.0783,0.001502,-0.00026651,3.07E-05,0.001416,-0.00081171,0.0021565,0.0885732,0.0804,0.673032,9.15929E-05,-0.0370006,-0.00261953,0.204877,5.42222E-05,-9.62101E-06,1.10939E-06,5.11176E-05,-2.93027E-05,7.78497E-05
0.0027248,0.74637,0.67,5.6086,-0.19598,-0.01082,1.0703,0.0015601,-0.00027034,-4.85E-06,0.0015652,-0.00086258,0.0023242,0.0895644,0.0804,0.673032,9.83653E-05,-0.0372362,-0.0020558,0.203357,5.63196E-05,-9.75927E-06,-1.74966E-07,5.65037E-05,-3.11391E-05,8.39036E-05
0.0029704,0.75463,0.67,5.6086,-0.19717,-0.0075199,1.0614,0.0015961,-0.00027158,6.00E-06,0.0017482,-0.00096168,0.0025965,0.0905556,0.0804,0.673032,0.000107231,-0.0374623,-0.001428781,0.201666,5.76192E-05,-9.80404E-06,2.16452E-07,6.311E-05,-3.47166E-05,9.37337E-05
0.0032263,0.76288,0.67,5.6086,-0.19815,-0.004271,1.0528,0.0016344,-0.00027548,4.16E-05,0.0019411,-0.0010982,0.0028772,0.0915456,0.0804,0.673032,0.000116469,-0.0376485,-0.00081149,0.200032,5.90018E-05,-9.94483E-06,1.50104E-06,7.00737E-05,-3.9645E-05,0.000103867
0.0034554,0.77114,0.67,5.6086,-0.19935,-0.0014164,1.0452,0.0016888,-0.00030053,0.00010713,0.0021045,-0.0012365,0.0031175,0.0925368,0.0804,0.673032,0.00012474,-0.0378765,-0.000269116,0.198588,6.09657E-05,-1.08491E-05,3.86739E-06,7.59725E-05,-4.46377E-05,0.000112542
0.0036369,0.7794,0.67,5.6086,-0.20126,0.001028,1.0388,0.0017449,-0.00036325,0.00020558,0.002226,-0.0013318,0.0033029,0.093528,0.0804,0.673032,0.000131292,-0.0382394,0.00019532,0.197372,6.29909E-05,-1.31133E-05,7.42144E-06,8.03586E-05,-4.8078E-05,0.000119235
0.0037549,0.78765,0.67,5.6086,-0.2035,0.0031736,1.0331,0.0017882,-0.00046619,0.00032644,0.0023229,-0.0013538,0.0033987,0.094518,0.0804,0.673032,0.000135552,-0.038665,0.000602984,0.196289,6.4554E-05,-1.68295E-05,1.17845E-05,8.38567E-05,-4.88722E-05,0.000122693
0.003832,0.79591,0.67,5.6086,-0.20593,0.0049328,1.0278,0.0018425,-0.00058993,0.00044681,0.0023986,-0.0013005,0.0034229,0.0955092,0.0804,0.673032,0.000138335,-0.0391267,0.000937232,0.195282,6.65143E-05,-2.12965E-05,1.61298E-05,8.65895E-05,-4.69481E-05,0.000123567
0.0038612,0.80416,0.67,5.6086,-0.20875,0.0060403,1.0228,0.0019086,-0.000687,0.00055873,0.0024124,-0.0012135,0.0034014,0.0964992,0.0804,0.673032,0.000139389,-0.0396625,0.001147657,0.194332,6.89005E-05,-2.48007E-05,2.01702E-05,8.70876E-05,-4.38074E-05,0.000122791
0.003855,0.81242,0.67,5.6086,-0.21147,0.006512,1.0176,0.0019611,-0.00072365,0.00065333,0.0023251,-0.0011337,0.0034238,0.0974904,0.0804,0.673032,0.000139166,-0.0401793,0.00123728,0.193344,7.07957E-05,-2.61238E-05,2.35852E-05,8.39361E-05,-4.09266E-05,0.000123599
0.0038571,0.82068,0.67,5.6086,-0.21375,0.0068421,1.0113,0.0020214,-0.00071334,0.00071115,0.0021701,-0.0010726,0.0035227,0.0984816,0.0804,0.673032,0.000139241,-0.0406125,0.001299999,0.192147,7.29725E-05,-2.57516E-05,2.56725E-05,7.83406E-05,-3.87209E-05,0.000127169
0.0038762,0.82893,0.67,5.6086,-0.21576,0.0073389,1.0037,0.0021105,-0.00068441,0.00073786,0.0020058,-0.001019,0.0036361,0.0994716,0.0804,0.673032,0.000139931,-0.0409944,0.001394391,0.190703,7.61891E-05,-2.47072E-05,2.66367E-05,7.24094E-05,-3.67859E-05,0.000131263
0.0038739,0.83719,0.67,5.6086,-0.2175,0.0077122,0.99517,0.0022313,-0.00063772,0.00072223,0.0018431,-0.00096699,0.0036733,0.1004628,0.0804,0.673032,0.000139848,-0.041325,0.001465318,0.1890823,8.05499E-05,-2.30217E-05,2.60725E-05,6.65359E-05,-3.49083E-05,0.000132606
0.0038309,0.84544,0.67,5.6086,-0.21897,0.007486,0.98667,0.0023795,-0.0005637,0.00068691,0.0016834,-0.00090637,0.003599,0.1014528,0.0804,0.673032,0.000138295,-0.0416043,0.00142234,0.1874673,8.59E-05,-2.03496E-05,2.47975E-05,6.07707E-05,-3.272E-05,0.000129924
0.0037707,0.8537,0.67,5.6086,-0.22033,0.0068333,0.97944,0.0025335,-0.00048613,0.00068735,0.0015573,-0.00084107,0.0034505,0.102444,0.0804,0.673032,0.000136122,-0.0418627,0.001298327,0.1860936,9.14594E-05,-1.75493E-05,2.48133E-05,5.62185E-05,-3.03626E-05,0.000124563
0.0037667,0.86196,0.67,5.6086,-0.22174,0.0063863,0.97344,0.0027016,-0.00042569,0.00075962,0.0014812,-0.00079902,0.0033507,0.1034352,0.0804,0.673032,0.000135978,-0.0421306,0.001213397,0.1849536,9.75278E-05,-1.53674E-05,2.74223E-05,5.34713E-05,-2.88446E-05,0.00012096
0.0038562,0.87021,0.67,5.6086,-0.22303,0.0061962,0.96743,0.0029129,-0.00037792,0.00083545,0.0014273,-0.0007691,0.0033721,0.1044252,0.0804,0.673032,0.000139209,-0.0423757,0.001177278,0.1838117,0.000105156,-1.36429E-05,3.01597E-05,5.15255E-05,-2.77645E-05,0.000121733
0.0039925,0.87847,0.67,5.6086,-0.22393,0.0057726,0.96045,0.0031423,-0.00033549,0.00088092,0.0013623,-0.00072652,0.0034805,0.1054164,0.0804,0.673032,0.000144129,-0.0425467,0.001096794,0.1824855,0.000113437,-1.21112E-05,3.18012E-05,4.9179E-05,-2.62274E-05,0.000125646
0.0041343,0.88672,0.67,5.6086,-0.22493,0.0046112,0.95288,0.003369,-0.00028531,0.00088983,0.00129,-0.00068231,0.0036096,0.1064064,0.0804,0.673032,0.000149248,-0.0427367,0.000876128,0.1810472,0.000121621,-1.02997E-05,3.21229E-05,0.000046569,-2.46314E-05,0.000130307
0.0043084,0.89498,0.67,5.6086,-0.22602,0.0024402,0.94536,0.0036096,-0.000222,0.00091893,0.0012263,-0.00065638,0.0037808,0.1073976,0.0804,0.673032,0.000155533,-0.0429438,0.000463638,0.1796184,0.000130307,-8.0142E-06,3.31734E-05,4.42694E-05,-2.36953E-05,0.000136487
0.0045452,0.90324,0.67,5.6086,-0.22661,-0.00055012,0.93768,0.0038763,-0.0001647,0.00095572,0.0011698,-0.00065801,0.0040443,0.1083888,0.0804,0.673032,0.000164082,-0.0430559,-0.000104523,0.1781592,0.000139934,-5.94567E-06,3.45015E-05,4.22298E-05,-2.37542E-05,0.000145999
0.0047916,0.91149,0.67,5.6086,-0.22701,-0.0038631,0.92952,0.0041433,-0.00012703,0.0010187,0.0011272,-0.00067065,0.0043127,0.1093788,0.0804,0.673032,0.000172977,-0.0431319,-0.000733989,0.1766088,0.000149573,-4.58578E-06,3.67751E-05,4.06919E-05,-2.42105E-05,0.000155688
0.0050033,0.91975,0.67,5.6086,-0.2273,-0.0069181,0.92052,0.004386,-0.00010667,0.0010842,0.00112,-0.00064628,0.0045006,0.11037,0.0804,0.673032,0.000180619,-0.043187,-0.001314439,0.1748988,0.000158335,-3.85079E-06,3.91396E-05,0.000040432,-2.33307E-05,0.000162472
0.0051605,0.92801,0.67,5.6086,-0.22723,-0.0091477,0.91044,0.0046019,-0.00010818,0.0011667,0.0011247,-0.0005523,0.0045945,0.1113612,0.0804,0.673032,0.000186294,-0.0431737,-0.001738063,0.1729836,0.000166129,-3.9053E-06,4.21179E-05,4.06017E-05,-1.9938E-05,0.000165861
0.0052533,0.93626,0.67,5.6086,-0.22703,-0.010277,0.89935,0.0048139,-9.87E-05,0.0012381,0.0011024,-0.00042395,0.0045902,0.1123512,0.0804,0.673032,0.000189644,-0.0431357,-0.00195263,0.1708765,0.000173782,-3.5621E-06,4.46954E-05,3.97966E-05,-1.53046E-05,0.000165706
0.0053041,0.94452,0.67,5.6086,-0.22667,-0.010486,0.88747,0.0050538,-4.63E-05,0.0012807,0.0010558,-0.00026968,0.0044986,0.1133424,0.0804,0.673032,0.000191478,-0.0430673,-0.00199234,0.1686193,0.000182442,-1.67031E-06,4.62333E-05,3.81144E-05,-9.73545E-06,0.000162399
0.0052966,0.95277,0.67,5.6086,-0.22643,-0.010215,0.87545,0.0052641,2.93E-05,0.0012797,0.0010095,-0.00010038,0.0043195,0.1143324,0.0804,0.673032,0.000191207,-0.0430217,-0.00194085,0.1663355,0.000190034,1.05733E-06,4.61972E-05,3.6443E-05,-3.62372E-06,0.000155934
0.0053016,0.96103,0.67,5.6086,-0.22636,-0.009835,0.86376,0.0054259,0.00012898,0.0011921,0.001002,3.45E-05,0.0041754,0.1153236,0.0804,0.673032,0.000191388,-0.0430084,-0.00186865,0.1641144,0.000195875,4.65618E-06,4.30348E-05,3.61722E-05,1.24379E-06,0.000150732
0.0054305,0.96929,0.67,5.6086,-0.22539,-0.0092959,0.85224,0.0056296,0.000256,0.0010282,0.0010723,0.00012063,0.004159,0.1163148,0.0804,0.673032,0.000196041,-0.0428241,-0.001766221,0.1619256,0.000203229,9.2416E-06,3.7118E-05,3.871E-05,4.35474E-06,0.00015014
0.0056886,0.97754,0.67,5.6086,-0.22449,-0.008523,0.84151,0.0058848,0.000406,0.0008153,0.0012368,0.00014868,0.0042555,0.1173048,0.0804,0.673032,0.000205358,-0.0426531,-0.00161937,0.1598869,0.000212441,1.46566E-05,2.94323E-05,4.46485E-05,5.36735E-06,0.000153624
0.00604,0.9858,0.67,5.6086,-0.22406,-0.0076683,0.83224,0.0061642,0.00055713,0.00068097,0.001475,0.00014222,0.0044409,0.118296,0.0804,0.673032,0.000218044,-0.0425714,-0.001456977,0.1581256,0.000222528,2.01124E-05,2.4583E-05,5.32475E-05,5.13414E-06,0.000160316
0.0063944,0.99405,0.67,5.6086,-0.22267,-0.0066749,0.82392,0.0064172,0.00068731,0.00057167,0.0017216,0.00013704,0.0046501,0.119286,0.0804,0.673032,0.000230838,-0.0423073,-0.001268231,0.1565448,0.000231661,2.48119E-05,2.06373E-05,6.21498E-05,4.94714E-06,0.000167869
0.0067727,1.0023,0.67,5.6086,-0.22083,-0.0056002,0.81613,0.0066481,0.00076507,0.00049841,0.0018895,0.00013798,0.0050078,0.120276,0.0804,0.673032,0.000244494,-0.0419577,-0.001064038,0.1550647,0.000239996,2.7619E-05,1.79926E-05,6.8211E-05,4.98108E-06,0.000180782
0.0071012,1.0106,0.67,5.6086,-0.2194,-0.0048093,0.80807,0.0068598,0.0007722,0.0004406,0.0019249,0.00012097,0.0054178,0.121272,0.0804,0.673032,0.000256353,-0.041686,-0.000913767,0.1535333,0.000247639,2.78764E-05,1.59057E-05,6.94889E-05,4.36702E-06,0.000195583
0.0073894,1.0188,0.67,5.6086,-0.21813,-0.0047334,0.79896,0.0070408,0.00071477,0.00038787,0.0018299,5.15E-05,0.0059081,0.122256,0.0804,0.673032,0.000266757,-0.0414447,-0.000899346,0.1518024,0.000254173,2.58032E-05,1.40021E-05,6.60594E-05,1.8585E-06,0.000213282
0.0076117,1.0271,0.67,5.6086,-0.21673,-0.005546,0.78906,0.0071904,0.0005884,0.00034827,0.0016578,-8.04E-05,0.0063752,0.123252,0.0804,0.673032,0.000274782,-0.0411787,-0.00105374,0.1499214,0.000259573,2.12412E-05,1.25725E-05,5.98466E-05,-2.90421E-06,0.000230145
0.0077633,1.0353,0.67,5.6086,-0.21506,-0.006956,0.77847,0.0072086,0.00041573,0.00026913,0.0014819,-0.00025061,0.0068361,0.124236,0.0804,0.673032,0.000280255,-0.0408614,-0.00132164,0.1479093,0.00026023,1.50079E-05,9.71559E-06,5.34966E-05,-9.04702E-06,0.000246783
0.0079436,1.0436,0.67,5.6086,-0.21333,-0.008495,0.76774,0.0071907,0.0002142,0.00025558,0.0013513,-0.00043078,0.007345,0.125232,0.0804,0.673032,0.000286764,-0.0405327,-0.00161405,0.1458706,0.000259584,7.73262E-06,9.22644E-06,4.87819E-05,-1.55512E-05,0.000265155
0.0081361,1.0518,0.67,5.6086,-0.21208,-0.0098807,0.75749,0.0071837,2.10E-05,0.00019254,0.0012743,-0.00060311,0.0078143,0.126216,0.0804,0.673032,0.000293713,-0.0402952,-0.001877333,0.1439231,0.000259332,7.59869E-07,6.95069E-06,4.60022E-05,-2.17723E-05,0.000282096
0.0084045,1.0601,0.67,5.6086,-0.21113,-0.011003,0.7476,0.0071463,-0.00011265,7.98E-05,0.00123,-0.0007389,0.0084327,0.127212,0.0804,0.673032,0.000303402,-0.0401147,-0.00209057,0.142044,0.000257981,-4.06667E-06,2.88147E-06,0.000044403,-2.66743E-05,0.00030442
0.0086081,1.0684,0.67,5.6086,-0.20992,-0.011839,0.73754,0.007063,-0.00017776,-3.11E-05,0.0012013,-0.00083225,0.008952,0.128208,0.0804,0.673032,0.000310752,-0.0398848,-0.00224941,0.1401326,0.000254974,-6.41714E-06,-1.12101E-06,4.33669E-05,-3.00442E-05,0.000323167
0.0087833,1.0766,0.67,5.6086,-0.20806,-0.012431,0.72681,0.0069569,-0.00019738,-0.0001036,0.0011803,-0.0008822,0.0094295,0.129192,0.0804,0.673032,0.000317077,-0.0395314,-0.00236189,0.1380939,0.000251144,-7.12542E-06,-3.73996E-06,4.26088E-05,-3.18474E-05,0.000340405
0.0089824,1.0849,0.67,5.6086,-0.20531,-0.012564,0.71574,0.0069689,-0.000207,-8.49E-05,0.0011752,-0.00091431,0.0098207,0.130188,0.0804,0.673032,0.000324265,-0.0390089,-0.00238716,0.1359906,0.000251577,-7.4727E-06,-3.06348E-06,4.24247E-05,-3.30066E-05,0.000354527
0.0091578,1.0931,0.67,5.6086,-0.20221,-0.011962,0.70472,0.0070122,-0.0002418,-0.00017342,0.0012016,-0.00095521,0.010102,0.131172,0.0804,0.673032,0.000330597,-0.0384199,-0.00227278,0.1338968,0.00025314,-8.72898E-06,-6.26046E-06,4.33778E-05,-3.44831E-05,0.000364682
0.0093475,1.1014,0.67,5.6086,-0.19897,-0.010367,0.69418,0.0070285,-0.00028101,-0.00022524,0.0012518,-0.0010008,0.010415,0.132168,0.0804,0.673032,0.000337445,-0.0378043,-0.00196973,0.1318942,0.000253729,-1.01445E-05,-8.13116E-06,4.519E-05,-3.61289E-05,0.000375982
0.0094845,1.1096,0.67,5.6086,-0.19538,-0.00824,0.68444,0.0070698,-0.00029141,-0.00025473,0.0013269,-0.0010482,0.010572,0.133152,0.0804,0.673032,0.00034239,-0.0371222,-0.0015656,0.1300436,0.00025522,-1.05199E-05,-9.19575E-06,4.79011E-05,-3.784E-05,0.000381649
0.0096316,1.1179,0.67,5.6086,-0.19162,-0.0069498,0.67533,0.0071578,-0.00026709,-0.00023533,0.0014388,-0.0010871,0.010667,0.134148,0.0804,0.673032,0.000347701,-0.0364078,-0.001320462,0.1283127,0.000258397,-9.64195E-06,-8.49541E-06,5.19407E-05,-3.92443E-05,0.000385079
0.0097168,1.1262,0.67,5.6086,-0.18768,-0.0070546,0.66716,0.0072712,-0.00020332,-0.00014863,0.0015814,-0.0011358,0.010581,0.135144,0.0804,0.673032,0.000350776,-0.0356592,-0.001340374,0.1267604,0.00026249,-7.33985E-06,-5.36554E-06,5.70885E-05,-4.10024E-05,0.000381974
0.0096798,1.1344,0.67,5.6086,-0.18376,-0.0079773,0.66039,0.0073348,-0.00011398,-8.32E-05,0.0017296,-0.0011879,0.010295,0.136128,0.0804,0.673032,0.000349441,-0.0349144,-0.001515687,0.1254741,0.000264786,-4.11468E-06,-3.00215E-06,6.24386E-05,-4.28832E-05,0.00037165
0.0096557,1.1427,0.67,5.6086,-0.17978,-0.0090528,0.65496,0.0074726,-2.59E-05,-2.37E-06,0.001833,-0.0011968,0.010006,0.137124,0.0804,0.673032,0.000348571,-0.0341582,-0.001720032,0.1244424,0.000269761,-9.33907E-07,-8.5427E-08,6.61713E-05,-4.32045E-05,0.000361217
0.0095607,1.1509,0.67,5.6086,-0.17595,-0.010012,0.65096,0.0076645,5.28E-05,2.53E-05,0.0018583,-0.0011388,0.0095985,0.138108,0.0804,0.673032,0.000345141,-0.0334305,-0.00190228,0.1236824,0.000276688,1.90655E-06,9.125E-07,6.70846E-05,-4.11107E-05,0.000346506
0.0093803,1.1592,0.67,5.6086,-0.17212,-0.010737,0.64775,0.0077634,0.00011406,-5.56E-05,0.0018059,-0.0010527,0.0091912,0.139104,0.0804,0.673032,0.000338629,-0.0327028,-0.00204003,0.1230725,0.000280259,4.11757E-06,-2.00561E-06,6.5193E-05,-3.80025E-05,0.000331802
0.0092811,1.1674,0.67,5.6086,-0.16767,-0.011072,0.64421,0.0078926,0.00014419,1.33E-05,0.001708,-0.00095737,0.0089616,0.140088,0.0804,0.673032,0.000335048,-0.0318573,-0.00210368,0.1223999,0.000284923,5.20526E-06,4.80672E-07,6.16588E-05,-3.45611E-05,0.000323514
0.0091714,1.1757,0.67,5.6086,-0.16255,-0.011423,0.64067,0.0080163,0.00015848,4.41E-05,0.0015965,-0.0008683,0.0087299,0.141084,0.0804,0.673032,0.000331088,-0.0308845,-0.00217037,0.1217273,0.000289388,5.72113E-06,1.59378E-06,5.76337E-05,-3.13456E-05,0.000315149
0.0090293,1.1839,0.67,5.6086,-0.15687,-0.011827,0.63684,0.007982,0.00015094,-2.91E-05,0.0014903,-0.0007878,0.0085863,0.142068,0.0804,0.673032,0.000325958,-0.0298053,-0.00224713,0.1209996,0.00028815,5.44893E-06,-1.04964E-06,5.37998E-05,-2.84396E-05,0.000309965
0.0090129,1.1922,0.67,5.6086,-0.15048,-0.012341,0.63233,0.0079978,0.00012539,7.73E-05,0.0014104,-0.00070305,0.0086175,0.143064,0.0804,0.673032,0.000325366,-0.0285912,-0.00234479,0.1201427,0.000288721,4.52658E-06,2.79039E-06,5.09154E-05,-2.53801E-05,0.000311092
0.0090779,1.2005,0.67,5.6086,-0.1437,-0.013101,0.62859,0.0081566,9.67E-05,0.00017119,0.0013655,-0.00063975,0.0086336,0.14406,0.0804,0.673032,0.000327712,-0.027303,-0.00248919,0.1194321,0.000294453,3.49145E-06,6.17996E-06,4.92946E-05,-2.3095E-05,0.000311673
0.0090499,1.2087,0.67,5.6086,-0.13728,-0.013975,0.62665,0.0082004,8.15E-05,0.00017707,0.0013575,-0.00057743,0.0085419,0.145044,0.0804,0.673032,0.000326701,-0.0260832,-0.00265525,0.1190635,0.000296034,2.94255E-06,6.39223E-06,4.90058E-05,-2.08452E-05,0.000308363
0.0089822,1.217,0.67,5.6086,-0.13127,-0.014805,0.62651,0.0081689,0.0001133,0.00025061,0.0013614,-0.0004918,0.0084341,0.14604,0.0804,0.673032,0.000324257,-0.0249413,-0.00281295,0.1190369,0.000294897,4.09013E-06,9.04702E-06,4.91465E-05,-1.7754E-05,0.000304471
0.0088976,1.2252,0.67,5.6086,-0.12535,-0.015544,0.62817,0.0082186,0.00016276,0.00043304,0.0013638,-0.00037819,0.0082129,0.147024,0.0804,0.673032,0.000321203,-0.0238165,-0.00295336,0.1193523,0.000296691,5.87564E-06,1.56327E-05,4.92332E-05,-1.36527E-05,0.000296486
0.0087425,1.2335,0.67,5.6086,-0.11942,-0.016362,0.63151,0.0081852,0.00019969,0.00051849,0.0013653,-0.00023407,0.0079345,0.14802,0.0804,0.673032,0.000315604,-0.0226898,-0.00310878,0.1199869,0.000295486,7.20881E-06,1.87175E-05,4.92873E-05,-8.44993E-06,0.000286435
0.0085622,1.2417,0.67,5.6086,-0.1132,-0.017309,0.63522,0.008006,0.00022099,0.00057566,0.0013732,-7.82E-05,0.0077452,0.149004,0.0804,0.673032,0.000309095,-0.021508,-0.00328871,0.1206918,0.000289017,7.97774E-06,2.07813E-05,4.95725E-05,-2.82392E-06,0.000279602
0.0083801,1.25,0.67,5.6086,-0.10628,-0.018803,0.63759,0.0077389,0.00020785,0.00065857,0.0013943,7.47E-05,0.0076272,0.15,0.0804,0.673032,0.000302522,-0.0201932,-0.00357257,0.1211421,0.000279374,7.50339E-06,2.37744E-05,5.03342E-05,2.6962E-06,0.000275342
0.0081761,1.2583,0.67,5.6086,-0.098737,-0.020849,0.63846,0.0073585,0.00015323,0.00067126,0.0014179,0.00020386,0.0075757,0.150996,0.0804,0.673032,0.000295157,-0.01876003,-0.00396131,0.1213074,0.000265642,5.5316E-06,2.42325E-05,5.11862E-05,7.35935E-06,0.000273483
0.0079851,1.2665,0.67,5.6086,-0.090864,-0.022921,0.63857,0.0069331,7.33E-05,0.00059523,0.0014462,0.00030768,0.007591,0.15198,0.0804,0.673032,0.000288262,-0.01726416,-0.00435499,0.1213283,0.000250285,2.64465E-06,2.14878E-05,5.22078E-05,1.11072E-05,0.000274035
0.0078854,1.2748,0.67,5.6086,-0.082827,-0.024369,0.63814,0.0065905,-1.20E-05,0.00051693,0.0014897,0.00043493,0.0076906,0.152976,0.0804,0.673032,0.000284663,-0.01573713,-0.00463011,0.1212466,0.000237917,-4.33597E-07,1.86612E-05,5.37782E-05,1.5701E-05,0.000277631
0.0078544,1.283,0.67,5.6086,-0.074672,-0.024984,0.63664,0.0063203,-9.45E-05,0.00041915,0.0015461,0.00060258,0.0078424,0.15396,0.0804,0.673032,0.000283544,-0.01418768,-0.00474696,0.1209616,0.000228163,-3.41091E-06,1.51313E-05,5.58142E-05,2.17531E-05,0.000283111
0.007885,1.2913,0.67,5.6086,-0.066346,-0.024985,0.63387,0.0060991,-0.00017774,0.00030079,0.0015925,0.00078996,0.0080785,0.154956,0.0804,0.673032,0.000284649,-0.01260574,-0.00474715,0.1204353,0.000220178,-6.41641E-06,1.08585E-05,5.74893E-05,2.85176E-05,0.000291634
0.0078522,1.2995,0.67,5.6086,-0.057827,-0.02474,0.63053,0.0059211,-0.00025198,0.00013677,0.0015989,0.00095904,0.0081845,0.15594,0.0804,0.673032,0.000283464,-0.01098713,-0.0047006,0.1198007,0.000213752,-9.09648E-06,4.9374E-06,5.77203E-05,3.46213E-05,0.00029546
0.0077543,1.3078,0.67,5.6086,-0.049275,-0.024476,0.62693,0.0057587,-0.00029541,-1.70E-05,0.0015455,0.0010677,0.0082043,0.156936,0.0804,0.673032,0.00027993,-0.00936225,-0.00465044,0.1191167,0.000207889,-1.06643E-05,-6.12942E-07,5.57926E-05,3.8544E-05,0.000296175
0.0076084,1.316,0.67,5.6086,-0.040521,-0.024268,0.62313,0.0056072,-0.00030185,-3.77E-06,0.0014352,0.0010872,0.0081743,0.15792,0.0804,0.673032,0.000274663,-0.00769899,-0.00461092,0.1183947,0.00020242,-1.08968E-05,-1.36061E-07,5.18107E-05,3.92479E-05,0.000295092
0.0073095,1.3243,0.67,5.6086,-0.031404,-0.02411,0.6192,0.0053195,-0.00027984,9.83E-06,0.0012921,0.0010324,0.0080073,0.158916,0.0804,0.673032,0.000263873,-0.00596676,-0.0045809,0.117648,0.000192034,-1.01022E-05,3.54776E-07,4.66448E-05,3.72696E-05,0.000289064
0.0069941,1.3326,0.67,5.6086,-0.022136,-0.023943,0.61524,0.004992,-0.0002538,-0.00010989,0.0011453,0.0009582,0.0078509,0.159912,0.0804,0.673032,0.000252487,-0.00420584,-0.00454917,0.1168956,0.000180211,-9.16218E-06,-3.96703E-06,4.13453E-05,3.4591E-05,0.000283417
0.0068538,1.3408,0.67,5.6086,-0.013174,-0.023927,0.61197,0.0049647,-0.00023338,-0.00029133,0.0010082,0.00086535,0.0077347,0.160896,0.0804,0.673032,0.000247422,-0.00250306,-0.00454613,0.1162743,0.000179226,-8.42502E-06,-1.0517E-05,3.6396E-05,3.12391E-05,0.000279223
0.0064844,1.3491,0.67,5.6086,-0.0042117,-0.023866,0.60979,0.0048565,-0.0001924,-0.00026183,0.00088818,0.0007313,0.0072241,0.161892,0.0804,0.673032,0.000234087,-0.000800223,-0.00453454,0.1158601,0.00017532,-6.94564E-06,-9.45206E-06,3.20633E-05,2.63999E-05,0.00026079
0.0060197,1.3573,0.67,5.6086,0.0052145,-0.024203,0.60794,0.0044569,-0.00014411,-0.00026749,0.00080382,0.00062586,0.0067787,0.162876,0.0804,0.673032,0.000217311,0.000990755,-0.00459857,0.1155086,0.000160894,-5.20237E-06,-9.65639E-06,2.90179E-05,2.25935E-05,0.000244711
0.0059595,1.3656,0.67,5.6086,0.014435,-0.024292,0.6069,0.0044279,-0.00010216,-0.00054546,0.00074557,0.00050921,0.0067455,0.163872,0.0804,0.673032,0.000215138,0.00274265,-0.00461548,0.115311,0.000159847,-3.68798E-06,-1.96911E-05,2.69151E-05,1.83825E-05,0.000243513
0.0056426,1.3738,0.67,5.6086,0.023182,-0.024262,0.60764,0.0043846,-8.67E-05,-0.00062513,0.00069757,0.00039127,0.006203,0.164856,0.0804,0.673032,0.000203698,0.00440458,-0.00460978,0.1154516,0.000158284,-3.13164E-06,-2.25672E-05,2.51823E-05,1.41248E-05,0.000223928
0.0051666,1.3821,0.67,5.6086,0.032349,-0.024503,0.60945,0.0039066,-9.28E-05,-0.0004511,0.00067199,0.00029273,0.0057547,0.165852,0.0804,0.673032,0.000186514,0.00614631,-0.00465557,0.1157955,0.000141028,-3.3495E-06,-1.62847E-05,2.42588E-05,1.05676E-05,0.000207745
0.0049351,1.3903,0.67,5.6086,0.041709,-0.024511,0.61284,0.003674,-9.50E-05,-0.00058172,0.00066249,0.00018908,0.0055338,0.166836,0.0804,0.673032,0.000178157,0.00792471,-0.00465709,0.1164396,0.000132631,-3.42784E-06,-2.10001E-05,2.39159E-05,6.82579E-06,0.00019977
0.0046396,1.3986,0.67,5.6086,0.050572,-0.024553,0.61735,0.0035778,-0.00011025,-0.00071721,0.00068467,0.00010102,0.0050167,0.167832,0.0804,0.673032,0.00016749,0.00960868,-0.00466507,0.1172965,0.000129159,-3.98003E-06,-2.58913E-05,2.47166E-05,3.64682E-06,0.000181103
0.0044348,1.4069,0.67,5.6086,0.05926,-0.024077,0.62214,0.0033496,-0.00012992,-0.00067778,0.00073767,1.54E-05,0.0047823,0.168828,0.0804,0.673032,0.000160096,0.0112594,-0.00457463,0.1182066,0.000120921,-4.69011E-06,-2.44679E-05,2.66299E-05,5.57673E-07,0.000172641
0.0044831,1.4151,0.67,5.6086,0.067263,-0.023921,0.62758,0.0033029,-0.00015241,-0.00088603,0.00081227,-1.64E-06,0.0048511,0.169812,0.0804,0.673032,0.00016184,0.01277997,-0.00454499,0.1192402,0.000119235,-5.502E-06,-3.19857E-05,2.93229E-05,-5.93701E-08,0.000175125
0.004313,1.4234,0.67,5.6086,0.074857,-0.023472,0.63362,0.0031935,-0.00019077,-0.00083867,0.00091384,-4.23E-05,0.0045186,0.170808,0.0804,0.673032,0.000155699,0.01422283,-0.00445968,0.1203878,0.000115285,-6.8868E-06,-3.0276E-05,3.29896E-05,-1.52624E-06,0.000163121
0.0042833,1.4316,0.67,5.6086,0.082509,-0.022753,0.6404,0.003083,-0.00022956,-0.00091405,0.0010129,-5.23E-05,0.0044706,0.171792,0.0804,0.673032,0.000154627,0.01567671,-0.00432307,0.121676,0.000111296,-8.28712E-06,-3.29972E-05,3.65657E-05,-1.8889E-06,0.000161389
0.0042765,1.4399,0.67,5.6086,0.089905,-0.022691,0.64849,0.0030783,-0.00028584,-0.0010395,0.0011279,2.57E-05,0.0043468,0.172788,0.0804,0.673032,0.000154382,0.01708195,-0.00431129,0.1232131,0.000111127,-1.03188E-05,-3.7526E-05,4.07172E-05,9.27301E-07,0.000156919
0.0041613,1.4481,0.67,5.6086,0.097158,-0.022541,0.65753,0.0029162,-0.00035011,-0.00097122,0.0012373,6.80E-05,0.0041692,0.173772,0.0804,0.673032,0.000150223,0.01846002,-0.00428279,0.1249307,0.000105275,-1.2639E-05,-3.5061E-05,4.46665E-05,2.45621E-06,0.000150508
0.0041356,1.4564,0.67,5.6086,0.10414,-0.022752,0.66714,0.0028017,-0.00041475,-0.0010696,0.0013281,0.00011243,0.0041415,0.174768,0.0804,0.673032,0.000149295,0.0197866,-0.00432288,0.1267566,0.000101141,-1.49725E-05,-3.86126E-05,4.79444E-05,4.05872E-06,0.000149508
0.0040058,1.4647,0.67,5.6086,0.11065,-0.02347,0.67721,0.0027284,-0.00048468,-0.0010357,0.0014141,0.00014208,0.003869,0.175764,0.0804,0.673032,0.000144609,0.0210235,-0.0044593,0.1286699,9.84952E-05,-1.74969E-05,-3.73888E-05,5.1049E-05,5.12909E-06,0.000139671
0.0039482,1.4729,0.67,5.6086,0.11661,-0.024512,0.68764,0.0026707,-0.00052498,-0.0010229,0.0014721,0.00015587,0.0037537,0.176748,0.0804,0.673032,0.00014253,0.0221559,-0.00465728,0.1306516,9.64123E-05,-1.89518E-05,-3.69267E-05,5.31428E-05,5.62691E-06,0.000135509
0.0038211,1.4812,0.67,5.6086,0.12194,-0.025742,0.69843,0.0025658,-0.00054363,-0.00093647,0.0015089,0.00014285,0.0035675,0.177744,0.0804,0.673032,0.000137942,0.0231686,-0.00489098,0.1327017,9.26254E-05,-1.9625E-05,-3.38066E-05,5.44713E-05,5.15689E-06,0.000128787
0.0037305,1.4894,0.67,5.6086,0.12741,-0.026719,0.70936,0.0024527,-0.00054099,-0.00082253,0.0015257,9.48E-05,0.0034825,0.178728,0.0804,0.673032,0.000134671,0.0242079,-0.00507661,0.1347784,8.85425E-05,-1.95297E-05,-2.96933E-05,5.50778E-05,3.42322E-06,0.000125718
0.0036747,1.4977,0.67,5.6086,0.13321,-0.027409,0.72031,0.0024329,-0.0005144,-0.00074128,0.0015377,1.76E-05,0.0033789,0.179724,0.0804,0.673032,0.000132657,0.0253099,-0.00520771,0.1368589,8.78277E-05,-1.85698E-05,-2.67602E-05,5.5511E-05,6.33736E-07,0.000121978
0.0035859,1.5059,0.67,5.6086,0.1388,-0.02804,0.73064,0.0023451,-0.00048465,-0.00065804,0.0015325,-9.74E-05,0.0032941,0.180708,0.0804,0.673032,0.000129451,0.026372,-0.0053276,0.1388216,8.46581E-05,-1.74959E-05,-2.37552E-05,5.53233E-05,-3.51455E-06,0.000118917
0.0034806,1.5142,0.67,5.6086,0.14413,-0.028771,0.74027,0.0022239,-0.00047868,-0.0005859,0.0015027,-0.00024109,0.0032346,0.181704,0.0804,0.673032,0.00012565,0.0273847,-0.00546649,0.1406513,8.02828E-05,-1.72803E-05,-2.1151E-05,5.42475E-05,-8.70335E-06,0.000116769
0.0034008,1.5224,0.67,5.6086,0.14909,-0.029542,0.74958,0.0021281,-0.00049087,-0.0004768,0.0014676,-0.00042,0.0032058,0.182688,0.0804,0.673032,0.000122769,0.0283271,-0.00561298,0.1424202,7.68244E-05,-1.77204E-05,-1.72125E-05,5.29804E-05,-0.000015162,0.000115729
0.0033579,1.5307,0.67,5.6086,0.15332,-0.030069,0.75874,0.0020314,-0.00050292,-0.00036737,0.0014323,-0.00060253,0.0032521,0.183684,0.0804,0.673032,0.00012122,0.0291308,-0.00571311,0.1441606,7.33335E-05,-1.81554E-05,-1.32621E-05,5.1706E-05,-2.17513E-05,0.000117401
0.0033403,1.539,0.67,5.6086,0.15705,-0.029891,0.76829,0.0019584,-0.00051268,-0.00025197,0.0014112,-0.00076278,0.003311,0.18468,0.0804,0.673032,0.000120585,0.0298395,-0.00567929,0.1459751,7.06982E-05,-1.85077E-05,-9.09612E-06,5.09443E-05,-2.75364E-05,0.000119527
0.0033391,1.5472,0.67,5.6086,0.16122,-0.028928,0.77887,0.0019171,-0.00051659,-0.00013584,0.0014122,-0.00088424,0.003349,0.185664,0.0804,0.673032,0.000120542,0.0306318,-0.00549632,0.1479853,6.92073E-05,-1.86489E-05,-4.90382E-06,5.09804E-05,-3.19211E-05,0.000120899
0.0033411,1.5555,0.67,5.6086,0.16599,-0.027391,0.79033,0.001893,-0.0005214,-3.18E-05,0.001435,-0.00094939,0.0033543,0.18666,0.0804,0.673032,0.000120614,0.0315381,-0.00520429,0.1501627,6.83373E-05,-1.88225E-05,-1.14975E-06,5.18035E-05,-3.4273E-05,0.00012109
0.0033216,1.5637,0.67,5.6086,0.17022,-0.0257,0.80177,0.0018533,-0.0005234,4.81E-05,0.0014676,-0.00097211,0.0033223,0.187644,0.0804,0.673032,0.00011991,0.0323418,-0.004883,0.1523363,6.69041E-05,-1.88947E-05,1.73746E-06,5.29804E-05,-3.50932E-05,0.000119935
0.0032632,1.572,0.67,5.6086,0.1736,-0.024383,0.81242,0.0017784,-0.00051851,0.00010962,0.0014828,-0.00097289,0.0032651,0.18864,0.0804,0.673032,0.000117802,0.032984,-0.00463277,0.1543598,6.42002E-05,-1.87182E-05,3.95728E-06,5.35291E-05,-3.51213E-05,0.00011787
0.0031558,1.5802,0.67,5.6086,0.1769,-0.023457,0.82221,0.001704,-0.00051733,0.00012782,0.0014585,-0.00093978,0.0031491,0.189624,0.0804,0.673032,0.000113924,0.033611,-0.00445683,0.1562199,6.15144E-05,-1.86756E-05,4.6143E-06,5.26519E-05,-3.39261E-05,0.000113683
0.0030368,1.5885,0.67,5.6086,0.17984,-0.022741,0.83095,0.0016677,-0.00051112,0.0001269,0.0013951,-0.00089102,0.0030109,0.19062,0.0804,0.673032,0.000109628,0.0341696,-0.00432079,0.1578805,6.0204E-05,-1.84514E-05,4.58109E-06,5.03631E-05,-3.21658E-05,0.000108693
0.0029383,1.5968,0.67,5.6086,0.18182,-0.022158,0.83834,0.0016671,-0.00050101,0.00012028,0.0013096,-0.00084208,0.0028999,0.191616,0.0804,0.673032,0.000106073,0.0345458,-0.00421002,0.1592846,6.01823E-05,-1.80865E-05,4.34211E-06,4.72766E-05,-3.03991E-05,0.000104686
0.0028339,1.605,0.67,5.6086,0.1832,-0.021703,0.84451,0.0016629,-0.00049431,0.00011837,0.0012141,-0.00078873,0.0027908,0.1926,0.0804,0.673032,0.000102304,0.034808,-0.00412357,0.1604569,6.00307E-05,-1.78446E-05,4.27316E-06,4.3829E-05,-2.84732E-05,0.000100748
0.0027286,1.6133,0.67,5.6086,0.1843,-0.02112,0.84981,0.0016473,-0.00048858,0.00010119,0.0011373,-0.00074592,0.0026724,0.193596,0.0804,0.673032,9.85025E-05,0.035017,-0.0040128,0.1614639,5.94675E-05,-1.76377E-05,3.65296E-06,4.10565E-05,-2.69277E-05,9.64736E-05
0.0026468,1.6215,0.67,5.6086,0.18505,-0.020058,0.85445,0.0016299,-0.0004933,8.72E-05,0.0011064,-0.00073343,0.0025573,0.19458,0.0804,0.673032,9.55495E-05,0.0351595,-0.00381102,0.1623455,5.88394E-05,-1.78081E-05,3.14626E-06,3.9941E-05,-2.64768E-05,9.23185E-05
0.0025791,1.6298,0.67,5.6086,0.18539,-0.018559,0.85848,0.0016158,-0.0005063,7.74E-05,0.0011144,-0.00071395,0.002428,0.195576,0.0804,0.673032,9.31055E-05,0.0352241,-0.00352621,0.1631112,5.83304E-05,-1.82774E-05,2.79385E-06,4.02298E-05,-2.57736E-05,8.76508E-05
0.0025028,1.638,0.67,5.6086,0.18528,-0.016921,0.86186,0.001615,-0.00050368,5.95E-05,0.0011435,-0.00066306,0.0022471,0.19656,0.0804,0.673032,9.03511E-05,0.0352032,-0.00321499,0.1637534,5.83015E-05,-1.81828E-05,2.14921E-06,4.12804E-05,-2.39365E-05,8.11203E-05
0.0023943,1.6463,0.67,5.6086,0.1848,-0.015334,0.86468,0.001609,-0.00048895,7.52E-07,0.0011872,-0.00056269,0.0019923,0.197556,0.0804,0.673032,8.64342E-05,0.035112,-0.00291346,0.1642892,5.80849E-05,-1.76511E-05,2.71598E-08,4.28579E-05,-2.03131E-05,7.1922E-05
0.0022519,1.6545,0.67,5.6086,0.18404,-0.01359,0.86714,0.0015884,-0.00046951,-9.48E-05,0.0012323,-0.00040457,0.0016831,0.19854,0.0804,0.673032,8.12936E-05,0.0349676,-0.0025821,0.1647566,5.73412E-05,-1.69493E-05,-3.42362E-06,4.4486E-05,-1.4605E-05,6.07599E-05
0.002147,1.6628,0.67,5.6086,0.18305,-0.011331,0.87003,0.0015876,-0.00044176,-0.00018677,0.0012512,-0.00025788,0.0014551,0.199536,0.0804,0.673032,7.75067E-05,0.0347795,-0.00215289,0.1653057,5.73124E-05,-1.59475E-05,-6.7424E-06,4.51683E-05,-9.30947E-06,5.25291E-05
0.00211,1.6711,0.67,5.6086,0.182,-0.0087046,0.87427,0.0016336,-0.00041776,-0.0002487,0.0012303,-0.00018501,0.0013561,0.200532,0.0804,0.673032,0.000076171,0.03458,-0.001653874,0.1661113,5.8973E-05,-1.50811E-05,-8.97807E-06,4.44138E-05,-6.67886E-06,4.89552E-05
0.0020627,1.6793,0.67,5.6086,0.18088,-0.0061687,0.87998,0.0016829,-0.00040398,-0.00028231,0.0011744,-0.00016259,0.0012682,0.201516,0.0804,0.673032,7.44635E-05,0.0343672,-0.001172053,0.1671962,6.07527E-05,-1.45837E-05,-1.01914E-05,4.23958E-05,-5.8695E-06,4.5782E-05
0.002014,1.6876,0.67,5.6086,0.17953,-0.0041652,0.88685,0.001714,-0.00039006,-0.00026931,0.0011031,-0.00016715,0.0012109,0.202512,0.0804,0.673032,7.27054E-05,0.0341107,-0.000791388,0.1685015,6.18754E-05,-1.40812E-05,-9.72209E-06,3.98219E-05,-6.03412E-06,4.37135E-05
0.0019983,1.6958,0.67,5.6086,0.17794,-0.0029258,0.89361,0.0017676,-0.00038228,-0.00022058,0.0010467,-0.00019111,0.0011822,0.203496,0.0804,0.673032,7.21386E-05,0.0338086,-0.000555902,0.1697859,6.38104E-05,-1.38003E-05,-7.96294E-06,3.77859E-05,-6.89907E-06,4.26774E-05
0.0020177,1.7041,0.67,5.6086,0.17628,-0.0020663,0.89938,0.0018435,-0.00039386,-0.00017851,0.0010187,-0.00019571,0.0011732,0.204492,0.0804,0.673032,7.2839E-05,0.0334932,-0.000392597,0.1708822,6.65504E-05,-1.42183E-05,-6.44421E-06,3.67751E-05,-7.06513E-06,4.23525E-05
0.0020915,1.7123,0.67,5.6086,0.17474,-0.0010243,0.90525,0.001935,-0.00040556,-0.00012516,0.0010243,-0.0001664,0.0012236,0.205476,0.0804,0.673032,7.55032E-05,0.0332006,-0.000194617,0.1719975,6.98535E-05,-1.46407E-05,-4.51828E-06,3.69772E-05,-6.00704E-06,4.4172E-05
0.0022045,1.7206,0.67,5.6086,0.17324,0.00023554,0.91109,0.0020054,-0.00041654,-4.64E-05,0.0010619,-0.00015384,0.0013417,0.206472,0.0804,0.673032,7.95825E-05,0.0329156,4.47526E-05,0.1731071,7.23949E-05,-1.50371E-05,-1.67345E-06,3.83346E-05,-5.55362E-06,4.84354E-05
0.002338,1.7289,0.67,5.6086,0.17169,0.0013694,0.91531,0.0020684,-0.00045341,7.09E-05,0.0010942,-0.00018809,0.0015135,0.207468,0.0804,0.673032,8.44018E-05,0.0326211,0.000260186,0.1739089,7.46692E-05,-1.63681E-05,2.55953E-06,3.95006E-05,-6.79005E-06,5.46374E-05
0.0024694,1.7371,0.67,5.6086,0.17032,0.0021798,0.91816,0.0021723,-0.00050052,0.00020666,0.0011015,-0.00021473,0.001665,0.208452,0.0804,0.673032,8.91453E-05,0.0323608,0.000414162,0.1744504,7.842E-05,-1.80688E-05,7.46043E-06,3.97642E-05,-7.75175E-06,6.01065E-05
0.0025226,1.7454,0.67,5.6086,0.16929,0.002648,0.92133,0.0022626,-0.00052223,0.00029708,0.0011002,-0.00018381,0.0016824,0.209448,0.0804,0.673032,9.10659E-05,0.0321651,0.00050312,0.1750527,8.16799E-05,-1.88525E-05,1.07246E-05,3.97172E-05,-6.63554E-06,6.07346E-05
0.0024766,1.7536,0.67,5.6086,0.16866,0.0029172,0.92595,0.0023336,-0.00051691,0.00032661,0.0011146,-0.00011511,0.0015049,0.210432,0.0804,0.673032,8.94053E-05,0.0320454,0.000554268,0.1759305,8.4243E-05,-1.86605E-05,1.17906E-05,4.02371E-05,-4.15547E-06,5.43269E-05
0.0024191,1.7619,0.67,5.6086,0.16843,0.0033086,0.93155,0.0024283,-0.00050531,0.0003254,0.0011718,-5.99E-05,0.0012381,0.211428,0.0804,0.673032,8.73295E-05,0.0320017,0.000628634,0.1769945,8.76616E-05,-1.82417E-05,1.17469E-05,4.2302E-05,-2.1634E-06,4.46954E-05
0.0024103,1.7701,0.67,5.6086,0.16824,0.0043271,0.93663,0.0024932,-0.00050784,0.00030353,0.001265,-3.63E-05,0.0010623,0.212412,0.0804,0.673032,8.70118E-05,0.0319656,0.000822149,0.1779597,9.00045E-05,-1.8333E-05,1.09574E-05,4.56665E-05,-1.30938E-06,3.8349E-05
0.002417,1.7784,0.67,5.6086,0.16773,0.006285,0.94098,0.0024919,-0.00053056,0.0002623,0.0013668,-2.95E-05,0.00097525,0.213408,0.0804,0.673032,8.72537E-05,0.0318687,0.00119415,0.1787862,8.99576E-05,-1.91532E-05,9.46903E-06,4.93415E-05,-1.06336E-06,3.52065E-05
0.0024341,1.7866,0.67,5.6086,0.16688,0.0085451,0.94552,0.002488,-0.00056735,0.00022879,0.0014825,-1.95E-05,0.00089781,0.214392,0.0804,0.673032,8.7871E-05,0.0317072,0.001623569,0.1796488,8.98168E-05,-2.04813E-05,8.25932E-06,5.35183E-05,-7.0478E-07,3.24109E-05
0.0024506,1.7949,0.67,5.6086,0.16578,0.0099584,0.95006,0.0025117,-0.00060269,0.00020034,0.0015879,-1.91E-05,0.00080159,0.215388,0.0804,0.673032,8.84667E-05,0.0314982,0.001892096,0.1805114,9.06724E-05,-2.17571E-05,7.23227E-06,5.73232E-05,-6.9016E-07,2.89374E-05
0.0024488,1.8032,0.67,5.6086,0.16451,0.0099502,0.95447,0.0025217,-0.00062893,0.00016866,0.0016437,-3.82E-05,0.0007321,0.216384,0.0804,0.673032,8.84017E-05,0.0312569,0.001890538,0.1813493,9.10334E-05,-2.27044E-05,6.08863E-06,5.93376E-05,-1.3779E-06,2.64288E-05
0.0024321,1.8114,0.67,5.6086,0.16317,0.0087923,0.95875,0.0025002,-0.00064548,0.00013773,0.0016556,-7.30E-05,0.00070833,0.217368,0.0804,0.673032,8.77988E-05,0.0310023,0.001670537,0.1821625,9.02572E-05,-2.33018E-05,4.97205E-06,5.97672E-05,-2.63624E-06,2.55707E-05
0.002424,1.8197,0.67,5.6086,0.16179,0.007086,0.96357,0.0024541,-0.0006482,0.00013602,0.0016469,-0.00010831,0.00074709,0.218364,0.0804,0.673032,8.75064E-05,0.0307401,0.00134634,0.1830783,8.8593E-05,-2.34E-05,4.91032E-06,5.94531E-05,-3.90999E-06,2.69699E-05
0.0024206,1.8279,0.67,5.6086,0.16029,0.0055864,0.9688,0.0023807,-0.00063655,0.00016005,0.0016321,-0.0001322,0.00082838,0.219348,0.0804,0.673032,8.73837E-05,0.0304551,0.001061416,0.184072,8.59433E-05,-2.29795E-05,5.77781E-06,5.89188E-05,-4.77242E-06,2.99045E-05
0.0024229,1.8362,0.67,5.6086,0.15862,0.0048717,0.97406,0.0022921,-0.00062014,0.00022687,0.0016264,-0.00018196,0.00092741,0.220344,0.0804,0.673032,8.74667E-05,0.0301378,0.000925623,0.1850714,8.27448E-05,-2.23871E-05,8.19001E-06,5.8713E-05,-6.56876E-06,3.34795E-05
0.0024356,1.8446,0.67,5.6086,0.15677,0.0051175,0.97925,0.0022045,-0.00062239,0.00033824,0.0016345,-0.00025801,0.0010322,0.221352,0.0804,0.673032,8.79252E-05,0.0297863,0.000972325,0.1860575,7.95825E-05,-2.24683E-05,1.22105E-05,5.90055E-05,-9.31416E-06,3.72624E-05
0.0024646,1.8534,0.67,5.6086,0.15475,0.0062874,0.98407,0.0021174,-0.00063618,0.00047288,0.0016365,-0.00037899,0.0011753,0.222408,0.0804,0.673032,8.89721E-05,0.0294025,0.001194606,0.1869733,7.64381E-05,-2.29661E-05,1.7071E-05,5.90777E-05,-1.36815E-05,4.24283E-05
0.0025065,1.8626,0.67,5.6086,0.15264,0.0077261,0.98826,0.0020266,-0.00064676,0.00058783,0.0016417,-0.00050172,0.0013447,0.223512,0.0804,0.673032,9.04847E-05,0.0290016,0.001467959,0.1877694,7.31603E-05,-2.3348E-05,2.12207E-05,5.92654E-05,-1.81121E-05,4.85437E-05
0.0025503,1.8723,0.67,5.6086,0.15054,0.0089051,0.99191,0.0019377,-0.00064973,0.00065552,0.001666,-0.00063757,0.001497,0.224676,0.0804,0.673032,9.20658E-05,0.0286026,0.001691969,0.1884629,6.9951E-05,-2.34553E-05,2.36643E-05,6.01426E-05,-2.30163E-05,5.40417E-05
0.0025514,1.8824,0.67,5.6086,0.14839,0.009852,0.99506,0.0018448,-0.00063571,0.00067208,0.0016537,-0.00076605,0.0016043,0.225888,0.0804,0.673032,9.21055E-05,0.0281941,0.00187188,0.1890614,6.65973E-05,-2.29491E-05,2.42621E-05,5.96986E-05,-2.76544E-05,5.79152E-05
0.0024925,1.8931,0.67,5.6086,0.14608,0.010271,0.9975,0.0017507,-0.00062729,0.00059074,0.0016089,-0.00081866,0.0016254,0.227172,0.0804,0.673032,8.99793E-05,0.0277552,0.00195149,0.189525,6.32003E-05,-2.26452E-05,2.13257E-05,5.80813E-05,-2.95536E-05,5.86769E-05
0.002487,1.9042,0.67,5.6086,0.14358,0.0098308,1.0006,0.0016831,-0.00065577,0.00043914,0.0016185,-0.00083485,0.0016725,0.228504,0.0804,0.673032,8.97807E-05,0.0272802,0.001867852,0.190114,6.07599E-05,-2.36733E-05,1.5853E-05,5.84279E-05,-3.01381E-05,6.03773E-05
0.0025593,1.9159,0.67,5.6086,0.14078,0.010053,1.0053,0.0016689,-0.00069963,0.00032796,0.0016741,-0.00082524,0.0017755,0.229908,0.0804,0.673032,9.23907E-05,0.0267482,0.00191007,0.191007,6.02473E-05,-2.52566E-05,1.18394E-05,6.0435E-05,-2.97912E-05,6.40956E-05
0.0026716,1.9282,0.67,5.6086,0.1375,0.010898,1.01,0.0017007,-0.00071802,0.0002743,0.0016816,-0.00088008,0.0019608,0.231384,0.0804,0.673032,9.64448E-05,0.026125,0.00207062,0.1919,6.13953E-05,-2.59205E-05,9.90223E-06,6.07058E-05,-3.17709E-05,7.07849E-05
0.0028049,1.941,0.67,5.6086,0.13388,0.01104,1.0112,0.0017388,-0.00070191,0.00029721,0.0015794,-0.00086947,0.0022916,0.23292,0.0804,0.673032,0.000101257,0.0254372,0.0020976,0.192128,6.27707E-05,-2.5339E-05,1.07293E-05,5.70163E-05,-3.13879E-05,8.27268E-05
0.0028048,1.9545,0.67,5.6086,0.13038,0.010058,1.0114,0.0017643,-0.00058641,0.0002785,0.0014425,-0.00079048,0.0024028,0.23454,0.0804,0.673032,0.000101253,0.0247722,0.00191102,0.192166,6.36912E-05,-2.11694E-05,1.00539E-05,5.20743E-05,-2.85363E-05,8.67411E-05
0.0026719,1.9686,0.67,5.6086,0.12693,0.01023,1.0144,0.0017708,-0.00036096,0.00011297,0.0013037,-0.00075692,0.0022692,0.236232,0.0804,0.673032,9.64556E-05,0.0241167,0.0019437,0.192736,6.39259E-05,-1.30307E-05,4.07822E-06,4.70636E-05,-2.73248E-05,8.19181E-05
0.0024857,1.9833,0.67,5.6086,0.12291,0.011122,1.0204,0.0017441,-0.00012873,1.11E-05,0.0011162,-0.00060471,0.0021111,0.237996,0.0804,0.673032,8.97338E-05,0.0233529,0.00211318,0.193876,6.2962E-05,-4.64715E-06,3.99555E-07,4.02948E-05,-2.183E-05,7.62107E-05
0.0023475,1.9988,0.67,5.6086,0.11858,0.012959,1.0199,0.0016934,3.17E-05,-0.00014632,0.0011752,-0.00050467,0.0018265,0.239856,0.0804,0.673032,8.47448E-05,0.0225302,0.00246221,0.193781,6.11317E-05,1.14423E-06,-5.28215E-06,4.24247E-05,-1.82186E-05,6.59367E-05
0.0023807,2.0149,0.67,5.6086,0.11491,0.012043,1.0189,0.0016054,7.79E-05,-0.00017486,0.001207,-0.0004931,0.001949,0.241788,0.0804,0.673032,8.59433E-05,0.0218329,0.00228817,0.193591,5.79549E-05,2.81053E-06,-6.31245E-06,4.35727E-05,-1.78009E-05,7.03589E-05
0.0024906,2.0319,0.67,5.6086,0.1115,0.010465,1.014,0.0014749,8.56E-05,-0.00020247,0.0011507,-0.00026361,0.0023555,0.243828,0.0804,0.673032,8.99107E-05,0.021185,0.00198835,0.19266,5.32439E-05,3.09128E-06,-7.30917E-06,4.15403E-05,-9.51632E-06,8.50336E-05
0.002617,2.0496,0.67,5.6086,0.10761,0.005504,1.0109,0.0014017,8.13E-05,1.07E-05,0.00093287,-2.01E-06,0.0028994,0.245952,0.0804,0.673032,9.44737E-05,0.0204459,0.00104576,0.192071,5.06014E-05,2.93515E-06,3.86523E-07,3.36766E-05,-7.26368E-08,0.000104668
0.0032042,2.0681,0.67,5.6086,0.10266,0.0031036,1.0077,0.0014787,5.17E-05,0.00058702,0.00075111,0.00024446,0.0041786,0.248172,0.0804,0.673032,0.000115672,0.0195054,0.000589684,0.191463,5.33811E-05,1.86464E-06,2.11914E-05,2.71151E-05,8.82501E-06,0.000150847
0.004003,2.0875,0.67,5.6086,0.096753,0.0033344,0.99695,0.0016869,-9.85E-05,0.0011113,0.00076685,-5.72E-05,0.0055523,0.2505,0.0804,0.673032,0.000144508,0.01838307,0.000633536,0.1894205,6.08971E-05,-3.55621E-06,4.01179E-05,2.76833E-05,-2.06384E-06,0.000200438
0.0048564,2.1078,0.67,5.6086,0.090849,0.004293,0.99493,0.001944,-0.00023062,0.0019465,0.00069466,-0.00037748,0.0070742,0.252936,0.0804,0.673032,0.000175316,0.01726131,0.00081567,0.1890367,7.01784E-05,-8.32538E-06,7.02687E-05,2.50772E-05,-1.3627E-05,0.000255379
0.0052738,2.129,0.67,5.6086,0.085855,0.012677,0.99001,0.0021326,-0.00023562,0.0024971,0.00077033,-0.00024979,0.0076446,0.25548,0.0804,0.673032,0.000190384,0.01631245,0.00240863,0.1881019,7.69869E-05,-8.50588E-06,9.01453E-05,2.78089E-05,-9.01742E-06,0.00027597
0.0046841,2.1511,0.67,5.6086,0.083243,0.017216,0.98374,0.0021626,-6.54E-05,0.0022359,0.00087763,-8.88E-06,0.0063281,0.258132,0.0804,0.673032,0.000169096,0.01581617,0.00327104,0.1869106,7.80699E-05,-2.36007E-06,8.0716E-05,3.16824E-05,-3.20463E-07,0.000228444
0.0038911,2.1743,0.67,5.6086,0.081021,0.019592,0.98925,0.0020612,8.91E-05,0.0018153,0.0010377,0.00013849,0.0046833,0.260916,0.0804,0.673032,0.000140469,0.01539399,0.00372248,0.1879575,7.44093E-05,3.21803E-06,6.55323E-05,3.7461E-05,4.99949E-06,0.000169067
0.0035935,2.1984,0.67,5.6086,0.075248,0.022125,0.99151,0.0018481,0.00014582,0.0017166,0.0010538,9.65E-05,0.0042851,0.263808,0.0804,0.673032,0.000129725,0.01429712,0.00420375,0.1883869,6.67164E-05,5.2641E-06,6.19693E-05,3.80422E-05,3.4843E-06,0.000154692
0.0039349,2.2237,0.67,5.6086,0.068191,0.026531,0.96786,0.0016538,0.00045121,0.0016369,0.0016913,0.00079364,0.0045247,0.266844,0.0804,0.673032,0.00014205,0.01295629,0.00504089,0.1838934,5.97022E-05,1.62887E-05,5.90921E-05,6.10559E-05,2.86504E-05,0.000163342
0.00512,2.2501,0.67,5.6086,0.062851,0.031796,0.94839,0.0017107,0.00061009,0.0016087,0.0022396,0.0013086,0.0062896,0.270012,0.0804,0.673032,0.000184832,0.01194169,0.00604124,0.1801941,6.17563E-05,2.20242E-05,5.80741E-05,8.08496E-05,4.72405E-05,0.000227055
0.0050847,2.2776,0.67,5.6086,0.056809,0.033406,0.94379,0.001915,0.00041099,0.0015459,0.0018836,0.00053177,0.0063708,0.273312,0.0804,0.673032,0.000183558,0.01079371,0.00634714,0.1793201,6.91315E-05,1.48367E-05,5.5807E-05,6.7998E-05,1.91969E-05,0.000229986
0.0049875,2.3063,0.67,5.6086,0.049535,0.037413,0.93105,0.0021061,0.00022468,0.0012017,0.0016125,-0.00057503,0.0062564,0.276756,0.0804,0.673032,0.000180049,0.00941165,0.00710847,0.1768995,7.60302E-05,8.11095E-06,4.33814E-05,5.82113E-05,-2.07586E-05,0.000225856
0.005991,2.3362,0.67,5.6086,0.039835,0.050339,0.91737,0.0023224,0.00039044,0.0014306,0.0018487,-0.00053657,0.0078109,0.280344,0.0804,0.673032,0.000216275,0.00756865,0.00956441,0.1743003,8.38386E-05,1.40949E-05,5.16447E-05,6.67381E-05,-1.93702E-05,0.000281973
0.0055221,2.3674,0.67,5.6086,0.029354,0.060109,0.89211,0.0024285,0.0005812,0.0016011,0.0025977,0.00014791,0.006018,0.284088,0.0804,0.673032,0.000199348,0.00557726,0.01142071,0.1695009,8.76689E-05,2.09813E-05,5.77997E-05,9.3777E-05,5.33955E-06,0.00021725
0.0053974,2.3999,0.67,5.6086,0.021343,0.066212,0.8626,0.002006,0.00072803,0.001394,0.0039471,0.00034,0.0048417,0.287988,0.0804,0.673032,0.000194846,0.00405517,0.01258028,0.163894,7.24166E-05,2.62819E-05,5.03234E-05,0.00014249,0.000012274,0.000174785
0.0052778,2.4338,0.67,5.6086,0.012533,0.074136,0.82395,0.001131,0.00051654,0.0012557,0.0037807,0.00065097,0.0056438,0.292056,0.0804,0.673032,0.000190529,0.00238127,0.01408584,0.1565505,4.08291E-05,1.86471E-05,4.53308E-05,0.000136483,2.35E-05,0.000203741
0.0037683,2.4691,0.67,5.6086,0.0046464,0.068798,0.70987,0.00035465,8.19E-05,0.0006506,0.0021735,0.00082152,0.0050083,0.296292,0.0804,0.673032,0.000136036,0.000882816,0.01307162,0.1348753,1.28029E-05,2.95702E-06,2.34867E-05,7.84634E-05,2.96569E-05,0.0001808
0.0014391,2.5058,0.67,5.6086,0.001361,0.030272,0.31228,2.24E-05,1.41E-05,0.00011425,0.00083004,0.00032837,0.0020258,0.300696,0.0804,0.673032,5.19515E-05,0.00025859,0.00575168,0.0593332,8.07268E-07,5.10346E-07,4.12443E-06,2.99644E-05,1.18542E-05,7.31314E-05
6.95E-08,2.544,0.67,5.6086,0.00040639,8.76E-14,6.45E-18,1.39E-07,2.98E-17,-3.03E-22,6.41E-27,-6.48E-32,1.16E-34,0.30528,0.0804,0.673032,2.5079E-09,7.72141E-05,1.66366E-14,1.22575E-18,5.01573E-09,1.07715E-18,-1.09488E-23,2.31325E-28,-2.34036E-33,4.19879E-36
0,2.5837,0.67,5.6086,0,0,0,0,0,0,0,0,0,0.310044,0.0804,0.673032,0,0,0,0,0,0,0,0,0,0
0,2.625,0.67,5.6086,0,0,0,0,0,0,0,0,0,0.315,0.0804,0.673032,0,0,0,0,0,0,0,0,0,0
0,-0.125,0.67,5.6197,0,0,0,0,0,0,0,0,0,-0.015,0.0804,0.674364,0,0,0,0,0,0,0,0,0,0
0,-0.083719,0.67,5.6197,0,0,0,0,0,0,0,0,0,-0.01004628,0.0804,0.674364,0,0,0,0,0,0,0,0,0,0
9.91E-09,-0.044001,0.67,5.6197,-0.00026202,-7.31E-14,3.33E-18,1.98E-08,5.53E-18,-7.31E-22,1.54E-27,-2.04E-31,4.57E-35,-0.00528012,0.0804,0.674364,3.57928E-10,-4.97838E-05,-1.389E-14,6.33175E-19,7.15863E-10,1.9968E-19,-2.64025E-23,5.56987E-29,-7.36621E-33,1.64854E-36
0.00095221,-0.0058053,0.67,5.6197,-0.0023896,0.025295,0.3924,1.09E-05,-2.38E-05,-3.49E-05,0.00080324,-0.00019809,0.0010903,-0.000696636,0.0804,0.674364,3.43748E-05,-0.000454024,0.00480605,0.074556,3.91866E-07,-8.60046E-07,-1.26123E-06,2.8997E-05,-7.15105E-06,3.93598E-05
0.0024883,0.030909,0.67,5.6197,-0.010356,0.057253,0.88798,0.00017291,-0.0001399,-0.00019978,0.0020863,-0.00050834,0.0027174,0.00370908,0.0804,0.674364,8.98276E-05,-0.00196764,0.01087807,0.1687162,6.24205E-06,-5.05039E-06,-7.21206E-06,7.53154E-05,-1.83511E-05,9.80981E-05
0.0025944,0.066184,0.67,5.6197,-0.023217,0.052043,1.0039,0.00044315,-0.00021973,-9.15E-05,0.0017953,-0.00054896,0.0029503,0.00794208,0.0804,0.674364,9.36578E-05,-0.00441123,0.00988817,0.190741,1.59977E-05,-7.93225E-06,-3.30167E-06,6.48103E-05,-1.98175E-05,0.000106506
0.0025145,0.10006,0.67,5.6197,-0.037764,0.038713,1.038,0.00054055,-0.00024175,4.72E-05,0.0014516,-0.00062658,0.0030368,0.0120072,0.0804,0.674364,9.07735E-05,-0.00717516,0.00735547,0.19722,1.95139E-05,-8.72718E-06,1.70439E-06,5.24028E-05,-2.26195E-05,0.000109628
0.003081,0.13258,0.67,5.6197,-0.048123,0.031181,1.0575,0.00051403,-0.00017273,5.56E-06,0.0013938,-0.000833,0.0042541,0.0159096,0.0804,0.674364,0.000111224,-0.00914337,0.00592439,0.200925,1.85565E-05,-6.23555E-06,2.00828E-07,5.03162E-05,-3.00713E-05,0.000153573
0.0027029,0.16379,0.67,5.6197,-0.050511,0.01932,1.073,0.00059126,-6.38E-05,-0.0001484,0.00095056,-0.00062939,0.003864,0.0196548,0.0804,0.674364,9.75747E-05,-0.00959709,0.0036708,0.20387,2.13445E-05,-2.30459E-06,-5.35724E-06,3.43152E-05,-2.2721E-05,0.00013949
0.0024454,0.19372,0.67,5.6197,-0.051261,0.017984,1.0824,0.00079116,4.98E-06,-0.00034869,0.0010498,-0.00055392,0.0030499,0.0232464,0.0804,0.674364,8.82789E-05,-0.00973959,0.00341696,0.205656,2.85609E-05,1.79634E-07,-1.25877E-05,3.78978E-05,-1.99965E-05,0.000110101
0.0035266,0.22242,0.67,5.6197,-0.053538,0.025041,1.085,0.0010935,4.49E-05,-0.00079811,0.0011184,-0.00064276,0.0048412,0.0266904,0.0804,0.674364,0.00012731,-0.01017222,0.00475779,0.20615,3.94754E-05,1.62114E-06,-2.88118E-05,4.03742E-05,-2.32036E-05,0.000174767
0.0031595,0.24993,0.67,5.6197,-0.058291,0.026821,1.0895,0.0013028,0.00014076,-0.00094563,0.0011016,-0.00020057,0.0039147,0.0299916,0.0804,0.674364,0.000114058,-0.01107529,0.00509599,0.207005,4.70311E-05,5.08144E-06,-3.41372E-05,3.97678E-05,-7.24058E-06,0.000141321
0.0023469,0.27629,0.67,5.6197,-0.064793,0.026604,1.0908,0.0012839,0.00014434,-0.00085339,0.0012673,-0.00026099,0.0021426,0.0331548,0.0804,0.674364,8.47231E-05,-0.01231067,0.00505476,0.207252,4.63488E-05,5.21067E-06,-3.08074E-05,4.57495E-05,-9.42174E-06,7.73479E-05
0.0031463,0.30154,0.67,5.6197,-0.070784,0.023318,1.0919,0.0013435,3.12E-05,-0.00091663,0.001857,-0.0010387,0.0030921,0.0361848,0.0804,0.674364,0.000113581,-0.01344896,0.00443042,0.207461,4.85004E-05,1.12491E-06,-3.30903E-05,6.70377E-05,-3.74971E-05,0.000111625
0.0035837,0.32572,0.67,5.6197,-0.076456,0.016276,1.0949,0.0015086,7.26E-05,-0.00088583,0.001777,-0.0013543,0.0038818,0.0390864,0.0804,0.674364,0.000129372,-0.01452664,0.00309244,0.208031,5.44605E-05,2.61978E-06,-3.19785E-05,6.41497E-05,-4.88902E-05,0.000140133
0.0029411,0.34887,0.67,5.6197,-0.081027,0.016639,1.0944,0.001529,8.85E-05,-0.00036095,0.0011769,-0.00079448,0.0031764,0.0418644,0.0804,0.674364,0.000106174,-0.01539513,0.00316141,0.207936,5.51969E-05,3.19351E-06,-1.30303E-05,4.24861E-05,-2.86807E-05,0.000114668
0.0022895,0.37102,0.67,5.6197,-0.085227,0.024231,1.0937,0.0014396,0.00013222,-0.00012863,0.0011203,-0.00041717,0.0020192,0.0445224,0.0804,0.674364,8.2651E-05,-0.01619313,0.00460389,0.207803,5.19696E-05,4.77314E-06,-4.64354E-06,4.04428E-05,-1.50598E-05,7.28931E-05
0.0023316,0.39221,0.67,5.6197,-0.091094,0.032585,1.0944,0.001406,0.00018343,-0.00037762,0.0011818,-0.00062892,0.0020753,0.0470652,0.0804,0.674364,8.41708E-05,-0.01730786,0.00619115,0.207936,5.07566E-05,6.62182E-06,-1.36321E-05,4.2663E-05,-2.2704E-05,7.49183E-05
0.0026426,0.41248,0.67,5.6197,-0.096616,0.036815,1.0875,0.0015303,0.00031328,-0.00050121,0.0012368,-0.0009399,0.002518,0.0494976,0.0804,0.674364,9.53979E-05,-0.01835704,0.00699485,0.206625,5.52438E-05,1.13094E-05,-1.80937E-05,4.46485E-05,-3.39304E-05,9.08998E-05
0.0033734,0.43187,0.67,5.6197,-0.099818,0.03882,1.0822,0.0017721,0.00052518,-0.00092645,0.0014309,-0.0012749,0.0035438,0.0518244,0.0804,0.674364,0.00012178,-0.01896542,0.0073758,0.205618,6.39728E-05,1.8959E-05,-3.34448E-05,5.16555E-05,-4.60239E-05,0.000127931
0.0039026,0.4504,0.67,5.6197,-0.1027,0.039692,1.076,0.0019357,0.00056049,-0.0007365,0.0016566,-0.0015163,0.0042129,0.054048,0.0804,0.674364,0.000140884,-0.019513,0.00754148,0.20444,6.98788E-05,2.02337E-05,-2.65877E-05,5.98033E-05,-5.47384E-05,0.000152086
0.0038591,0.46812,0.67,5.6197,-0.10728,0.037974,1.078,0.0018725,0.0003584,-0.00036547,0.0017014,-0.0015842,0.0041443,0.0561744,0.0804,0.674364,0.000139314,-0.0203832,0.00721506,0.20482,6.75973E-05,1.29382E-05,-1.31935E-05,6.14205E-05,-5.71896E-05,0.000149609
0.0031813,0.48504,0.67,5.6197,-0.11357,0.035018,1.0785,0.0016446,6.00E-05,-0.00011299,0.0015453,-0.0012069,0.0031727,0.0582048,0.0804,0.674364,0.000114845,-0.0215783,0.00665342,0.204915,5.93701E-05,2.16423E-06,-4.07894E-06,5.57853E-05,-4.35691E-05,0.000114534
0.0026463,0.50122,0.67,5.6197,-0.12015,0.030964,1.0804,0.0014065,-0.00015081,-2.29E-05,0.0014011,-0.00097316,0.0024849,0.0601464,0.0804,0.674364,9.55314E-05,-0.0228285,0.00588316,0.205276,5.07747E-05,-5.44424E-06,-8.28315E-07,5.05797E-05,-3.51311E-05,8.97049E-05
0.0025782,0.51667,0.67,5.6197,-0.12581,0.028621,1.0847,0.0012474,-0.00026521,-0.00019515,0.0013426,-0.00082111,0.0025665,0.0620004,0.0804,0.674364,9.3073E-05,-0.0239039,0.00543799,0.206093,4.50311E-05,-9.57408E-06,-7.04492E-06,4.84679E-05,-2.96421E-05,9.26507E-05
0.0024742,0.53142,0.67,5.6197,-0.13057,0.025338,1.089,0.0011873,-0.00023184,-0.00035276,0.0012816,-0.00045786,0.0024795,0.0637704,0.0804,0.674364,8.93186E-05,-0.0248083,0.00481422,0.20691,4.28615E-05,-8.36942E-06,-1.27346E-05,4.62658E-05,-1.65287E-05,8.951E-05
0.0023598,0.54551,0.67,5.6197,-0.13479,0.021239,1.0899,0.001241,-0.00015285,-0.00052345,0.001294,-0.0001387,0.0021846,0.0654612,0.0804,0.674364,8.51888E-05,-0.0256101,0.00403541,0.207081,4.48001E-05,-5.51789E-06,-1.88965E-05,4.67134E-05,-5.00707E-06,7.88641E-05
0.0023494,0.55896,0.67,5.6197,-0.13814,0.01715,1.0896,0.0014175,-5.10E-05,-0.0007366,0.0014311,-5.29E-05,0.0018502,0.0670752,0.0804,0.674364,8.48133E-05,-0.0262466,0.0032585,0.207024,5.11718E-05,-1.8394E-06,-2.65913E-05,5.16627E-05,-1.90825E-06,6.67922E-05
0.002581,0.5718,0.67,5.6197,-0.14055,0.013899,1.0893,0.001699,0.00015168,-0.0010001,0.0015712,-0.0001891,0.0018918,0.068616,0.0804,0.674364,9.31741E-05,-0.0267045,0.00264081,0.206967,6.13339E-05,5.47565E-06,-3.61036E-05,5.67203E-05,-6.82651E-06,6.8294E-05
0.0028644,0.58405,0.67,5.6197,-0.14291,0.011831,1.0861,0.002001,0.00036567,-0.0012436,0.0016786,-0.00026959,0.0020492,0.070086,0.0804,0.674364,0.000103405,-0.0271529,0.00224789,0.206359,7.22361E-05,1.32007E-05,-4.4894E-05,6.05975E-05,-9.7322E-06,7.39761E-05
0.0030882,0.59575,0.67,5.6197,-0.14603,0.0079114,1.0841,0.0022152,0.0005049,-0.0013657,0.0017389,-0.00031046,0.0022224,0.07149,0.0804,0.674364,0.000111484,-0.0277457,0.001503166,0.205979,7.99687E-05,1.82269E-05,-4.93018E-05,6.27743E-05,-1.12076E-05,8.02286E-05
0.0030596,0.6069,0.67,5.6197,-0.14993,0.002646,1.0836,0.0022936,0.00053409,-0.0013278,0.0016605,-0.00033137,0.0021651,0.072828,0.0804,0.674364,0.000110452,-0.0284867,0.00050274,0.205884,8.2799E-05,1.92806E-05,-4.79336E-05,5.99441E-05,-1.19625E-05,7.81601E-05
0.0029307,0.61755,0.67,5.6197,-0.1543,-0.0023566,1.0873,0.0022322,0.00047321,-0.001247,0.0015007,-0.00040497,0.0021284,0.074106,0.0804,0.674364,0.000105798,-0.029317,-0.000447754,0.206587,8.05824E-05,1.70829E-05,-4.50167E-05,5.41753E-05,-1.46194E-05,7.68352E-05
0.002765,0.6277,0.67,5.6197,-0.15885,-0.0063138,1.0933,0.0020855,0.00036366,-0.0011154,0.0013338,-0.00050732,0.0021106,0.075324,0.0804,0.674364,9.98165E-05,-0.0301815,-0.001199622,0.207727,7.52866E-05,1.31281E-05,-4.02659E-05,4.81502E-05,-1.83143E-05,7.61927E-05
0.0025795,0.63738,0.67,5.6197,-0.16336,-0.0090701,1.0978,0.0019015,0.00022683,-0.00095643,0.0011872,-0.00056316,0.0020703,0.0764856,0.0804,0.674364,9.312E-05,-0.0310384,-0.001723319,0.208582,6.86442E-05,8.18856E-06,-3.45271E-05,4.28579E-05,-2.03301E-05,7.47378E-05
0.0024008,0.64661,0.67,5.6197,-0.16781,-0.010987,1.1005,0.0016948,8.53E-05,-0.00076989,0.0010891,-0.00060911,0.0020178,0.0775932,0.0804,0.674364,8.66689E-05,-0.0318839,-0.00208753,0.209095,6.11823E-05,3.07825E-06,-2.7793E-05,3.93165E-05,-2.19889E-05,7.28426E-05
0.0021945,0.65542,0.67,5.6197,-0.17222,-0.012538,1.1023,0.00149,-2.84E-05,-0.00054999,0.0010225,-0.00065204,0.0018765,0.0786504,0.0804,0.674364,7.92215E-05,-0.0327218,-0.00238222,0.209437,0.000053789,-1.02354E-06,-1.98546E-05,3.69123E-05,-2.35386E-05,6.77417E-05
0.0020276,0.66381,0.67,5.6197,-0.17658,-0.0138,1.1047,0.0013062,-0.00010347,-0.00032548,0.00097633,-0.00068564,0.0017727,0.0796572,0.0804,0.674364,7.31964E-05,-0.0335502,-0.002622,0.209893,4.71538E-05,-3.73527E-06,-1.17498E-05,3.52455E-05,-2.47516E-05,6.39945E-05
0.0019245,0.67207,0.67,5.6197,-0.18076,-0.014861,1.108,0.0011654,-0.00015116,-0.00013319,0.00092069,-0.00071887,0.0017629,0.0806484,0.0804,0.674364,6.94745E-05,-0.0343444,-0.00282359,0.21052,4.20709E-05,-5.45688E-06,-4.80816E-06,3.32369E-05,-2.59512E-05,6.36407E-05
0.0019002,0.68032,0.67,5.6197,-0.18451,-0.015871,1.1094,0.0010961,-0.00018645,-6.27E-08,0.00086018,-0.00072542,0.001844,0.0816384,0.0804,0.674364,6.85972E-05,-0.0350569,-0.00301549,0.210786,3.95692E-05,-6.73085E-06,-2.26372E-09,3.10525E-05,-2.61877E-05,6.65684E-05
0.0019343,0.68858,0.67,5.6197,-0.1877,-0.017103,1.1088,0.0010939,-0.00021276,8.80E-05,0.00083053,-0.0007268,0.0019442,0.0826296,0.0804,0.674364,6.98282E-05,-0.035663,-0.00324957,0.210672,3.94898E-05,-7.68064E-06,3.17759E-06,2.99821E-05,-2.62375E-05,7.01856E-05
0.0020045,0.69683,0.67,5.6197,-0.19039,-0.018386,1.1063,0.0011235,-0.00023417,0.00013709,0.00086658,-0.00073439,0.0020189,0.0836196,0.0804,0.674364,7.23625E-05,-0.0361741,-0.00349334,0.210197,4.05584E-05,-8.45354E-06,4.94895E-06,3.12835E-05,-2.65115E-05,7.28823E-05
0.0021022,0.70509,0.67,5.6197,-0.19272,-0.0191,1.1024,0.0011927,-0.00025297,0.00016418,0.00095661,-0.00074496,0.0020552,0.0846108,0.0804,0.674364,7.58894E-05,-0.0366168,-0.003629,0.209456,4.30565E-05,-9.13222E-06,5.9269E-06,3.45336E-05,-2.68931E-05,7.41927E-05
0.0022294,0.71335,0.67,5.6197,-0.19477,-0.018913,1.0972,0.0013103,-0.00026507,0.00017275,0.0010764,-0.00075933,0.002072,0.085602,0.0804,0.674364,8.04813E-05,-0.0370063,-0.00359347,0.208468,4.73018E-05,-9.56903E-06,6.23628E-06,3.8858E-05,-2.74118E-05,7.47992E-05
0.0023575,0.7216,0.67,5.6197,-0.19651,-0.017823,1.0912,0.0014278,-0.00026476,0.00016267,0.0012003,-0.00077539,0.0020869,0.086592,0.0804,0.674364,8.51058E-05,-0.0373369,-0.00338637,0.207328,5.15436E-05,-9.55784E-06,5.87239E-06,4.33308E-05,-2.79916E-05,7.53371E-05
0.002495,0.72986,0.67,5.6197,-0.19816,-0.015848,1.0846,0.00153,-0.00026568,0.00010603,0.0013188,-0.00079357,0.0021412,0.0875832,0.0804,0.674364,9.00695E-05,-0.0376504,-0.00301112,0.206074,0.000055233,-9.59105E-06,3.82768E-06,4.76087E-05,-2.86479E-05,7.72973E-05
0.0026641,0.73811,0.67,5.6197,-0.19986,-0.013174,1.0772,0.0016142,-0.0002686,4.21E-05,0.0014503,-0.00082749,0.0022637,0.0885732,0.0804,0.674364,9.6174E-05,-0.0379734,-0.00250306,0.204668,5.82726E-05,-9.69646E-06,1.5197E-06,5.23558E-05,-2.98724E-05,8.17196E-05
0.0028735,0.74637,0.67,5.6197,-0.20124,-0.010073,1.0688,0.0016609,-0.00026791,1.31E-05,0.0016113,-0.00088865,0.0024748,0.0895644,0.0804,0.674364,0.000103733,-0.0382356,-0.00191387,0.203072,5.99585E-05,-9.67155E-06,4.74607E-07,5.81679E-05,-3.20803E-05,8.93403E-05
0.0031246,0.75463,0.67,5.6197,-0.20221,-0.0067493,1.0597,0.0016808,-0.00026797,1.85E-05,0.0018012,-0.001,0.0027672,0.0905556,0.0804,0.674364,0.000112798,-0.0384199,-0.001282367,0.201343,6.06769E-05,-9.67372E-06,6.66334E-07,6.50233E-05,-0.0000361,9.98959E-05
0.003369,0.76288,0.67,5.6197,-0.20347,-0.0035793,1.0512,0.0017132,-0.0002783,6.03E-05,0.0019897,-0.0011398,0.0030351,0.0915456,0.0804,0.674364,0.000121621,-0.0386593,-0.000680067,0.199728,6.18465E-05,-1.00466E-05,2.1778E-06,7.18282E-05,-4.11468E-05,0.000109567
0.0035901,0.77114,0.67,5.6197,-0.20524,-0.0008549,1.0439,0.001773,-0.00031422,0.00013776,0.002143,-0.0012727,0.0032643,0.0925368,0.0804,0.674364,0.000129603,-0.0389956,-0.000162431,0.198341,6.40053E-05,-1.13433E-05,4.97314E-06,7.73623E-05,-4.59445E-05,0.000117841
0.003754,0.7794,0.67,5.6197,-0.20722,0.0014462,1.0377,0.0018327,-0.00038563,0.00024208,0.0022534,-0.0013482,0.0034219,0.093528,0.0804,0.674364,0.000135519,-0.0393718,0.000274778,0.197163,6.61605E-05,-1.39212E-05,8.73909E-06,8.13477E-05,-4.867E-05,0.000123531
0.0038682,0.78765,0.67,5.6197,-0.20967,0.0034338,1.0321,0.0018996,-0.00049512,0.00035067,0.0023401,-0.0013425,0.0034967,0.094518,0.0804,0.674364,0.000139642,-0.0398373,0.000652422,0.196099,6.85756E-05,-1.78738E-05,1.26592E-05,8.44776E-05,-4.84643E-05,0.000126231
0.0039243,0.79591,0.67,5.6197,-0.21261,0.0049682,1.0269,0.0019626,-0.00061083,0.00046639,0.0023993,-0.001274,0.0034866,0.0955092,0.0804,0.674364,0.000141667,-0.0403959,0.000943958,0.195111,7.08499E-05,-2.2051E-05,1.68367E-05,8.66147E-05,-4.59914E-05,0.000125866
0.0039307,0.80416,0.67,5.6197,-0.21543,0.0058172,1.0218,0.001998,-0.0006828,0.00058467,0.002381,-0.0011877,0.0034824,0.0964992,0.0804,0.674364,0.000141898,-0.0409317,0.001105268,0.194142,7.21278E-05,-2.46491E-05,2.11066E-05,8.59541E-05,-4.2876E-05,0.000125715
0.0039411,0.81242,0.67,5.6197,-0.21806,0.0061607,1.0161,0.0020704,-0.0007025,0.0006643,0.0022636,-0.0011129,0.0035481,0.0974904,0.0804,0.674364,0.000142274,-0.0414314,0.001170533,0.193059,7.47414E-05,-2.53603E-05,2.39812E-05,8.1716E-05,-4.01757E-05,0.000128086
0.0039677,0.82068,0.67,5.6197,-0.22053,0.0065326,1.0094,0.002173,-0.00068741,0.00071748,0.0021032,-0.0010595,0.0036592,0.0984816,0.0804,0.674364,0.000143234,-0.0419007,0.001241194,0.191786,7.84453E-05,-2.48155E-05,2.5901E-05,7.59255E-05,-3.8248E-05,0.000132097
0.0039973,0.82893,0.67,5.6197,-0.22257,0.007043,1.0014,0.0022666,-0.00065467,0.00072652,0.0019438,-0.0010117,0.0037842,0.0994716,0.0804,0.674364,0.000144303,-0.0422883,0.00133817,0.190266,8.18243E-05,-2.36336E-05,2.62274E-05,7.01712E-05,-3.65224E-05,0.00013661
0.0039952,0.83719,0.67,5.6197,-0.22426,0.0072394,0.99265,0.0023967,-0.00060013,0.00068931,0.0017819,-0.00095587,0.0038119,0.1004628,0.0804,0.674364,0.000144227,-0.0426094,0.001375486,0.1886035,8.65209E-05,-2.16647E-05,2.48841E-05,6.43266E-05,-3.45069E-05,0.00013761
0.0039507,0.84544,0.67,5.6197,-0.22584,0.0068213,0.98431,0.0025648,-0.00052308,0.0006605,0.0016293,-0.000891,0.0037072,0.1014528,0.0804,0.674364,0.00014262,-0.0429096,0.001296047,0.1870189,9.25893E-05,-1.88832E-05,2.38441E-05,5.88177E-05,-3.21651E-05,0.00013383
0.0039096,0.8537,0.67,5.6197,-0.22745,0.0061762,0.97734,0.002735,-0.0004533,0.00068859,0.0015211,-0.00083424,0.0035632,0.102444,0.0804,0.674364,0.000141137,-0.0432155,0.001173478,0.1856946,9.87335E-05,-1.63641E-05,2.48581E-05,5.49117E-05,-3.01161E-05,0.000128632
0.0039605,0.86196,0.67,5.6197,-0.22894,0.0058044,0.97125,0.0029272,-0.0003989,0.00075416,0.0014575,-0.00079714,0.0035363,0.1034352,0.0804,0.674364,0.000142974,-0.0434986,0.001102836,0.1845375,0.000105672,-1.44003E-05,2.72252E-05,5.26158E-05,-2.87768E-05,0.00012766
0.0040717,0.87021,0.67,5.6197,-0.23022,0.0055541,0.96478,0.0031309,-0.00035424,0.00083692,0.0013992,-0.00075981,0.0036133,0.1044252,0.0804,0.674364,0.000146988,-0.0437418,0.001055279,0.1833082,0.000113025,-1.27881E-05,3.02128E-05,5.05111E-05,-2.74291E-05,0.00013044
0.0042292,0.87847,0.67,5.6197,-0.23158,0.0048552,0.95745,0.0033578,-0.00030858,0.00088457,0.0013268,-0.00071143,0.0037738,0.1054164,0.0804,0.674364,0.000152674,-0.0440002,0.000922488,0.1819155,0.000121217,-1.11397E-05,3.1933E-05,4.78975E-05,-2.56826E-05,0.000136234
0.0044002,0.88672,0.67,5.6197,-0.23273,0.0033068,0.94972,0.0036268,-0.00025211,0.00090225,0.0012555,-0.00066486,0.003918,0.1064064,0.0804,0.674364,0.000158847,-0.0442187,0.000628292,0.1804468,0.000130927,-9.10117E-06,3.25712E-05,4.53236E-05,-2.40014E-05,0.00014144
0.0046303,0.89498,0.67,5.6197,-0.23359,0.00083328,0.94193,0.0039176,-0.000191,0.0009277,0.0011943,-0.0006379,0.0041487,0.1073976,0.0804,0.674364,0.000167154,-0.0443821,0.000158323,0.1789667,0.000141425,-6.8951E-06,3.349E-05,4.31142E-05,-2.30282E-05,0.000149768
0.0048718,0.90324,0.67,5.6197,-0.23456,-0.0023319,0.93403,0.0041912,-0.00013343,0.00099412,0.0011422,-0.00064245,0.0044102,0.1083888,0.0804,0.674364,0.000175872,-0.0445664,-0.000443061,0.1774657,0.000151302,-4.81682E-06,3.58877E-05,4.12334E-05,-2.31924E-05,0.000159208
0.0051152,0.91149,0.67,5.6197,-0.23521,-0.0056824,0.9255,0.0044316,-9.61E-05,0.0010636,0.0011179,-0.00063222,0.0046809,0.1093788,0.0804,0.674364,0.000184659,-0.0446899,-0.001079656,0.175845,0.000159981,-3.46961E-06,3.8396E-05,4.03562E-05,-2.28231E-05,0.00016898
0.0053388,0.91975,0.67,5.6197,-0.23536,-0.0085536,0.91595,0.0046839,-9.48E-05,0.0011149,0.0011228,-0.00057013,0.0048709,0.11037,0.0804,0.674364,0.000192731,-0.0447184,-0.001625184,0.1740305,0.000169089,-3.42196E-06,4.02479E-05,4.05331E-05,-2.05817E-05,0.000175839
0.0055166,0.92801,0.67,5.6197,-0.2354,-0.010455,0.90533,0.0049452,-9.27E-05,0.0011701,0.0011193,-0.00047352,0.0049687,0.1113612,0.0804,0.674364,0.000199149,-0.044726,-0.00198645,0.1720127,0.000178522,-3.34568E-06,4.22406E-05,4.04067E-05,-1.70941E-05,0.00017937
0.0056189,0.93626,0.67,5.6197,-0.23527,-0.011295,0.89376,0.0051903,-5.37E-05,0.0012616,0.001085,-0.00033169,0.0049626,0.1123512,0.0804,0.674364,0.000202842,-0.0447013,-0.00214605,0.1698144,0.00018737,-1.93687E-06,4.55438E-05,3.91685E-05,-1.1974E-05,0.00017915
0.0056299,0.94452,0.67,5.6197,-0.23523,-0.011337,0.88164,0.0053916,1.48E-06,0.0013093,0.001033,-0.00016277,0.0048352,0.1133424,0.0804,0.674364,0.000203239,-0.0446937,-0.00215403,0.1675116,0.000194637,5.3493E-08,4.72657E-05,3.72913E-05,-5.876E-06,0.000174551
0.0056504,0.95277,0.67,5.6197,-0.23507,-0.011092,0.86957,0.0055915,8.31E-05,0.0012572,0.00099854,-1.07E-05,0.0047108,0.1143324,0.0804,0.674364,0.000203979,-0.0446633,-0.00210748,0.1652183,0.000201853,2.99926E-06,4.53849E-05,3.60473E-05,-3.84465E-07,0.00017006
0.0057248,0.96103,0.67,5.6197,-0.23445,-0.010743,0.85767,0.0058177,0.00020214,0.001122,0.0010202,0.0001065,0.0046117,0.1153236,0.0804,0.674364,0.000206665,-0.0445455,-0.00204117,0.1629573,0.000210019,7.29725E-06,4.05042E-05,3.68292E-05,3.84465E-06,0.000166482
0.0059411,0.96929,0.67,5.6197,-0.23433,-0.010139,0.84625,0.0061003,0.00034792,0.00093809,0.0011268,0.00018021,0.004655,0.1163148,0.0804,0.674364,0.000214474,-0.0445227,-0.00192641,0.1607875,0.000220221,1.25599E-05,3.3865E-05,4.06775E-05,6.50558E-06,0.000168046
0.0062315,0.97754,0.67,5.6197,-0.23386,-0.0094106,0.83582,0.0063933,0.00050643,0.00077498,0.0013229,0.0002088,0.0047468,0.1173048,0.0804,0.674364,0.000224957,-0.0444334,-0.001788014,0.1588058,0.000230798,1.82821E-05,2.79768E-05,4.77567E-05,7.53768E-06,0.000171359
0.0065804,0.9858,0.67,5.6197,-0.23231,-0.0085257,0.82638,0.0066355,0.00064624,0.00062078,0.0015699,0.00020904,0.0049554,0.118296,0.0804,0.674364,0.000237552,-0.0441389,-0.001619883,0.1570122,0.000239542,2.33293E-05,2.24102E-05,5.66734E-05,7.54634E-06,0.00017889
0.0069825,0.99405,0.67,5.6197,-0.2312,-0.0073958,0.81796,0.0069088,0.00073557,0.00051021,0.0017948,0.00020999,0.0052614,0.119286,0.0804,0.674364,0.000252068,-0.043928,-0.001405202,0.1554124,0.000249408,2.65541E-05,1.84186E-05,6.47923E-05,7.58064E-06,0.000189937
0.0074057,1.0023,0.67,5.6197,-0.2304,-0.0063455,0.8099,0.0072114,0.0007699,0.00042463,0.0019244,0.0001995,0.0056756,0.120276,0.0804,0.674364,0.000267346,-0.043776,-0.001205645,0.153881,0.000260332,2.77934E-05,1.53291E-05,6.94708E-05,7.20195E-06,0.000204889
0.0078046,1.0106,0.67,5.6197,-0.22899,-0.0058061,0.80108,0.0074847,0.00075616,0.0004122,0.0019208,0.00016403,0.0062038,0.121272,0.0804,0.674364,0.000281746,-0.0435081,-0.001103159,0.1522052,0.000270198,2.72974E-05,1.48804E-05,6.93409E-05,5.92148E-06,0.000223957
0.0080681,1.0188,0.67,5.6197,-0.22723,-0.0061147,0.79124,0.0076469,0.00067729,0.0003706,0.0018016,7.26E-05,0.0066877,0.122256,0.0804,0.674364,0.000291258,-0.0431737,-0.001161793,0.1503356,0.000276053,2.44502E-05,1.33787E-05,6.50378E-05,2.61934E-06,0.000241426
0.0083051,1.0271,0.67,5.6197,-0.22558,-0.0072018,0.7806,0.0077447,0.00053048,0.00033145,0.0016267,-8.03E-05,0.0072389,0.123252,0.0804,0.674364,0.000299814,-0.0428602,-0.001368342,0.148314,0.000279584,1.91503E-05,1.19653E-05,5.87239E-05,-2.89757E-06,0.000261324
0.0084958,1.0353,0.67,5.6197,-0.2244,-0.0086834,0.76958,0.0078144,0.00033638,0.00030617,0.0014572,-0.00027005,0.0077199,0.124236,0.0804,0.674364,0.000306698,-0.042636,-0.001649846,0.1462202,0.0002821,1.21433E-05,1.10527E-05,5.26049E-05,-9.74881E-06,0.000278688
0.0086915,1.0436,0.67,5.6197,-0.2237,-0.010196,0.75866,0.0078126,0.00012893,0.00021456,0.0013357,-0.00047257,0.0082347,0.125232,0.0804,0.674364,0.000313763,-0.042503,-0.00193724,0.1441454,0.000282035,4.65437E-06,7.74562E-06,4.82188E-05,-1.70598E-05,0.000297273
0.0089433,1.0518,0.67,5.6197,-0.22276,-0.011596,0.74825,0.0078192,-3.46E-05,0.00015089,0.0012635,-0.0006456,0.0088038,0.126216,0.0804,0.674364,0.000322853,-0.0423244,-0.00220324,0.1421675,0.000282273,-1.24877E-06,5.44713E-06,4.56124E-05,-2.33062E-05,0.000317817
0.0091889,1.0601,0.67,5.6197,-0.22132,-0.012777,0.73801,0.0078065,-0.0001359,2.96E-05,0.0012214,-0.00076963,0.0093498,0.127212,0.0804,0.674364,0.000331719,-0.0420508,-0.00242763,0.1402219,0.000281815,-4.90599E-06,1.06737E-06,4.40925E-05,-2.77836E-05,0.000337528
0.0094884,1.0684,0.67,5.6197,-0.21936,-0.013702,0.72723,0.0078394,-0.00019177,-5.45E-05,0.0012029,-0.00083591,0.0099347,0.128208,0.0804,0.674364,0.000342531,-0.0416784,-0.00260338,0.1381737,0.000283002,-6.9229E-06,-1.96745E-06,4.34247E-05,-3.01764E-05,0.000358643
0.0096988,1.0766,0.67,5.6197,-0.21702,-0.014279,0.71584,0.0078601,-0.00022081,-0.00014653,0.0011909,-0.00087036,0.010347,0.129192,0.0804,0.674364,0.000350127,-0.0412338,-0.00271301,0.1360096,0.00028375,-7.97124E-06,-5.28973E-06,4.29915E-05,-3.142E-05,0.000373527
0.0098852,1.0849,0.67,5.6197,-0.21473,-0.014146,0.70431,0.0078144,-0.00023898,-0.00021951,0.001186,-0.00091149,0.01077,0.130188,0.0804,0.674364,0.000356856,-0.0407987,-0.00268774,0.1338189,0.0002821,-8.62718E-06,-7.92431E-06,4.28146E-05,-3.29048E-05,0.000388797
0.010077,1.0931,0.67,5.6197,-0.21204,-0.013102,0.69306,0.0078524,-0.00025598,-0.00019844,0.0012135,-0.00098436,0.011089,0.131172,0.0804,0.674364,0.00036378,-0.0402876,-0.00248938,0.1316814,0.000283472,-9.24088E-06,-7.16368E-06,4.38074E-05,-3.55354E-05,0.000400313
0.010265,1.1014,0.67,5.6197,-0.20885,-0.011252,0.68246,0.0079388,-0.00026764,-0.00022921,0.0012795,-0.0010396,0.011312,0.132168,0.0804,0.674364,0.000370567,-0.0396815,-0.00213788,0.1296674,0.000286591,-9.6618E-06,-8.27448E-06,4.619E-05,-3.75296E-05,0.000408363
0.010397,1.1096,0.67,5.6197,-0.20538,-0.0094998,0.67258,0.0079966,-0.00025696,-0.00025573,0.0013769,-0.0010493,0.011421,0.133152,0.0804,0.674364,0.000375332,-0.0390222,-0.001804962,0.1277902,0.000288677,-9.27626E-06,-9.23185E-06,4.97061E-05,-3.78797E-05,0.000412298
0.0105,1.1179,0.67,5.6197,-0.20143,-0.0089854,0.6632,0.0080761,-0.00023219,-0.00027209,0.0014951,-0.0010484,0.011428,0.134148,0.0804,0.674364,0.00037905,-0.0382717,-0.001707226,0.126008,0.000291547,-8.38206E-06,-9.82245E-06,5.39731E-05,-3.78472E-05,0.000412551
0.010634,1.1262,0.67,5.6197,-0.19736,-0.0095885,0.65502,0.0083024,-0.00018135,-0.00019059,0.0016347,-0.0010783,0.011331,0.135144,0.0804,0.674364,0.000383887,-0.0374984,-0.001821815,0.1244538,0.000299717,-6.54674E-06,-6.8803E-06,5.90127E-05,-3.89266E-05,0.000409049
0.010738,1.1344,0.67,5.6197,-0.19334,-0.010591,0.64845,0.0086431,-9.73E-05,-0.00011818,0.0017758,-0.0011174,0.011057,0.136128,0.0804,0.674364,0.000387642,-0.0367346,-0.00201229,0.1232055,0.000312016,-3.51109E-06,-4.2663E-06,6.41064E-05,-4.03381E-05,0.000399158
0.010652,1.1427,0.67,5.6197,-0.18957,-0.011727,0.64325,0.0088337,1.00E-05,-7.43E-05,0.0018488,-0.001089,0.010622,0.137124,0.0804,0.674364,0.000384537,-0.0360183,-0.00222813,0.1222175,0.000318897,3.62372E-07,-2.68169E-06,6.67417E-05,-3.93129E-05,0.000383454
0.010512,1.1509,0.67,5.6197,-0.18563,-0.012729,0.63914,0.0089363,0.00011953,-1.33E-06,0.0018345,-0.00098828,0.010252,0.138108,0.0804,0.674364,0.000379483,-0.0352697,-0.00241851,0.1214366,0.0003226,4.31503E-06,-4.78433E-08,6.62255E-05,-3.56769E-05,0.000370097
0.010346,1.1592,0.67,5.6197,-0.18124,-0.013352,0.63543,0.009094,0.00017801,6.43E-05,0.0017659,-0.0008826,0.009832,0.139104,0.0804,0.674364,0.000373491,-0.0344356,-0.00253688,0.1207317,0.000328293,6.42616E-06,2.31964E-06,6.3749E-05,-3.18619E-05,0.000354935
0.010131,1.1674,0.67,5.6197,-0.17659,-0.013665,0.63128,0.0090776,0.00018149,0.00010278,0.0016782,-0.00076462,0.0095057,0.140088,0.0804,0.674364,0.000365729,-0.0335521,-0.00259635,0.1199432,0.000327701,6.55179E-06,3.71036E-06,6.0583E-05,-2.76028E-05,0.000343156
0.010017,1.1757,0.67,5.6197,-0.17137,-0.014069,0.62707,0.0090284,0.00016479,0.00013957,0.0015728,-0.00066546,0.0094332,0.141084,0.0804,0.674364,0.000361614,-0.0325603,-0.00267311,0.1191433,0.000325925,5.94892E-06,5.03848E-06,5.67781E-05,-2.40231E-05,0.000340539
0.010003,1.1839,0.67,5.6197,-0.16525,-0.014498,0.62242,0.0091344,0.00013028,0.00020638,0.0014706,-0.00060926,0.0094018,0.142068,0.0804,0.674364,0.000361108,-0.0313975,-0.00275462,0.1182598,0.000329752,4.70311E-06,7.45032E-06,5.30887E-05,-2.19943E-05,0.000339405
0.010008,1.1922,0.67,5.6197,-0.15874,-0.015067,0.61749,0.0091779,0.00010643,0.00023546,0.001408,-0.00055358,0.0094306,0.143064,0.0804,0.674364,0.000361289,-0.0301606,-0.00286273,0.1173231,0.000331322,3.84212E-06,8.50011E-06,5.08288E-05,-1.99842E-05,0.000340445
0.010026,1.2005,0.67,5.6197,-0.15231,-0.015931,0.61385,0.0091604,0.00011312,0.00031076,0.0013742,-0.00049595,0.0095167,0.14406,0.0804,0.674364,0.000361939,-0.0289389,-0.00302689,0.1166315,0.00033069,4.08363E-06,1.12184E-05,4.96086E-05,-1.79038E-05,0.000343553
0.010101,1.2087,0.67,5.6197,-0.1458,-0.01693,0.61209,0.0092696,0.00012986,0.00046086,0.0013784,-0.0004197,0.0095538,0.145044,0.0804,0.674364,0.000364646,-0.027702,-0.0032167,0.1162971,0.000334633,4.68795E-06,1.6637E-05,4.97602E-05,-1.51512E-05,0.000344892
0.010036,1.217,0.67,5.6197,-0.13939,-0.017827,0.61218,0.009358,0.00015047,0.00055443,0.0013957,-0.0003163,0.0093193,0.14604,0.0804,0.674364,0.0003623,-0.0264841,-0.00338713,0.1163142,0.000337824,5.43197E-06,2.00149E-05,5.03848E-05,-1.14184E-05,0.000336427
0.0099223,1.2252,0.67,5.6197,-0.1333,-0.018607,0.61389,0.0093437,0.00017587,0.00064039,0.0013975,-0.00018006,0.0091033,0.147024,0.0804,0.674364,0.000358195,-0.025327,-0.00353533,0.1166391,0.000337308,6.34891E-06,2.31181E-05,5.04498E-05,-6.50017E-06,0.000328629
0.009798,1.2335,0.67,5.6197,-0.12718,-0.019416,0.61707,0.0092926,0.00019282,0.00074088,0.0013978,-4.16E-05,0.0089055,0.14802,0.0804,0.674364,0.000353708,-0.0241642,-0.00368904,0.1172433,0.000335463,6.9608E-06,2.67458E-05,5.04606E-05,-1.50313E-06,0.000321489
0.0096215,1.2417,0.67,5.6197,-0.12047,-0.020372,0.62003,0.0090806,0.00021144,0.00082,0.0014099,9.69E-05,0.0087525,0.149004,0.0804,0.674364,0.000347336,-0.0228893,-0.00387068,0.1178057,0.00032781,7.63298E-06,0.000029602,5.08974E-05,3.49935E-06,0.000315965
0.0094043,1.25,0.67,5.6197,-0.11301,-0.021909,0.62151,0.0086716,0.00021639,0.00087059,0.0014336,0.00023885,0.0087034,0.15,0.0804,0.674364,0.000339495,-0.0214719,-0.00416271,0.1180869,0.000313045,7.81168E-06,3.14283E-05,5.1753E-05,8.62249E-06,0.000314193
0.0092105,1.2583,0.67,5.6197,-0.10495,-0.023873,0.62179,0.0082365,0.00016205,0.00082288,0.0014562,0.00035255,0.0087283,0.150996,0.0804,0.674364,0.000332499,-0.0199405,-0.00453587,0.1181401,0.000297338,5.85001E-06,2.9706E-05,5.25688E-05,1.27271E-05,0.000315092
0.0090521,1.2665,0.67,5.6197,-0.096576,-0.025793,0.62147,0.0078899,7.44E-05,0.00073665,0.001476,0.00043697,0.0087382,0.15198,0.0804,0.674364,0.000326781,-0.01834944,-0.00490067,0.1180793,0.000284825,2.68454E-06,2.65931E-05,5.32836E-05,1.57746E-05,0.000315449
0.0089546,1.2748,0.67,5.6197,-0.088019,-0.027066,0.62052,0.0075796,-1.88E-05,0.00064778,0.0015165,0.00054785,0.0088131,0.152976,0.0804,0.674364,0.000323261,-0.01672361,-0.00514254,0.1178988,0.000273624,-6.76983E-07,2.33849E-05,5.47457E-05,1.97774E-05,0.000318153
0.0089239,1.283,0.67,5.6197,-0.079219,-0.027545,0.61843,0.0072503,-0.00011291,0.00053639,0.0015816,0.00070776,0.0090158,0.15396,0.0804,0.674364,0.000322153,-0.01505161,-0.00523355,0.1175017,0.000261736,-4.07605E-06,1.93637E-05,5.70958E-05,2.55501E-05,0.00032547
0.0088963,1.2913,0.67,5.6197,-0.070249,-0.027467,0.61526,0.0069424,-0.00020484,0.00037017,0.001636,0.00088656,0.0092141,0.154956,0.0804,0.674364,0.000321156,-0.01334731,-0.00521873,0.1168994,0.000250621,-7.39472E-06,1.33631E-05,5.90596E-05,3.20048E-05,0.000332629
0.0088406,1.2995,0.67,5.6197,-0.061232,-0.027171,0.61167,0.0067351,-0.00028163,0.00021874,0.0016418,0.0010546,0.0093043,0.15594,0.0804,0.674364,0.000319146,-0.01163408,-0.00516249,0.1162173,0.000243137,-1.01668E-05,7.89651E-06,5.9269E-05,3.80711E-05,0.000335885
0.008646,1.3078,0.67,5.6197,-0.051992,-0.026895,0.60781,0.0064965,-0.00032109,8.82E-05,0.0015839,0.0011565,0.0092115,0.156936,0.0804,0.674364,0.000312121,-0.00987848,-0.00511005,0.1154839,0.000234524,-1.15913E-05,3.18225E-06,5.71788E-05,4.17497E-05,0.000332535
0.0084052,1.316,0.67,5.6197,-0.042502,-0.026698,0.60355,0.0061496,-0.00032466,-4.78E-05,0.0014726,0.0011697,0.0091883,0.15792,0.0804,0.674364,0.000303428,-0.00807538,-0.00507262,0.1146745,0.000222001,-1.17202E-05,-1.72396E-06,5.31609E-05,4.22262E-05,0.000331698
0.0081867,1.3243,0.67,5.6197,-0.032901,-0.026538,0.59937,0.0058854,-0.00031555,-0.00019034,0.0013319,0.0011152,0.0091561,0.158916,0.0804,0.674364,0.00029554,-0.00625119,-0.00504222,0.1138803,0.000212463,-1.13914E-05,-6.87127E-06,4.80816E-05,4.02587E-05,0.000330535
0.007934,1.3326,0.67,5.6197,-0.023422,-0.026337,0.59563,0.0057515,-0.00029582,-0.00029189,0.001185,0.0010258,0.0089315,0.159912,0.0804,0.674364,0.000286417,-0.00445018,-0.00500403,0.1131697,0.000207629,-1.06791E-05,-1.05372E-05,4.27785E-05,3.70314E-05,0.000322427
0.0074821,1.3408,0.67,5.6197,-0.013725,-0.026353,0.59241,0.0054745,-0.00025797,-0.0002536,0.0010495,0.00091988,0.0084403,0.160896,0.0804,0.674364,0.000270104,-0.00260775,-0.00500707,0.1125579,0.000197629,-9.31272E-06,-9.15496E-06,3.7887E-05,3.32077E-05,0.000304695
0.0070927,1.3491,0.67,5.6197,-0.0035156,-0.026242,0.58971,0.0051018,-0.00021557,-0.00024462,0.00092698,0.00079445,0.0081567,0.161892,0.0804,0.674364,0.000256046,-0.000667964,-0.00498598,0.1120449,0.000184175,-7.78208E-06,-8.83078E-06,3.3464E-05,2.86796E-05,0.000294457
0.0068799,1.3573,0.67,5.6197,0.0064382,-0.026557,0.58827,0.0050094,-0.00019062,-0.00044007,0.0008347,0.00071671,0.0079157,0.162876,0.0804,0.674364,0.000248364,0.001223258,-0.00504583,0.1117713,0.000180839,-6.88138E-06,-1.58865E-05,3.01327E-05,2.58732E-05,0.000285757
0.0065009,1.3656,0.67,5.6197,0.016006,-0.026619,0.58778,0.0049,-0.00014777,-0.00050274,0.00077171,0.00059935,0.0073301,0.163872,0.0804,0.674364,0.000234682,0.00304114,-0.00505761,0.1116782,0.00017689,-5.3345E-06,-1.81489E-05,2.78587E-05,2.16365E-05,0.000264617
0.0060425,1.3738,0.67,5.6197,0.026022,-0.02643,0.58805,0.0045007,-0.00011744,-0.00049827,0.00072098,0.00046538,0.0068633,0.164856,0.0804,0.674364,0.000218134,0.00494418,-0.0050217,0.1117295,0.000162475,-4.23958E-06,-1.79875E-05,2.60274E-05,1.68002E-05,0.000247765
0.0058683,1.3821,0.67,5.6197,0.035734,-0.026652,0.59009,0.0043678,-0.00012667,-0.00080706,0.00069234,0.00037428,0.0066764,0.165852,0.0804,0.674364,0.000211846,0.00678946,-0.00506388,0.1121171,0.000157678,-4.57279E-06,-2.91349E-05,2.49935E-05,1.35115E-05,0.000241018
0.0055812,1.3903,0.67,5.6197,0.044815,-0.026634,0.59388,0.0043745,-0.00011379,-0.00077981,0.00068252,0.00026213,0.0061054,0.166836,0.0804,0.674364,0.000201481,0.00851485,-0.00506046,0.1128372,0.000157919,-4.10782E-06,-2.81511E-05,2.4639E-05,9.46289E-06,0.000220405
0.0051636,1.3986,0.67,5.6197,0.05412,-0.026598,0.59843,0.0041086,-0.00011227,-0.00064746,0.00070783,0.00014715,0.0055108,0.167832,0.0804,0.674364,0.000186406,0.0102828,-0.00505362,0.1137017,0.00014832,-4.05295E-06,-2.33733E-05,2.55527E-05,5.31212E-06,0.00019894
0.0051689,1.4069,0.67,5.6197,0.063188,-0.026035,0.60369,0.0040631,-0.00012936,-0.00090244,0.00076013,4.78E-05,0.0055146,0.168828,0.0804,0.674364,0.000186597,0.01200572,-0.00494665,0.1147011,0.000146678,-4.6699E-06,-3.25781E-05,2.74407E-05,1.72569E-06,0.000199077
0.0048741,1.4151,0.67,5.6197,0.072088,-0.025907,0.60977,0.0038724,-0.00013991,-0.00088036,0.00083678,2.14E-05,0.005039,0.169812,0.0804,0.674364,0.000175955,0.01369672,-0.00492233,0.1158563,0.000139794,-5.05075E-06,-3.1781E-05,3.02078E-05,7.72396E-07,0.000181908
0.0047297,1.4234,0.67,5.6197,0.080834,-0.025467,0.61581,0.0035424,-0.00016688,-0.00093056,0.00094205,-2.88E-05,0.0049751,0.170808,0.0804,0.674364,0.000170742,0.01535846,-0.00483873,0.1170039,0.000127881,-6.02437E-06,-3.35932E-05,3.4008E-05,-1.0399E-06,0.000179601
0.0046787,1.4316,0.67,5.6197,0.088993,-0.024553,0.62312,0.0034693,-0.00020561,-0.0011099,0.0010404,-4.03E-05,0.0048478,0.171792,0.0804,0.674364,0.000168901,0.01690867,-0.00466507,0.1183928,0.000125242,-7.42252E-06,-4.00674E-05,3.75584E-05,-1.45635E-06,0.000175006
0.0045005,1.4399,0.67,5.6197,0.096688,-0.024351,0.63137,0.0032924,-0.00025952,-0.0010577,0.0011569,2.05E-05,0.0045517,0.172788,0.0804,0.674364,0.000162468,0.01837072,-0.00462669,0.1199603,0.000118856,-9.36867E-06,-3.8183E-05,4.17641E-05,7.41386E-07,0.000164316
0.0045365,1.4481,0.67,5.6197,0.10395,-0.024077,0.64056,0.0031882,-0.00032845,-0.0011467,0.0012715,6.35E-05,0.0046132,0.173772,0.0804,0.674364,0.000163768,0.0197505,-0.00457463,0.1217064,0.000115094,-1.1857E-05,-4.13959E-05,4.59012E-05,2.29076E-06,0.000166537
0.0043615,1.4564,0.67,5.6197,0.11071,-0.024169,0.65066,0.0030608,-0.00039744,-0.0011161,0.0013635,9.16E-05,0.0042987,0.174768,0.0804,0.674364,0.00015745,0.0210349,-0.00459211,0.1236254,0.000110495,-1.43476E-05,-4.02912E-05,4.92224E-05,3.30723E-06,0.000155183
0.0043563,1.4647,0.67,5.6197,0.11726,-0.024805,0.66083,0.0029961,-0.00048058,-0.001124,0.0014506,0.00012747,0.0042659,0.175764,0.0804,0.674364,0.000157262,0.0222794,-0.00471295,0.1255577,0.000108159,-1.73489E-05,-4.05764E-05,5.23667E-05,4.60167E-06,0.000153999
0.004287,1.4729,0.67,5.6197,0.12382,-0.025753,0.6718,0.0030484,-0.00054315,-0.0010944,0.0014997,0.00014458,0.004026,0.176748,0.0804,0.674364,0.000154761,0.0235258,-0.00489307,0.127642,0.000110047,-1.96077E-05,-3.95078E-05,5.41392E-05,5.21934E-06,0.000145339
0.0041031,1.4812,0.67,5.6197,0.1305,-0.026957,0.68302,0.0028863,-0.00056176,-0.0010143,0.0015262,0.00012618,0.0037939,0.177744,0.0804,0.674364,0.000148122,0.024795,-0.00512183,0.1297738,0.000104195,-2.02795E-05,-3.66162E-05,5.50958E-05,4.5551E-06,0.00013696
0.0039496,1.4894,0.67,5.6197,0.13669,-0.027953,0.69445,0.0026908,-0.00054961,-0.0010233,0.0015437,8.79E-05,0.0036647,0.178728,0.0804,0.674364,0.000142581,0.0259711,-0.00531107,0.1319455,9.71379E-05,-1.98409E-05,-3.69411E-05,5.57276E-05,3.17261E-06,0.000132296
0.0038303,1.4977,0.67,5.6197,0.14227,-0.028622,0.70584,0.0025795,-0.00051842,-0.00088958,0.0015546,2.19E-05,0.0035264,0.179724,0.0804,0.674364,0.000138274,0.0270313,-0.00543818,0.1341096,9.312E-05,-1.8715E-05,-3.21138E-05,5.61211E-05,7.91709E-07,0.000127303
0.0037466,1.5059,0.67,5.6197,0.14772,-0.029123,0.71681,0.0024909,-0.00049466,-0.00077132,0.0015504,-7.00E-05,0.003452,0.180708,0.0804,0.674364,0.000135252,0.0280668,-0.00553337,0.1361939,8.99215E-05,-1.78572E-05,-2.78447E-05,5.59694E-05,-2.5279E-06,0.000124617
0.0036359,1.5142,0.67,5.6197,0.15275,-0.029712,0.72708,0.0024026,-0.00048317,-0.00066261,0.0015271,-0.0001974,0.0033421,0.181704,0.0804,0.674364,0.000131256,0.0290225,-0.00564528,0.1381452,8.67339E-05,-1.74424E-05,-2.39202E-05,5.51283E-05,-7.12614E-06,0.00012065
0.0035541,1.5224,0.67,5.6197,0.15743,-0.030557,0.73688,0.0022976,-0.00047345,-0.00056045,0.0014992,-0.00036801,0.0033114,0.182688,0.0804,0.674364,0.000128303,0.0299117,-0.00580583,0.1400072,8.29434E-05,-1.70915E-05,-2.02322E-05,5.41211E-05,-1.32852E-05,0.000119542
0.0035078,1.5307,0.67,5.6197,0.16219,-0.031283,0.74654,0.0022041,-0.00047565,-0.00047857,0.0014638,-0.00056268,0.0033477,0.183684,0.0804,0.674364,0.000126632,0.0308161,-0.00594377,0.1418426,7.9568E-05,-1.7171E-05,-1.72764E-05,5.28432E-05,-2.03127E-05,0.000120852
0.0034857,1.539,0.67,5.6197,0.16699,-0.031191,0.75644,0.0021212,-0.00048857,-0.00039231,0.0014303,-0.00073845,0.0034199,0.18468,0.0804,0.674364,0.000125834,0.0317281,-0.00592629,0.1437236,7.65753E-05,-1.76374E-05,-1.41624E-05,5.16338E-05,-2.6658E-05,0.000123458
0.0034649,1.5472,0.67,5.6197,0.17121,-0.030293,0.76714,0.0020364,-0.00049626,-0.00028106,0.0014177,-0.00087486,0.0034757,0.185664,0.0804,0.674364,0.000125083,0.0325299,-0.00575567,0.1457566,7.3514E-05,-1.7915E-05,-1.01463E-05,5.1179E-05,-3.15824E-05,0.000125473
0.0034609,1.5555,0.67,5.6197,0.17494,-0.028915,0.77871,0.0019789,-0.000507,-0.00015352,0.0014355,-0.00095617,0.0035074,0.18666,0.0804,0.674364,0.000124938,0.0332386,-0.00549385,0.1479549,7.14383E-05,-1.83027E-05,-5.54207E-06,5.18216E-05,-3.45177E-05,0.000126617
0.0034533,1.5637,0.67,5.6197,0.17917,-0.027284,0.79073,0.0019622,-0.00052003,-3.21E-05,0.0014679,-0.00098969,0.0034765,0.187644,0.0804,0.674364,0.000124664,0.0340423,-0.00518396,0.1502387,7.08354E-05,-1.87731E-05,-1.15877E-06,5.29912E-05,-3.57278E-05,0.000125502
0.0034288,1.572,0.67,5.6197,0.18349,-0.02577,0.80226,0.0019528,-0.00052675,3.67E-05,0.0014867,-0.00099188,0.0034181,0.18864,0.0804,0.674364,0.00012378,0.0348631,-0.0048963,0.1524294,7.04961E-05,-1.90157E-05,1.32433E-06,5.36699E-05,-3.58069E-05,0.000123393
0.0033315,1.5802,0.67,5.6197,0.18674,-0.024563,0.81277,0.0019025,-0.00052693,6.75E-05,0.0014737,-0.00097274,0.0032867,0.189624,0.0804,0.674364,0.000120267,0.0354806,-0.00466697,0.1544263,6.86803E-05,-1.90222E-05,2.43624E-06,5.32006E-05,-3.51159E-05,0.00011865
0.003194,1.5885,0.67,5.6197,0.18925,-0.023769,0.82226,0.0018317,-0.00051885,6.46E-05,0.0014278,-0.00092531,0.0031286,0.19062,0.0804,0.674364,0.000115303,0.0359575,-0.00451611,0.1562294,6.61244E-05,-1.87305E-05,2.33358E-06,5.15436E-05,-3.34037E-05,0.000112942
0.003064,1.5968,0.67,5.6197,0.19152,-0.023215,0.83054,0.0017887,-0.00050661,6.42E-05,0.0013531,-0.00087129,0.0029861,0.191616,0.0804,0.674364,0.00011061,0.0363888,-0.00441085,0.1578026,6.45721E-05,-1.82886E-05,2.31805E-06,4.88469E-05,-3.14536E-05,0.000107798
0.0029554,1.605,0.67,5.6197,0.19318,-0.022681,0.83746,0.0017739,-0.00049857,6.98E-05,0.0012566,-0.00081951,0.0028803,0.1926,0.0804,0.674364,0.00010669,0.0367042,-0.00430939,0.1591174,6.40378E-05,-1.79984E-05,2.5205E-06,4.53633E-05,-2.95843E-05,0.000103979
0.0028438,1.6133,0.67,5.6197,0.19417,-0.022124,0.84334,0.0017653,-0.0004974,7.40E-05,0.0011664,-0.00076706,0.0027559,0.193596,0.0804,0.674364,0.000102661,0.0368923,-0.00420356,0.1602346,6.37273E-05,-1.79561E-05,2.66996E-06,4.2107E-05,-2.76909E-05,9.9488E-05
0.0027489,1.6215,0.67,5.6197,0.19483,-0.021243,0.84851,0.0017498,-0.0004991,6.21E-05,0.0011196,-0.00073759,0.0026283,0.19458,0.0804,0.674364,9.92353E-05,0.0370177,-0.00403617,0.1612169,6.31678E-05,-1.80175E-05,2.2408E-06,4.04176E-05,-2.6627E-05,9.48816E-05
0.0026679,1.6298,0.67,5.6197,0.19516,-0.019842,0.85306,0.0017291,-0.00050495,4.28E-05,0.0011194,-0.00072707,0.0024873,0.195576,0.0804,0.674364,9.63112E-05,0.0370804,-0.00376998,0.1620814,6.24205E-05,-1.82287E-05,1.54421E-06,4.04103E-05,-2.62472E-05,8.97915E-05
0.0025787,1.638,0.67,5.6197,0.19515,-0.018254,0.85695,0.0016997,-0.00050562,2.49E-05,0.0011403,-0.00068492,0.0023174,0.19656,0.0804,0.674364,9.30911E-05,0.0370785,-0.00346826,0.1628205,6.13592E-05,-1.82529E-05,9.00334E-07,4.11648E-05,-2.47256E-05,8.36581E-05
0.0024736,1.6463,0.67,5.6197,0.19469,-0.016677,0.86028,0.0016864,-0.00048842,-4.80E-06,0.0011744,-0.00059288,0.0020864,0.197556,0.0804,0.674364,8.9297E-05,0.0369911,-0.00316863,0.1634532,6.0879E-05,-1.7632E-05,-1.73222E-07,4.23958E-05,-2.1403E-05,7.5319E-05
0.0023458,1.6545,0.67,5.6197,0.19376,-0.014946,0.86313,0.0016971,-0.00046529,-8.88E-05,0.0012219,-0.00044865,0.0017727,0.19854,0.0804,0.674364,8.46834E-05,0.0368144,-0.00283974,0.1639947,6.12653E-05,-1.6797E-05,-3.20705E-06,4.41106E-05,-1.61963E-05,6.39945E-05
0.0022083,1.6628,0.67,5.6197,0.19255,-0.012837,0.86613,0.0016754,-0.00044017,-0.00019223,0.0012546,-0.00028927,0.0014866,0.199536,0.0804,0.674364,7.97196E-05,0.0365845,-0.00243903,0.1645647,6.04819E-05,-1.58901E-05,-6.9395E-06,4.52911E-05,-1.04426E-05,5.36663E-05
0.0021234,1.6711,0.67,5.6197,0.19121,-0.01032,0.8702,0.0016438,-0.00040794,-0.00026054,0.0012437,-0.00019165,0.0013593,0.200532,0.0804,0.674364,7.66547E-05,0.0363299,-0.0019608,0.165338,5.93412E-05,-1.47266E-05,-9.40549E-06,4.48976E-05,-6.91857E-06,4.90707E-05
0.002087,1.6793,0.67,5.6197,0.18989,-0.0076895,0.87568,0.0016871,-0.00038636,-0.0002829,0.0011935,-0.00016924,0.0012934,0.201516,0.0804,0.674364,7.53407E-05,0.0360791,-0.001461005,0.1663792,6.09043E-05,-1.39476E-05,-1.02127E-05,4.30854E-05,-6.10956E-06,4.66917E-05
0.0020608,1.6876,0.67,5.6197,0.18851,-0.0054627,0.88257,0.0017745,-0.0003809,-0.00027719,0.0011225,-0.00017283,0.0012246,0.202512,0.0804,0.674364,7.43949E-05,0.0358169,-0.001037913,0.1676883,6.40595E-05,-1.37505E-05,-1.00066E-05,4.05223E-05,-6.23916E-06,4.42081E-05
0.0020429,1.6958,0.67,5.6197,0.18683,-0.0039926,0.88973,0.0018382,-0.00037366,-0.00024783,0.0010573,-0.00018601,0.0011902,0.203496,0.0804,0.674364,7.37487E-05,0.0354977,-0.000758594,0.1690487,6.6359E-05,-1.34891E-05,-8.94666E-06,3.81685E-05,-6.71496E-06,4.29662E-05
0.0020336,1.7041,0.67,5.6197,0.18482,-0.0030577,0.89588,0.0018707,-0.00037568,-0.00020477,0.0010224,-0.00019726,0.001174,0.204492,0.0804,0.674364,7.3413E-05,0.0351158,-0.000580963,0.1702172,6.75323E-05,-1.3562E-05,-7.3922E-06,3.69086E-05,-7.12109E-06,4.23814E-05
0.0020845,1.7123,0.67,5.6197,0.18293,-0.0020931,0.90182,0.0019251,-0.00039585,-0.00014841,0.0010228,-0.00017851,0.0012211,0.205476,0.0804,0.674364,7.52505E-05,0.0347567,-0.000397689,0.1713458,6.94961E-05,-1.42902E-05,-5.3576E-06,3.69231E-05,-6.44421E-06,4.40817E-05
0.0021991,1.7206,0.67,5.6197,0.18138,-0.00084544,0.90803,0.0020142,-0.00041434,-6.76E-05,0.0010507,-0.00015295,0.0013332,0.206472,0.0804,0.674364,7.93875E-05,0.0344622,-0.000160634,0.1725257,7.27126E-05,-1.49577E-05,-2.43996E-06,3.79303E-05,-5.5215E-06,4.81285E-05
0.00233,1.7289,0.67,5.6197,0.17977,0.00039499,0.91295,0.0020987,-0.00043981,3.10E-05,0.0010825,-0.00017408,0.0014787,0.207468,0.0804,0.674364,0.000084113,0.0341563,7.50481E-05,0.1734605,7.57631E-05,-1.58771E-05,1.12044E-06,3.90783E-05,-6.28429E-06,5.33811E-05
0.0024545,1.7371,0.67,5.6197,0.17792,0.0013197,0.91618,0.0021727,-0.0004827,0.00015673,0.0011009,-0.00020933,0.0016354,0.208452,0.0804,0.674364,8.86075E-05,0.0338048,0.000250743,0.1740742,7.84345E-05,-1.74255E-05,5.65795E-06,3.97425E-05,-7.55681E-06,5.90379E-05
0.0025344,1.7454,0.67,5.6197,0.17645,0.0018696,0.91928,0.0022619,-0.00051524,0.00027706,0.0011066,-0.00019206,0.0017003,0.209448,0.0804,0.674364,9.14918E-05,0.0335255,0.000355224,0.1746632,8.16546E-05,-1.86002E-05,1.00019E-05,3.99483E-05,-6.93337E-06,6.13808E-05
0.0025244,1.7536,0.67,5.6197,0.1757,0.0021717,0.92371,0.0023736,-0.00051822,0.00033126,0.0011176,-0.00012581,0.0015575,0.210432,0.0804,0.674364,9.11308E-05,0.033383,0.000412623,0.1755049,8.5687E-05,-1.87077E-05,1.19585E-05,4.03454E-05,-4.54174E-06,5.62258E-05
0.0024589,1.7619,0.67,5.6197,0.17536,0.0025198,0.92936,0.002464,-0.00050922,0.00033255,0.0011663,-6.15E-05,0.0012876,0.211428,0.0804,0.674364,8.87663E-05,0.0333184,0.000478762,0.1765784,8.89504E-05,-1.83828E-05,1.20051E-05,4.21034E-05,-2.22116E-06,4.64824E-05
0.0024313,1.7701,0.67,5.6197,0.17503,0.0034299,0.93482,0.0025132,-0.00051397,0.00032118,0.0012545,-3.02E-05,0.0010948,0.212412,0.0804,0.674364,8.77699E-05,0.0332557,0.000651681,0.1776158,9.07265E-05,-1.85543E-05,1.15946E-05,4.52875E-05,-1.09123E-06,3.95223E-05
0.0024419,1.7784,0.67,5.6197,0.17445,0.0053093,0.93946,0.0025348,-0.00053637,0.00028788,0.0013554,-2.04E-05,0.00099362,0.213408,0.0804,0.674364,8.81526E-05,0.0331455,0.001008767,0.1784974,9.15063E-05,-1.9363E-05,1.03925E-05,4.89299E-05,-7.35465E-07,3.58697E-05
0.0024613,1.7866,0.67,5.6197,0.1735,0.0076611,0.94412,0.0025399,-0.0005687,0.00023944,0.0014736,-7.05E-06,0.00090901,0.214392,0.0804,0.674364,8.88529E-05,0.032965,0.001455609,0.1793828,9.16904E-05,-2.05301E-05,8.64378E-06,5.3197E-05,-2.5461E-07,3.28153E-05
0.002479,1.7949,0.67,5.6197,0.17218,0.009344,0.94877,0.0025542,-0.00060324,0.00019991,0.001585,-2.76E-06,0.0008187,0.215388,0.0804,0.674364,8.94919E-05,0.0327142,0.00177536,0.1802663,9.22066E-05,-2.1777E-05,7.21675E-06,5.72185E-05,-9.96324E-08,2.95551E-05
0.0024796,1.8032,0.67,5.6197,0.17068,0.0096588,0.95335,0.0025657,-0.00063152,0.00017569,0.0016463,-1.83E-05,0.00074719,0.216384,0.0804,0.674364,8.95136E-05,0.0324292,0.001835172,0.1811365,9.26218E-05,-2.27979E-05,6.34241E-06,5.94314E-05,-6.60269E-07,2.69736E-05
0.0024529,1.8114,0.67,5.6197,0.16917,0.0087492,0.95769,0.0025337,-0.00064687,0.00013828,0.0016589,-5.11E-05,0.0007132,0.217368,0.0804,0.674364,8.85497E-05,0.0321423,0.001662348,0.1819611,9.14666E-05,-2.3352E-05,4.99191E-06,5.98863E-05,-1.84298E-06,2.57465E-05
0.0024311,1.8197,0.67,5.6197,0.1677,0.0071224,0.96245,0.0024763,-0.0006493,0.00011965,0.0016481,-8.72E-05,0.00073779,0.218364,0.0804,0.674364,8.77627E-05,0.031863,0.001353256,0.1828655,8.93944E-05,-2.34397E-05,4.31937E-06,5.94964E-05,-3.14738E-06,2.66342E-05
0.0024294,1.8279,0.67,5.6197,0.16616,0.0055051,0.9677,0.0024158,-0.00064234,0.00013608,0.0016302,-0.00011146,0.00081286,0.219348,0.0804,0.674364,8.77013E-05,0.0315704,0.001045969,0.183863,8.72104E-05,-2.31885E-05,4.91249E-06,5.88502E-05,-4.02371E-06,2.93442E-05
0.0024395,1.8362,0.67,5.6197,0.1644,0.0045695,0.97304,0.0023419,-0.00062969,0.00019541,0.0016187,-0.000155,0.00091839,0.220344,0.0804,0.674364,8.8066E-05,0.031236,0.000868205,0.1848776,8.45426E-05,-2.27318E-05,7.0543E-06,5.84351E-05,-5.5955E-06,3.31539E-05
0.0024457,1.8446,0.67,5.6197,0.16241,0.0045979,0.97836,0.0022544,-0.00062665,0.0002966,0.001625,-0.00022217,0.0010121,0.221352,0.0804,0.674364,8.82898E-05,0.0308579,0.000873601,0.1858884,8.13838E-05,-2.26221E-05,1.07073E-05,5.86625E-05,-8.02034E-06,3.65368E-05
0.0024654,1.8534,0.67,5.6197,0.16023,0.0056512,0.98343,0.0021599,-0.000636,0.00042967,0.0016296,-0.00034151,0.0011413,0.222408,0.0804,0.674364,8.90009E-05,0.0304437,0.001073728,0.1868517,7.79724E-05,-2.29596E-05,1.55111E-05,5.88286E-05,-1.23285E-05,4.12009E-05
0.0024993,1.8626,0.67,5.6197,0.15792,0.0071288,0.98788,0.0020592,-0.00064523,0.0005552,0.0016334,-0.00046577,0.001306,0.223512,0.0804,0.674364,9.02247E-05,0.0300048,0.001354472,0.1876972,7.43371E-05,-2.32928E-05,2.00427E-05,5.89657E-05,-1.68143E-05,4.71466E-05
0.0025429,1.8723,0.67,5.6197,0.15562,0.0083916,0.99175,0.0019645,-0.00064638,0.00063776,0.0016562,-0.00060233,0.0014651,0.224676,0.0804,0.674364,9.17987E-05,0.0295678,0.001594404,0.1884325,7.09185E-05,-2.33343E-05,2.30231E-05,5.97888E-05,-2.17441E-05,5.28901E-05
0.0025581,1.8824,0.67,5.6197,0.15329,0.009421,0.99515,0.0018754,-0.00062976,0.00067404,0.0016483,-0.00074057,0.0015926,0.225888,0.0804,0.674364,9.23474E-05,0.0291251,0.00178999,0.1890785,6.77019E-05,-2.27343E-05,2.43328E-05,5.95036E-05,-2.67346E-05,5.74929E-05
0.002505,1.8931,0.67,5.6197,0.15081,0.010014,0.99778,0.0017788,-0.00061323,0.00061094,0.0016048,-0.00080717,0.0016264,0.227172,0.0804,0.674364,9.04305E-05,0.0286539,0.00190266,0.1895782,6.42147E-05,-2.21376E-05,2.20549E-05,5.79333E-05,-2.91388E-05,5.8713E-05
0.0024885,1.9042,0.67,5.6197,0.14813,0.0096433,1.0008,0.0016997,-0.00063867,0.00046209,0.0016078,-0.00082798,0.0016696,0.228504,0.0804,0.674364,8.98349E-05,0.0281447,0.001832227,0.190152,6.13592E-05,-2.3056E-05,1.66814E-05,5.80416E-05,-2.98901E-05,6.02726E-05
0.0025493,1.9159,0.67,5.6197,0.14517,0.0097403,1.0054,0.0016768,-0.00068907,0.0003415,0.0016634,-0.00081178,0.0017584,0.229908,0.0804,0.674364,9.20297E-05,0.0275823,0.001850657,0.191026,6.05325E-05,-2.48754E-05,1.23282E-05,6.00487E-05,-2.93053E-05,6.34782E-05
0.0026583,1.9282,0.67,5.6197,0.14175,0.010588,1.0104,0.0017111,-0.00071201,0.00027394,0.0016838,-0.00086506,0.0019217,0.231384,0.0804,0.674364,9.59646E-05,0.0269325,0.00201172,0.191976,6.17707E-05,-2.57036E-05,9.88923E-06,6.07852E-05,-3.12287E-05,6.93734E-05
0.002802,1.941,0.67,5.6197,0.13795,0.010901,1.0119,0.0017592,-0.00070303,0.00029681,0.0015941,-0.00086515,0.0022506,0.23292,0.0804,0.674364,0.000101152,0.0262105,0.00207119,0.192261,6.35071E-05,-2.53794E-05,1.07148E-05,5.7547E-05,-3.12319E-05,8.12467E-05
0.0028243,1.9545,0.67,5.6197,0.1342,0.0099312,1.0121,0.0017856,-0.00060255,0.00028981,0.0014625,-0.00079335,0.0024004,0.23454,0.0804,0.674364,0.000101957,0.025498,0.001886928,0.192299,6.44602E-05,-2.17521E-05,1.04621E-05,5.27963E-05,-2.86399E-05,8.66544E-05
0.0027078,1.9686,0.67,5.6197,0.13054,0.010002,1.0147,0.001794,-0.00038463,0.00012348,0.0013286,-0.00076748,0.002293,0.236232,0.0804,0.674364,9.77516E-05,0.0248026,0.00190038,0.192793,6.47634E-05,-1.38851E-05,4.45763E-06,4.79625E-05,-2.7706E-05,8.27773E-05
0.0025344,1.9833,0.67,5.6197,0.12637,0.010852,1.0209,0.0017727,-0.00014803,2.78E-05,0.0011318,-0.00062228,0.0021642,0.237996,0.0804,0.674364,9.14918E-05,0.0240103,0.00206188,0.193971,6.39945E-05,-5.34388E-06,1.00203E-06,4.0858E-05,-2.24643E-05,7.81276E-05
0.0023835,1.9988,0.67,5.6197,0.12186,0.012863,1.0208,0.0017208,2.04E-05,-0.00012665,0.0011791,-0.00051531,0.0018671,0.239856,0.0804,0.674364,8.60444E-05,0.0231534,0.00244397,0.193952,6.21209E-05,7.35393E-07,-4.57207E-06,4.25655E-05,-1.86027E-05,6.74023E-05
0.0024045,2.0149,0.67,5.6197,0.11797,0.012208,1.0199,0.0016329,7.54E-05,-0.00015984,0.0012213,-0.00050709,0.0019548,0.241788,0.0804,0.674364,8.68025E-05,0.0224143,0.00231952,0.193781,5.89477E-05,2.72248E-06,-5.77022E-06,4.40889E-05,-1.83059E-05,7.05683E-05
0.0025123,2.0319,0.67,5.6197,0.11437,0.010852,1.0152,0.0014985,8.50E-05,-0.0001957,0.001181,-0.00029012,0.0023451,0.243828,0.0804,0.674364,9.0694E-05,0.0217303,0.00206188,0.192888,5.40959E-05,3.06684E-06,-7.06477E-06,4.26341E-05,-1.04733E-05,8.46581E-05
0.0026015,2.0496,0.67,5.6197,0.11032,0.0059615,1.0118,0.0014147,8.08E-05,-1.13E-05,0.00095771,-2.47E-05,0.0028307,0.245952,0.0804,0.674364,9.39142E-05,0.0209608,0.001132685,0.192242,5.10707E-05,2.91865E-06,-4.08977E-07,3.45733E-05,-8.90226E-07,0.000102188
0.0031694,2.0681,0.67,5.6197,0.10526,0.0033385,1.0091,0.0014826,5.62E-05,0.00055628,0.00076064,0.00023991,0.0040956,0.248172,0.0804,0.674364,0.000114415,0.0199994,0.000634315,0.191729,5.35219E-05,2.02799E-06,2.00817E-05,2.74591E-05,8.66075E-06,0.000147851
0.0039579,2.0875,0.67,5.6197,0.099248,0.003475,0.99839,0.0016831,-8.79E-05,0.0010736,0.00077052,-3.40E-05,0.0054621,0.2505,0.0804,0.674364,0.00014288,0.01885712,0.00066025,0.1896941,6.07599E-05,-3.17139E-06,3.8757E-05,2.78158E-05,-1.22617E-06,0.000197182
0.0048022,2.1078,0.67,5.6197,0.093196,0.0041748,0.99596,0.001943,-0.00022769,0.0018987,0.00069204,-0.00035947,0.0069694,0.252936,0.0804,0.674364,0.000173359,0.01770724,0.000793212,0.1892324,7.01423E-05,-8.21961E-06,6.85431E-05,2.49826E-05,-1.29769E-05,0.000251595
0.0052604,2.129,0.67,5.6197,0.087978,0.012382,0.99146,0.0021401,-0.00024531,0.0024771,0.00076334,-0.00025456,0.0076174,0.25548,0.0804,0.674364,0.0001899,0.01671582,0.00235258,0.1883774,7.72576E-05,-8.85569E-06,8.94233E-05,2.75566E-05,-9.18962E-06,0.000274988
0.0047066,2.1511,0.67,5.6197,0.085096,0.017105,0.98497,0.0021736,-7.61E-05,0.0022395,0.00087473,-1.10E-05,0.0063648,0.258132,0.0804,0.674364,0.000169908,0.01616824,0.00324995,0.1871443,7.8467E-05,-2.74598E-06,8.0846E-05,3.15778E-05,-3.98508E-07,0.000229769
0.0039014,2.1743,0.67,5.6197,0.082782,0.019584,0.99,0.0020735,8.57E-05,0.0018091,0.0010344,0.00014074,0.0046949,0.260916,0.0804,0.674364,0.000140841,0.01572858,0.00372096,0.1881,7.48534E-05,3.09409E-06,6.53085E-05,3.73418E-05,5.08071E-06,0.000169486
0.003597,2.1984,0.67,5.6197,0.077022,0.022031,0.99274,0.0018596,0.00014019,0.0017148,0.0010464,8.43E-05,0.0042879,0.263808,0.0804,0.674364,0.000129852,0.01463418,0.00418589,0.1886206,6.71316E-05,5.06086E-06,6.19043E-05,3.7775E-05,3.04186E-06,0.000154793
0.003934,2.2237,0.67,5.6197,0.06978,0.026424,0.9697,0.0016652,0.00044153,0.0016442,0.001682,0.00077138,0.0045208,0.266844,0.0804,0.674364,0.000142017,0.0132582,0.00502056,0.184243,6.01137E-05,1.59392E-05,5.93556E-05,6.07202E-05,2.78468E-05,0.000163201
0.0051001,2.2501,0.67,5.6197,0.064131,0.031918,0.95004,0.0017249,0.00061297,0.0016025,0.0022397,0.0013134,0.0062356,0.270012,0.0804,0.674364,0.000184114,0.01218489,0.00606442,0.1805076,6.22689E-05,2.21282E-05,5.78503E-05,8.08532E-05,4.74137E-05,0.000225105
0.0050859,2.2776,0.67,5.6197,0.057903,0.033624,0.9454,0.0019339,0.00042486,0.0015497,0.0018957,0.00056061,0.0063422,0.273312,0.0804,0.674364,0.000183601,0.01100157,0.00638856,0.179626,6.98138E-05,1.53374E-05,5.59442E-05,6.84348E-05,2.0238E-05,0.000228953
0.0049839,2.3063,0.67,5.6197,0.050603,0.037511,0.93259,0.002124,0.0002343,0.0012105,0.0016242,-0.00055819,0.0062196,0.276756,0.0804,0.674364,0.000179919,0.00961457,0.00712709,0.1771921,7.66764E-05,8.45823E-06,4.36991E-05,5.86336E-05,-2.01507E-05,0.000224528
0.0059826,2.3362,0.67,5.6197,0.040861,0.050256,0.9188,0.0023337,0.00039077,0.0014336,0.0018488,-0.00053586,0.0077828,0.280344,0.0804,0.674364,0.000215972,0.00776359,0.00954864,0.174572,8.42466E-05,1.41068E-05,5.1753E-05,6.67417E-05,-1.93445E-05,0.000280959
0.0055323,2.3674,0.67,5.6197,0.030195,0.060118,0.89337,0.0024267,0.00058422,0.001613,0.0025849,0.00015255,0.006053,0.284088,0.0804,0.674364,0.000199716,0.00573705,0.01142242,0.1697403,8.76039E-05,2.10903E-05,5.82293E-05,9.33149E-05,5.50706E-06,0.000218513
0.0053953,2.3999,0.67,5.6197,0.022004,0.06635,0.86383,0.001994,0.0007205,0.0014024,0.0039263,0.00033192,0.0048702,0.287988,0.0804,0.674364,0.00019477,0.00418076,0.0126065,0.1641277,7.19834E-05,2.60101E-05,5.06266E-05,0.000141739,1.19823E-05,0.000175814
0.0052643,2.4338,0.67,5.6197,0.013048,0.074405,0.82553,0.0011245,0.00050481,0.0012494,0.003763,0.00063318,0.005641,0.292056,0.0804,0.674364,0.000190041,0.00247912,0.01413695,0.1568507,4.05945E-05,1.82236E-05,4.51033E-05,0.000135844,2.28578E-05,0.00020364
0.0037494,2.4691,0.67,5.6197,0.0049145,0.069206,0.71129,0.00035438,8.09E-05,0.00064184,0.0021673,0.00081498,0.0049771,0.296292,0.0804,0.674364,0.000135353,0.000933755,0.01314914,0.1351451,1.27931E-05,2.92089E-06,2.31704E-05,7.82395E-05,2.94208E-05,0.000179673
0.001431,2.5058,0.67,5.6197,0.0014036,0.030453,0.31292,2.24E-05,1.40E-05,0.00011268,0.00082775,0.00032565,0.0020118,0.300696,0.0804,0.674364,5.16591E-05,0.000266684,0.00578607,0.0594548,8.06871E-07,5.03956E-07,4.06775E-06,2.98818E-05,1.1756E-05,7.2626E-05
7.23E-08,2.544,0.67,5.6197,0.00039389,8.49E-14,1.50E-17,1.45E-07,3.11E-17,2.32E-21,6.68E-27,5.00E-31,1.26E-34,0.30528,0.0804,0.674364,2.61122E-09,7.48391E-05,1.61339E-14,2.84449E-18,5.22259E-09,1.12242E-18,8.38639E-23,2.41231E-28,1.80471E-32,4.56593E-36
0,2.5837,0.67,5.6197,0,0,0,0,0,0,0,0,0,0.310044,0.0804,0.674364,0,0,0,0,0,0,0,0,0,0
0,2.625,0.67,5.6197,0,0,0,0,0,0,0,0,0,0.315,0.0804,0.674364,0,0,0,0,0,0,0,0,0,0
0,-0.125,0.67,5.6302,0,0,0,0,0,0,0,0,0,-0.015,0.0804,0.675624,0,0,0,0,0,0,0,0,0,0
0,-0.083719,0.67,5.6302,0,0,0,0,0,0,0,0,0,-0.01004628,0.0804,0.675624,0,0,0,0,0,0,0,0,0,0
1.02E-08,-0.044001,0.67,5.6302,-0.00028085,-7.84E-14,-1.11E-17,2.03E-08,5.69E-18,6.27E-22,1.59E-27,1.76E-31,2.75E-35,-0.00528012,0.0804,0.675624,3.67029E-10,-5.33615E-05,-1.48973E-14,-2.10596E-18,7.34094E-10,2.05319E-19,2.26513E-23,5.74243E-29,6.33952E-33,9.93869E-37
0.0009562,-0.0058053,0.67,5.6302,-0.0024367,0.025308,0.39309,1.07E-05,-2.43E-05,-3.49E-05,0.00080395,-0.00019906,0.0010977,-0.000696636,0.0804,0.675624,3.45188E-05,-0.000462973,0.00480852,0.0746871,3.86667E-07,-8.77447E-07,-1.25837E-06,2.90226E-05,-7.18607E-06,3.9627E-05
0.0024972,0.030909,0.67,5.6302,-0.010493,0.05728,0.88951,0.0001706,-0.00014274,-0.00019933,0.002088,-0.00051079,0.0027358,0.00370908,0.0804,0.675624,9.01489E-05,-0.00199367,0.0108832,0.1690069,6.15866E-06,-5.15291E-06,-7.19581E-06,7.53768E-05,-1.84395E-05,9.87624E-05
0.0025959,0.066184,0.67,5.6302,-0.023506,0.052044,1.0056,0.00044139,-0.00022301,-9.06E-05,0.0018002,-0.00055529,0.0029501,0.00794208,0.0804,0.675624,9.3712E-05,-0.00446614,0.00988836,0.191064,1.59342E-05,-8.05066E-06,-3.27044E-06,6.49872E-05,-2.0046E-05,0.000106499
0.0025068,0.10006,0.67,5.6302,-0.038154,0.038668,1.0398,0.00054215,-0.00024003,4.63E-05,0.0014536,-0.00063849,0.0030179,0.0120072,0.0804,0.675624,9.04955E-05,-0.00724926,0.00734692,0.197562,1.95716E-05,-8.66508E-06,1.67313E-06,5.2475E-05,-2.30495E-05,0.000108946
0.0030752,0.13258,0.67,5.6302,-0.048556,0.031176,1.059,0.00051718,-0.00016901,-2.67E-06,0.0013919,-0.00084182,0.0042413,0.0159096,0.0804,0.675624,0.000111015,-0.00922564,0.00592344,0.20121,1.86702E-05,-6.10126E-06,-9.64556E-08,5.02476E-05,-3.03897E-05,0.000153111
0.0027066,0.16379,0.67,5.6302,-0.051006,0.019397,1.0746,0.00059644,-6.18E-05,-0.00015511,0.00095349,-0.00063805,0.0038634,0.0196548,0.0804,0.675624,9.77083E-05,-0.00969114,0.00368543,0.204174,2.15315E-05,-2.23156E-06,-5.59947E-06,3.4421E-05,-2.30336E-05,0.000139469
0.0024571,0.19372,0.67,5.6302,-0.051867,0.018195,1.0841,0.00079646,4.29E-06,-0.00035214,0.0010548,-0.00056581,0.003063,0.0232464,0.0804,0.675624,8.87013E-05,-0.00985473,0.00345705,0.205979,2.87522E-05,1.5479E-07,-1.27123E-05,3.80783E-05,-2.04257E-05,0.000110574
0.0035235,0.22242,0.67,5.6302,-0.054269,0.025254,1.0866,0.0010986,4.60E-05,-0.00079338,0.0011159,-0.00064327,0.0048325,0.0266904,0.0804,0.675624,0.000127198,-0.01031111,0.00479826,0.206454,3.96595E-05,1.65984E-06,-2.8641E-05,4.0284E-05,-2.3222E-05,0.000174453
0.003148,0.24993,0.67,5.6302,-0.059152,0.026909,1.0911,0.001306,0.00014325,-0.00093202,0.001099,-0.00019645,0.003891,0.0299916,0.0804,0.675624,0.000113643,-0.01123888,0.00511271,0.207309,4.71466E-05,5.17133E-06,-3.36459E-05,3.96739E-05,-7.09185E-06,0.000140465
0.0023591,0.27629,0.67,5.6302,-0.065763,0.026635,1.0924,0.0012874,0.0001426,-0.00085329,0.0012808,-0.00026581,0.0021499,0.0331548,0.0804,0.675624,8.51635E-05,-0.01249497,0.00506065,0.207556,4.64751E-05,5.14786E-06,-3.08038E-05,4.62369E-05,-9.59574E-06,7.76114E-05
0.0031628,0.30154,0.67,5.6302,-0.071886,0.02321,1.0937,0.0013526,3.25E-05,-0.00092619,0.0018653,-0.0010479,0.0031076,0.0361848,0.0804,0.675624,0.000114177,-0.01365834,0.0044099,0.207803,4.88289E-05,1.17495E-06,-3.34355E-05,6.73373E-05,-3.78292E-05,0.000112184
0.0035566,0.32572,0.67,5.6302,-0.077679,0.01625,1.0964,0.0015145,7.70E-05,-0.0008789,0.0017595,-0.0013433,0.0038392,0.0390864,0.0804,0.675624,0.000128393,-0.01475901,0.0030875,0.208316,5.46735E-05,2.7793E-06,-3.17283E-05,6.3518E-05,-4.84931E-05,0.000138595
0.0029045,0.34887,0.67,5.6302,-0.082309,0.016879,1.0956,0.0015279,8.93E-05,-0.00034925,0.001162,-0.00076855,0.003119,0.0418644,0.0804,0.675624,0.000104852,-0.01563871,0.00320701,0.208164,5.51572E-05,3.22543E-06,-1.26079E-05,4.19482E-05,-2.77447E-05,0.000112596
0.0022889,0.37102,0.67,5.6302,-0.08663,0.024533,1.0952,0.0014407,0.00013142,-0.00013036,0.0011193,-0.0004168,0.0020176,0.0445224,0.0804,0.675624,8.26293E-05,-0.0164597,0.00466127,0.208088,5.20093E-05,4.74426E-06,-4.706E-06,4.04067E-05,-1.50465E-05,7.28354E-05
0.0023548,0.39221,0.67,5.6302,-0.092641,0.032783,1.096,0.0014204,0.00018983,-0.00038994,0.0011856,-0.0006507,0.0021036,0.0470652,0.0804,0.675624,8.50083E-05,-0.01760179,0.00622877,0.20824,5.12764E-05,6.85286E-06,-1.40768E-05,4.28002E-05,-2.34903E-05,7.594E-05
0.0026923,0.41248,0.67,5.6302,-0.098195,0.036926,1.0887,0.0015554,0.00033196,-0.00053186,0.0012493,-0.00096469,0.0025799,0.0494976,0.0804,0.675624,9.7192E-05,-0.01865705,0.00701594,0.206853,5.61499E-05,1.19838E-05,-1.92001E-05,4.50997E-05,-3.48253E-05,9.31344E-05
0.0034204,0.43187,0.67,5.6302,-0.10144,0.038925,1.0835,0.0018001,0.00054192,-0.00094181,0.0014485,-0.0012951,0.003592,0.0518244,0.0804,0.675624,0.000123476,-0.0192736,0.00739575,0.205865,6.49836E-05,1.95633E-05,-3.39993E-05,5.22909E-05,-4.67531E-05,0.000129671
0.0039301,0.4504,0.67,5.6302,-0.10451,0.03969,1.0776,0.0019609,0.00056029,-0.00072555,0.0016644,-0.0015205,0.0042349,0.054048,0.0804,0.675624,0.000141877,-0.0198569,0.0075411,0.204744,7.07885E-05,2.02265E-05,-2.61924E-05,6.00848E-05,-5.48901E-05,0.00015288
0.0038397,0.46812,0.67,5.6302,-0.10937,0.037787,1.0797,0.0018839,0.00034445,-0.00035352,0.0016896,-0.0015571,0.0041061,0.0561744,0.0804,0.675624,0.000138613,-0.0207803,0.00717953,0.205143,6.80088E-05,1.24346E-05,-1.27621E-05,6.09946E-05,-5.62113E-05,0.00014823
0.0031397,0.48504,0.67,5.6302,-0.11589,0.034647,1.08,0.001647,4.71E-05,-0.00011316,0.001521,-0.0011773,0.0031114,0.0582048,0.0804,0.675624,0.000113343,-0.0220191,0.00658293,0.2052,5.94567E-05,1.70193E-06,-4.08508E-06,5.49081E-05,-4.25005E-05,0.000112322
0.002642,0.50122,0.67,5.6302,-0.12263,0.030615,1.0822,0.0014135,-0.00015837,-4.38E-05,0.0013824,-0.00095766,0.0024881,0.0601464,0.0804,0.675624,9.53762E-05,-0.0232997,0.00581685,0.205618,5.10274E-05,-5.71716E-06,-1.57959E-06,4.99046E-05,-3.45715E-05,8.98204E-05
0.0025918,0.51667,0.67,5.6302,-0.12844,0.028314,1.0867,0.0012566,-0.00026641,-0.00021416,0.0013345,-0.00079741,0.0025925,0.0620004,0.0804,0.675624,9.3564E-05,-0.0244036,0.00537966,0.206473,4.53633E-05,-9.6174E-06,-7.73118E-06,4.81755E-05,-2.87865E-05,9.35893E-05
0.0024758,0.53142,0.67,5.6302,-0.13334,0.024911,1.0908,0.0011967,-0.00022546,-0.0003644,0.0012771,-0.00042888,0.0024777,0.0637704,0.0804,0.675624,8.93764E-05,-0.0253346,0.00473309,0.207252,4.32009E-05,-8.13911E-06,-1.31548E-05,4.61033E-05,-1.54826E-05,8.9445E-05
0.0023588,0.54551,0.67,5.6302,-0.13766,0.020786,1.0916,0.0012649,-0.00014559,-0.00053703,0.0013008,-0.0001251,0.002152,0.0654612,0.0804,0.675624,8.51527E-05,-0.0261554,0.00394934,0.207404,4.56629E-05,-5.2558E-06,-1.93868E-05,4.69589E-05,-4.51611E-06,7.76872E-05
0.0023675,0.55896,0.67,5.6302,-0.14104,0.016691,1.0912,0.0014566,-4.14E-05,-0.00075253,0.0014419,-5.98E-05,0.0018366,0.0670752,0.0804,0.675624,8.54668E-05,-0.0267976,0.00317129,0.207328,5.25833E-05,-1.49367E-06,-2.71663E-05,5.20526E-05,-2.16048E-06,6.63013E-05
0.002604,0.5718,0.67,5.6302,-0.14352,0.013483,1.0906,0.0017347,0.00016455,-0.0010141,0.0015774,-0.00019658,0.0018959,0.068616,0.0804,0.675624,9.40044E-05,-0.0272688,0.00256177,0.207214,6.26227E-05,5.94026E-06,-3.6609E-05,5.69441E-05,-7.09654E-06,6.8442E-05
0.0028938,0.58405,0.67,5.6302,-0.14606,0.011316,1.0873,0.0020394,0.00038057,-0.0012517,0.001684,-0.00027429,0.0020642,0.070086,0.0804,0.675624,0.000104466,-0.0277514,0.00215004,0.206587,7.36223E-05,1.37386E-05,-4.51864E-05,6.07924E-05,-9.90187E-06,7.45176E-05
0.0031085,0.59575,0.67,5.6302,-0.14941,0.0071562,1.0854,0.0022591,0.00051609,-0.0013631,0.0017345,-0.00031689,0.0022234,0.07149,0.0804,0.675624,0.000112217,-0.0283879,0.001359678,0.206226,8.15535E-05,1.86308E-05,-4.92079E-05,6.26155E-05,-1.14397E-05,8.02647E-05
0.003058,0.6069,0.67,5.6302,-0.15353,0.0018306,1.0852,0.0023096,0.00053633,-0.0013115,0.0016436,-0.00034504,0.0021627,0.072828,0.0804,0.675624,0.000110394,-0.0291707,0.000347814,0.206188,8.33766E-05,1.93615E-05,-4.73452E-05,5.9334E-05,-1.24559E-05,7.80735E-05
0.0029254,0.61755,0.67,5.6302,-0.15809,-0.0030822,1.0894,0.0022237,0.00046578,-0.001228,0.0014792,-0.00042831,0.0021479,0.074106,0.0804,0.675624,0.000105607,-0.0300371,-0.000585618,0.206986,8.02756E-05,1.68147E-05,-4.43308E-05,5.33991E-05,-1.5462E-05,7.75392E-05
0.0027652,0.6277,0.67,5.6302,-0.16282,-0.0068994,1.0954,0.0020786,0.00034663,-0.0010928,0.0013113,-0.00052662,0.0021405,0.075324,0.0804,0.675624,9.98237E-05,-0.0309358,-0.001310886,0.208126,7.50375E-05,1.25133E-05,-3.94501E-05,4.73379E-05,-1.9011E-05,7.72721E-05
0.0025838,0.63738,0.67,5.6302,-0.16747,-0.0095351,1.0995,0.0018932,0.00020594,-0.00092962,0.0011694,-0.00057464,0.0021051,0.0764856,0.0804,0.675624,9.32752E-05,-0.0318193,-0.001811669,0.208905,6.83445E-05,7.43443E-06,-3.35593E-05,4.22153E-05,-2.07445E-05,7.59941E-05
0.0024049,0.64661,0.67,5.6302,-0.17205,-0.011406,1.1019,0.0016872,6.45E-05,-0.0007443,0.001078,-0.00061957,0.0020447,0.0775932,0.0804,0.675624,8.68169E-05,-0.0326895,-0.00216714,0.209361,6.09079E-05,2.32841E-06,-2.68692E-05,3.89158E-05,-2.23665E-05,7.38137E-05
0.0022048,0.65542,0.67,5.6302,-0.17661,-0.012952,1.1037,0.0014911,-4.38E-05,-0.00052579,0.0010156,-0.00066142,0.0019029,0.0786504,0.0804,0.675624,7.95933E-05,-0.0335559,-0.00246088,0.209703,5.38287E-05,-1.58295E-06,-1.8981E-05,3.66632E-05,-2.38773E-05,6.86947E-05
0.0020564,0.66381,0.67,5.6302,-0.18113,-0.0142,1.1063,0.0013262,-0.00011439,-0.00030677,0.00096992,-0.00069663,0.0018167,0.0796572,0.0804,0.675624,7.4236E-05,-0.0344147,-0.002698,0.210197,4.78758E-05,-4.12948E-06,-1.10744E-05,3.50141E-05,-2.51483E-05,6.55829E-05
0.0019719,0.67207,0.67,5.6302,-0.18539,-0.015251,1.1094,0.0012127,-0.00016127,-0.00011433,0.00091304,-0.00072921,0.0018182,0.0806484,0.0804,0.675624,7.11856E-05,-0.0352241,-0.00289769,0.210786,4.37785E-05,-5.82185E-06,-4.12731E-06,3.29607E-05,-2.63245E-05,6.5637E-05
0.0019517,0.68032,0.67,5.6302,-0.18909,-0.016296,1.1105,0.0011511,-0.00019542,2.33E-05,0.00085731,-0.00073283,0.0018949,0.0816384,0.0804,0.675624,7.04564E-05,-0.0359271,-0.00309624,0.210995,4.15547E-05,-7.05466E-06,8.40155E-07,3.09489E-05,-2.64552E-05,6.84059E-05
0.0019854,0.68858,0.67,5.6302,-0.19223,-0.017564,1.1094,0.0011366,-0.00021822,0.0001049,0.00084019,-0.00073617,0.001994,0.0826296,0.0804,0.675624,7.16729E-05,-0.0365237,-0.00333716,0.210786,4.10313E-05,-7.87774E-06,3.78689E-06,3.03309E-05,-2.65757E-05,7.19834E-05
0.002072,0.69683,0.67,5.6302,-0.19495,-0.018772,1.1066,0.0011792,-0.00023561,0.00014062,0.00088938,-0.00074315,0.0020754,0.0836196,0.0804,0.675624,7.47992E-05,-0.0370405,-0.00356668,0.210254,4.25691E-05,-8.50552E-06,5.07638E-06,3.21066E-05,-2.68277E-05,7.49219E-05
0.0021694,0.70509,0.67,5.6302,-0.1973,-0.019303,1.1024,0.0012557,-0.00025243,0.00017419,0.00098759,-0.00075352,0.0020956,0.0846108,0.0804,0.675624,7.83153E-05,-0.037487,-0.00366757,0.209456,4.53308E-05,-9.11272E-06,6.28826E-06,3.5652E-05,-2.72021E-05,7.56512E-05
0.002285,0.71335,0.67,5.6302,-0.1994,-0.018896,1.0969,0.001345,-0.00026,0.00018127,0.001109,-0.00076892,0.002116,0.085602,0.0804,0.675624,8.24885E-05,-0.037886,-0.00359024,0.208411,4.85545E-05,-0.000009386,6.54385E-06,4.00349E-05,-2.7758E-05,7.63876E-05
0.0024237,0.7216,0.67,5.6302,-0.20149,-0.017565,1.0908,0.00146,-0.00025981,0.00014449,0.0012311,-0.00078277,0.0021563,0.086592,0.0804,0.675624,8.74956E-05,-0.0382831,-0.00333735,0.207252,0.000052706,-9.37914E-06,5.21609E-06,4.44427E-05,-2.8258E-05,7.78424E-05
0.0025769,0.72986,0.67,5.6302,-0.20347,-0.015366,1.084,0.001574,-0.00026315,8.07E-05,0.0013523,-0.00080279,0.0022274,0.0875832,0.0804,0.675624,9.30261E-05,-0.0386593,-0.00291954,0.20596,5.68214E-05,-9.49972E-06,2.91287E-06,4.8818E-05,-2.89807E-05,8.04091E-05
0.0027677,0.73811,0.67,5.6302,-0.20498,-0.012546,1.0762,0.0016534,-0.0002669,2.69E-05,0.001491,-0.00084287,0.0023909,0.0885732,0.0804,0.675624,9.9914E-05,-0.0389462,-0.00238374,0.204478,5.96877E-05,-9.63509E-06,9.72606E-07,5.38251E-05,-3.04276E-05,8.63115E-05
0.003002,0.74637,0.67,5.6302,-0.20622,-0.0093458,1.0674,0.0017039,-0.00026699,1.50E-05,0.0016592,-0.00091382,0.002641,0.0895644,0.0804,0.675624,0.000108372,-0.0391818,-0.001775702,0.202806,6.15108E-05,-9.63834E-06,5.43269E-07,5.98971E-05,-3.29889E-05,9.53401E-05
0.0032653,0.75463,0.67,5.6302,-0.20757,-0.0059947,1.0582,0.0017414,-0.00026688,3.73E-05,0.0018536,-0.0010353,0.0029356,0.0905556,0.0804,0.675624,0.000117877,-0.0394383,-0.001138993,0.201058,6.28645E-05,-9.63437E-06,1.34812E-06,6.6915E-05,-3.73743E-05,0.000105975
0.0035182,0.76288,0.67,5.6302,-0.20899,-0.0029325,1.0499,0.0018023,-0.0002831,8.43E-05,0.0020367,-0.0011807,0.0031974,0.0915456,0.0804,0.675624,0.000127007,-0.0397081,-0.000557175,0.199481,6.5063E-05,-1.02199E-05,3.04489E-06,7.35249E-05,-4.26233E-05,0.000115426
0.0037273,0.77114,0.67,5.6302,-0.21069,-0.00037814,1.0428,0.0018734,-0.00032851,0.00016453,0.0021763,-0.0013047,0.0034048,0.0925368,0.0804,0.675624,0.000134556,-0.0400311,-7.18466E-05,0.198132,6.76297E-05,-1.18592E-05,5.93953E-06,7.85644E-05,-4.70997E-05,0.000122913
0.0038737,0.7794,0.67,5.6302,-0.21312,0.001787,1.0368,0.0019325,-0.00040872,0.00026735,0.0022762,-0.0013553,0.0035386,0.093528,0.0804,0.675624,0.000139841,-0.0404928,0.00033953,0.196992,6.97633E-05,-1.47548E-05,9.65134E-06,8.21708E-05,-4.89263E-05,0.000127743
0.0039653,0.78765,0.67,5.6302,-0.21594,0.0036272,1.0313,0.0020013,-0.00052112,0.00038026,0.0023548,-0.0013261,0.0035746,0.094518,0.0804,0.675624,0.000143147,-0.0410286,0.000689168,0.195947,7.22469E-05,-1.88124E-05,1.37274E-05,8.50083E-05,-4.78722E-05,0.000129043
0.0040056,0.79591,0.67,5.6302,-0.21877,0.004914,1.0261,0.0020663,-0.00061961,0.00050092,0.0023917,-0.001246,0.0035532,0.0955092,0.0804,0.675624,0.000144602,-0.0415663,0.00093366,0.194959,7.45934E-05,-2.23679E-05,1.80832E-05,8.63404E-05,-4.49806E-05,0.000128271
0.0040267,0.80416,0.67,5.6302,-0.2218,0.0055279,1.0207,0.0021314,-0.00067083,0.00059716,0.0023384,-0.0011582,0.0035838,0.0964992,0.0804,0.675624,0.000145364,-0.042142,0.001050301,0.193933,7.69435E-05,-2.4217E-05,2.15575E-05,8.44162E-05,-4.1811E-05,0.000129375
0.004033,0.81242,0.67,5.6302,-0.22468,0.0058258,1.0148,0.0021988,-0.00068042,0.00067802,0.0022026,-0.001097,0.0036646,0.0974904,0.0804,0.675624,0.000145591,-0.0426892,0.001106902,0.192812,7.93767E-05,-2.45632E-05,2.44765E-05,7.95139E-05,-3.96017E-05,0.000132292
0.0040768,0.82068,0.67,5.6302,-0.22702,0.0062583,1.0076,0.0022913,-0.00066069,0.00071707,0.0020441,-0.0010547,0.0038182,0.0984816,0.0804,0.675624,0.000147172,-0.0431338,0.001189077,0.191444,8.27159E-05,-2.38509E-05,2.58862E-05,7.3792E-05,-3.80747E-05,0.000137837
0.0041262,0.82893,0.67,5.6302,-0.22907,0.0067139,0.99921,0.0024263,-0.00062306,0.00069599,0.0018854,-0.0010026,0.0039408,0.0994716,0.0804,0.675624,0.000148956,-0.0435233,0.001275641,0.1898499,8.75894E-05,-2.24925E-05,2.51252E-05,6.80629E-05,-3.61939E-05,0.000142263
0.0041169,0.83719,0.67,5.6302,-0.23095,0.0067207,0.99038,0.0025723,-0.00056087,0.00066373,0.0017239,-0.00094256,0.0039377,0.1004628,0.0804,0.675624,0.00014862,-0.0438805,0.001276933,0.1881722,9.286E-05,-2.02474E-05,2.39607E-05,6.22328E-05,-3.40264E-05,0.000142151
0.0040742,0.84544,0.67,5.6302,-0.23267,0.0061734,0.98224,0.0027484,-0.00048695,0.00064302,0.0015845,-0.00088118,0.0038155,0.1014528,0.0804,0.675624,0.000147079,-0.0442073,0.001172946,0.1866256,9.92172E-05,-1.75789E-05,2.3213E-05,5.72005E-05,-3.18106E-05,0.00013774
0.004089,0.8537,0.67,5.6302,-0.23433,0.0055579,0.97542,0.0029641,-0.00042137,0.00067139,0.0014949,-0.00083058,0.0037189,0.102444,0.0804,0.675624,0.000147613,-0.0445227,0.001056001,0.1853298,0.000107004,-1.52115E-05,2.42372E-05,5.39659E-05,-2.99839E-05,0.000134252
0.0041598,0.86196,0.67,5.6302,-0.23599,0.0052226,0.96914,0.0031535,-0.00037175,0.0007702,0.0014345,-0.00079148,0.0037315,0.1034352,0.0804,0.675624,0.000150169,-0.0448381,0.000992294,0.1841366,0.000113841,-1.34202E-05,2.78042E-05,5.17855E-05,-2.85724E-05,0.000134707
0.0043085,0.87021,0.67,5.6302,-0.23758,0.0048335,0.9623,0.0033485,-0.00033162,0.00085048,0.0013671,-0.00074979,0.0039014,0.1044252,0.0804,0.675624,0.000155537,-0.0451402,0.000918365,0.182837,0.000120881,-1.19715E-05,3.07023E-05,4.93523E-05,-2.70674E-05,0.000140841
0.0044871,0.87847,0.67,5.6302,-0.23882,0.0038505,0.95464,0.0036163,-0.00028179,0.00085576,0.0012915,-0.00069786,0.0040663,0.1054164,0.0804,0.675624,0.000161984,-0.0453758,0.000731595,0.1813816,0.000130548,-1.01726E-05,3.08929E-05,4.66232E-05,-2.51927E-05,0.000146793
0.0046937,0.88672,0.67,5.6302,-0.2401,0.0019688,0.94668,0.0039126,-0.00022434,0.00088126,0.0012233,-0.00064538,0.0042516,0.1064064,0.0804,0.675624,0.000169443,-0.045619,0.000374072,0.1798692,0.000141245,-8.09867E-06,3.18135E-05,4.41611E-05,-2.32982E-05,0.000153483
0.0049162,0.89498,0.67,5.6302,-0.24148,-0.00082526,0.9388,0.0041809,-0.00016163,0.00095298,0.001166,-0.00062813,0.0044855,0.1073976,0.0804,0.675624,0.000177475,-0.0458812,-0.000156799,0.178372,0.00015093,-5.83484E-06,3.44026E-05,4.20926E-05,-2.26755E-05,0.000161927
0.0051861,0.90324,0.67,5.6302,-0.24228,-0.004159,0.93056,0.0044411,-0.0001052,0.0010156,0.0011278,-0.00061509,0.0048034,0.1083888,0.0804,0.675624,0.000187218,-0.0460332,-0.00079021,0.1768064,0.000160324,-3.79772E-06,3.66632E-05,4.07136E-05,-2.22047E-05,0.000173403
0.0054606,0.91149,0.67,5.6302,-0.24273,-0.007424,0.92158,0.0047291,-8.64E-05,0.0010408,0.0011198,-0.00057078,0.0050722,0.1093788,0.0804,0.675624,0.000197128,-0.0461187,-0.00141056,0.1751002,0.000170721,-3.11752E-06,3.75729E-05,4.04248E-05,-2.06052E-05,0.000183106
0.0057126,0.91975,0.67,5.6302,-0.24316,-0.010026,0.91154,0.0050307,-8.04E-05,0.0011019,0.0011236,-0.0005059,0.005271,0.11037,0.0804,0.675624,0.000206225,-0.0462004,-0.00190494,0.1731926,0.000181608,-2.90233E-06,3.97786E-05,4.0562E-05,-1.8263E-05,0.000190283
0.0058847,0.92801,0.67,5.6302,-0.24331,-0.011641,0.9004,0.0053146,-4.81E-05,0.0012028,0.0011086,-0.00038668,0.0053462,0.1113612,0.0804,0.675624,0.000212438,-0.0462289,-0.00221179,0.171076,0.000191857,-1.73565E-06,4.34211E-05,4.00205E-05,-1.39591E-05,0.000192998
0.0059665,0.93626,0.67,5.6302,-0.24337,-0.012242,0.88843,0.005533,-1.40E-05,0.001282,0.001066,-0.00022137,0.005334,0.1123512,0.0804,0.675624,0.000215391,-0.0462403,-0.00232598,0.1688017,0.000199741,-5.03667E-07,4.62802E-05,3.84826E-05,-7.99146E-06,0.000192557
0.0060222,0.94452,0.67,5.6302,-0.24325,-0.012182,0.87609,0.0057564,4.48E-05,0.0012928,0.0010178,-6.85E-05,0.0052702,0.1133424,0.0804,0.675624,0.000217401,-0.0462175,-0.00231458,0.1664571,0.000207806,1.618E-06,4.66701E-05,3.67426E-05,-2.47379E-06,0.000190254
0.0060854,0.95277,0.67,5.6302,-0.24318,-0.011933,0.86394,0.0060324,0.00015852,0.0012294,0.0010015,6.33E-05,0.0051369,0.1143324,0.0804,0.675624,0.000219683,-0.0462042,-0.00226727,0.1641486,0.00021777,5.72257E-06,4.43813E-05,3.61542E-05,2.28484E-06,0.000185442
0.0062444,0.96103,0.67,5.6302,-0.24347,-0.011589,0.8522,0.0063319,0.0002966,0.0010977,0.0010503,0.00017227,0.0051066,0.1153236,0.0804,0.675624,0.000225423,-0.0462593,-0.00220191,0.161918,0.000228582,1.07073E-05,3.9627E-05,3.79158E-05,6.21895E-06,0.000184348
0.0064452,0.96929,0.67,5.6302,-0.24281,-0.01106,0.84074,0.006579,0.00044835,0.00089472,0.0011848,0.0002507,0.0051265,0.1163148,0.0804,0.675624,0.000232672,-0.0461339,-0.0021014,0.1597406,0.000237502,1.61854E-05,3.22994E-05,4.27713E-05,9.05027E-06,0.000185067
0.0067774,0.97754,0.67,5.6302,-0.24176,-0.010275,0.83016,0.0068426,0.00059353,0.00069792,0.0013981,0.00028405,0.0053142,0.1173048,0.0804,0.675624,0.000244664,-0.0459344,-0.00195225,0.1577304,0.000247018,2.14264E-05,2.51949E-05,5.04714E-05,1.02542E-05,0.000191843
0.0072071,0.9858,0.67,5.6302,-0.24151,-0.0092153,0.82103,0.0072155,0.00069993,0.00054367,0.0016478,0.00028246,0.0055508,0.118296,0.0804,0.675624,0.000260176,-0.0458869,-0.001750907,0.1559957,0.00026048,2.52675E-05,1.96265E-05,5.94856E-05,1.01968E-05,0.000200384
0.007699,0.99405,0.67,5.6302,-0.24067,-0.0080457,0.81245,0.0076058,0.000757,0.00045033,0.0018569,0.00026992,0.0059353,0.119286,0.0804,0.675624,0.000277934,-0.0457273,-0.001528683,0.1543655,0.000274569,2.73277E-05,1.62569E-05,6.70341E-05,9.74411E-06,0.000214264
0.0081409,1.0023,0.67,5.6302,-0.23908,-0.0071566,0.8037,0.007902,0.00076866,0.00043564,0.0019547,0.00024555,0.006425,0.120276,0.0804,0.675624,0.000293886,-0.0454252,-0.001359754,0.152703,0.000285262,2.77486E-05,1.57266E-05,7.05647E-05,8.86436E-06,0.000231943
0.008494,1.0106,0.67,5.6302,-0.23772,-0.0069122,0.79414,0.0080711,0.00073222,0.00040388,0.0019141,0.00019711,0.0070027,0.121272,0.0804,0.675624,0.000306633,-0.0451668,-0.001313318,0.1508866,0.000291367,2.64331E-05,1.45801E-05,6.9099E-05,7.11567E-06,0.000252797
0.0088051,1.0188,0.67,5.6302,-0.23665,-0.007508,0.78365,0.0082518,0.00062988,0.00036719,0.0017663,8.70E-05,0.007592,0.122256,0.0804,0.675624,0.000317864,-0.0449635,-0.00142652,0.1488935,0.00029789,2.27387E-05,1.32556E-05,6.37634E-05,3.14048E-06,0.000274071
0.0090406,1.0271,0.67,5.6302,-0.23568,-0.0087679,0.77253,0.0083846,0.00045502,0.00030428,0.0015804,-9.86E-05,0.0081163,0.123252,0.0804,0.675624,0.000326366,-0.0447792,-0.001665901,0.1467807,0.000302684,1.64262E-05,1.09845E-05,5.70524E-05,-3.56108E-06,0.000292998
0.0092874,1.0353,0.67,5.6302,-0.2345,-0.010344,0.76111,0.008452,0.00025209,0.00027852,0.0014209,-0.00032158,0.0087018,0.124236,0.0804,0.675624,0.000335275,-0.044555,-0.00196536,0.1446109,0.000305117,9.10045E-06,1.00546E-05,5.12945E-05,-1.1609E-05,0.000314135
0.0095147,1.0436,0.67,5.6302,-0.23307,-0.011964,0.75,0.0085104,7.54E-05,0.00022274,0.0013168,-0.00052905,0.0092022,0.125232,0.0804,0.675624,0.000343481,-0.0442833,-0.00227316,0.1425,0.000307225,2.72165E-06,8.04091E-06,4.75365E-05,-1.90987E-05,0.000332199
0.0098057,1.0518,0.67,5.6302,-0.23189,-0.013452,0.73933,0.0085649,-6.26E-05,0.00011158,0.0012576,-0.00067611,0.009789,0.126216,0.0804,0.675624,0.000353986,-0.0440591,-0.00255588,0.1404727,0.000309193,-2.25806E-06,4.02804E-06,4.53994E-05,-2.44076E-05,0.000353383
0.010105,1.0601,0.67,5.6302,-0.23084,-0.014661,0.72864,0.0086138,-0.0001561,2.30E-06,0.0012227,-0.00077358,0.010374,0.127212,0.0804,0.675624,0.000364791,-0.0438596,-0.00278559,0.1384416,0.000310958,-5.63521E-06,8.31708E-08,4.41395E-05,-2.79262E-05,0.000374501
0.010353,1.0684,0.67,5.6302,-0.22949,-0.015521,0.71713,0.0085909,-0.00020374,-0.00012269,0.0012024,-0.00083297,0.010913,0.128208,0.0804,0.675624,0.000373743,-0.0436031,-0.00294899,0.1362547,0.000310131,-7.35501E-06,-4.42911E-06,4.34066E-05,-3.00702E-05,0.000393959
0.01064,1.0766,0.67,5.6302,-0.22757,-0.01585,0.70521,0.0086517,-0.00021065,-0.00013256,0.0011857,-0.00088662,0.011442,0.129192,0.0804,0.675624,0.000384104,-0.0432383,-0.0030115,0.1339899,0.000312326,-7.60447E-06,-4.78542E-06,4.28038E-05,-3.2007E-05,0.000413056
0.010873,1.0849,0.67,5.6302,-0.22478,-0.015338,0.69341,0.0087957,-0.0002101,-0.0001841,0.0011892,-0.00096495,0.011762,0.130188,0.0804,0.675624,0.000392515,-0.0427082,-0.00291422,0.1317479,0.000317525,-7.58461E-06,-6.64601E-06,4.29301E-05,-3.48347E-05,0.000424608
0.01112,1.0931,0.67,5.6302,-0.22164,-0.014087,0.68194,0.0089136,-0.00022237,-0.00028084,0.0012394,-0.0010203,0.012087,0.131172,0.0804,0.675624,0.000401432,-0.0421116,-0.00267653,0.1295686,0.000321781,-8.02756E-06,-1.01383E-05,4.47423E-05,-3.68328E-05,0.000436341
0.011284,1.1014,0.67,5.6302,-0.21835,-0.012404,0.6713,0.0090057,-0.00023967,-0.00034159,0.0013209,-0.0010244,0.012242,0.132168,0.0804,0.675624,0.000407352,-0.0414865,-0.00235676,0.127547,0.000325106,-8.65209E-06,-1.23314E-05,4.76845E-05,-3.69808E-05,0.000441936
0.011444,1.1096,0.67,5.6302,-0.21461,-0.011142,0.66107,0.0091234,-0.00024075,-0.00036427,0.0014247,-0.00099342,0.01234,0.133152,0.0804,0.675624,0.000413128,-0.0407759,-0.00211698,0.1256033,0.000329355,-8.69108E-06,-1.31501E-05,5.14317E-05,-3.58625E-05,0.000445474
0.011609,1.1179,0.67,5.6302,-0.21077,-0.011126,0.65158,0.0093394,-0.00021378,-0.00031925,0.0015568,-0.0010022,0.012321,0.134148,0.0804,0.675624,0.000419085,-0.0400463,-0.00211394,0.1238002,0.000337152,-7.71746E-06,-1.15249E-05,5.62005E-05,-3.61794E-05,0.000444788
0.011658,1.1262,0.67,5.6302,-0.20708,-0.012032,0.64366,0.0095182,-0.00014482,-0.00022248,0.0017052,-0.0010346,0.012093,0.135144,0.0804,0.675624,0.000420854,-0.0393452,-0.00228608,0.1222954,0.000343607,-5.228E-06,-8.03153E-06,6.15577E-05,-3.73491E-05,0.000436557
0.011645,1.1344,0.67,5.6302,-0.20349,-0.013298,0.63725,0.0097031,-3.46E-05,-8.70E-05,0.0018164,-0.0010185,0.011771,0.136128,0.0804,0.675624,0.000420385,-0.0386631,-0.00252662,0.1210775,0.000350282,-1.24982E-06,-3.14149E-06,6.5572E-05,-3.67679E-05,0.000424933
0.011563,1.1427,0.67,5.6302,-0.19955,-0.014563,0.63206,0.0099179,7.10E-05,6.46E-05,0.0018424,-0.00092709,0.011366,0.137124,0.0804,0.675624,0.000417424,-0.0379145,-0.00276697,0.1200914,0.000358036,2.5648E-06,2.33246E-06,6.65106E-05,-3.34679E-05,0.000410313
0.011322,1.1509,0.67,5.6302,-0.19565,-0.015406,0.6278,0.0099849,0.00014406,7.21E-05,0.0018137,-0.00078788,0.010846,0.138108,0.0804,0.675624,0.000408724,-0.0371735,-0.00292714,0.119282,0.000360455,5.20057E-06,2.60238E-06,6.54746E-05,-2.84425E-05,0.000391541
0.011173,1.1592,0.67,5.6302,-0.1915,-0.015877,0.62326,0.01006,0.0001599,0.00017472,0.0017442,-0.00066382,0.010542,0.139104,0.0804,0.675624,0.000403345,-0.036385,-0.00301663,0.1184194,0.000363166,5.77239E-06,6.30739E-06,6.29656E-05,-2.39639E-05,0.000380566
0.011133,1.1674,0.67,5.6302,-0.18637,-0.016231,0.6185,0.010231,0.00013923,0.00031294,0.0016456,-0.00055376,0.010388,0.140088,0.0804,0.675624,0.000401901,-0.0354103,-0.00308389,0.117515,0.000369339,5.0262E-06,1.12971E-05,5.94062E-05,-1.99907E-05,0.000375007
0.011024,1.1757,0.67,5.6302,-0.18058,-0.016702,0.61367,0.010224,0.00013167,0.00028151,0.0015425,-0.00049335,0.010282,0.141084,0.0804,0.675624,0.000397966,-0.0343102,-0.00317338,0.1165973,0.000369086,4.75329E-06,1.01625E-05,5.56843E-05,-1.78099E-05,0.00037118
0.011032,1.1839,0.67,5.6302,-0.17418,-0.017194,0.60809,0.010161,0.00013059,0.00035753,0.0014617,-0.00045107,0.010442,0.142068,0.0804,0.675624,0.000398255,-0.0330942,-0.00326686,0.1155371,0.000366812,4.7143E-06,1.29068E-05,5.27674E-05,-1.62836E-05,0.000376956
0.01116,1.1922,0.67,5.6302,-0.16715,-0.017949,0.60306,0.010304,0.00012931,0.00048795,0.0014211,-0.00038865,0.010595,0.143064,0.0804,0.675624,0.000402876,-0.0317585,-0.00341031,0.1145814,0.000371974,4.66809E-06,1.7615E-05,5.13017E-05,-1.40303E-05,0.00038248
0.01125,1.2005,0.67,5.6302,-0.16007,-0.018933,0.5997,0.010464,0.00011562,0.00048514,0.0014089,-0.00032869,0.010628,0.14406,0.0804,0.675624,0.000406125,-0.0304133,-0.00359727,0.113943,0.00037775,4.17388E-06,1.75136E-05,5.08613E-05,-1.18657E-05,0.000383671
0.011286,1.2087,0.67,5.6302,-0.15355,-0.019862,0.59806,0.01055,0.00010161,0.00050977,0.0014175,-0.00025372,0.010604,0.145044,0.0804,0.675624,0.000407425,-0.0291745,-0.00377378,0.1136314,0.000380855,3.66812E-06,1.84027E-05,5.11718E-05,-9.15929E-06,0.000382804
0.011315,1.217,0.67,5.6302,-0.14734,-0.020728,0.59825,0.010722,0.00012581,0.00071247,0.0014165,-0.00015363,0.010491,0.14604,0.0804,0.675624,0.000408472,-0.0279946,-0.00393832,0.1136675,0.000387064,4.54174E-06,2.57202E-05,5.11357E-05,-5.54604E-06,0.000378725
0.011218,1.2252,0.67,5.6302,-0.14119,-0.021554,0.60015,0.01083,0.00017573,0.00082492,0.0014134,-2.13E-05,0.010193,0.147024,0.0804,0.675624,0.00040497,-0.0268261,-0.00409526,0.1140285,0.000390963,6.34385E-06,2.97796E-05,5.10237E-05,-7.70085E-07,0.000367967
0.011051,1.2335,0.67,5.6302,-0.13478,-0.022459,0.60282,0.010671,0.00023092,0.00089731,0.0014164,0.00011712,0.010015,0.14802,0.0804,0.675624,0.000398941,-0.0256082,-0.00426721,0.1145358,0.000385223,8.33621E-06,3.23929E-05,5.1132E-05,4.22803E-06,0.000361542
0.010892,1.2417,0.67,5.6302,-0.12758,-0.023596,0.60481,0.010346,0.00027069,0.0010099,0.0014298,0.00027199,0.010009,0.149004,0.0804,0.675624,0.000393201,-0.0242402,-0.00448324,0.1149139,0.000373491,9.77191E-06,3.64574E-05,5.16158E-05,9.81884E-06,0.000361325
0.01069,1.25,0.67,5.6302,-0.11962,-0.025167,0.60557,0.009904,0.00025998,0.00099426,0.0014541,0.000421,0.010021,0.15,0.0804,0.675624,0.000385909,-0.0227278,-0.00478173,0.1150583,0.000357534,9.38528E-06,3.58928E-05,5.2493E-05,1.51981E-05,0.000361758
0.010413,1.2583,0.67,5.6302,-0.11127,-0.026988,0.60536,0.0093869,0.00019603,0.00087561,0.0014718,0.00051013,0.0099664,0.150996,0.0804,0.675624,0.000375909,-0.0211413,-0.00512772,0.1150184,0.000338867,7.07668E-06,3.16095E-05,5.3132E-05,1.84157E-05,0.000359787
0.010204,1.2665,0.67,5.6302,-0.10255,-0.028717,0.6044,0.0089035,0.00010958,0.00082673,0.0015011,0.00058887,0.010003,0.15198,0.0804,0.675624,0.000368364,-0.0194845,-0.00545623,0.114836,0.000321416,3.95584E-06,2.9845E-05,5.41897E-05,2.12582E-05,0.000361108
0.010109,1.2748,0.67,5.6302,-0.093399,-0.029724,0.60278,0.0084931,7.59E-06,0.0007754,0.0015625,0.00071228,0.010162,0.152976,0.0804,0.675624,0.000364935,-0.01774581,-0.00564756,0.1145282,0.000306601,2.74031E-07,2.79919E-05,5.64063E-05,2.57133E-05,0.000366848
0.010112,1.283,0.67,5.6302,-0.084008,-0.02999,0.60015,0.0081669,-0.00010002,0.00062277,0.0016405,0.00087445,0.010416,0.15396,0.0804,0.675624,0.000365043,-0.01596152,-0.0056981,0.1140285,0.000294825,-3.61072E-06,2.2482E-05,5.92221E-05,3.15676E-05,0.000376018
0.010082,1.2913,0.67,5.6302,-0.074472,-0.029797,0.59669,0.007913,-0.00021066,0.00043032,0.0016962,0.001043,0.010554,0.154956,0.0804,0.675624,0.00036396,-0.01414968,-0.00566143,0.1133711,0.000285659,-7.60483E-06,1.55346E-05,6.12328E-05,3.76523E-05,0.000380999
0.0099135,1.2995,0.67,5.6302,-0.064683,-0.02951,0.59277,0.0076124,-0.00029845,0.00024763,0.0016937,0.0011896,0.010521,0.15594,0.0804,0.675624,0.000357877,-0.01228977,-0.0056069,0.1126263,0.000274808,-1.0774E-05,8.93944E-06,6.11426E-05,4.29446E-05,0.000379808
0.0097441,1.3078,0.67,5.6302,-0.054585,-0.029325,0.58842,0.0073428,-0.00033327,0.00013271,0.0016288,0.0012711,0.010517,0.156936,0.0804,0.675624,0.000351762,-0.01037115,-0.00557175,0.1117998,0.000265075,-1.2031E-05,4.79083E-06,5.87997E-05,4.58867E-05,0.000379664
0.0096117,1.316,0.67,5.6302,-0.044304,-0.029147,0.58404,0.00722,-0.00033759,-3.67E-06,0.0015154,0.001268,0.010488,0.15792,0.0804,0.675624,0.000346982,-0.00841776,-0.00553793,0.1109676,0.000260642,-1.2187E-05,-1.3248E-07,5.47059E-05,4.57748E-05,0.000378617
0.0093495,1.3243,0.67,5.6302,-0.034125,-0.02896,0.57996,0.0070273,-0.00032785,-0.00010389,0.0013724,0.0011912,0.010299,0.158916,0.0804,0.675624,0.000337517,-0.00648375,-0.0055024,0.1101924,0.000253686,-1.18354E-05,-3.75043E-06,4.95436E-05,4.30023E-05,0.000371794
0.0088126,1.3326,0.67,5.6302,-0.023748,-0.02878,0.57609,0.0065489,-0.00030072,-0.00014081,0.0012264,0.0010907,0.00985,0.159912,0.0804,0.675624,0.000318135,-0.00451212,-0.0054682,0.1094571,0.000236415,-1.0856E-05,-5.08324E-06,4.4273E-05,3.93743E-05,0.000355585
0.0083886,1.3408,0.67,5.6302,-0.013104,-0.028855,0.5725,0.0061375,-0.00028412,-0.00027513,0.0010958,0.0010108,0.009544,0.160896,0.0804,0.675624,0.000302828,-0.00248976,-0.00548245,0.108775,0.000221564,-1.02567E-05,-9.93219E-06,3.95584E-05,3.64899E-05,0.000344538
0.008223,1.3491,0.67,5.6302,-0.0028342,-0.028644,0.5701,0.0061541,-0.00025713,-0.00052608,0.00097136,0.00089162,0.0093206,0.161892,0.0804,0.675624,0.00029685,-0.000538498,-0.00544236,0.108319,0.000222163,-9.28239E-06,-1.89915E-05,3.50661E-05,3.21875E-05,0.000336474
0.0077706,1.3573,0.67,5.6302,0.0073636,-0.028901,0.56897,0.0059763,-0.00021544,-0.0005242,0.00087482,0.00078851,0.0086901,0.162876,0.0804,0.675624,0.000280519,0.001399084,-0.00549119,0.1081043,0.000215744,-7.77738E-06,-1.89236E-05,3.1581E-05,2.84652E-05,0.000313713
0.00723,1.3656,0.67,5.6302,0.018073,-0.02895,0.5682,0.0055098,-0.00017803,-0.0005437,0.00081274,0.000662,0.0081375,0.163872,0.0804,0.675624,0.000261003,0.00343387,-0.0055005,0.107958,0.000198904,-6.42688E-06,-1.96276E-05,2.93399E-05,2.38982E-05,0.000293764
0.0071937,1.3738,0.67,5.6302,0.028252,-0.028592,0.56871,0.0055998,-0.00015422,-0.00085618,0.00075907,0.00053225,0.0080285,0.164856,0.0804,0.675624,0.000259693,0.00536788,-0.00543248,0.1080549,0.000202153,-5.56734E-06,-3.09081E-05,2.74024E-05,1.92142E-05,0.000289829
0.0067667,1.3821,0.67,5.6302,0.037969,-0.028711,0.5714,0.0055293,-0.00013823,-0.0008156,0.00072589,0.00042048,0.0072781,0.165852,0.0804,0.675624,0.000244278,0.00721411,-0.00545509,0.108566,0.000199608,-4.9901E-06,-2.94432E-05,2.62046E-05,1.51793E-05,0.000262739
0.0061236,1.3903,0.67,5.6302,0.048381,-0.028735,0.57466,0.0048295,-0.0001023,-0.00065221,0.00071406,0.00031153,0.0067036,0.166836,0.0804,0.675624,0.000221062,0.00919239,-0.00545965,0.1091854,0.000174345,-3.69303E-06,-2.35448E-05,2.57776E-05,1.12462E-05,0.000242
0.0059396,1.3986,0.67,5.6302,0.058766,-0.028702,0.57949,0.0045744,-9.74E-05,-0.00082572,0.00073722,0.00020838,0.0065676,0.167832,0.0804,0.675624,0.00021442,0.01116554,-0.00545338,0.1101031,0.000165136,-3.5173E-06,-2.98085E-05,2.66136E-05,7.52252E-06,0.00023709
0.0055277,1.4069,0.67,5.6302,0.068304,-0.028001,0.58575,0.0044538,-0.00010628,-0.00090672,0.00078838,9.60E-05,0.0058133,0.168828,0.0804,0.675624,0.00019955,0.01297776,-0.00532019,0.1112925,0.000160782,-3.83671E-06,-3.27326E-05,2.84605E-05,3.46672E-06,0.00020986
0.0053606,1.4151,0.67,5.6302,0.07733,-0.027807,0.59161,0.004167,-0.00012269,-0.00088881,0.0008603,6.92E-05,0.0056939,0.169812,0.0804,0.675624,0.000193518,0.0146927,-0.00528333,0.1124059,0.000150429,-4.42911E-06,-3.2086E-05,3.10568E-05,2.49642E-06,0.00020555
0.0053526,1.4234,0.67,5.6302,0.085986,-0.027436,0.59837,0.0041621,-0.000171,-0.0010785,0.00096253,3.04E-05,0.0055805,0.170808,0.0804,0.675624,0.000193229,0.01633734,-0.00521284,0.1136903,0.000150252,-6.1731E-06,-3.89339E-05,3.47473E-05,1.09863E-06,0.000201456
0.0050886,1.4316,0.67,5.6302,0.094383,-0.026467,0.60597,0.0039966,-0.00020017,-0.001059,0.001059,-5.28E-06,0.0051217,0.171792,0.0804,0.675624,0.000183698,0.01793277,-0.00502873,0.1151343,0.000144277,-7.22614E-06,-3.82299E-05,3.82299E-05,-1.90579E-07,0.000184893
0.005102,1.4399,0.67,5.6302,0.10278,-0.0262,0.61438,0.0039096,-0.00024536,-0.001242,0.0011747,3.91E-05,0.0051196,0.172788,0.0804,0.675624,0.000184182,0.0195282,-0.004978,0.1167322,0.000141137,-8.8575E-06,-4.48362E-05,4.24067E-05,1.41274E-06,0.000184818
0.0049419,1.4481,0.67,5.6302,0.1108,-0.025833,0.62407,0.0037797,-0.00030557,-0.0013075,0.0012978,7.55E-05,0.0048064,0.173772,0.0804,0.675624,0.000178403,0.021052,-0.00490827,0.1185733,0.000136447,-1.10311E-05,-4.72008E-05,4.68506E-05,2.72425E-06,0.000173511
0.0048069,1.4564,0.67,5.6302,0.11863,-0.025663,0.63423,0.0034845,-0.00036224,-0.0012445,0.0013938,8.46E-05,0.0047355,0.174768,0.0804,0.675624,0.000173529,0.0225397,-0.00487597,0.1205037,0.00012579,-1.30769E-05,-4.49265E-05,5.03162E-05,3.05554E-06,0.000170952
0.0046838,1.4647,0.67,5.6302,0.12588,-0.026047,0.64503,0.0033654,-0.00044527,-0.0013518,0.0014814,0.0001079,0.0045209,0.175764,0.0804,0.675624,0.000169085,0.0239172,-0.00494893,0.1225557,0.000121491,-1.60742E-05,-4.88E-05,5.34785E-05,3.89519E-06,0.000163204
0.0044981,1.4729,0.67,5.6302,0.13224,-0.02684,0.65621,0.0032058,-0.0005056,-0.0012463,0.0015309,0.00011102,0.0042596,0.176748,0.0804,0.675624,0.000162381,0.0251256,-0.0050996,0.1246799,0.000115729,-1.82522E-05,-4.49914E-05,5.52655E-05,4.00782E-06,0.000153772
0.0044027,1.4812,0.67,5.6302,0.13814,-0.02801,0.66776,0.0030953,-0.00054662,-0.0011875,0.0015559,9.85E-05,0.0041542,0.177744,0.0804,0.675624,0.000158937,0.0262466,-0.0053219,0.1268744,0.00011174,-1.9733E-05,-4.28688E-05,5.6168E-05,3.55571E-06,0.000149967
0.0042136,1.4894,0.67,5.6302,0.14421,-0.029046,0.67973,0.0029812,-0.0005598,-0.0010564,0.0015735,6.72E-05,0.0038725,0.178728,0.0804,0.675624,0.000152111,0.0273999,-0.00551874,0.1291487,0.000107621,-2.02088E-05,-3.8136E-05,5.68034E-05,2.42736E-06,0.000139797
0.0040918,1.4977,0.67,5.6302,0.15052,-0.029801,0.69166,0.0028551,-0.00053332,-0.00098567,0.0015876,1.09E-05,0.0037408,0.179724,0.0804,0.675624,0.000147714,0.0285988,-0.00566219,0.1314154,0.000103069,-1.92529E-05,-3.55827E-05,5.73124E-05,3.91757E-07,0.000135043
0.0039484,1.5059,0.67,5.6302,0.15647,-0.030357,0.70327,0.0027136,-0.00050324,-0.00091051,0.001586,-6.64E-05,0.0035971,0.180708,0.0804,0.675624,0.000142537,0.0297293,-0.00576783,0.1336213,9.7961E-05,-1.8167E-05,-3.28694E-05,5.72546E-05,-2.39765E-06,0.000129855
0.0038108,1.5142,0.67,5.6302,0.16225,-0.030823,0.71415,0.0025674,-0.00048555,-0.00078967,0.0015607,-0.00017447,0.0034935,0.181704,0.0804,0.675624,0.00013757,0.0308275,-0.00585637,0.1356885,9.26831E-05,-1.75284E-05,-2.85071E-05,5.63413E-05,-6.29837E-06,0.000126115
0.0037107,1.5224,0.67,5.6302,0.16755,-0.031413,0.7246,0.0024606,-0.00047511,-0.00069798,0.001531,-0.00032161,0.0034298,0.182688,0.0804,0.675624,0.000133956,0.0318345,-0.00596847,0.137674,8.88277E-05,-1.71515E-05,-2.51971E-05,5.52691E-05,-1.16101E-05,0.000123816
0.0036497,1.5307,0.67,5.6302,0.17188,-0.032129,0.73473,0.0023596,-0.00046394,-0.00058791,0.0014932,-0.00050283,0.0034465,0.183684,0.0804,0.675624,0.000131754,0.0326572,-0.00610451,0.1395987,8.51816E-05,-1.67482E-05,-2.12236E-05,5.39045E-05,-1.81522E-05,0.000124419
0.0036254,1.539,0.67,5.6302,0.17571,-0.032386,0.74488,0.0022754,-0.00046018,-0.00048456,0.0014527,-0.00069351,0.0035227,0.18468,0.0804,0.675624,0.000130877,0.0333849,-0.00615334,0.1415272,8.21419E-05,-1.66125E-05,-1.74926E-05,5.24425E-05,-2.50357E-05,0.000127169
0.0036204,1.5472,0.67,5.6302,0.18009,-0.03182,0.75578,0.0022155,-0.00046613,-0.00039947,0.0014281,-0.00085261,0.0035973,0.185664,0.0804,0.675624,0.000130696,0.0342171,-0.0060458,0.1435982,7.99796E-05,-1.68273E-05,-1.44209E-05,5.15544E-05,-3.07792E-05,0.000129863
0.0036045,1.5555,0.67,5.6302,0.18488,-0.030492,0.76767,0.0021579,-0.00048045,-0.00029997,0.0014324,-0.00094922,0.0036187,0.18666,0.0804,0.675624,0.000130122,0.0351272,-0.00579348,0.1458573,7.79002E-05,-1.73442E-05,-1.08289E-05,5.17096E-05,-3.42668E-05,0.000130635
0.0035973,1.5637,0.67,5.6302,0.18897,-0.028752,0.78003,0.0021123,-0.00050043,-0.00017755,0.0014626,-0.00099474,0.0036197,0.187644,0.0804,0.675624,0.000129863,0.0359043,-0.00546288,0.1482057,7.6254E-05,-1.80655E-05,-6.40956E-06,5.27999E-05,-3.59101E-05,0.000130671
0.0035585,1.572,0.67,5.6302,0.19254,-0.027158,0.79214,0.0020696,-0.00051758,-6.18E-05,0.0014923,-0.0010061,0.0035551,0.18864,0.0804,0.675624,0.000128462,0.0365826,-0.00516002,0.1505066,7.47126E-05,-1.86846E-05,-2.23019E-06,5.3872E-05,-3.63202E-05,0.000128339
0.0034899,1.5802,0.67,5.6302,0.19629,-0.025851,0.80348,0.0020377,-0.00052501,5.46E-06,0.0014908,-0.00099442,0.0034514,0.189624,0.0804,0.675624,0.000125985,0.0372951,-0.00491169,0.1526612,7.3561E-05,-1.89529E-05,1.97247E-07,5.38179E-05,-3.58986E-05,0.000124596
0.0033744,1.5885,0.67,5.6302,0.19949,-0.024837,0.81384,0.002024,-0.00052389,2.77E-05,0.0014564,-0.00095963,0.0032683,0.19062,0.0804,0.675624,0.000121816,0.0379031,-0.00471903,0.1546296,7.30664E-05,-1.89124E-05,1.00069E-06,5.2576E-05,-3.46426E-05,0.000117986
0.0032394,1.5968,0.67,5.6302,0.20155,-0.024125,0.8229,0.0019979,-0.0005198,3.28E-05,0.0013892,-0.0009074,0.0030917,0.191616,0.0804,0.675624,0.000116942,0.0382945,-0.00458375,0.156351,7.21242E-05,-1.87648E-05,1.18296E-06,5.01501E-05,-3.27571E-05,0.00011161
0.0030928,1.605,0.67,5.6302,0.20304,-0.023617,0.83062,0.0019517,-0.00051148,2.95E-05,0.0012921,-0.00084543,0.0029418,0.1926,0.0804,0.675624,0.00011165,0.0385776,-0.00448723,0.1578178,7.04564E-05,-1.84644E-05,1.06448E-06,4.66448E-05,-3.052E-05,0.000106199
0.0029609,1.6133,0.67,5.6302,0.20414,-0.02311,0.83716,0.001906,-0.00050224,2.53E-05,0.0011979,-0.00079248,0.002818,0.193596,0.0804,0.675624,0.000106888,0.0387866,-0.0043909,0.1590604,6.88066E-05,-1.81309E-05,9.14485E-07,4.32442E-05,-2.86085E-05,0.00010173
0.0028518,1.6215,0.67,5.6302,0.20476,-0.022335,0.84286,0.0018736,-0.00050219,1.99E-05,0.001138,-0.00075428,0.0026919,0.19458,0.0804,0.675624,0.00010295,0.0389044,-0.00424365,0.1601434,6.7637E-05,-1.81291E-05,7.18101E-07,4.10818E-05,-2.72295E-05,9.71776E-05
0.0027645,1.6298,0.67,5.6302,0.20499,-0.021072,0.84791,0.0018543,-0.0005056,1.56E-05,0.0011209,-0.00073162,0.0025538,0.195576,0.0804,0.675624,9.97985E-05,0.0389481,-0.00400368,0.1611029,6.69402E-05,-1.82522E-05,5.63702E-07,4.04645E-05,-2.64115E-05,9.21922E-05
0.0026675,1.638,0.67,5.6302,0.20475,-0.019482,0.8523,0.0018295,-0.00050471,-1.23E-06,0.0011355,-0.00069892,0.00237,0.19656,0.0804,0.675624,9.62968E-05,0.0389025,-0.00370158,0.161937,6.6045E-05,-1.822E-05,-4.43958E-08,4.09916E-05,-2.5231E-05,0.000085557
0.0025507,1.6463,0.67,5.6302,0.20411,-0.017935,0.85611,0.0017777,-0.00049115,-2.93E-05,0.0011678,-0.000619,0.0021558,0.197556,0.0804,0.675624,9.20803E-05,0.0387809,-0.00340765,0.1626609,6.4175E-05,-1.77305E-05,-1.05943E-06,4.21576E-05,-2.23459E-05,7.78244E-05
0.0024096,1.6545,0.67,5.6302,0.20313,-0.016338,0.8594,0.0017387,-0.00046295,-7.95E-05,0.0012141,-0.00048865,0.0018663,0.19854,0.0804,0.675624,8.69866E-05,0.0385947,-0.00310422,0.163286,6.27671E-05,-1.67125E-05,-2.86916E-06,4.3829E-05,-1.76403E-05,6.73734E-05
0.0022813,1.6628,0.67,5.6302,0.20186,-0.01433,0.86257,0.0017428,-0.00043435,-0.000164,0.0012548,-0.00033602,0.001565,0.199536,0.0804,0.675624,8.23549E-05,0.0383534,-0.0027227,0.1638883,6.29151E-05,-1.568E-05,-5.9204E-06,4.52983E-05,-1.21303E-05,5.64965E-05
0.0021939,1.6711,0.67,5.6302,0.2004,-0.011881,0.8666,0.0017579,-0.00040867,-0.00025134,0.0012586,-0.00021338,0.0013714,0.200532,0.0804,0.675624,7.91998E-05,0.038076,-0.00225739,0.164654,6.34602E-05,-1.4753E-05,-9.07337E-06,4.54355E-05,-7.70302E-06,4.95075E-05
0.0021257,1.6793,0.67,5.6302,0.19881,-0.0092088,0.87187,0.0017542,-0.00037737,-0.00030696,0.0012176,-0.00016286,0.0012795,0.201516,0.0804,0.675624,7.67378E-05,0.0377739,-0.001749672,0.1656553,6.33266E-05,-1.36231E-05,-1.10813E-05,4.39554E-05,-5.87925E-06,4.619E-05
0.0020739,1.6876,0.67,5.6302,0.19716,-0.0067814,0.87859,0.0017707,-0.00035714,-0.00030299,0.001148,-0.00016917,0.0012292,0.202512,0.0804,0.675624,7.48678E-05,0.0374604,-0.001288466,0.1669321,6.39223E-05,-1.28928E-05,-1.09379E-05,4.14428E-05,-6.10704E-06,4.43741E-05
0.0020548,1.6958,0.67,5.6302,0.19541,-0.0051026,0.88606,0.0018324,-0.0003596,-0.00026346,0.0010741,-0.00018637,0.001203,0.203496,0.0804,0.675624,7.41783E-05,0.0371279,-0.000969494,0.1683514,6.61496E-05,-1.29816E-05,-9.51091E-06,3.8775E-05,-6.72796E-06,4.34283E-05
0.0020616,1.7041,0.67,5.6302,0.19345,-0.004044,0.89268,0.0019183,-0.0003654,-0.00021952,0.0010227,-0.00019631,0.0011822,0.204492,0.0804,0.675624,7.44238E-05,0.0367555,-0.00076836,0.1696092,6.92506E-05,-1.31909E-05,-7.92467E-06,3.69195E-05,-7.08679E-06,4.26774E-05
0.0020988,1.7123,0.67,5.6302,0.19139,-0.0030766,0.89877,0.0019826,-0.00037609,-0.00018133,0.0010142,-0.0001861,0.0012008,0.205476,0.0804,0.675624,7.57667E-05,0.0363641,-0.000584554,0.1707663,7.15719E-05,-1.35768E-05,-6.54601E-06,3.66126E-05,-6.71821E-06,4.33489E-05
0.00219,1.7206,0.67,5.6302,0.18939,-0.001901,0.90515,0.0020231,-0.00039926,-0.00011583,0.001043,-0.0001566,0.0013138,0.206472,0.0804,0.675624,0.000079059,0.0359841,-0.00036119,0.1719785,7.30339E-05,-1.44133E-05,-4.18146E-06,3.76523E-05,-5.65326E-06,4.74282E-05
0.0023241,1.7289,0.67,5.6302,0.18756,-0.00064506,0.91067,0.0021055,-0.000428,-3.63E-06,0.0010798,-0.00016022,0.0014629,0.207468,0.0804,0.675624,8.39E-05,0.0356364,-0.000122561,0.1730273,7.60086E-05,-1.54508E-05,-1.30964E-07,3.89808E-05,-5.78394E-06,5.28107E-05
0.0024485,1.7371,0.67,5.6302,0.18579,0.00041894,0.91447,0.0021908,-0.00047036,0.00012009,0.0011003,-0.00019759,0.0016059,0.208452,0.0804,0.675624,8.83909E-05,0.0353001,7.95986E-05,0.1737493,7.90879E-05,-1.698E-05,4.33525E-06,3.97208E-05,-7.133E-06,5.7973E-05
0.0025339,1.7454,0.67,5.6302,0.18406,0.0011146,0.91758,0.0022609,-0.00051302,0.00024302,0.0011086,-0.00019662,0.0016983,0.209448,0.0804,0.675624,9.14738E-05,0.0349714,0.000211774,0.1743402,8.16185E-05,-1.852E-05,8.77302E-06,4.00205E-05,-7.09798E-06,6.13086E-05
0.0025565,1.7536,0.67,5.6302,0.18273,0.0015042,0.92175,0.0023797,-0.00052744,0.00032546,0.0011225,-0.00013714,0.0016109,0.210432,0.0804,0.675624,9.22897E-05,0.0347187,0.000285798,0.1751325,8.59072E-05,-1.90406E-05,1.17491E-05,4.05223E-05,-4.95075E-06,5.81535E-05
0.0025011,1.7619,0.67,5.6302,0.18201,0.0018525,0.92737,0.0024884,-0.00052104,0.00033494,0.0011654,-6.89E-05,0.0013485,0.211428,0.0804,0.675624,9.02897E-05,0.0345819,0.000351975,0.1762003,8.98312E-05,-1.88095E-05,1.20913E-05,4.20709E-05,-2.4861E-06,4.86809E-05
0.0024442,1.7701,0.67,5.6302,0.1815,0.0025993,0.93317,0.0025199,-0.00052372,0.00031574,0.0012471,-2.68E-05,0.0011214,0.212412,0.0804,0.675624,8.82356E-05,0.034485,0.000493867,0.1773023,9.09684E-05,-1.89063E-05,1.13982E-05,4.50203E-05,-9.68996E-07,4.04825E-05
0.0024429,1.7784,0.67,5.6302,0.18076,0.0042671,0.93811,0.0025286,-0.00054339,0.00029221,0.0013442,-1.04E-05,0.0010131,0.213408,0.0804,0.675624,8.81887E-05,0.0343444,0.000810749,0.1782409,9.12825E-05,-1.96164E-05,1.05488E-05,4.85256E-05,-3.76992E-07,3.65729E-05
0.002476,1.7866,0.67,5.6302,0.17972,0.0066586,0.94291,0.0025599,-0.00057268,0.00026007,0.0014558,4.80E-06,0.00093635,0.214392,0.0804,0.675624,8.93836E-05,0.0341468,0.001265134,0.1791529,9.24124E-05,-2.06737E-05,9.38853E-06,5.25544E-05,1.73201E-07,3.38022E-05
0.0024883,1.7949,0.67,5.6302,0.17838,0.0086741,0.94769,0.0025755,-0.00060576,0.00020969,0.0015648,1.49E-05,0.00083638,0.215388,0.0804,0.675624,8.98276E-05,0.0338922,0.001648079,0.1800611,9.29756E-05,-2.18679E-05,7.56981E-06,5.64893E-05,5.3706E-07,3.01933E-05
0.0024774,1.8032,0.67,5.6302,0.17682,0.0093722,0.95241,0.002561,-0.000636,0.00016794,0.001637,4.39E-06,0.0007569,0.216384,0.0804,0.675624,8.94341E-05,0.0335958,0.001780718,0.1809579,9.24521E-05,-2.29596E-05,6.06263E-06,5.90957E-05,1.58428E-07,2.73241E-05
0.0024563,1.8114,0.67,5.6302,0.17516,0.0087026,0.95684,0.0025343,-0.00065524,0.00013055,0.0016625,-2.65E-05,0.00071582,0.217368,0.0804,0.675624,8.86724E-05,0.0332804,0.001653494,0.1817996,9.14882E-05,-2.36542E-05,4.71286E-06,6.00163E-05,-9.55495E-07,2.58411E-05
0.0024359,1.8197,0.67,5.6302,0.17349,0.0071505,0.96155,0.0024864,-0.00066062,0.00010729,0.0016528,-6.50E-05,0.00073254,0.218364,0.0804,0.675624,8.7936E-05,0.0329631,0.001358595,0.1826945,8.9759E-05,-2.38484E-05,3.87317E-06,5.96661E-05,-2.34502E-06,2.64447E-05
0.0024303,1.8279,0.67,5.6302,0.17178,0.0054564,0.96679,0.0024276,-0.00065174,0.00011324,0.0016335,-8.98E-05,0.00079955,0.219348,0.0804,0.675624,8.77338E-05,0.0326382,0.001036716,0.1836901,8.76364E-05,-2.35278E-05,4.08796E-06,5.89694E-05,-3.24041E-06,2.88638E-05
0.0024466,1.8362,0.67,5.6302,0.16991,0.0043356,0.97219,0.0023673,-0.00063584,0.00016546,0.0016194,-0.00013101,0.00090644,0.220344,0.0804,0.675624,8.83223E-05,0.0322829,0.000823764,0.1847161,8.54595E-05,-2.29538E-05,5.97311E-06,5.84603E-05,-4.72946E-06,3.27225E-05
0.0024555,1.8446,0.67,5.6302,0.16783,0.0041331,0.97762,0.0022931,-0.00063299,0.00025974,0.0016205,-0.00019171,0.00099745,0.221352,0.0804,0.675624,8.86436E-05,0.0318877,0.000785289,0.1857478,8.27809E-05,-2.28509E-05,9.37661E-06,5.85001E-05,-6.92073E-06,3.60079E-05
0.0024686,1.8534,0.67,5.6302,0.16552,0.0050169,0.98289,0.0022024,-0.00063985,0.00038976,0.001622,-0.00030326,0.0011127,0.222408,0.0804,0.675624,8.91165E-05,0.0314488,0.000953211,0.1867491,7.95066E-05,-2.30986E-05,1.40703E-05,5.85542E-05,-1.09477E-05,4.01685E-05
0.0024964,1.8626,0.67,5.6302,0.16306,0.0065031,0.98759,0.0021034,-0.00064203,0.00052147,0.0016194,-0.00042845,0.00127,0.223512,0.0804,0.675624,9.012E-05,0.0309814,0.001235589,0.1876421,7.59327E-05,-2.31773E-05,1.88251E-05,5.84603E-05,-1.5467E-05,0.000045847
0.0025334,1.8723,0.67,5.6302,0.16056,0.0078621,0.99167,0.0019974,-0.00063608,0.00061493,0.0016409,-0.00056399,0.0014285,0.224676,0.0804,0.675624,9.14557E-05,0.0305064,0.001493799,0.1884173,7.21061E-05,-2.29625E-05,2.2199E-05,5.92365E-05,-2.036E-05,5.15689E-05
0.0025561,1.8824,0.67,5.6302,0.15803,0.0089779,0.9953,0.0018956,-0.00061978,0.00066939,0.0016415,-0.00071183,0.0015751,0.225888,0.0804,0.675624,9.22752E-05,0.0300257,0.001705801,0.189107,6.84312E-05,-2.23741E-05,2.4165E-05,5.92582E-05,-2.56971E-05,5.68611E-05
0.0025167,1.8931,0.67,5.6302,0.15537,0.0097414,0.99814,0.0018038,-0.00060472,0.00063038,0.0016004,-0.00079537,0.0016292,0.227172,0.0804,0.675624,9.08529E-05,0.0295203,0.001850866,0.1896466,6.51172E-05,-2.18304E-05,2.27567E-05,5.77744E-05,-2.87129E-05,5.88141E-05
0.0024952,1.9042,0.67,5.6302,0.15251,0.0094694,1.0011,0.0017244,-0.00062571,0.00048782,0.0015962,-0.00082237,0.0016699,0.228504,0.0804,0.675624,9.00767E-05,0.0289769,0.001799186,0.190209,6.22508E-05,-2.25881E-05,1.76103E-05,5.76228E-05,-2.96876E-05,6.02834E-05
0.0025458,1.9159,0.67,5.6302,0.14939,0.0094582,1.0055,0.0016931,-0.00067686,0.0003567,0.0016514,-0.00080123,0.001747,0.229908,0.0804,0.675624,9.19034E-05,0.0283841,0.001797058,0.191045,6.11209E-05,-2.44346E-05,1.28769E-05,5.96155E-05,-2.89244E-05,6.30667E-05
0.0026478,1.9282,0.67,5.6302,0.14583,0.010279,1.0108,0.0017216,-0.00070583,0.00027555,0.0016841,-0.00085034,0.0018899,0.231384,0.0804,0.675624,9.55856E-05,0.0277077,0.00195301,0.192052,6.21498E-05,-2.54805E-05,9.94736E-06,6.0796E-05,-3.06973E-05,6.82254E-05
0.0027972,1.941,0.67,5.6302,0.14185,0.010754,1.0128,0.0017759,-0.00070323,0.00029669,0.0016071,-0.00085954,0.0022114,0.23292,0.0804,0.675624,0.000100979,0.0269515,0.00204326,0.192432,6.411E-05,-2.53866E-05,1.07105E-05,5.80163E-05,-3.10294E-05,7.98315E-05
0.0028446,1.9545,0.67,5.6302,0.13788,0.0098181,1.013,0.0018126,-0.00061432,0.00030116,0.0014809,-0.00079477,0.0023957,0.23454,0.0804,0.675624,0.00010269,0.0261972,0.001865439,0.19247,6.54349E-05,-2.2177E-05,1.08719E-05,5.34605E-05,-2.86912E-05,8.64848E-05
0.0027409,1.9686,0.67,5.6302,0.13401,0.0097911,1.0152,0.0018169,-0.00040709,0.0001339,0.0013521,-0.00077627,0.0023128,0.236232,0.0804,0.675624,9.89465E-05,0.0254619,0.001860309,0.192888,6.55901E-05,-1.46959E-05,4.83379E-06,4.88108E-05,-2.80233E-05,8.34921E-05
0.0025773,1.9833,0.67,5.6302,0.12969,0.010582,1.0213,0.0017949,-0.00016725,4.31E-05,0.0011477,-0.00063943,0.002212,0.237996,0.0804,0.675624,9.30405E-05,0.0246411,0.00201058,0.194047,6.47959E-05,-6.03773E-06,1.55732E-06,4.1432E-05,-2.30834E-05,7.98532E-05
0.002419,1.9988,0.67,5.6302,0.125,0.012746,1.0216,0.0017469,8.59E-06,-0.00010662,0.0011832,-0.00052641,0.0019079,0.239856,0.0804,0.675624,8.73259E-05,0.02375,0.00242174,0.194104,6.30631E-05,3.10059E-07,-3.84898E-06,4.27135E-05,-1.90034E-05,6.88752E-05
0.0024267,2.0149,0.67,5.6302,0.12089,0.012339,1.0209,0.0016583,7.08E-05,-0.00014497,0.0012337,-0.00052073,0.0019614,0.241788,0.0804,0.675624,8.76039E-05,0.0229691,0.00234441,0.193971,5.98646E-05,2.55754E-06,-5.23342E-06,4.45366E-05,-1.87984E-05,7.08065E-05
0.0025326,2.0319,0.67,5.6302,0.11712,0.011206,1.0164,0.0015209,8.48E-05,-0.00018819,0.0012093,-0.00031511,0.0023351,0.243828,0.0804,0.675624,9.14269E-05,0.0222528,0.00212914,0.193116,5.49045E-05,3.0615E-06,-6.79366E-06,4.36557E-05,-1.13755E-05,8.42971E-05
0.0025869,2.0496,0.67,5.6302,0.11291,0.0064009,1.0128,0.0014256,8.02E-05,-3.20E-05,0.0009823,-4.68E-05,0.0027659,0.245952,0.0804,0.675624,9.33871E-05,0.0214529,0.001216171,0.192432,5.14642E-05,2.89446E-06,-1.15672E-06,3.5461E-05,-1.68944E-06,9.9849E-05
0.003136,2.0681,0.67,5.6302,0.10774,0.0035706,1.0104,0.001484,5.97E-05,0.00052743,0.00077058,0.00023357,0.0040175,0.248172,0.0804,0.675624,0.00011321,0.0204706,0.000678414,0.191976,5.35724E-05,2.15452E-06,1.90402E-05,2.78179E-05,8.43188E-06,0.000145032
0.0039157,2.0875,0.67,5.6302,0.10162,0.0036183,0.99982,0.001679,-7.77E-05,0.0010386,0.00077453,-1.35E-05,0.005378,0.2505,0.0804,0.675624,0.000141357,0.0193078,0.000687477,0.1899658,6.06119E-05,-2.80324E-06,3.74935E-05,2.79605E-05,-4.88108E-07,0.000194146
0.0047463,2.1078,0.67,5.6302,0.09543,0.0040779,0.99699,0.0019362,-0.00022393,0.0018481,0.00068979,-0.00034241,0.0068666,0.252936,0.0804,0.675624,0.000171341,0.0181317,0.000774801,0.1894281,6.98968E-05,-8.08387E-06,6.67164E-05,2.49014E-05,-1.2361E-05,0.000247884
0.0052443,2.129,0.67,5.6302,0.090001,0.012101,0.99287,0.002143,-0.00025262,0.0024552,0.00075694,-0.00025936,0.0075886,0.25548,0.0804,0.675624,0.000189319,0.01710019,0.00229919,0.1886453,7.73623E-05,-9.11958E-06,8.86327E-05,2.73255E-05,-9.3629E-06,0.000273948
0.0047289,2.1511,0.67,5.6302,0.086859,0.01699,0.9862,0.0021844,-8.58E-05,0.0022438,0.00087257,-1.47E-05,0.0064009,0.258132,0.0804,0.675624,0.000170713,0.01650321,0.0032281,0.187378,7.88568E-05,-3.09879E-06,8.10012E-05,3.14998E-05,-5.28973E-07,0.000231072
0.0039103,2.1743,0.67,5.6302,0.084449,0.019578,0.99075,0.0020832,8.28E-05,0.0018041,0.0010307,0.00014197,0.0047067,0.260916,0.0804,0.675624,0.000141162,0.01604531,0.00371982,0.1882425,7.52035E-05,2.98771E-06,6.5128E-05,3.72083E-05,5.12512E-06,0.000169912
0.0035997,2.1984,0.67,5.6302,0.078706,0.021946,0.99392,0.0018716,0.00013581,0.0017127,0.0010388,7.22E-05,0.0042889,0.263808,0.0804,0.675624,0.000129949,0.01495414,0.00416974,0.1888448,6.75648E-05,4.90274E-06,6.18285E-05,3.75007E-05,2.60555E-06,0.000154829
0.0039334,2.2237,0.67,5.6302,0.071298,0.026311,0.97149,0.0016782,0.00043169,0.0016513,0.0016721,0.00074961,0.0045164,0.266844,0.0804,0.675624,0.000141996,0.01354662,0.00499909,0.1845831,6.0583E-05,1.5584E-05,5.96119E-05,6.03628E-05,2.70609E-05,0.000163042
0.0050811,2.2501,0.67,5.6302,0.065357,0.032018,0.95165,0.0017402,0.00061496,0.0015974,0.0022384,0.0013175,0.0061835,0.270012,0.0804,0.675624,0.000183428,0.01241783,0.00608342,0.1808135,6.28212E-05,2.22001E-05,5.76661E-05,8.08062E-05,4.75618E-05,0.000223224
0.0050876,2.2776,0.67,5.6302,0.058948,0.033827,0.94695,0.0019533,0.000438,0.0015518,0.0019073,0.00058728,0.0063146,0.273312,0.0804,0.675624,0.000183662,0.01120012,0.00642713,0.1799205,7.05141E-05,1.58118E-05,5.602E-05,6.88535E-05,2.12008E-05,0.000227957
0.004981,2.3063,0.67,5.6302,0.051612,0.03761,0.93407,0.0021394,0.00024418,0.0012193,0.0016353,-0.00054294,0.0061874,0.276756,0.0804,0.675624,0.000179814,0.00980628,0.0071459,0.1774733,7.72323E-05,8.8149E-06,4.40167E-05,5.90343E-05,-1.96001E-05,0.000223365
0.0059745,2.3362,0.67,5.6302,0.041826,0.050179,0.9202,0.0023434,0.00039187,0.0014353,0.0018486,-0.00053534,0.0077571,0.280344,0.0804,0.675624,0.000215679,0.00794694,0.00953401,0.174838,8.45967E-05,1.41465E-05,5.18143E-05,6.67345E-05,-1.93258E-05,0.000280031
0.0055422,2.3674,0.67,5.6302,0.030989,0.060125,0.8946,0.0024244,0.00058653,0.0016224,0.0025729,0.00015637,0.0060871,0.284088,0.0804,0.675624,0.000200073,0.00588791,0.01142375,0.169974,8.75208E-05,2.11737E-05,5.85686E-05,9.28817E-05,5.64496E-06,0.000219744
0.0053942,2.3999,0.67,5.6302,0.022626,0.06648,0.86503,0.0019828,0.00071296,0.00141,0.0039073,0.00032435,0.0048983,0.287988,0.0804,0.675624,0.000194731,0.00429894,0.0126312,0.1643557,7.15791E-05,2.57379E-05,0.000050901,0.000141054,1.1709E-05,0.000176829
0.0052519,2.4338,0.67,5.6302,0.013532,0.074658,0.82706,0.0011186,0.00049309,0.001244,0.0037471,0.00061681,0.005638,0.292056,0.0804,0.675624,0.000189594,0.00257108,0.01418502,0.1571414,4.03815E-05,1.78005E-05,4.49084E-05,0.00013527,2.22668E-05,0.000203532
0.0037314,2.4691,0.67,5.6302,0.0051656,0.069588,0.71266,0.00035339,7.91E-05,0.00063508,0.002162,0.00080871,0.0049475,0.296292,0.0804,0.675624,0.000134704,0.000981464,0.01322172,0.1354054,1.27574E-05,2.85677E-06,2.29264E-05,7.80482E-05,2.91944E-05,0.000178605
0.0014235,2.5058,0.67,5.6302,0.0014221,0.030622,0.31354,2.26E-05,1.37E-05,0.00011149,0.00082578,0.00032305,0.0019986,0.300696,0.0804,0.675624,5.13884E-05,0.000270199,0.00581818,0.0595726,8.1438E-07,4.92982E-07,4.02479E-06,2.98107E-05,1.16621E-05,7.21495E-05
2.08E-07,2.544,0.67,5.6302,0.00036079,7.78E-14,1.37E-17,4.15E-07,8.94E-17,7.67E-21,1.92E-26,1.66E-30,6.85E-34,0.30528,0.0804,0.675624,7.49292E-09,6.85501E-05,1.47795E-14,2.60186E-18,1.49855E-08,3.22575E-18,2.77064E-22,6.94384E-28,5.98321E-32,2.47303E-35
0,2.5837,0.67,5.6302,0,0,0,0,0,0,0,0,0,0.310044,0.0804,0.675624,0,0,0,0,0,0,0,0,0,0
0,2.625,0.67,5.6302,0,0,0,0,0,0,0,0,0,0.315,0.0804,0.675624,0,0,0,0,0,0,0,0,0,0
0,-0.125,0.67,5.6401,0,0,0,0,0,0,0,0,0,-0.015,0.0804,0.676812,0,0,0,0,0,0,0,0,0,0
0,-0.083719,0.67,5.6401,0,0,0,0,0,0,0,0,0,-0.01004628,0.0804,0.676812,0,0,0,0,0,0,0,0,0,0
1.14E-08,-0.044001,0.67,5.6401,-0.00025248,-7.05E-14,-1.04E-17,2.29E-08,6.39E-18,6.39E-22,1.79E-27,1.79E-31,2.70E-35,-0.00528012,0.0804,0.676812,4.1284E-10,-4.79712E-05,-1.33992E-14,-1.96821E-18,8.25679E-10,2.30831E-19,2.30535E-23,6.45324E-29,6.45179E-33,9.74375E-37
0.00096011,-0.0058053,0.67,5.6401,-0.0024358,0.025317,0.39375,1.08E-05,-2.46E-05,-3.46E-05,0.00080455,-0.00019973,0.0011049,-0.000696636,0.0804,0.676812,3.466E-05,-0.000462802,0.00481023,0.0748125,3.88833E-07,-8.88999E-07,-1.24809E-06,2.90443E-05,-7.21025E-06,3.98869E-05
0.0025072,0.030909,0.67,5.6401,-0.010627,0.057299,0.89097,0.00017152,-0.00014461,-0.00019769,0.0020894,-0.00051245,0.0027535,0.00370908,0.0804,0.676812,9.05099E-05,-0.00201913,0.01088681,0.1692843,6.19187E-06,-5.22042E-06,-7.13661E-06,7.54273E-05,-1.84994E-05,9.94014E-05
0.0025981,0.066184,0.67,5.6401,-0.02378,0.05204,1.0073,0.00044057,-0.00022433,-9.07E-05,0.0018049,-0.00056183,0.0029508,0.00794208,0.0804,0.676812,9.37914E-05,-0.0045182,0.0098876,0.191387,1.59046E-05,-8.09831E-06,-3.27272E-06,6.51569E-05,-2.02821E-05,0.000106524
0.002499,0.10006,0.67,5.6401,-0.038521,0.038625,1.0414,0.00054253,-0.00023789,4.34E-05,0.0014553,-0.00064958,0.0030002,0.0120072,0.0804,0.676812,9.02139E-05,-0.00731899,0.00733875,0.197866,1.95853E-05,-8.58783E-06,1.56616E-06,5.25363E-05,-2.34498E-05,0.000108307
0.0030702,0.13258,0.67,5.6401,-0.048965,0.03117,1.0604,0.00052273,-0.00016704,-8.87E-06,0.0013903,-0.00084973,0.0042275,0.0159096,0.0804,0.676812,0.000110834,-0.00930335,0.0059223,0.201476,1.88706E-05,-6.03014E-06,-3.20377E-07,5.01898E-05,-3.06753E-05,0.000152613
0.0027092,0.16379,0.67,5.6401,-0.051471,0.019468,1.076,0.00059962,-6.14E-05,-0.00016203,0.00095683,-0.00064684,0.0038619,0.0196548,0.0804,0.676812,9.78021E-05,-0.00977949,0.00369892,0.20444,2.16463E-05,-2.21502E-06,-5.84928E-06,3.45416E-05,-2.33509E-05,0.000139415
0.0024673,0.19372,0.67,5.6401,-0.052439,0.018394,1.0857,0.00080016,3.89E-06,-0.00035721,0.0010595,-0.00057734,0.0030749,0.0232464,0.0804,0.676812,8.90695E-05,-0.00996341,0.00349486,0.206283,2.88858E-05,1.40476E-07,-1.28953E-05,3.8248E-05,-2.0842E-05,0.000111004
0.0035201,0.22242,0.67,5.6401,-0.054963,0.025451,1.0881,0.0011047,4.71E-05,-0.00078781,0.0011134,-0.00064302,0.004822,0.0266904,0.0804,0.676812,0.000127076,-0.01044297,0.00483569,0.206739,3.98797E-05,1.70035E-06,-2.84399E-05,4.01937E-05,-2.3213E-05,0.000174074
0.0031366,0.24993,0.67,5.6401,-0.059964,0.026985,1.0927,0.0013088,0.00014531,-0.00091981,0.0010968,-0.00019221,0.0038678,0.0299916,0.0804,0.676812,0.000113231,-0.01139316,0.00512715,0.207613,4.72477E-05,5.24569E-06,-3.32051E-05,3.95945E-05,-6.93878E-06,0.000139628
0.0023706,0.27629,0.67,5.6401,-0.066687,0.026656,1.094,0.0012913,0.00013964,-0.00085068,0.0012934,-0.00027037,0.0021565,0.0331548,0.0804,0.676812,8.55787E-05,-0.01267053,0.00506464,0.20786,4.66159E-05,5.041E-06,-3.07095E-05,4.66917E-05,-9.76036E-06,7.78497E-05
0.0031763,0.30154,0.67,5.6401,-0.072933,0.023101,1.0954,0.00136,3.42E-05,-0.00093309,0.0018718,-0.0010554,0.0031209,0.0361848,0.0804,0.676812,0.000114664,-0.01385727,0.00438919,0.208126,0.000049096,1.23513E-06,-3.36845E-05,6.7572E-05,-3.80999E-05,0.000112664
0.003531,0.32572,0.67,5.6401,-0.078837,0.016231,1.0979,0.0015205,8.28E-05,-0.00087067,0.0017419,-0.0013325,0.0037996,0.0390864,0.0804,0.676812,0.000127469,-0.01497903,0.00308389,0.208601,5.48901E-05,2.98818E-06,-3.14312E-05,6.28826E-05,-4.81033E-05,0.000137166
0.0028702,0.34887,0.67,5.6401,-0.083522,0.017115,1.0969,0.0015291,9.00E-05,-0.00033635,0.0011486,-0.00074527,0.0030627,0.0418644,0.0804,0.676812,0.000103614,-0.01586918,0.00325185,0.208411,5.52005E-05,0.000003249,-1.21422E-05,4.14645E-05,-2.69042E-05,0.000110563
0.0022889,0.37102,0.67,5.6401,-0.087956,0.02482,1.0967,0.0014447,0.00013074,-0.00013592,0.0011191,-0.00041772,0.0020139,0.0445224,0.0804,0.676812,8.26293E-05,-0.01671164,0.0047158,0.208373,5.21537E-05,4.71971E-06,-4.90671E-06,4.03995E-05,-1.50797E-05,7.27018E-05
0.0023782,0.39221,0.67,5.6401,-0.094109,0.032968,1.0975,0.0014366,0.00019746,-0.0004,0.0011893,-0.00067169,0.0021305,0.0470652,0.0804,0.676812,8.5853E-05,-0.01788071,0.00626392,0.208525,5.18613E-05,7.12831E-06,-0.00001444,4.29337E-05,-2.4248E-05,7.69111E-05
0.0027417,0.41248,0.67,5.6401,-0.099686,0.037032,1.09,0.0015824,0.00035089,-0.00056053,0.001261,-0.00098808,0.00264,0.0494976,0.0804,0.676812,9.89754E-05,-0.01894034,0.00703608,0.2071,5.71246E-05,1.26671E-05,-2.02351E-05,4.55221E-05,-3.56697E-05,0.000095304
0.0034686,0.43187,0.67,5.6401,-0.10298,0.039021,1.0847,0.0018324,0.00055523,-0.00095888,0.0014651,-0.0013122,0.0036397,0.0518244,0.0804,0.676812,0.000125216,-0.0195662,0.00741399,0.206093,6.61496E-05,2.00438E-05,-3.46156E-05,5.28901E-05,-4.73704E-05,0.000131393
0.0039524,0.4504,0.67,5.6401,-0.10626,0.039672,1.0791,0.0019851,0.00055715,-0.00070986,0.0016704,-0.0015216,0.0042494,0.054048,0.0804,0.676812,0.000142682,-0.0201894,0.00753768,0.205029,7.16621E-05,2.01131E-05,-2.56259E-05,6.03014E-05,-5.49298E-05,0.000153403
0.003819,0.46812,0.67,5.6401,-0.11137,0.037586,1.0813,0.0018963,0.00033168,-0.00034261,0.0016755,-0.0015293,0.0040662,0.0561744,0.0804,0.676812,0.000137866,-0.0211603,0.00714134,0.205447,6.84564E-05,1.19736E-05,-1.23682E-05,6.04856E-05,-5.52077E-05,0.00014679
0.0031051,0.48504,0.67,5.6401,-0.11811,0.034283,1.0816,0.0016571,3.27E-05,-0.00011538,0.0014964,-0.0011483,0.0030566,0.0582048,0.0804,0.676812,0.000112094,-0.0224409,0.00651377,0.205504,5.98213E-05,1.17892E-06,-4.16522E-06,5.402E-05,-4.14536E-05,0.000110343
0.0026361,0.50122,0.67,5.6401,-0.12502,0.030285,1.084,0.0014183,-0.00016882,-5.89E-05,0.0013649,-0.00094049,0.0024891,0.0601464,0.0804,0.676812,9.51632E-05,-0.0237538,0.00575415,0.20596,5.12006E-05,-6.0944E-06,-2.12452E-06,4.92729E-05,-3.39517E-05,8.98565E-05
0.0026015,0.51667,0.67,5.6401,-0.13096,0.028012,1.0887,0.0012601,-0.00026647,-0.0002311,0.0013266,-0.00077216,0.0026162,0.0620004,0.0804,0.676812,9.39142E-05,-0.0248824,0.00532228,0.206853,4.54896E-05,-9.61957E-06,-8.34271E-06,4.78903E-05,-2.7875E-05,9.44448E-05
0.0024799,0.53142,0.67,5.6401,-0.13599,0.024492,1.0926,0.0012126,-0.00021967,-0.00037736,0.0012734,-0.0004012,0.0024737,0.0637704,0.0804,0.676812,8.95244E-05,-0.0258381,0.00465348,0.207594,4.37749E-05,-7.93009E-06,-1.36227E-05,4.59697E-05,-1.44833E-05,8.93006E-05
0.0023572,0.54551,0.67,5.6401,-0.14039,0.020348,1.0932,0.0012881,-0.00014091,-0.00054859,0.0013077,-0.0001124,0.0021186,0.0654612,0.0804,0.676812,8.50949E-05,-0.0266741,0.00386612,0.207708,4.65004E-05,-5.08685E-06,-1.98041E-05,4.7208E-05,-4.05764E-06,7.64815E-05
0.0023794,0.55896,0.67,5.6401,-0.1438,0.016248,1.0928,0.0014845,-3.23E-05,-0.0007647,0.0014515,-6.64E-05,0.0018229,0.0670752,0.0804,0.676812,8.58963E-05,-0.027322,0.00308712,0.207632,5.35905E-05,-1.1678E-06,-2.76057E-05,5.23992E-05,-2.39657E-06,6.58067E-05
0.0026328,0.5718,0.67,5.6401,-0.14636,0.01308,1.092,0.0017783,0.00018107,-0.0010313,0.001583,-0.00020448,0.0019044,0.068616,0.0804,0.676812,9.50441E-05,-0.0278084,0.0024852,0.20748,6.41966E-05,6.53663E-06,-3.72299E-05,5.71463E-05,-7.38173E-06,6.87488E-05
0.0029296,0.58405,0.67,5.6401,-0.14909,0.010801,1.0885,0.0020903,0.00039639,-0.0012606,0.0016887,-0.00027958,0.0020802,0.070086,0.0804,0.676812,0.000105759,-0.0283271,0.00205219,0.206815,7.54598E-05,1.43097E-05,-4.55077E-05,6.09621E-05,-1.00928E-05,7.50952E-05
0.0031175,0.59575,0.67,5.6401,-0.15265,0.0064124,1.0867,0.0022849,0.00052419,-0.0013527,0.0017289,-0.00032237,0.0022212,0.07149,0.0804,0.676812,0.000112542,-0.0290035,0.001218356,0.206473,8.24849E-05,1.89233E-05,-4.88325E-05,6.24133E-05,-1.16376E-05,8.01853E-05
0.0030571,0.6069,0.67,5.6401,-0.15698,0.0010503,1.0869,0.0023201,0.00053463,-0.0012969,0.001626,-0.00035831,0.0021681,0.072828,0.0804,0.676812,0.000110361,-0.0298262,0.000199557,0.206511,8.37556E-05,1.93001E-05,-4.68181E-05,5.86986E-05,-1.2935E-05,7.82684E-05
0.0029368,0.61755,0.67,5.6401,-0.16176,-0.0037622,1.0915,0.0022457,0.00045527,-0.0012112,0.001458,-0.00044965,0.0021699,0.074106,0.0804,0.676812,0.000106018,-0.0307344,-0.000714818,0.207385,8.10698E-05,1.64352E-05,-4.37243E-05,5.26338E-05,-1.62324E-05,7.83334E-05
0.0027766,0.6277,0.67,5.6401,-0.16665,-0.0074398,1.0974,0.0020865,0.00033165,-0.0010715,0.0012908,-0.00054342,0.0021759,0.075324,0.0804,0.676812,0.000100235,-0.0316635,-0.001413562,0.208506,7.53227E-05,1.19726E-05,-3.86812E-05,4.65979E-05,-1.96175E-05,7.855E-05
0.0025932,0.63738,0.67,5.6401,-0.17143,-0.0099655,1.1011,0.0018914,0.00018658,-0.00091019,0.0011544,-0.00058533,0.0021406,0.0764856,0.0804,0.676812,9.36145E-05,-0.0325717,-0.001893445,0.209209,6.82795E-05,6.73554E-06,-3.28579E-05,4.16738E-05,-2.11304E-05,7.72757E-05
0.0024177,0.64661,0.67,5.6401,-0.17616,-0.011807,1.1033,0.0016961,4.42E-05,-0.00071465,0.0010685,-0.00062858,0.0020707,0.0775932,0.0804,0.676812,8.7279E-05,-0.0334704,-0.00224333,0.209627,6.12292E-05,1.59681E-06,-2.57989E-05,3.85729E-05,-2.26917E-05,7.47523E-05
0.0022219,0.65542,0.67,5.6401,-0.18086,-0.013358,1.1051,0.0015016,-5.95E-05,-0.00049077,0.0010089,-0.00066958,0.0019333,0.0786504,0.0804,0.676812,8.02106E-05,-0.0343634,-0.00253802,0.209969,5.42078E-05,-2.14911E-06,-1.77168E-05,3.64213E-05,-2.41718E-05,6.97921E-05
0.0020808,0.66381,0.67,5.6401,-0.18547,-0.014588,1.108,0.001341,-0.00012588,-0.00027129,0.00096373,-0.00070805,0.001857,0.0796572,0.0804,0.676812,7.51169E-05,-0.0352393,-0.00277172,0.21052,4.84101E-05,-4.54427E-06,-9.79357E-06,3.47907E-05,-2.55606E-05,6.70377E-05
0.0020025,0.67207,0.67,5.6401,-0.18977,-0.015627,1.1109,0.0012326,-0.00016796,-8.62E-05,0.00090658,-0.0007384,0.0018657,0.0806484,0.0804,0.676812,7.22903E-05,-0.0360563,-0.00296913,0.211071,4.44969E-05,-6.06336E-06,-3.11128E-06,3.27275E-05,-2.66562E-05,6.73518E-05
0.001993,0.68032,0.67,5.6401,-0.19353,-0.016705,1.1114,0.0011815,-0.0001986,3.37E-05,0.00085721,-0.00073987,0.0019473,0.0816384,0.0804,0.676812,7.19473E-05,-0.0367707,-0.00317395,0.211166,4.26522E-05,-7.16946E-06,1.21628E-06,3.09453E-05,-2.67093E-05,7.02975E-05
0.0020505,0.68858,0.67,5.6401,-0.19675,-0.017998,1.11,0.0011952,-0.00021951,0.00010883,0.00085347,-0.00074367,0.0020523,0.0826296,0.0804,0.676812,7.40231E-05,-0.0373825,-0.00341962,0.2109,4.31467E-05,-7.92431E-06,3.92876E-06,3.08103E-05,-2.68465E-05,7.4088E-05
0.0021396,0.69683,0.67,5.6401,-0.19952,-0.019103,1.1069,0.0012502,-0.00023757,0.00015148,0.00091603,-0.00075049,0.0021129,0.0836196,0.0804,0.676812,7.72396E-05,-0.0379088,-0.00362957,0.210311,4.51322E-05,-8.57628E-06,5.46843E-06,3.30687E-05,-2.70927E-05,7.62757E-05
0.0022428,0.70509,0.67,5.6401,-0.20195,-0.019423,1.1023,0.0013245,-0.00025398,0.00017942,0.0010216,-0.00076355,0.0021396,0.0846108,0.0804,0.676812,8.09651E-05,-0.0383705,-0.00369037,0.209437,4.78145E-05,-9.16868E-06,6.47706E-06,3.68798E-05,-2.75642E-05,7.72396E-05
0.0023873,0.71335,0.67,5.6401,-0.20418,-0.018796,1.0967,0.0014515,-0.00026154,0.00016801,0.0011444,-0.00077836,0.0021787,0.085602,0.0804,0.676812,8.61815E-05,-0.0387942,-0.00357124,0.208373,5.23992E-05,-9.44159E-06,6.06516E-06,4.13128E-05,-2.80988E-05,7.86511E-05
0.0025418,0.7216,0.67,5.6401,-0.20614,-0.017258,1.0904,0.001599,-0.00026223,0.00013591,0.0012634,-0.00079281,0.0022211,0.086592,0.0804,0.676812,9.1759E-05,-0.0391666,-0.00327902,0.207176,5.77239E-05,-9.4665E-06,4.90635E-06,4.56087E-05,-2.86204E-05,8.01817E-05
0.0027087,0.72986,0.67,5.6401,-0.20789,-0.014872,1.0834,0.0017094,-0.0002654,8.31E-05,0.0013839,-0.00081404,0.0023242,0.0875832,0.0804,0.676812,9.77841E-05,-0.0394991,-0.00282568,0.205846,6.17093E-05,-9.58094E-06,3.00157E-06,4.99588E-05,-2.93868E-05,8.39036E-05
0.0029246,0.73811,0.67,5.6401,-0.20961,-0.011895,1.0752,0.0017932,-0.00026906,3.24E-05,0.0015293,-0.00086049,0.0025267,0.0885732,0.0804,0.676812,0.000105578,-0.0398259,-0.00226005,0.204288,6.47345E-05,-9.71307E-06,1.1687E-06,5.52077E-05,-3.10637E-05,9.12139E-05
0.003172,0.74637,0.67,5.6401,-0.2111,-0.0086043,1.0661,0.0018392,-0.00026499,2.13E-05,0.0017075,-0.00094409,0.0027974,0.0895644,0.0804,0.676812,0.000114509,-0.040109,-0.001634817,0.202559,6.63951E-05,-9.56614E-06,7.69074E-07,6.16408E-05,-3.40816E-05,0.000100986
0.0034355,0.75463,0.67,5.6401,-0.21232,-0.0052932,1.0569,0.0018657,-0.00026621,4.38E-05,0.0019051,-0.0010758,0.0031001,0.0905556,0.0804,0.676812,0.000124022,-0.0403408,-0.001005708,0.200811,6.73518E-05,-9.61018E-06,1.58223E-06,6.87741E-05,-3.88364E-05,0.000111914
0.0036682,0.76288,0.67,5.6401,-0.21396,-0.0023689,1.0488,0.0019152,-0.00028789,0.00010253,0.0020789,-0.0012203,0.0033424,0.0915456,0.0804,0.676812,0.000132422,-0.0406524,-0.000450091,0.199272,6.91387E-05,-1.03928E-05,3.70133E-06,7.50483E-05,-4.40528E-05,0.000120661
0.0038554,0.77114,0.67,5.6401,-0.21628,4.03E-05,1.042,0.0019788,-0.00033775,0.00018951,0.0022048,-0.0013262,0.0035273,0.0925368,0.0804,0.676812,0.00013918,-0.0410932,7.66346E-06,0.19798,7.14347E-05,-1.21928E-05,6.84131E-06,7.95933E-05,-4.78758E-05,0.000127336
0.0039903,0.7794,0.67,5.6401,-0.21884,0.0020734,1.0361,0.0020572,-0.00043128,0.00029193,0.002295,-0.0013512,0.0036285,0.093528,0.0804,0.676812,0.00014405,-0.0415796,0.000393946,0.196859,7.42649E-05,-1.55692E-05,1.05387E-05,8.28495E-05,-4.87783E-05,0.000130989
0.0040647,0.78765,0.67,5.6401,-0.22173,0.0037199,1.0306,0.0021263,-0.00054023,0.00041553,0.0023614,-0.0013038,0.0036418,0.094518,0.0804,0.676812,0.000146736,-0.0421287,0.000706781,0.195814,7.67594E-05,-1.95023E-05,1.50006E-05,8.52465E-05,-4.70672E-05,0.000131469
0.0041049,0.79591,0.67,5.6401,-0.22504,0.0047568,1.0254,0.0021958,-0.00061949,0.00052255,0.0023729,-0.0012131,0.0036411,0.0955092,0.0804,0.676812,0.000148187,-0.0427576,0.000903792,0.194826,7.92684E-05,-2.23636E-05,1.88641E-05,8.56617E-05,-4.37929E-05,0.000131444
0.0041182,0.80416,0.67,5.6401,-0.22812,0.0052277,1.0198,0.002265,-0.0006612,0.00061445,0.0022925,-0.0011347,0.0036789,0.0964992,0.0804,0.676812,0.000148667,-0.0433428,0.000993263,0.193762,8.17665E-05,-2.38693E-05,2.21816E-05,8.27593E-05,-4.09627E-05,0.000132808
0.0041431,0.81242,0.67,5.6401,-0.2308,0.0055382,1.0134,0.0023242,-0.00065895,0.00069321,0.0021461,-0.0010917,0.0038158,0.0974904,0.0804,0.676812,0.000149566,-0.043852,0.001052258,0.192546,8.39036E-05,-2.37881E-05,2.50249E-05,7.74742E-05,-3.94104E-05,0.00013775
0.004216,0.82068,0.67,5.6401,-0.2333,0.0059985,1.0058,0.0024556,-0.00063163,0.00069979,0.0019886,-0.0010458,0.0039878,0.0984816,0.0804,0.676812,0.000152198,-0.044327,0.001139715,0.191102,8.86472E-05,-2.28018E-05,2.52624E-05,7.17885E-05,-3.77534E-05,0.00014396
0.00427,0.82893,0.67,5.6401,-0.23546,0.0063568,0.9972,0.0026233,-0.00059013,0.00066316,0.0018307,-0.00099073,0.004086,0.0994716,0.0804,0.676812,0.000154147,-0.0447374,0.001207792,0.189468,9.47011E-05,-2.13037E-05,2.39401E-05,6.60883E-05,-3.57654E-05,0.000147505
0.0042491,0.83719,0.67,5.6401,-0.23733,0.0061744,0.98834,0.0027679,-0.00052342,0.00062562,0.0016739,-0.00093271,0.0040563,0.1004628,0.0804,0.676812,0.000153393,-0.0450927,0.001173136,0.1877846,9.99212E-05,-1.88955E-05,2.25849E-05,6.04278E-05,-3.36708E-05,0.000146432
0.0042222,0.84544,0.67,5.6401,-0.23917,0.0055361,0.9804,0.0029506,-0.00045057,0.00062602,0.0015493,-0.00087209,0.0039445,0.1014528,0.0804,0.676812,0.000152421,-0.0454423,0.001051859,0.186276,0.000106517,-1.62656E-05,2.25993E-05,5.59297E-05,-3.14824E-05,0.000142396
0.004252,0.8537,0.67,5.6401,-0.24109,0.0049704,0.97366,0.0031595,-0.00039166,0.00069517,0.0014722,-0.00082452,0.0038723,0.102444,0.0804,0.676812,0.000153497,-0.0458071,0.000944376,0.1849954,0.000114058,-1.41389E-05,2.50956E-05,5.31464E-05,-2.97652E-05,0.00013979
0.0043786,0.86196,0.67,5.6401,-0.24287,0.0046378,0.96714,0.0033634,-0.00034954,0.00078648,0.0014098,-0.0007888,0.003984,0.1034352,0.0804,0.676812,0.000158067,-0.0461453,0.000881182,0.1837566,0.000121419,-1.26184E-05,2.83919E-05,5.08938E-05,-2.84757E-05,0.000143822
0.0045696,0.87021,0.67,5.6401,-0.2444,0.0040725,0.95992,0.0036136,-0.00030278,0.00082132,0.0013352,-0.00074143,0.0041904,0.1044252,0.0804,0.676812,0.000164963,-0.046436,0.000773775,0.1823848,0.000130451,-1.09304E-05,2.96497E-05,4.82007E-05,-2.67656E-05,0.000151273
0.0047683,0.87847,0.67,5.6401,-0.24609,0.0027611,0.95201,0.0039102,-0.00025066,0.00087138,0.0012599,-0.00067524,0.0043665,0.1054164,0.0804,0.676812,0.000172136,-0.0467571,0.000524609,0.1808819,0.000141158,-9.04883E-06,3.14568E-05,4.54824E-05,-2.43762E-05,0.000157631
0.0049781,0.88672,0.67,5.6401,-0.24763,0.00052321,0.94394,0.0041975,-0.00019509,0.00093001,0.0011951,-0.0006338,0.0045637,0.1064064,0.0804,0.676812,0.000179709,-0.0470497,9.94099E-05,0.1793486,0.00015153,-7.04275E-06,3.35734E-05,4.31431E-05,-2.28802E-05,0.00016475
0.0052388,0.89498,0.67,5.6401,-0.24865,-0.0025065,0.93578,0.0044593,-0.00012894,0.00098336,0.0011445,-0.00060972,0.0048737,0.1073976,0.0804,0.676812,0.000189121,-0.0472435,-0.000476235,0.1777982,0.000160981,-4.65473E-06,3.54993E-05,4.13165E-05,-2.20109E-05,0.000175941
0.0055392,0.90324,0.67,5.6401,-0.24968,-0.0058884,0.92725,0.0047473,-8.56E-05,0.0010045,0.0011206,-0.00056892,0.0052104,0.1083888,0.0804,0.676812,0.000199965,-0.0474392,-0.001118796,0.1761775,0.000171378,-3.09099E-06,3.62625E-05,4.04537E-05,-2.0538E-05,0.000188095
0.0058339,0.91149,0.67,5.6401,-0.25055,-0.0090174,0.91787,0.0050695,-6.92E-05,0.0010671,0.0011215,-0.00051931,0.0054767,0.1093788,0.0804,0.676812,0.000210604,-0.0476045,-0.001713306,0.1743953,0.000183009,-2.49938E-06,3.85223E-05,4.04862E-05,-1.87471E-05,0.000197709
0.0060684,0.91975,0.67,5.6401,-0.25092,-0.011405,0.90727,0.0053684,-4.25E-05,0.0011474,0.0011225,-0.00043085,0.0056459,0.11037,0.0804,0.676812,0.000219069,-0.0476748,-0.00216695,0.1723813,0.000193799,-1.53541E-06,4.14211E-05,4.05223E-05,-1.55537E-05,0.000203817
0.0062441,0.92801,0.67,5.6401,-0.25112,-0.012742,0.89562,0.0056341,-1.56E-05,0.0012377,0.0010971,-0.0002762,0.0057571,0.1113612,0.0804,0.676812,0.000225412,-0.0477128,-0.00242098,0.1701678,0.000203391,-5.62619E-07,4.4681E-05,3.96053E-05,-9.97082E-06,0.000207831
0.0063653,0.93626,0.67,5.6401,-0.25117,-0.013082,0.88331,0.0059046,2.46E-05,0.0013019,0.0010465,-0.00012829,0.0057796,0.1123512,0.0804,0.676812,0.000229787,-0.0477223,-0.00248558,0.1678289,0.000213156,8.8936E-07,4.69986E-05,3.77787E-05,-4.63127E-06,0.000208644
0.006449,0.94452,0.67,5.6401,-0.25144,-0.01297,0.87092,0.0061909,0.00011653,0.0013026,0.001004,4.59E-06,0.005703,0.1133424,0.0804,0.676812,0.000232809,-0.0477736,-0.0024643,0.1654748,0.000223491,4.20673E-06,4.70239E-05,3.62444E-05,1.65742E-07,0.000205878
0.0065511,0.95277,0.67,5.6401,-0.25177,-0.012826,0.85891,0.0064778,0.00024428,0.0012116,0.0010084,0.00014284,0.0056159,0.1143324,0.0804,0.676812,0.000236495,-0.0478363,-0.00243694,0.1631929,0.000233849,8.81851E-06,4.37388E-05,3.64032E-05,5.15652E-06,0.000202734
0.0067106,0.96103,0.67,5.6401,-0.25123,-0.012536,0.84693,0.0067454,0.00038577,0.0010049,0.0010857,0.00025806,0.0055901,0.1153236,0.0804,0.676812,0.000242253,-0.0477337,-0.00238184,0.1609167,0.000243509,1.39263E-05,3.62769E-05,3.91938E-05,9.31597E-06,0.000201803
0.0070146,0.96929,0.67,5.6401,-0.25099,-0.011889,0.83543,0.0070732,0.00052281,0.00079834,0.0012468,0.00033692,0.0057092,0.1163148,0.0804,0.676812,0.000253227,-0.0476881,-0.00225891,0.1587317,0.000255343,1.88734E-05,2.88201E-05,4.50095E-05,1.21628E-05,0.000206102
0.0074227,0.97754,0.67,5.6401,-0.25101,-0.010964,0.82529,0.0074795,0.00064053,0.00060768,0.0014817,0.00035236,0.0058841,0.1173048,0.0804,0.676812,0.000267959,-0.0476919,-0.00208316,0.1568051,0.00027001,2.31231E-05,2.19372E-05,5.34894E-05,1.27202E-05,0.000212416
0.0079017,0.9858,0.67,5.6401,-0.24991,-0.0098087,0.81596,0.007867,0.00072738,0.00050993,0.0017283,0.00033349,0.0062082,0.118296,0.0804,0.676812,0.000285251,-0.0474829,-0.001863653,0.1550324,0.000283999,2.62584E-05,1.84085E-05,6.23916E-05,1.2039E-05,0.000224116
0.00836,0.99405,0.67,5.6401,-0.2488,-0.0086559,0.80693,0.0081711,0.00076916,0.00043545,0.001908,0.00031256,0.006641,0.119286,0.0804,0.676812,0.000301796,-0.047272,-0.001644621,0.1533167,0.000294977,2.77667E-05,1.57197E-05,6.88788E-05,1.12834E-05,0.00023974
0.0088397,1.0023,0.67,5.6401,-0.24815,-0.007992,0.79768,0.0084497,0.00075112,0.00038614,0.001963,0.00028806,0.0072667,0.120276,0.0804,0.676812,0.000319113,-0.0471485,-0.00151848,0.1515592,0.000305034,2.71154E-05,1.39397E-05,7.08643E-05,1.0399E-05,0.000262328
0.0092474,1.0106,0.67,5.6401,-0.24712,-0.0080777,0.78749,0.0087197,0.00068362,0.0003427,0.001881,0.00022564,0.007894,0.121272,0.0804,0.676812,0.000333831,-0.0469528,-0.001534763,0.1496231,0.000314781,2.46787E-05,1.23715E-05,6.79041E-05,8.1456E-06,0.000284973
0.0095572,1.0188,0.67,5.6401,-0.24578,-0.0089771,0.77634,0.0089019,0.00055975,0.00031906,0.0017143,7.69E-05,0.0084981,0.122256,0.0804,0.676812,0.000345015,-0.0466982,-0.001705649,0.1475046,0.000321359,2.0207E-05,1.15181E-05,6.18862E-05,2.77696E-06,0.000306781
0.0098571,1.0271,0.67,5.6401,-0.24439,-0.010405,0.76464,0.0090497,0.00039019,0.00034139,0.0015374,-0.0001488,0.009127,0.123252,0.0804,0.676812,0.000355841,-0.0464341,-0.00197695,0.1452816,0.000326694,1.40859E-05,1.23242E-05,5.55001E-05,-5.37168E-06,0.000329485
0.010108,1.0353,0.67,5.6401,-0.24347,-0.012073,0.75299,0.009142,0.00021246,0.00027813,0.0014014,-0.00037863,0.0096729,0.124236,0.0804,0.676812,0.000364899,-0.0462593,-0.00229387,0.1430681,0.000330026,7.66981E-06,1.00405E-05,5.05905E-05,-1.36685E-05,0.000349192
0.010391,1.0436,0.67,5.6401,-0.24314,-0.013752,0.74183,0.0092258,5.10E-05,0.00019689,0.0013107,-0.00055887,0.010245,0.125232,0.0804,0.676812,0.000375115,-0.0461966,-0.00261288,0.1409477,0.000333051,1.84211E-06,7.10773E-06,4.73163E-05,-2.01752E-05,0.000369845
0.010689,1.0518,0.67,5.6401,-0.24252,-0.015207,0.7309,0.0093157,-8.39E-05,7.06E-05,0.0012526,-0.00068901,0.01081,0.126216,0.0804,0.676812,0.000385873,-0.0460788,-0.00288933,0.138871,0.000336297,-3.02825E-06,2.54772E-06,4.52189E-05,-2.48733E-05,0.000390241
0.011052,1.0601,0.67,5.6401,-0.24108,-0.01637,0.71948,0.0094128,-0.00016334,-2.14E-05,0.0012124,-0.00078941,0.011479,0.127212,0.0804,0.676812,0.000398977,-0.0458052,-0.0031103,0.1367012,0.000339802,-5.89657E-06,-7.71204E-07,4.37676E-05,-2.84977E-05,0.000414392
0.011402,1.0684,0.67,5.6401,-0.23895,-0.017164,0.70735,0.0095694,-0.00018481,-0.00010072,0.0011878,-0.00086458,0.012046,0.128208,0.0804,0.676812,0.000411612,-0.0454005,-0.00326116,0.1343965,0.000345455,-6.67164E-06,-3.63599E-06,4.28796E-05,-3.12113E-05,0.000434861
0.01167,1.0766,0.67,5.6401,-0.23646,-0.017305,0.69498,0.0096568,-0.00017858,-0.00023076,0.0011827,-0.00092691,0.0125,0.129192,0.0804,0.676812,0.000421287,-0.0449274,-0.00328795,0.1320462,0.00034861,-6.44674E-06,-8.33044E-06,4.26955E-05,-3.34615E-05,0.00045125
0.011906,1.0849,0.67,5.6401,-0.23407,-0.016585,0.68299,0.0097365,-0.00018056,-0.00027317,0.0012062,-0.00098242,0.012868,0.130188,0.0804,0.676812,0.000429807,-0.0444733,-0.00315115,0.1297681,0.000351488,-6.51822E-06,-9.86144E-06,4.35438E-05,-3.54654E-05,0.000464535
0.012138,1.0931,0.67,5.6401,-0.2314,-0.015193,0.6715,0.0099121,-0.00020597,-0.00033218,0.0012684,-0.0010028,0.013095,0.131172,0.0804,0.676812,0.000438182,-0.043966,-0.00288667,0.127585,0.000357827,-7.43552E-06,-1.19917E-05,4.57892E-05,-3.62011E-05,0.00047273
0.01237,1.1014,0.67,5.6401,-0.2282,-0.013565,0.66061,0.010139,-0.00021728,-0.00035865,0.0013636,-0.00099036,0.013236,0.132168,0.0804,0.676812,0.000446557,-0.043358,-0.00257735,0.1255159,0.000366018,-7.84381E-06,-1.29473E-05,4.9226E-05,-3.5752E-05,0.00047782
0.012534,1.1096,0.67,5.6401,-0.22479,-0.012794,0.65021,0.010326,-0.0002009,-0.00039147,0.0014907,-0.00095977,0.013251,0.133152,0.0804,0.676812,0.000452477,-0.0427101,-0.00243086,0.1235399,0.000372769,-7.25249E-06,-1.41321E-05,5.38143E-05,-3.46477E-05,0.000478361
0.01265,1.1179,0.67,5.6401,-0.22106,-0.013476,0.64067,0.010496,-0.00014887,-0.00031101,0.0016326,-0.00094926,0.013172,0.134148,0.0804,0.676812,0.000456665,-0.0420014,-0.00256044,0.1217273,0.000378906,-5.37421E-06,-1.12275E-05,5.89369E-05,-3.42683E-05,0.000475509
0.012751,1.1262,0.67,5.6401,-0.21716,-0.014784,0.63301,0.010826,-7.07E-05,-0.00017019,0.0017542,-0.00093617,0.012921,0.135144,0.0804,0.676812,0.000460311,-0.0412604,-0.00280896,0.1202719,0.000390819,-2.5535E-06,-6.14386E-06,6.33266E-05,-3.37957E-05,0.000466448
0.012729,1.1344,0.67,5.6401,-0.2133,-0.016102,0.62673,0.011155,3.14E-06,-6.62E-05,0.0018292,-0.00086617,0.012474,0.136128,0.0804,0.676812,0.000459517,-0.040527,-0.00305938,0.1190787,0.000402696,1.13303E-07,-2.39011E-06,6.60341E-05,-3.12687E-05,0.000450311
0.012643,1.1427,0.67,5.6401,-0.2097,-0.017222,0.62142,0.011334,7.99E-05,3.60E-05,0.0018364,-0.0007357,0.012117,0.137124,0.0804,0.676812,0.000456412,-0.039843,-0.00327218,0.1180698,0.000409157,2.88612E-06,1.30036E-06,6.6294E-05,-2.65588E-05,0.000437424
0.012525,1.1509,0.67,5.6401,-0.20557,-0.017884,0.61661,0.011529,0.0001364,0.00025126,0.0017877,-0.00059434,0.011732,0.138108,0.0804,0.676812,0.000452153,-0.0390583,-0.00339796,0.1171559,0.000416197,4.92404E-06,9.07049E-06,6.4536E-05,-2.14557E-05,0.000423525
0.012373,1.1592,0.67,5.6401,-0.20066,-0.018306,0.61129,0.011587,0.00014826,0.00037999,0.0017039,-0.00048906,0.011455,0.139104,0.0804,0.676812,0.000446665,-0.0381254,-0.00347814,0.1161451,0.000418291,5.35219E-06,1.37176E-05,6.15108E-05,-1.76551E-05,0.000413526
0.012265,1.1674,0.67,5.6401,-0.19542,-0.018718,0.60585,0.011441,0.00015756,0.00043993,0.0016149,-0.00039476,0.011473,0.140088,0.0804,0.676812,0.000442767,-0.0371298,-0.00355642,0.1151115,0.00041302,5.68792E-06,1.58815E-05,5.82979E-05,-1.42508E-05,0.000414175
0.012272,1.1757,0.67,5.6401,-0.18928,-0.019263,0.60023,0.01143,0.00016323,0.00053813,0.0015329,-0.00034073,0.011581,0.141084,0.0804,0.676812,0.000443019,-0.0359632,-0.00365997,0.1140437,0.000412623,5.8926E-06,1.94265E-05,5.53377E-05,-1.23004E-05,0.000418074
0.012377,1.1839,0.67,5.6401,-0.18235,-0.019883,0.59418,0.011521,0.00012142,0.00052908,0.0014762,-0.00030147,0.011757,0.142068,0.0804,0.676812,0.00044681,-0.0346465,-0.00377777,0.1128942,0.000415908,4.38326E-06,1.90998E-05,5.32908E-05,-1.08831E-05,0.000424428
0.012459,1.1922,0.67,5.6401,-0.17557,-0.020718,0.58926,0.011576,9.83E-05,0.00051978,0.0014485,-0.00024334,0.011894,0.143064,0.0804,0.676812,0.00044977,-0.0333583,-0.00393642,0.1119594,0.000417894,3.54906E-06,1.87641E-05,5.22909E-05,-8.78457E-06,0.000429373
0.012625,1.2005,0.67,5.6401,-0.1691,-0.021632,0.58614,0.011827,0.00010969,0.0006179,0.0014239,-0.00019255,0.011998,0.14406,0.0804,0.676812,0.000455763,-0.032129,-0.00411008,0.1113666,0.000426955,3.95981E-06,2.23062E-05,5.14028E-05,-6.95106E-06,0.000433128
0.012706,1.2087,0.67,5.6401,-0.16258,-0.022634,0.58475,0.012129,0.00012896,0.00080957,0.00142,-0.0001197,0.011862,0.145044,0.0804,0.676812,0.000458687,-0.0308902,-0.00430046,0.1111025,0.000437857,4.65546E-06,2.92255E-05,0.000051262,-4.32117E-06,0.000428218
0.012642,1.217,0.67,5.6401,-0.15626,-0.023713,0.58509,0.012214,0.00018597,0.0009539,0.0014286,1.85E-05,0.011642,0.14604,0.0804,0.676812,0.000456376,-0.0296894,-0.00450547,0.1111671,0.000440925,6.71352E-06,3.44358E-05,5.15725E-05,6.685E-07,0.000420276
0.012551,1.2252,0.67,5.6401,-0.14991,-0.024706,0.58675,0.01219,0.00024835,0.0011137,0.0014354,0.00018911,0.011477,0.147024,0.0804,0.676812,0.000453091,-0.0284829,-0.00469414,0.1114825,0.000440059,8.96544E-06,4.02046E-05,5.18179E-05,6.82687E-06,0.00041432
0.012418,1.2335,0.67,5.6401,-0.14294,-0.025702,0.58871,0.012013,0.00029484,0.0011978,0.0014444,0.00035589,0.011379,0.14802,0.0804,0.676812,0.00044829,-0.0271586,-0.00488338,0.1118549,0.000433669,1.06437E-05,4.32406E-05,5.21428E-05,1.28476E-05,0.000410782
0.012273,1.2417,0.67,5.6401,-0.13527,-0.026818,0.5898,0.01163,0.00031488,0.0012141,0.0014667,0.0005279,0.011449,0.149004,0.0804,0.676812,0.000443055,-0.0257013,-0.00509542,0.112062,0.000419843,1.13672E-05,4.3829E-05,5.29479E-05,1.90572E-05,0.000413309
0.012077,1.25,0.67,5.6401,-0.12696,-0.02831,0.58988,0.011156,0.00029292,0.0011786,0.0014943,0.00066035,0.011503,0.15,0.0804,0.676812,0.00043598,-0.0241224,-0.0053789,0.1120772,0.000402732,1.05744E-05,4.25475E-05,5.39442E-05,2.38386E-05,0.000415258
0.011775,1.2583,0.67,5.6401,-0.11795,-0.030012,0.589,0.010622,0.00023097,0.0011034,0.0015166,0.00072714,0.011412,0.150996,0.0804,0.676812,0.000425078,-0.0224105,-0.00570228,0.11191,0.000383454,8.33802E-06,3.98327E-05,5.47493E-05,2.62498E-05,0.000411973
0.011538,1.2665,0.67,5.6401,-0.10844,-0.031575,0.58732,0.010078,0.00013689,0.00096936,0.0015495,0.00079498,0.011449,0.15198,0.0804,0.676812,0.000416522,-0.0206036,-0.00599925,0.1115908,0.000363816,4.94173E-06,3.49939E-05,5.5937E-05,2.86988E-05,0.000413309
0.01151,1.2748,0.67,5.6401,-0.098691,-0.032412,0.58508,0.009674,2.44E-05,0.00081497,0.0016106,0.0009179,0.011734,0.152976,0.0804,0.676812,0.000415511,-0.01875129,-0.00615828,0.1111652,0.000349231,8.79252E-07,2.94204E-05,5.81427E-05,3.31362E-05,0.000423597
0.011474,1.283,0.67,5.6401,-0.088717,-0.032562,0.58203,0.0093275,-9.09E-05,0.00061917,0.0016905,0.0010691,0.011929,0.15396,0.0804,0.676812,0.000414211,-0.01685623,-0.00618678,0.1105857,0.000336723,-3.28286E-06,2.2352E-05,6.10271E-05,3.85945E-05,0.000430637
0.011367,1.2913,0.67,5.6401,-0.078418,-0.03229,0.5781,0.0089799,-0.00020927,0.00043923,0.0017434,0.0012174,0.012011,0.154956,0.0804,0.676812,0.000410349,-0.01489942,-0.0061351,0.109839,0.000324174,-7.55465E-06,1.58562E-05,6.29367E-05,4.39481E-05,0.000433597
0.011194,1.2995,0.67,5.6401,-0.067857,-0.031964,0.57382,0.0086956,-0.00030185,0.00029168,0.0017324,0.0013327,0.01196,0.15594,0.0804,0.676812,0.000404103,-0.01289283,-0.00607316,0.1090258,0.000313911,-1.08968E-05,1.05296E-05,6.25396E-05,4.81105E-05,0.000431756
0.010959,1.3078,0.67,5.6401,-0.057274,-0.031751,0.56931,0.0083857,-0.00035155,0.00010572,0.001662,0.0013905,0.011871,0.156936,0.0804,0.676812,0.00039562,-0.01088206,-0.00603269,0.1081689,0.000302724,-1.2691E-05,3.81649E-06,5.99982E-05,5.01971E-05,0.000428543
0.010661,1.316,0.67,5.6401,-0.046657,-0.03157,0.56475,0.0079977,-0.00036488,-1.72E-05,0.0015509,0.0013831,0.011773,0.15792,0.0804,0.676812,0.000384862,-0.00886483,-0.0059983,0.1073025,0.000288717,-1.31722E-05,-6.21714E-07,5.59875E-05,4.99299E-05,0.000425005
0.010285,1.3243,0.67,5.6401,-0.035587,-0.031411,0.56043,0.0076012,-0.00036028,-0.00014666,0.0014155,0.0013026,0.011554,0.158916,0.0804,0.676812,0.000371289,-0.00676153,-0.00596809,0.1064817,0.000274403,-1.30061E-05,-5.29443E-06,5.10996E-05,4.70239E-05,0.000417099
0.0098788,1.3326,0.67,5.6401,-0.024394,-0.031201,0.55646,0.007319,-0.0003567,-0.00032108,0.0012722,0.0011924,0.011166,0.159912,0.0804,0.676812,0.000356625,-0.00463486,-0.00592819,0.1057274,0.000264216,-1.28769E-05,-1.1591E-05,4.59264E-05,4.30456E-05,0.000403093
0.0095868,1.3408,0.67,5.6401,-0.013558,-0.031265,0.55313,0.0071985,-0.00035547,-0.00044345,0.0011418,0.0010941,0.010833,0.160896,0.0804,0.676812,0.000346083,-0.00257602,-0.00594035,0.1050947,0.000259866,-1.28325E-05,-1.60085E-05,4.1219E-05,3.9497E-05,0.000391071
0.009096,1.3491,0.67,5.6401,-0.0025,-0.030995,0.55081,0.0069105,-0.00031317,-0.00040388,0.0010179,0.0009522,0.010264,0.161892,0.0804,0.676812,0.000328366,-0.000475,-0.00588905,0.1046539,0.000249469,-1.13054E-05,-1.45801E-05,3.67462E-05,3.43744E-05,0.00037053
0.0085557,1.3573,0.67,5.6401,0.0090717,-0.031165,0.54927,0.0064295,-0.00027953,-0.00047379,0.00092081,0.00086028,0.0097611,0.162876,0.0804,0.676812,0.000308861,0.001723623,-0.00592135,0.1043613,0.000232105,-1.0091E-05,-1.71038E-05,3.32412E-05,3.10561E-05,0.000352376
0.0083077,1.3656,0.67,5.6401,0.020107,-0.031201,0.54899,0.0063175,-0.00026944,-0.00068872,0.00085702,0.00075468,0.0094408,0.163872,0.0804,0.676812,0.000299908,0.00382033,-0.00592819,0.1043081,0.000228062,-9.72678E-06,-2.48628E-05,3.09384E-05,2.72439E-05,0.000340813
0.0077436,1.3738,0.67,5.6401,0.030633,-0.030792,0.55022,0.0061157,-0.0002085,-0.00072504,0.00080092,0.00060087,0.0085707,0.164856,0.0804,0.676812,0.000279544,0.00582027,-0.00585048,0.1045418,0.000220777,-7.52685E-06,-2.61739E-05,2.89132E-05,2.16914E-05,0.000309402
0.0072432,1.3821,0.67,5.6401,0.041708,-0.03083,0.55214,0.0055834,-0.00017348,-0.00075848,0.00076361,0.0004869,0.0081393,0.165852,0.0804,0.676812,0.00026148,0.00792452,-0.0058577,0.1049066,0.000201561,-6.26263E-06,-2.73811E-05,2.75663E-05,1.75771E-05,0.000293829
0.0071003,1.3903,0.67,5.6401,0.0524,-0.030884,0.55582,0.0055927,-0.00016501,-0.001029,0.0007492,0.00041566,0.0078588,0.166836,0.0804,0.676812,0.000256321,0.009956,-0.00586796,0.1056058,0.000201896,-5.95686E-06,-3.71469E-05,2.70461E-05,1.50053E-05,0.000283703
0.0066926,1.3986,0.67,5.6401,0.062194,-0.030866,0.56127,0.0055345,-0.00014071,-0.0010085,0.00077142,0.00031405,0.0070792,0.167832,0.0804,0.676812,0.000241603,0.01181686,-0.00586454,0.1066413,0.000199795,-5.07963E-06,-3.64069E-05,2.78483E-05,1.13372E-05,0.000255559
0.006297,1.4069,0.67,5.6401,0.07246,-0.030041,0.5674,0.0051788,-0.0001168,-0.00088925,0.0008179,0.00017324,0.0065973,0.168828,0.0804,0.676812,0.000227322,0.0137674,-0.00570779,0.107806,0.000186955,-4.21648E-06,-3.21019E-05,2.95262E-05,6.25396E-06,0.000238163
0.0061742,1.4151,0.67,5.6401,0.082595,-0.029758,0.5741,0.0050463,-0.00011287,-0.001152,0.00088808,0.00013015,0.006414,0.169812,0.0804,0.676812,0.000222889,0.01569305,-0.00565402,0.109079,0.000182171,-4.07461E-06,-4.15872E-05,3.20597E-05,4.69842E-06,0.000231545
0.0058104,1.4234,0.67,5.6401,0.092007,-0.029392,0.58114,0.0046645,-0.00015183,-0.0011298,0.00099084,7.35E-05,0.0059656,0.170808,0.0804,0.676812,0.000209755,0.01748133,-0.00558448,0.1104166,0.000168388,-5.48106E-06,-4.07858E-05,3.57693E-05,2.65158E-06,0.000215358
0.0056696,1.4316,0.67,5.6401,0.10127,-0.028308,0.58888,0.0043934,-0.00017927,-0.0012034,0.0010878,3.39E-05,0.005858,0.171792,0.0804,0.676812,0.000204673,0.0192413,-0.00537852,0.1118872,0.000158602,-6.47165E-06,-4.34427E-05,3.92696E-05,1.22495E-06,0.000211474
0.0055086,1.4399,0.67,5.6401,0.10974,-0.027877,0.59788,0.0043029,-0.00022832,-0.0013213,0.0012035,6.82E-05,0.0055108,0.172788,0.0804,0.676812,0.00019886,0.0208506,-0.00529663,0.1135972,0.000155335,-8.24235E-06,-4.76989E-05,4.34464E-05,2.46289E-06,0.00019894
0.0053167,1.4481,0.67,5.6401,0.11776,-0.027404,0.60765,0.0040477,-0.00029595,-0.0013267,0.0013311,8.52E-05,0.0052546,0.173772,0.0804,0.676812,0.000191933,0.0223744,-0.00520676,0.1154535,0.000146122,-1.06838E-05,-4.78939E-05,4.80527E-05,3.07597E-06,0.000189691
0.0052485,1.4564,0.67,5.6401,0.12526,-0.027181,0.61826,0.0039095,-0.00034993,-0.0014231,0.0014334,0.00010491,0.005154,0.174768,0.0804,0.676812,0.000189471,0.0237994,-0.00516439,0.1174694,0.000141133,-1.26325E-05,-5.13739E-05,5.17457E-05,3.78725E-06,0.000186059
0.0050966,1.4647,0.67,5.6401,0.13253,-0.027432,0.62931,0.0038205,-0.00043115,-0.0012759,0.0015214,0.00011268,0.0048512,0.175764,0.0804,0.676812,0.000183987,0.0251807,-0.00521208,0.1195689,0.00013792,-1.55645E-05,-4.606E-05,5.49225E-05,4.06775E-06,0.000175128
0.0050252,1.4729,0.67,5.6401,0.13999,-0.028014,0.64093,0.003784,-0.00049324,-0.0013673,0.0015677,0.00010898,0.0046987,0.176748,0.0804,0.676812,0.00018141,0.0265981,-0.00532266,0.1217767,0.000136602,-1.7806E-05,-4.93595E-05,5.6594E-05,3.93418E-06,0.000169623
0.0047368,1.4812,0.67,5.6401,0.14716,-0.029131,0.65306,0.0035486,-0.00052824,-0.0013785,0.0015892,9.39E-05,0.0043358,0.177744,0.0804,0.676812,0.000170998,0.0279604,-0.00553489,0.1240814,0.000128104,-1.90695E-05,-4.97639E-05,5.73701E-05,3.3882E-06,0.000156522
0.0045203,1.4894,0.67,5.6401,0.15372,-0.030175,0.66526,0.0032392,-0.0005422,-0.0012564,0.0016057,5.93E-05,0.0041956,0.178728,0.0804,0.676812,0.000163183,0.0292068,-0.00573325,0.1263994,0.000116935,-1.95734E-05,-4.5356E-05,5.79658E-05,2.13965E-06,0.000151461
0.0043584,1.4977,0.67,5.6401,0.15972,-0.030914,0.67778,0.0031318,-0.0005241,-0.0011863,0.0016118,7.75E-06,0.0039733,0.179724,0.0804,0.676812,0.000157338,0.0303468,-0.00587366,0.1287782,0.000113058,-1.892E-05,-4.28254E-05,5.8186E-05,2.7984E-07,0.000143436
0.0041681,1.5059,0.67,5.6401,0.16554,-0.031375,0.69003,0.0029673,-0.00049542,-0.0010374,0.001603,-6.06E-05,0.003766,0.180708,0.0804,0.676812,0.000150468,0.0314526,-0.00596125,0.1311057,0.00010712,-1.78847E-05,-3.74501E-05,5.78683E-05,-2.1886E-06,0.000135953
0.0040278,1.5142,0.67,5.6401,0.17086,-0.031767,0.70154,0.0028109,-0.00047326,-0.00092171,0.0015855,-0.00015424,0.0036591,0.181704,0.0804,0.676812,0.000145404,0.0324634,-0.00603573,0.1332926,0.000101473,-1.70847E-05,-3.32737E-05,5.72366E-05,-5.56806E-06,0.000132094
0.0039056,1.5224,0.67,5.6401,0.17593,-0.032423,0.71253,0.0026824,-0.00045251,-0.00081354,0.0015677,-0.00028934,0.0035611,0.182688,0.0804,0.676812,0.000140992,0.0334267,-0.00616037,0.1353807,9.68346E-05,-1.63356E-05,-2.93688E-05,5.6594E-05,-1.04452E-05,0.000128556
0.0038271,1.5307,0.67,5.6401,0.18113,-0.033228,0.72328,0.0025643,-0.00043711,-0.00072294,0.0015358,-0.00045736,0.0035541,0.183684,0.0804,0.676812,0.000138158,0.0344147,-0.00631332,0.1374232,9.25712E-05,-1.57797E-05,-2.60981E-05,5.54424E-05,-1.65107E-05,0.000128303
0.0037847,1.539,0.67,5.6401,0.18601,-0.033473,0.73393,0.0024616,-0.00043869,-0.00063201,0.0014913,-0.00064103,0.0036165,0.18468,0.0804,0.676812,0.000136628,0.0353419,-0.00635987,0.1394467,8.88638E-05,-1.58367E-05,-2.28156E-05,5.38359E-05,-2.31412E-05,0.000130556
0.0037541,1.5472,0.67,5.6401,0.18995,-0.033025,0.74498,0.0023583,-0.00044579,-0.00052672,0.0014528,-0.00081293,0.0036972,0.185664,0.0804,0.676812,0.000135523,0.0360905,-0.00627475,0.1415462,8.51346E-05,-1.6093E-05,-1.90146E-05,5.24461E-05,-2.93468E-05,0.000133469
0.0037509,1.5555,0.67,5.6401,0.19361,-0.031978,0.75687,0.0023011,-0.00045704,-0.00041152,0.0014441,-0.00093734,0.0037566,0.18666,0.0804,0.676812,0.000135407,0.0367859,-0.00607582,0.1438053,8.30697E-05,-1.64991E-05,-1.48559E-05,5.2132E-05,-3.3838E-05,0.000135613
0.0037525,1.5637,0.67,5.6401,0.19806,-0.030344,0.76965,0.0022929,-0.00047644,-0.00029965,0.0014623,-0.00099627,0.0037499,0.187644,0.0804,0.676812,0.000135465,0.0376314,-0.00576536,0.1462335,8.27737E-05,-1.71995E-05,-1.08174E-05,5.2789E-05,-3.59653E-05,0.000135371
0.0037274,1.572,0.67,5.6401,0.20248,-0.028573,0.78245,0.0022761,-0.00049976,-0.0001884,0.001488,-0.0010156,0.0036907,0.18864,0.0804,0.676812,0.000134559,0.0384712,-0.00542887,0.1486655,8.21672E-05,-1.80413E-05,-6.80124E-06,5.37168E-05,-3.66632E-05,0.000133234
0.0036517,1.5802,0.67,5.6401,0.20577,-0.027034,0.79443,0.0022275,-0.00051573,-0.00010993,0.0015009,-0.0010097,0.0035749,0.189624,0.0804,0.676812,0.000131826,0.0390963,-0.00513646,0.1509417,8.04128E-05,-1.86179E-05,-3.96847E-06,5.41825E-05,-3.64502E-05,0.000129054
0.003531,1.5885,0.67,5.6401,0.20857,-0.025928,0.80549,0.0021704,-0.00051354,-5.33E-05,0.001483,-0.00098396,0.0034085,0.19062,0.0804,0.676812,0.000127469,0.0396283,-0.00492632,0.1530431,7.83514E-05,-1.85388E-05,-1.92525E-06,5.35363E-05,-3.5521E-05,0.000123047
0.0033828,1.5968,0.67,5.6401,0.21118,-0.025149,0.81547,0.0021329,-0.0005063,-3.28E-05,0.0014253,-0.00093707,0.0032073,0.191616,0.0804,0.676812,0.000122119,0.0401242,-0.00477831,0.1549393,7.69977E-05,-1.82774E-05,-1.18484E-06,5.14533E-05,-3.38282E-05,0.000115784
0.0032323,1.605,0.67,5.6401,0.21291,-0.02452,0.82401,0.0021032,-0.00050234,-9.97E-06,0.001332,-0.00087971,0.0030293,0.1926,0.0804,0.676812,0.000116686,0.0404529,-0.0046588,0.1565619,7.59255E-05,-1.81345E-05,-3.60022E-07,4.80852E-05,-3.17575E-05,0.000109358
0.0030891,1.6133,0.67,5.6401,0.21387,-0.02401,0.83123,0.0020683,-0.00049789,-1.83E-07,0.0012326,-0.00081839,0.0028774,0.193596,0.0804,0.676812,0.000111517,0.0406353,-0.0045619,0.1579337,7.46656E-05,-1.79738E-05,-6.61894E-09,4.44969E-05,-2.95439E-05,0.000103874
0.0029588,1.6215,0.67,5.6401,0.21443,-0.023358,0.8375,0.0020198,-0.00049771,-7.24E-06,0.0011629,-0.00077394,0.0027348,0.19458,0.0804,0.676812,0.000106813,0.0407417,-0.00443802,0.159125,7.29148E-05,-1.79673E-05,-2.61342E-07,4.19807E-05,-2.79392E-05,9.87263E-05
0.0028501,1.6298,0.67,5.6401,0.21461,-0.022243,0.84304,0.0019653,-0.0005024,-1.57E-05,0.0011357,-0.00074743,0.0025991,0.195576,0.0804,0.676812,0.000102889,0.0407759,-0.00422617,0.1601776,7.09473E-05,-1.81366E-05,-5.68214E-07,4.09988E-05,-2.69822E-05,9.38275E-05
0.0027475,1.638,0.67,5.6401,0.21448,-0.020755,0.84791,0.0019277,-0.00050252,-1.36E-05,0.0011392,-0.00071223,0.0024281,0.19656,0.0804,0.676812,9.91848E-05,0.0407512,-0.00394345,0.1611029,6.959E-05,-1.8141E-05,-4.90166E-07,4.11251E-05,-2.57115E-05,8.76544E-05
0.0026465,1.6463,0.67,5.6401,0.21388,-0.019179,0.85221,0.0019143,-0.00049166,-3.44E-05,0.0011615,-0.00064116,0.0022171,0.197556,0.0804,0.676812,9.55387E-05,0.0406372,-0.00364401,0.1619199,6.91062E-05,-1.77489E-05,-1.2413E-06,4.19302E-05,-2.31459E-05,8.00373E-05
0.0025118,1.6545,0.67,5.6401,0.2127,-0.017582,0.85596,0.0018801,-0.0004679,-9.17E-05,0.0012039,-0.00051825,0.0019396,0.19854,0.0804,0.676812,9.0676E-05,0.040413,-0.00334058,0.1626324,6.78716E-05,-1.68912E-05,-3.3094E-06,4.34608E-05,-1.87088E-05,7.00196E-05
0.0023428,1.6628,0.67,5.6401,0.21113,-0.015705,0.85936,0.0018075,-0.00042979,-0.00017089,0.0012532,-0.00036651,0.0016248,0.199536,0.0804,0.676812,8.45751E-05,0.0401147,-0.00298395,0.1632784,6.52508E-05,-1.55154E-05,-6.16913E-06,4.52405E-05,-1.3231E-05,5.86553E-05
0.0022308,1.6711,0.67,5.6401,0.20942,-0.013381,0.86335,0.0017749,-0.00039827,-0.00023826,0.0012696,-0.00024206,0.0014172,0.200532,0.0804,0.676812,8.05319E-05,0.0397898,-0.00254239,0.1640365,6.40739E-05,-1.43775E-05,-8.60119E-06,4.58326E-05,-8.73837E-06,5.11609E-05
0.0021681,1.6793,0.67,5.6401,0.20772,-0.010759,0.86849,0.0018087,-0.00037857,-0.00028675,0.0012341,-0.00017002,0.0012935,0.201516,0.0804,0.676812,7.82684E-05,0.0394668,-0.00204421,0.1650131,6.52941E-05,-1.36664E-05,-1.03517E-05,4.4551E-05,-6.13772E-06,4.66954E-05
0.0021216,1.6876,0.67,5.6401,0.20596,-0.0081775,0.87503,0.001855,-0.00034932,-0.00031208,0.0011682,-0.00015478,0.0012201,0.202512,0.0804,0.676812,7.65898E-05,0.0391324,-0.001553725,0.1662557,6.69655E-05,-1.26105E-05,-1.12661E-05,4.2172E-05,-5.58756E-06,4.40456E-05
0.0020829,1.6958,0.67,5.6401,0.20398,-0.006196,0.88265,0.0018755,-0.00033886,-0.00029604,0.0010963,-0.00017578,0.001194,0.203496,0.0804,0.676812,7.51927E-05,0.0387562,-0.00117724,0.1677035,6.77056E-05,-1.22328E-05,-1.0687E-05,3.95764E-05,-6.34566E-06,4.31034E-05
0.0020663,1.7041,0.67,5.6401,0.20168,-0.0050037,0.88969,0.0019078,-0.00035639,-0.00025041,0.0010385,-0.00019397,0.0011862,0.204492,0.0804,0.676812,7.45934E-05,0.0383192,-0.000950703,0.1690411,6.88716E-05,-1.28657E-05,-9.0398E-06,3.74899E-05,-7.00232E-06,4.28218E-05
0.0021028,1.7123,0.67,5.6401,0.19938,-0.0040646,0.89599,0.0019884,-0.00037018,-0.00019804,0.0010165,-0.00018885,0.0012007,0.205476,0.0804,0.676812,7.59111E-05,0.0378822,-0.000772274,0.1702381,7.17812E-05,-1.33635E-05,-7.14924E-06,3.66957E-05,-6.81749E-06,4.33453E-05
0.0021859,1.7206,0.67,5.6401,0.19735,-0.0028989,0.90256,0.0020595,-0.00038622,-0.00014634,0.0010332,-0.00016049,0.0012791,0.206472,0.0804,0.676812,7.8911E-05,0.0374965,-0.000550791,0.1714864,7.4348E-05,-1.39425E-05,-5.28287E-06,3.72985E-05,-5.79369E-06,4.61755E-05
0.0023026,1.7289,0.67,5.6401,0.19529,-0.0016132,0.90857,0.0021124,-0.00041323,-5.60E-05,0.0010703,-0.00015163,0.0014226,0.207468,0.0804,0.676812,8.31239E-05,0.0371051,-0.000306508,0.1726283,7.62576E-05,-1.49176E-05,-2.02279E-06,3.86378E-05,-5.47384E-06,5.13559E-05
0.0024292,1.7371,0.67,5.6401,0.19304,-0.00047541,0.91288,0.0021767,-0.00045396,7.34E-05,0.0011,-0.00018263,0.0015817,0.208452,0.0804,0.676812,8.76941E-05,0.0366776,-9.03279E-05,0.1734472,7.85789E-05,-1.6388E-05,2.65021E-06,0.00003971,-6.59294E-06,5.70994E-05
0.0025393,1.7454,0.67,5.6401,0.19103,0.00032626,0.91616,0.0022716,-0.00049997,0.00021286,0.0011133,-0.00019516,0.0016937,0.209448,0.0804,0.676812,9.16687E-05,0.0362957,6.19894E-05,0.1740704,8.20048E-05,-1.80489E-05,7.68425E-06,4.01901E-05,-7.04528E-06,6.11426E-05
0.0025858,1.7536,0.67,5.6401,0.18958,0.0007816,0.92013,0.0023941,-0.00052409,0.00031453,0.0011261,-0.00014815,0.0016513,0.210432,0.0804,0.676812,9.33474E-05,0.0360202,0.000148504,0.1748247,8.6427E-05,-1.89196E-05,1.13545E-05,4.06522E-05,-5.34822E-06,5.96119E-05
0.0025327,1.7619,0.67,5.6401,0.18866,0.0011363,0.9256,0.0024881,-0.0005239,0.00034169,0.0011617,-7.62E-05,0.0014157,0.211428,0.0804,0.676812,9.14305E-05,0.0358454,0.000215897,0.175864,8.98204E-05,-1.89128E-05,1.2335E-05,4.19374E-05,-2.75176E-06,5.11068E-05
0.0024674,1.7701,0.67,5.6401,0.18798,0.0018288,0.93165,0.0025322,-0.0005295,0.00032912,0.0012372,-2.49E-05,0.0011654,0.212412,0.0804,0.676812,8.90731E-05,0.0357162,0.000347472,0.1770135,9.14124E-05,-1.9115E-05,1.18812E-05,4.46629E-05,-8.99504E-07,4.20709E-05
0.0024599,1.7784,0.67,5.6401,0.18716,0.0033749,0.93694,0.0025595,-0.00055061,0.00030356,0.0013352,-3.70E-06,0.0010251,0.213408,0.0804,0.676812,8.88024E-05,0.0355604,0.000641231,0.1780186,9.2398E-05,-1.9877E-05,1.09585E-05,4.82007E-05,-1.33581E-07,3.70061E-05
0.0024995,1.7866,0.67,5.6401,0.18597,0.0057237,0.9419,0.002601,-0.00057933,0.00027371,0.0014465,1.31E-05,0.00095161,0.214392,0.0804,0.676812,9.0232E-05,0.0353343,0.001087503,0.178961,9.38961E-05,-2.09138E-05,9.88093E-06,5.22187E-05,4.71827E-07,3.43531E-05
0.0025233,1.7949,0.67,5.6401,0.18441,0.0079189,0.94678,0.0026293,-0.00061267,0.00023279,0.0015541,2.53E-05,0.0008631,0.215388,0.0804,0.676812,9.10911E-05,0.0350379,0.001504591,0.1798882,9.49177E-05,-2.21174E-05,8.40372E-06,5.6103E-05,9.12247E-07,3.11579E-05
0.0025006,1.8032,0.67,5.6401,0.18263,0.0089532,0.95165,0.0025988,-0.00064143,0.00017944,0.0016307,2.17E-05,0.0007717,0.216384,0.0804,0.676812,9.02717E-05,0.0346997,0.001701108,0.1808135,9.38167E-05,-2.31556E-05,6.47778E-06,5.88683E-05,7.84273E-07,2.78584E-05
0.0024603,1.8114,0.67,5.6401,0.18081,0.0086001,0.95618,0.0025439,-0.00065882,0.00012663,0.0016619,-3.82E-06,0.0007148,0.217368,0.0804,0.676812,8.88168E-05,0.0343539,0.001634019,0.1816742,9.18348E-05,-2.37834E-05,4.57134E-06,5.99946E-05,-1.38057E-07,2.58043E-05
0.0024403,1.8197,0.67,5.6401,0.17905,0.0072095,0.96086,0.0025047,-0.00066676,0.00010058,0.0016522,-4.53E-05,0.00072373,0.218364,0.0804,0.676812,8.80948E-05,0.0340195,0.001369805,0.1825634,9.04197E-05,-2.407E-05,3.63094E-06,5.96444E-05,-1.63504E-06,2.61267E-05
0.0024412,1.8279,0.67,5.6401,0.17726,0.0054619,0.96607,0.0024661,-0.00066522,9.91E-05,0.00163,-7.28E-05,0.00078622,0.219348,0.0804,0.676812,8.81273E-05,0.0336794,0.001037761,0.1835533,8.90262E-05,-2.40144E-05,3.57675E-06,0.000058843,-2.62808E-06,2.83825E-05
0.0024562,1.8362,0.67,5.6401,0.1753,0.0041598,0.97151,0.0024088,-0.0006499,0.00013745,0.0016128,-0.00010893,0.00089083,0.220344,0.0804,0.676812,8.86688E-05,0.033307,0.000790362,0.1845869,8.69577E-05,-2.34614E-05,4.96195E-06,5.82221E-05,-3.93237E-06,3.2159E-05
0.0024647,1.8446,0.67,5.6401,0.17308,0.0037448,0.97701,0.0023327,-0.00064077,0.00022184,0.0016126,-0.00016258,0.00098402,0.221352,0.0804,0.676812,8.89757E-05,0.0328852,0.000711512,0.1856319,8.42105E-05,-2.31318E-05,8.00842E-06,5.82149E-05,-5.86914E-06,3.55231E-05
0.0024709,1.8534,0.67,5.6401,0.17063,0.0044502,0.98245,0.002237,-0.00064392,0.00034969,0.0016174,-0.00026892,0.0010875,0.222408,0.0804,0.676812,8.91995E-05,0.0324197,0.000845538,0.1866655,8.07557E-05,-2.32455E-05,1.26238E-05,5.83881E-05,-9.70801E-06,3.92588E-05
0.0024906,1.8626,0.67,5.6401,0.16799,0.0059053,0.98738,0.0021327,-0.00064488,0.00048802,0.0016128,-0.0003944,0.0012356,0.223512,0.0804,0.676812,8.99107E-05,0.0319181,0.001122007,0.1876022,7.69905E-05,-2.32802E-05,1.76175E-05,5.82221E-05,-1.42378E-05,4.46052E-05
0.0025288,1.8723,0.67,5.6401,0.16531,0.0073358,0.99166,0.002032,-0.00063709,0.00059614,0.0016292,-0.00052785,0.0013965,0.224676,0.0804,0.676812,9.12897E-05,0.0314089,0.001393802,0.1884154,7.33552E-05,-2.29989E-05,2.15207E-05,5.88141E-05,-1.90554E-05,5.04137E-05
0.0025591,1.8824,0.67,5.6401,0.1626,0.0085283,0.99552,0.0019293,-0.00061423,0.00066266,0.0016346,-0.00068065,0.0015542,0.225888,0.0804,0.676812,9.23835E-05,0.030894,0.001620377,0.1891488,6.96477E-05,-2.21737E-05,2.3922E-05,5.90091E-05,-2.45715E-05,5.61066E-05
0.0025277,1.8931,0.67,5.6401,0.15977,0.0094591,0.99857,0.0018271,-0.00059267,0.00064161,0.0015982,-0.00077994,0.00163,0.227172,0.0804,0.676812,9.125E-05,0.0303563,0.001797229,0.1897283,6.59583E-05,-2.13954E-05,2.31621E-05,5.7695E-05,-2.81558E-05,0.000058843
0.0025011,1.9042,0.67,5.6401,0.15673,0.0093079,1.0016,0.0017421,-0.00061112,0.00051037,0.0015873,-0.00081697,0.0016729,0.228504,0.0804,0.676812,9.02897E-05,0.0297787,0.001768501,0.190304,6.28898E-05,-2.20614E-05,1.84244E-05,5.73015E-05,-2.94926E-05,6.03917E-05
0.0025427,1.9159,0.67,5.6401,0.15344,0.009202,1.0058,0.0017071,-0.00066531,0.000375,0.0016389,-0.00079173,0.0017395,0.229908,0.0804,0.676812,9.17915E-05,0.0291536,0.00174838,0.191102,6.16263E-05,-2.40177E-05,1.35375E-05,5.91643E-05,-2.85815E-05,6.2796E-05
0.0026407,1.9282,0.67,5.6401,0.14974,0.0099698,1.0112,0.0017355,-0.00069882,0.00028001,0.0016818,-0.00083537,0.0018641,0.231384,0.0804,0.676812,9.53293E-05,0.0284506,0.001894262,0.192128,6.26516E-05,-2.52274E-05,1.01084E-05,6.0713E-05,-3.01569E-05,6.7294E-05
0.0027903,1.941,0.67,5.6401,0.1456,0.010594,1.0136,0.0017905,-0.00070293,0.00029332,0.0016179,-0.0008523,0.0021722,0.23292,0.0804,0.676812,0.00010073,0.027664,0.00201286,0.192584,6.46371E-05,-2.53758E-05,1.05889E-05,5.84062E-05,-3.0768E-05,7.84164E-05
0.0028579,1.9545,0.67,5.6401,0.14141,0.009714,1.0139,0.0018303,-0.00062654,0.00031062,0.0014976,-0.00079477,0.002388,0.23454,0.0804,0.676812,0.00010317,0.0268679,0.00184566,0.192641,6.60738E-05,-2.26181E-05,1.12134E-05,5.40634E-05,-2.86912E-05,8.62068E-05
0.0027725,1.9686,0.67,5.6401,0.13734,0.0095978,1.0157,0.0018402,-0.00042797,0.00014751,0.001374,-0.0007827,0.0023307,0.236232,0.0804,0.676812,0.000100087,0.0260946,0.001823582,0.192983,6.64312E-05,-1.54497E-05,5.32511E-06,4.96014E-05,-2.82555E-05,8.41383E-05
0.0026165,1.9833,0.67,5.6401,0.13288,0.010317,1.0219,0.0018133,-0.00018694,5.66E-05,0.0011633,-0.00065473,0.0022566,0.237996,0.0804,0.676812,9.44557E-05,0.0252472,0.00196023,0.194161,6.54601E-05,-6.74853E-06,2.04387E-06,4.19951E-05,-2.36358E-05,8.14633E-05
0.0024488,1.9988,0.67,5.6401,0.128,0.01261,1.0225,0.0017663,-3.90E-06,-9.05E-05,0.0011863,-0.00053681,0.001945,0.239856,0.0804,0.676812,8.84017E-05,0.02432,0.0023959,0.194275,6.37634E-05,-1.40646E-07,-3.26777E-06,4.28254E-05,-1.93788E-05,7.02145E-05
0.0024462,2.0149,0.67,5.6401,0.12368,0.012438,1.0219,0.0016797,6.69E-05,-0.00012905,0.0012437,-0.00053278,0.001969,0.241788,0.0804,0.676812,8.83078E-05,0.0234992,0.00236322,0.194161,6.06372E-05,2.41578E-06,-4.65871E-06,4.48976E-05,-1.92334E-05,7.10809E-05
0.00255,2.0319,0.67,5.6401,0.11973,0.011527,1.0176,0.0015372,8.27E-05,-0.00018019,0.0012354,-0.00033874,0.0023274,0.243828,0.0804,0.676812,0.000092055,0.0227487,0.00219013,0.193344,5.54929E-05,2.98486E-06,-6.50486E-06,4.45979E-05,-1.22285E-05,8.40191E-05
0.0025716,2.0496,0.67,5.6401,0.11538,0.0068226,1.0138,0.0014346,7.75E-05,-5.25E-05,0.0010063,-6.87E-05,0.0027022,0.245952,0.0804,0.676812,9.28348E-05,0.0219222,0.001296294,0.192622,5.17891E-05,2.79923E-06,-1.8968E-06,3.63274E-05,-2.48058E-06,9.75494E-05
0.0031002,2.0681,0.67,5.6401,0.1101,0.0038003,1.0117,0.0014802,6.31E-05,0.00049629,0.00078086,0.000225,0.0039394,0.248172,0.0804,0.676812,0.000111917,0.020919,0.000722057,0.192223,5.34352E-05,2.27614E-06,1.79161E-05,2.8189E-05,8.1225E-06,0.000142212
0.0038751,2.0875,0.67,5.6401,0.10388,0.0037645,1.0012,0.0016742,-6.71E-05,0.001003,0.00077915,4.67E-06,0.0052969,0.2505,0.0804,0.676812,0.000139891,0.0197372,0.000715255,0.190228,6.04386E-05,-2.42152E-06,3.62083E-05,2.81273E-05,1.68497E-07,0.000191218
0.0046934,2.1078,0.67,5.6401,0.097556,0.0040015,0.99801,0.0019315,-0.00022065,0.0017999,0.00068862,-0.00032602,0.0067667,0.252936,0.0804,0.676812,0.000169432,0.01853564,0.000760285,0.1896219,6.97272E-05,-7.96547E-06,6.49764E-05,2.48592E-05,-1.17693E-05,0.000244278
0.0052242,2.129,0.67,5.6401,0.091932,0.011834,0.99423,0.0021409,-0.00025997,0.0024304,0.00075119,-0.00026417,0.0075563,0.25548,0.0804,0.676812,0.000188594,0.01746708,0.00224846,0.1889037,7.72865E-05,-9.38492E-06,8.77374E-05,2.7118E-05,-9.53654E-06,0.000272782
0.0047503,2.1511,0.67,5.6401,0.088541,0.016871,0.98743,0.0021948,-9.51E-05,0.0022479,0.00087093,-1.83E-05,0.0064349,0.258132,0.0804,0.676812,0.000171486,0.01682279,0.00320549,0.1876117,7.92323E-05,-3.43134E-06,8.11492E-05,3.14406E-05,-6.60377E-07,0.0002323
0.0039197,2.1743,0.67,5.6401,0.086029,0.019569,0.99151,0.0020942,8.01E-05,0.0017986,0.0010272,0.00014335,0.004718,0.260916,0.0804,0.676812,0.000141501,0.01634551,0.00371811,0.1883869,7.56006E-05,2.89143E-06,6.49295E-05,3.70819E-05,5.17494E-06,0.00017032
0.0036016,2.1984,0.67,5.6401,0.080301,0.021869,0.99504,0.0018824,0.00013097,0.0017084,0.0010312,6.13E-05,0.0042896,0.263808,0.0804,0.676812,0.000130018,0.01525719,0.00415511,0.1890576,6.79546E-05,4.72802E-06,6.16732E-05,3.72263E-05,2.21152E-06,0.000154855
0.0039325,2.2237,0.67,5.6401,0.072744,0.026197,0.97322,0.0016901,0.00042151,0.0016576,0.0016619,0.00072902,0.0045131,0.266844,0.0804,0.676812,0.000141963,0.01382136,0.00497743,0.1849118,6.10126E-05,1.52165E-05,5.98394E-05,5.99946E-05,2.63176E-05,0.000162923
0.0050616,2.2501,0.67,5.6401,0.066526,0.032098,0.95321,0.001753,0.00061565,0.0015918,0.0022359,0.00132,0.0061344,0.270012,0.0804,0.676812,0.000182724,0.01263994,0.00609862,0.1811099,6.32833E-05,2.2225E-05,5.7464E-05,8.0716E-05,0.000047652,0.000221452
0.0050891,2.2776,0.67,5.6401,0.059938,0.034014,0.94845,0.0019721,0.00045059,0.0015532,0.0019181,0.00061185,0.0062879,0.273312,0.0804,0.676812,0.000183717,0.01138822,0.00646266,0.1802055,7.11928E-05,1.62663E-05,5.60705E-05,6.92434E-05,2.20878E-05,0.000226993
0.0049803,2.3063,0.67,5.6401,0.052563,0.037708,0.93549,0.0021562,0.0002527,0.0012276,0.0016462,-0.00052823,0.0061583,0.276756,0.0804,0.676812,0.000179789,0.00998697,0.00716452,0.1777431,7.78388E-05,9.12247E-06,4.43164E-05,5.94278E-05,-1.90691E-05,0.000222315
0.0059671,2.3362,0.67,5.6401,0.042734,0.050108,0.92155,0.0023517,0.00038943,0.0014407,0.0018489,-0.00053537,0.0077336,0.280344,0.0804,0.676812,0.000215412,0.00811946,0.00952052,0.1750945,8.48964E-05,1.40584E-05,5.20093E-05,6.67453E-05,-1.93269E-05,0.000279183
0.0055506,2.3674,0.67,5.6401,0.031733,0.060128,0.8958,0.0024203,0.00058791,0.0016339,0.0025615,0.00015943,0.0061193,0.284088,0.0804,0.676812,0.000200377,0.00602927,0.01142432,0.170202,8.73728E-05,2.12236E-05,5.89838E-05,9.24702E-05,5.75542E-06,0.000220907
0.0053921,2.3999,0.67,5.6401,0.023207,0.066604,0.8662,0.0019722,0.00070622,0.0014179,0.0038882,0.00031775,0.0049238,0.287988,0.0804,0.676812,0.000194655,0.00440933,0.01265476,0.164578,7.11964E-05,2.54945E-05,5.11862E-05,0.000140364,1.14708E-05,0.000177749
0.0052386,2.4338,0.67,5.6401,0.013984,0.074896,0.82854,0.0011125,0.00048264,0.0012439,0.0037308,0.00060188,0.0056339,0.292056,0.0804,0.676812,0.000189113,0.00265696,0.01423024,0.1574226,4.01613E-05,1.74233E-05,4.49048E-05,0.000134682,2.17279E-05,0.000203384
0.0037141,2.4691,0.67,5.6401,0.0054013,0.069946,0.71398,0.00035183,7.82E-05,0.00063298,0.0021561,0.00080246,0.0049204,0.296292,0.0804,0.676812,0.000134079,0.001026247,0.01328974,0.1356562,1.27011E-05,2.82168E-06,2.28506E-05,7.78352E-05,2.89688E-05,0.000177626
0.0014161,2.5058,0.67,5.6401,0.0016166,0.030782,0.31413,2.24E-05,1.35E-05,0.00011109,0.00082361,0.00032045,0.0019862,0.300696,0.0804,0.676812,5.11212E-05,0.000307154,0.00584858,0.0596847,8.09145E-07,4.87025E-07,4.01035E-06,2.97323E-05,1.15682E-05,7.17018E-05
1.84E-07,2.544,0.67,5.6401,0.0005069,1.09E-13,9.37E-18,3.68E-07,7.92E-17,7.35E-21,1.71E-26,1.59E-30,6.11E-34,0.30528,0.0804,0.676812,6.63879E-09,0.000096311,2.07594E-14,1.78043E-18,1.32776E-08,2.85869E-18,2.65375E-22,6.15505E-28,5.72907E-32,2.20712E-35
0,2.5837,0.67,5.6401,0,0,0,0,0,0,0,0,0,0.310044,0.0804,0.676812,0,0,0,0,0,0,0,0,0,0
0,2.625,0.67,5.6401,0,0,0,0,0,0,0,0,0,0.315,0.0804,0.676812,0,0,0,0,0,0,0,0,0,0
0,-0.125,0.67,5.6495,0,0,0,0,0,0,0,0,0,-0.015,0.0804,0.67794,0,0,0,0,0,0,0,0,0,0
0,-0.083719,0.67,5.6495,0,0,0,0,0,0,0,0,0,-0.01004628,0.0804,0.67794,0,0,0,0,0,0,0,0,0,0
5.75E-09,-0.044001,0.67,5.6495,-0.00013348,-3.73E-14,-9.88E-19,1.15E-08,3.21E-18,-6.76E-23,8.96E-28,-1.88E-32,6.43E-36,-0.00528012,0.0804,0.67794,2.07705E-10,-2.53612E-05,-7.08225E-15,-1.87813E-19,4.15403E-10,1.15913E-19,-2.43884E-24,3.23438E-29,-6.80268E-34,2.32282E-37
0.00096389,-0.0058053,0.67,5.6495,-0.0023429,0.025324,0.39438,1.08E-05,-2.47E-05,-3.46E-05,0.00080519,-0.00020051,0.0011118,-0.000696636,0.0804,0.67794,3.47964E-05,-0.000445151,0.00481156,0.0749322,3.90602E-07,-8.90551E-07,-1.24787E-06,2.90674E-05,-7.23841E-06,4.0136E-05
0.002517,0.030909,0.67,5.6495,-0.010754,0.057314,0.89238,0.00017248,-0.00014486,-0.00019765,0.002091,-0.00051443,0.0027705,0.00370908,0.0804,0.67794,9.08637E-05,-0.00204326,0.01088966,0.1695522,6.22653E-06,-5.22945E-06,-7.13517E-06,7.54851E-05,-1.85709E-05,0.000100015
0.0026027,0.066184,0.67,5.6495,-0.024042,0.052033,1.0089,0.00044219,-0.00022613,-9.13E-05,0.0018097,-0.00056825,0.0029534,0.00794208,0.0804,0.67794,9.39575E-05,-0.00456798,0.00988627,0.191691,1.59631E-05,-8.16329E-06,-3.29524E-06,6.53302E-05,-2.05138E-05,0.000106618
0.0024929,0.10006,0.67,5.6495,-0.038868,0.038583,1.043,0.00054611,-0.00023754,4.06E-05,0.0014573,-0.00065928,0.0029825,0.0120072,0.0804,0.67794,8.99937E-05,-0.00738492,0.00733077,0.19817,1.97146E-05,-8.57519E-06,1.464E-06,5.26085E-05,-2.38E-05,0.000107668
0.0030648,0.13258,0.67,5.6495,-0.049346,0.031161,1.0618,0.00052821,-0.00016337,-1.67E-05,0.0013888,-0.00085677,0.0042126,0.0159096,0.0804,0.67794,0.000110639,-0.00937574,0.00592059,0.201742,1.90684E-05,-5.89766E-06,-6.04458E-07,5.01357E-05,-3.09294E-05,0.000152075
0.0027137,0.16379,0.67,5.6495,-0.051907,0.019531,1.0774,0.00060612,-5.89E-05,-0.00016918,0.00095998,-0.00065535,0.0038613,0.0196548,0.0804,0.67794,9.79646E-05,-0.00986233,0.00371089,0.204706,2.18809E-05,-2.12535E-06,-6.1074E-06,3.46553E-05,-2.36581E-05,0.000139393
0.0024778,0.19372,0.67,5.6495,-0.052976,0.018581,1.0873,0.00080619,3.59E-06,-0.00036357,0.0010643,-0.00058798,0.003085,0.0232464,0.0804,0.67794,8.94486E-05,-0.01006544,0.00353039,0.206587,2.91035E-05,1.29657E-07,-1.31249E-05,3.84212E-05,-2.12261E-05,0.000111369
0.003517,0.22242,0.67,5.6495,-0.055616,0.025633,1.0896,0.0011107,4.92E-05,-0.00078444,0.0011117,-0.00064323,0.0048114,0.0266904,0.0804,0.67794,0.000126964,-0.01056704,0.00487027,0.207024,4.00963E-05,1.77475E-06,-2.83183E-05,4.01324E-05,-2.32206E-05,0.000173692
0.0031265,0.24993,0.67,5.6495,-0.060735,0.027056,1.0942,0.0013137,0.00014858,-0.00090749,0.0010953,-0.00018879,0.0038441,0.0299916,0.0804,0.67794,0.000112867,-0.01153965,0.00514064,0.207898,4.74246E-05,5.36374E-06,-3.27604E-05,3.95403E-05,-6.81532E-06,0.000138772
0.0023826,0.27629,0.67,5.6495,-0.067561,0.026671,1.0955,0.001296,0.00013693,-0.00084962,0.0013065,-0.0002752,0.0021628,0.0331548,0.0804,0.67794,8.60119E-05,-0.01283659,0.00506749,0.208145,4.67856E-05,4.94317E-06,-3.06713E-05,4.71647E-05,-9.93472E-06,7.80771E-05
0.0031921,0.30154,0.67,5.6495,-0.073922,0.022992,1.0971,0.0013713,3.67E-05,-0.00094189,0.0018779,-0.0010624,0.003135,0.0361848,0.0804,0.67794,0.000115235,-0.01404518,0.00436848,0.208449,4.95039E-05,1.32483E-06,-3.40022E-05,6.77922E-05,-3.83526E-05,0.000113174
0.0035063,0.32572,0.67,5.6495,-0.079928,0.016216,1.0993,0.0015281,8.81E-05,-0.00086382,0.0017251,-0.0013211,0.0037595,0.0390864,0.0804,0.67794,0.000126577,-0.01518632,0.00308104,0.208867,5.51644E-05,3.18164E-06,-3.11839E-05,6.22761E-05,-4.76917E-05,0.000135718
0.0028401,0.34887,0.67,5.6495,-0.084666,0.017344,1.098,0.0015309,8.95E-05,-0.00032538,0.0011367,-0.00072303,0.0030126,0.0418644,0.0804,0.67794,0.000102528,-0.01608654,0.00329536,0.20862,5.52655E-05,3.23261E-06,-1.17462E-05,4.10349E-05,-2.61014E-05,0.000108755
0.0022926,0.37102,0.67,5.6495,-0.089213,0.025091,1.0982,0.0014525,0.00013027,-0.00014008,0.0011196,-0.00041986,0.002013,0.0445224,0.0804,0.67794,8.27629E-05,-0.01695047,0.00476729,0.208658,5.24353E-05,4.70275E-06,-5.05689E-06,4.04176E-05,-1.51569E-05,7.26693E-05
0.0024014,0.39221,0.67,5.6495,-0.095493,0.033142,1.0989,0.0014528,0.00020513,-0.00041146,0.0011936,-0.00069219,0.0021564,0.0470652,0.0804,0.67794,8.66905E-05,-0.01814367,0.00629698,0.208791,5.24461E-05,7.40519E-06,-1.48537E-05,4.3089E-05,-2.49881E-05,7.7846E-05
0.0027928,0.41248,0.67,5.6495,-0.10109,0.037134,1.0911,0.0016128,0.00036878,-0.00058934,0.001273,-0.0010098,0.0026997,0.0494976,0.0804,0.67794,0.00010082,-0.0192071,0.00705546,0.207309,5.82221E-05,1.3313E-05,-2.12752E-05,4.59553E-05,-3.64538E-05,9.74592E-05
0.0035143,0.43187,0.67,5.6495,-0.10443,0.039111,1.0859,0.0018653,0.00056825,-0.00097033,0.001481,-0.0013274,0.0036823,0.0518244,0.0804,0.67794,0.000126866,-0.0198417,0.00743109,0.206321,6.73373E-05,2.05138E-05,-3.50289E-05,5.34641E-05,-4.79191E-05,0.000132931
0.003974,0.4504,0.67,5.6495,-0.10792,0.039645,1.0806,0.0020091,0.0005546,-0.00069763,0.0016752,-0.0015215,0.0042636,0.054048,0.0804,0.67794,0.000143461,-0.0205048,0.00753255,0.205314,7.25285E-05,2.00211E-05,-2.51844E-05,6.04747E-05,-5.49262E-05,0.000153916
0.0038027,0.46812,0.67,5.6495,-0.11328,0.037378,1.0828,0.0019167,0.00031823,-0.00033644,0.0016613,-0.0015011,0.0040275,0.0561744,0.0804,0.67794,0.000137277,-0.0215232,0.00710182,0.205732,6.91929E-05,1.14881E-05,-1.21455E-05,5.99729E-05,-5.41897E-05,0.000145393
0.0030711,0.48504,0.67,5.6495,-0.12022,0.03393,1.083,0.001666,2.04E-05,-0.00011637,0.0014741,-0.0011205,0.0030021,0.0582048,0.0804,0.67794,0.000110867,-0.0228418,0.0064467,0.20577,6.01426E-05,7.35899E-07,-4.20096E-06,5.3215E-05,-4.04501E-05,0.000108376
0.0026348,0.50122,0.67,5.6495,-0.12728,0.029976,1.0857,0.0014246,-0.00017466,-7.86E-05,0.0013504,-0.00092449,0.0024947,0.0601464,0.0804,0.67794,9.51163E-05,-0.0241832,0.00569544,0.206283,5.14281E-05,-6.30523E-06,-2.83876E-06,4.87494E-05,-3.33741E-05,9.00587E-05
0.0026168,0.51667,0.67,5.6495,-0.13335,0.027719,1.0906,0.0012754,-0.00026471,-0.00025146,0.0013207,-0.00074726,0.0026376,0.0620004,0.0804,0.67794,9.44665E-05,-0.0253365,0.00526661,0.207214,4.60419E-05,-9.55603E-06,-9.07771E-06,4.76773E-05,-2.69761E-05,9.52174E-05
0.0024836,0.53142,0.67,5.6495,-0.13851,0.024087,1.0944,0.0012303,-0.00021318,-0.0003873,0.0012715,-0.00037562,0.0024654,0.0637704,0.0804,0.67794,8.9658E-05,-0.0263169,0.00457653,0.207936,4.44138E-05,-7.6958E-06,-1.39815E-05,4.59012E-05,-1.35599E-05,8.90009E-05
0.0023576,0.54551,0.67,5.6495,-0.14298,0.01993,1.0948,0.0013146,-0.00013426,-0.00056191,0.0013157,-0.0001021,0.0020849,0.0654612,0.0804,0.67794,8.51094E-05,-0.0271662,0.0037867,0.208012,4.74571E-05,-4.84679E-06,-2.0285E-05,4.74968E-05,-3.68581E-06,7.52649E-05
0.0024006,0.55896,0.67,5.6495,-0.14643,0.015823,1.0943,0.0015265,-2.02E-05,-0.00078047,0.0014612,-7.46E-05,0.0018135,0.0670752,0.0804,0.67794,8.66617E-05,-0.0278217,0.00300637,0.207917,5.51067E-05,-7.30267E-07,-2.8175E-05,5.27493E-05,-2.69162E-06,6.54674E-05
0.0026647,0.5718,0.67,5.6495,-0.14907,0.012685,1.0932,0.0018264,0.00019648,-0.0010438,0.001589,-0.00021123,0.001914,0.068616,0.0804,0.67794,9.61957E-05,-0.0283233,0.00241015,0.207708,6.5933E-05,7.09293E-06,-3.76812E-05,5.73629E-05,-7.6254E-06,6.90954E-05
0.0029572,0.58405,0.67,5.6495,-0.15197,0.010284,1.0896,0.002127,0.00040772,-0.0012655,0.0016931,-0.00028359,0.0020942,0.070086,0.0804,0.67794,0.000106755,-0.0288743,0.00195396,0.207024,7.67847E-05,1.47187E-05,-4.56846E-05,6.11209E-05,-1.02376E-05,7.56006E-05
0.0031336,0.59575,0.67,5.6495,-0.15576,0.0056861,1.088,0.0023217,0.00053236,-0.0013445,0.0017228,-0.00032857,0.0022226,0.07149,0.0804,0.67794,0.000113123,-0.0295944,0.001080359,0.20672,8.38134E-05,1.92182E-05,-4.85365E-05,6.21931E-05,-1.18614E-05,8.02359E-05
0.0030689,0.6069,0.67,5.6495,-0.16031,0.00031454,1.0886,0.0023536,0.00053429,-0.0012823,0.0016092,-0.00037199,0.002175,0.072828,0.0804,0.67794,0.000110787,-0.0304589,5.97626E-05,0.206834,8.4965E-05,1.92879E-05,-4.6291E-05,5.80921E-05,-1.34288E-05,7.85175E-05
0.0029417,0.61755,0.67,5.6495,-0.16526,-0.0043935,1.0937,0.0022469,0.00044629,-0.0011945,0.0014384,-0.00047082,0.0021982,0.074106,0.0804,0.67794,0.000106195,-0.0313994,-0.000834765,0.207803,8.11131E-05,1.61111E-05,-4.31215E-05,5.19262E-05,-1.69966E-05,7.9355E-05
0.0027819,0.6277,0.67,5.6495,-0.17029,-0.0079409,1.0993,0.0020816,0.00031696,-0.0010506,0.0012719,-0.00055717,0.0022102,0.075324,0.0804,0.67794,0.000100427,-0.0323551,-0.001508771,0.208867,7.51458E-05,1.14423E-05,-3.79267E-05,4.59156E-05,-2.01138E-05,7.97882E-05
0.0026032,0.63738,0.67,5.6495,-0.17522,-0.010373,1.1027,0.0018933,0.00016556,-0.00088556,0.001141,-0.00059413,0.002172,0.0764856,0.0804,0.67794,9.39755E-05,-0.0332918,-0.00197087,0.209513,6.83481E-05,5.97672E-06,-3.19687E-05,4.11901E-05,-2.14481E-05,7.84092E-05
0.0024236,0.64661,0.67,5.6495,-0.18008,-0.012198,1.1047,0.001689,2.67E-05,-0.00068794,0.0010606,-0.00063657,0.0020975,0.0775932,0.0804,0.67794,8.7492E-05,-0.0342152,-0.00231762,0.209893,6.09729E-05,9.62895E-07,-2.48346E-05,3.82877E-05,-2.29802E-05,7.57198E-05
0.00223,0.65542,0.67,5.6495,-0.18492,-0.013742,1.1066,0.0014964,-7.09E-05,-0.00046648,0.0010042,-0.00067804,0.0019595,0.0786504,0.0804,0.67794,0.000080503,-0.0351348,-0.00261098,0.210254,5.402E-05,-2.55848E-06,-1.68399E-05,3.62516E-05,-2.44772E-05,7.0738E-05
0.0021011,0.66381,0.67,5.6495,-0.18966,-0.014948,1.1096,0.001346,-0.00013143,-0.00025276,0.00095912,-0.0007191,0.0018971,0.0796572,0.0804,0.67794,7.58497E-05,-0.0360354,-0.00284012,0.210824,4.85906E-05,-4.74462E-06,-9.12464E-06,3.46242E-05,-2.59595E-05,6.84853E-05
0.0020375,0.67207,0.67,5.6495,-0.19401,-0.01599,1.1122,0.0012583,-0.00017179,-7.49E-05,0.00090194,-0.00074467,0.0019146,0.0806484,0.0804,0.67794,7.35538E-05,-0.0368619,-0.0030381,0.211318,4.54246E-05,-6.20162E-06,-2.70548E-06,3.256E-05,-2.68826E-05,6.91171E-05
0.0020431,0.68032,0.67,5.6495,-0.19774,-0.017112,1.1123,0.0012285,-0.00020266,4.92E-05,0.00086009,-0.00074599,0.0019976,0.0816384,0.0804,0.67794,7.37559E-05,-0.0375706,-0.00325128,0.211337,4.43489E-05,-7.31603E-06,1.77695E-06,3.10492E-05,-2.69302E-05,7.21134E-05
0.0020972,0.68858,0.67,5.6495,-0.20093,-0.018407,1.1106,0.0012327,-0.00022045,0.0001281,0.00086946,-0.00075154,0.0020921,0.0826296,0.0804,0.67794,7.57089E-05,-0.0381767,-0.00349733,0.211014,4.45005E-05,-7.95825E-06,4.62441E-06,3.13875E-05,-2.71306E-05,7.55248E-05
0.0021897,0.69683,0.67,5.6495,-0.20372,-0.019383,1.1071,0.0012826,-0.00023645,0.00015958,0.00094282,-0.00075968,0.0021539,0.0836196,0.0804,0.67794,7.90482E-05,-0.0387068,-0.00368277,0.210349,4.63019E-05,-8.53585E-06,5.76084E-06,3.40358E-05,-2.74244E-05,7.77558E-05
0.0023115,0.70509,0.67,5.6495,-0.20619,-0.019512,1.1023,0.0013805,-0.00025131,0.00017824,0.0010523,-0.00077097,0.0021902,0.0846108,0.0804,0.67794,8.34452E-05,-0.0391761,-0.00370728,0.209437,4.98361E-05,-9.07229E-06,6.43446E-06,3.7988E-05,-2.7832E-05,7.90662E-05
0.0024438,0.71335,0.67,5.6495,-0.20845,-0.018682,1.0965,0.0014918,-0.00025656,0.00017611,0.0011741,-0.00078362,0.0022217,0.085602,0.0804,0.67794,8.82212E-05,-0.0396055,-0.00354958,0.208335,5.3854E-05,-9.26182E-06,6.35757E-06,4.2385E-05,-2.82887E-05,8.02034E-05
0.0025981,0.7216,0.67,5.6495,-0.21068,-0.016917,1.0901,0.0016129,-0.00025737,0.00013221,0.0012922,-0.00079845,0.0022911,0.086592,0.0804,0.67794,9.37914E-05,-0.0400292,-0.00321423,0.207119,5.82257E-05,-9.29106E-06,4.77278E-06,4.66484E-05,-2.8824E-05,8.27087E-05
0.0027929,0.72986,0.67,5.6495,-0.21279,-0.01433,1.0828,0.0017355,-0.00026443,6.78E-05,0.0014191,-0.00082274,0.0024311,0.0875832,0.0804,0.67794,0.000100824,-0.0404301,-0.0027227,0.205732,6.26516E-05,-9.54592E-06,2.44726E-06,5.12295E-05,-2.97009E-05,8.77627E-05
0.0030272,0.73811,0.67,5.6495,-0.21438,-0.011242,1.0742,0.0018166,-0.00026522,3.51E-05,0.0015733,-0.00087771,0.0026645,0.0885732,0.0804,0.67794,0.000109282,-0.0407322,-0.00213598,0.204098,6.55793E-05,-9.57444E-06,1.26534E-06,5.67961E-05,-3.16853E-05,9.61885E-05
0.0032946,0.74637,0.67,5.6495,-0.21566,-0.0079068,1.0648,0.0018728,-0.00025984,3.25E-05,0.001756,-0.00097096,0.0029604,0.0895644,0.0804,0.67794,0.000118935,-0.0409754,-0.001502292,0.202312,6.76081E-05,-9.38022E-06,1.17354E-06,6.33916E-05,-3.50517E-05,0.00010687
0.0035753,0.75463,0.67,5.6495,-0.21728,-0.0046345,1.0557,0.0019431,-0.00026722,6.73E-05,0.0019545,-0.0011129,0.0032529,0.0905556,0.0804,0.67794,0.000129068,-0.0412832,-0.000880555,0.200583,7.01459E-05,-9.64664E-06,2.42787E-06,7.05575E-05,-4.01757E-05,0.00011743
0.0038021,0.76288,0.67,5.6495,-0.21922,-0.0018627,1.0479,0.0020066,-0.00029055,0.0001382,0.0021201,-0.0012524,0.0034776,0.0915456,0.0804,0.67794,0.000137256,-0.0416518,-0.000353913,0.199101,7.24383E-05,-1.04889E-05,4.98902E-06,7.65356E-05,-4.52116E-05,0.000125541
0.0039749,0.77114,0.67,5.6495,-0.22145,0.00038643,1.0413,0.0020805,-0.00035087,0.00021999,0.0022299,-0.0013353,0.0036394,0.0925368,0.0804,0.67794,0.000143494,-0.0420755,7.34217E-05,0.197847,7.51061E-05,-1.26664E-05,7.94164E-06,8.04994E-05,-4.82043E-05,0.000131382
0.0041006,0.7794,0.67,5.6495,-0.22436,0.0022874,1.0355,0.0021814,-0.00045344,0.00032989,0.0023106,-0.0013423,0.0037092,0.093528,0.0804,0.67794,0.000148032,-0.0426284,0.000434606,0.196745,7.87485E-05,-1.63692E-05,1.1909E-05,8.34127E-05,-4.8457E-05,0.000133902
0.0041668,0.78765,0.67,5.6495,-0.22768,0.0037362,1.0301,0.0022525,-0.00054932,0.00045007,0.0023641,-0.0012775,0.0037169,0.094518,0.0804,0.67794,0.000150421,-0.0432592,0.000709878,0.195719,8.13153E-05,-1.98305E-05,1.62475E-05,8.5344E-05,-4.61178E-05,0.00013418
0.0041872,0.79591,0.67,5.6495,-0.23083,0.0045674,1.0247,0.002313,-0.00061613,0.00055394,0.0023481,-0.0011817,0.0037135,0.0955092,0.0804,0.67794,0.000151158,-0.0438577,0.000867806,0.194693,8.34993E-05,-2.22423E-05,1.99972E-05,8.47664E-05,-4.26594E-05,0.000134057
0.0042243,0.80416,0.67,5.6495,-0.23397,0.0049391,1.0189,0.0024044,-0.00064216,0.00064171,0.0022448,-0.0011224,0.0037995,0.0964992,0.0804,0.67794,0.000152497,-0.0444543,0.000938429,0.193591,8.67988E-05,-2.3182E-05,2.31657E-05,8.10373E-05,-4.05186E-05,0.000137162
0.0042877,0.81242,0.67,5.6495,-0.23692,0.0052625,1.0121,0.0025056,-0.00062789,0.0006854,0.0020937,-0.0010825,0.0039761,0.0974904,0.0804,0.67794,0.000154786,-0.0450148,0.000999875,0.192299,9.04522E-05,-2.26668E-05,2.47429E-05,7.55826E-05,-3.90783E-05,0.000143537
0.0043488,0.82068,0.67,5.6495,-0.23937,0.0057383,1.0042,0.0026181,-0.0006044,0.00068733,0.0019388,-0.0010354,0.0041407,0.0984816,0.0804,0.67794,0.000156992,-0.0454803,0.001090277,0.190798,9.45134E-05,-2.18188E-05,2.48126E-05,6.99907E-05,-3.73779E-05,0.000149479
0.0043984,0.82893,0.67,5.6495,-0.2415,0.0059632,0.99532,0.0027868,-0.00055862,0.00064364,0.0017807,-0.00098477,0.0042293,0.0994716,0.0804,0.67794,0.000158782,-0.045885,0.001133008,0.1891108,0.000100603,-2.01662E-05,2.32354E-05,6.42833E-05,-3.55502E-05,0.000152678
0.0043982,0.83719,0.67,5.6495,-0.24358,0.0056052,0.98655,0.0029926,-0.00048415,0.00060619,0.0016311,-0.00092148,0.0041726,0.1004628,0.0804,0.67794,0.000158775,-0.0462802,0.001064988,0.1874445,0.000108033,-1.74778E-05,2.18835E-05,5.88827E-05,-3.32654E-05,0.000150631
0.0043721,0.84544,0.67,5.6495,-0.24564,0.0049383,0.9788,0.0031608,-0.00041605,0.00063758,0.0015224,-0.00086398,0.004061,0.1014528,0.0804,0.67794,0.000157833,-0.0466716,0.000938277,0.185972,0.000114105,-1.50194E-05,2.30166E-05,5.49586E-05,-3.11897E-05,0.000146602
0.0044311,0.8537,0.67,5.6495,-0.2476,0.0044266,0.97202,0.0033337,-0.00036822,0.00071654,0.0014528,-0.0008258,0.0040757,0.102444,0.0804,0.67794,0.000159963,-0.047044,0.000841054,0.1846838,0.000120347,-1.32927E-05,2.58671E-05,5.24461E-05,-2.98114E-05,0.000147133
0.0046224,0.86196,0.67,5.6495,-0.24949,0.0040304,0.96524,0.0035996,-0.00032423,0.00077627,0.0013849,-0.00078545,0.0042605,0.1034352,0.0804,0.67794,0.000166869,-0.0474031,0.000765776,0.1833956,0.000129946,-1.17047E-05,2.80233E-05,4.99949E-05,-2.83547E-05,0.000153804
0.0048179,0.87021,0.67,5.6495,-0.25146,0.0032131,0.95775,0.0038843,-0.00027968,0.00083975,0.0013049,-0.0007221,0.0044467,0.1044252,0.0804,0.67794,0.000173926,-0.0477774,0.000610489,0.1819725,0.000140223,-1.00964E-05,3.0315E-05,4.71069E-05,-2.60678E-05,0.000160526
0.0050228,0.87847,0.67,5.6495,-0.25306,0.0015969,0.94956,0.0041495,-0.00023154,0.00089366,0.0012296,-0.0006599,0.0046665,0.1054164,0.0804,0.67794,0.000181323,-0.0480814,0.000303411,0.1804164,0.000149797,-8.35859E-06,3.22611E-05,4.43886E-05,-2.38224E-05,0.000168461
0.005265,0.88672,0.67,5.6495,-0.25446,-0.00093099,0.94128,0.0044343,-0.00016019,0.00094488,0.0011699,-0.00062124,0.0049258,0.1064064,0.0804,0.67794,0.000190067,-0.0483474,-0.000176888,0.1788432,0.000160078,-5.78286E-06,3.41102E-05,4.22334E-05,-2.24268E-05,0.000177821
0.0055848,0.89498,0.67,5.6495,-0.25603,-0.0041703,0.93301,0.0047553,-9.67E-05,0.00098002,0.0011317,-0.00057627,0.0052826,0.1073976,0.0804,0.67794,0.000201611,-0.0486457,-0.000792357,0.1772719,0.000171666,-3.49224E-06,3.53787E-05,4.08544E-05,-2.08033E-05,0.000190702
0.0058988,0.90324,0.67,5.6495,-0.25711,-0.0075561,0.92417,0.0050762,-6.88E-05,0.0010271,0.0011198,-0.00052881,0.0056015,0.1083888,0.0804,0.67794,0.000212947,-0.0488509,-0.001435659,0.1755923,0.000183251,-2.48469E-06,3.70783E-05,4.04248E-05,-1.909E-05,0.000202214
0.0061929,0.91149,0.67,5.6495,-0.25771,-0.010553,0.91423,0.0053804,-3.94E-05,0.0010687,0.0011265,-0.00045867,0.0058789,0.1093788,0.0804,0.67794,0.000223564,-0.0489649,-0.00200507,0.1737037,0.000194232,-1.42097E-06,3.85801E-05,4.06667E-05,-1.6558E-05,0.000212228
0.0064462,0.91975,0.67,5.6495,-0.25822,-0.012684,0.90311,0.0056977,-8.71E-06,0.0011556,0.0011203,-0.00032611,0.0060744,0.11037,0.0804,0.67794,0.000232708,-0.0490618,-0.00240996,0.1715909,0.000205687,-3.14601E-07,4.17172E-05,4.04428E-05,-1.17726E-05,0.000219286
0.006636,0.92801,0.67,5.6495,-0.25854,-0.013666,0.89102,0.0059949,1.85E-05,0.0012585,0.0010772,-0.00018547,0.0061999,0.1113612,0.0804,0.67794,0.00023956,-0.0491226,-0.00259654,0.1692938,0.000216416,6.6637E-07,4.54319E-05,3.88869E-05,-6.69547E-06,0.000223816
0.0067783,0.93626,0.67,5.6495,-0.25895,-0.01386,0.87855,0.0062858,8.26E-05,0.0013142,0.0010219,-5.32E-05,0.0062489,0.1123512,0.0804,0.67794,0.000244697,-0.0492005,-0.0026334,0.1669245,0.000226917,2.98099E-06,4.74426E-05,3.68906E-05,-1.92081E-06,0.000225585
0.0068718,0.94452,0.67,5.6495,-0.25926,-0.013849,0.86619,0.0065775,0.00018943,0.0012718,0.00099749,9.16E-05,0.0061686,0.1133424,0.0804,0.67794,0.000248072,-0.0492594,-0.00263131,0.1645761,0.000237448,6.83842E-06,4.5912E-05,3.60094E-05,3.30662E-06,0.000222686
0.0070419,0.95277,0.67,5.6495,-0.25925,-0.013739,0.85402,0.0069288,0.00032308,0.0011314,0.00103,0.0002343,0.0061251,0.1143324,0.0804,0.67794,0.000254213,-0.0492575,-0.00261041,0.1622638,0.00025013,1.16632E-05,4.08435E-05,0.000037183,8.45823E-06,0.000221116
0.0072902,0.96103,0.67,5.6495,-0.2597,-0.013334,0.84212,0.0073203,0.00045464,0.00095679,0.0011327,0.00034997,0.0061273,0.1153236,0.0804,0.67794,0.000263176,-0.049343,-0.00253346,0.1600028,0.000264263,1.64125E-05,3.45401E-05,4.08905E-05,1.26339E-05,0.000221196
0.0076412,0.96929,0.67,5.6495,-0.25956,-0.012596,0.83077,0.0076929,0.00057518,0.00074849,0.0013184,0.00040444,0.0062712,0.1163148,0.0804,0.67794,0.000275847,-0.0493164,-0.00239324,0.1578463,0.000277714,2.0764E-05,2.70205E-05,4.75942E-05,1.46003E-05,0.00022639
0.008067,0.97754,0.67,5.6495,-0.25865,-0.01156,0.82051,0.0080615,0.00068124,0.00061294,0.0015623,0.00040319,0.0065102,0.1173048,0.0804,0.67794,0.000291219,-0.0491435,-0.0021964,0.1558969,0.00029102,2.45928E-05,2.21271E-05,5.6399E-05,1.45552E-05,0.000235018
0.0085593,0.9858,0.67,5.6495,-0.25845,-0.010313,0.81109,0.0084279,0.00074686,0.00047276,0.0017918,0.00037413,0.006899,0.118296,0.0804,0.67794,0.000308991,-0.0491055,-0.00195947,0.1541071,0.000304247,2.69616E-05,1.70666E-05,6.4684E-05,1.35061E-05,0.000249054
0.0091329,0.99405,0.67,5.6495,-0.25799,-0.0093004,0.80175,0.0088518,0.00076491,0.00039222,0.0019384,0.00035333,0.0074756,0.119286,0.0804,0.67794,0.000329698,-0.0490181,-0.001767076,0.1523325,0.00031955,2.76133E-05,1.41591E-05,6.99762E-05,1.27552E-05,0.000269869
0.0096302,1.0023,0.67,5.6495,-0.25673,-0.0089371,0.79185,0.0091888,0.00073063,0.00036331,0.0019531,0.00031793,0.0081185,0.120276,0.0804,0.67794,0.00034765,-0.0487787,-0.001698049,0.1504515,0.000331716,2.63757E-05,1.31155E-05,7.05069E-05,1.14773E-05,0.000293078
0.010039,1.0106,0.67,5.6495,-0.25558,-0.009322,0.78092,0.0094035,0.00065395,0.00038805,0.0018424,0.00022337,0.0088317,0.121272,0.0804,0.67794,0.000362408,-0.0485602,-0.00177118,0.1483748,0.000339466,2.36076E-05,1.40086E-05,6.65106E-05,8.06366E-06,0.000318824
0.010369,1.0188,0.67,5.6495,-0.25471,-0.010414,0.76919,0.0095727,0.00052689,0.00037536,0.0016731,3.59E-05,0.0094928,0.122256,0.0804,0.67794,0.000374321,-0.0483949,-0.00197866,0.1461461,0.000345574,1.90207E-05,1.35505E-05,6.03989E-05,1.29696E-06,0.00034269
0.010698,1.0271,0.67,5.6495,-0.25419,-0.011991,0.75719,0.0097183,0.00035685,0.00030147,0.0015119,-0.00020085,0.010167,0.123252,0.0804,0.67794,0.000386198,-0.0482961,-0.00227829,0.1438661,0.000350831,1.28823E-05,1.08831E-05,5.45796E-05,-7.25069E-06,0.000367029
0.011001,1.0353,0.67,5.6495,-0.25364,-0.013779,0.74554,0.0098889,0.00016868,0.00024628,0.0013861,-0.00041158,0.010728,0.124236,0.0804,0.67794,0.000397136,-0.0481916,-0.00261801,0.1416526,0.000356989,6.08935E-06,8.89071E-06,5.00382E-05,-1.4858E-05,0.000387281
0.011308,1.0436,0.67,5.6495,-0.2526,-0.0155,0.7341,0.010036,2.20E-08,0.00015082,0.0012932,-0.00058616,0.011286,0.125232,0.0804,0.67794,0.000408219,-0.047994,-0.002945,0.139479,0.0003623,7.93009E-10,5.4446E-06,4.66845E-05,-2.11604E-05,0.000407425
0.011717,1.0518,0.67,5.6495,-0.25133,-0.01697,0.7226,0.010217,-0.00011116,6.61E-05,0.0012324,-0.00072155,0.011986,0.126216,0.0804,0.67794,0.000422984,-0.0477527,-0.0032243,0.137294,0.000368834,-4.01288E-06,2.38704E-06,4.44896E-05,-2.6048E-05,0.000432695
0.012087,1.0601,0.67,5.6495,-0.2501,-0.018152,0.71057,0.010345,-0.00015332,-6.27E-05,0.0011968,-0.00081992,0.012633,0.127212,0.0804,0.67794,0.000436341,-0.047519,-0.00344888,0.1350083,0.000373455,-5.53485E-06,-2.26488E-06,4.32045E-05,-2.95991E-05,0.000456051
0.012434,1.0684,0.67,5.6495,-0.2487,-0.018817,0.69792,0.010441,-0.00014339,-0.00014552,0.0011813,-0.00088178,0.013245,0.128208,0.0804,0.67794,0.000448867,-0.047253,-0.00357523,0.1326048,0.00037692,-5.17638E-06,-5.25327E-06,4.26449E-05,-3.18323E-05,0.000478145
0.012734,1.0766,0.67,5.6495,-0.24689,-0.018636,0.68542,0.010631,-0.00012958,-0.00019115,0.0011877,-0.00093081,0.013648,0.129192,0.0804,0.67794,0.000459697,-0.0469091,-0.00354084,0.1302298,0.000383779,-4.67784E-06,-6.90052E-06,4.2876E-05,-3.36022E-05,0.000492693
0.013043,1.0849,0.67,5.6495,-0.24426,-0.017566,0.67328,0.010903,-0.00013414,-0.00031058,0.0012292,-0.00098226,0.013954,0.130188,0.0804,0.67794,0.000470852,-0.0464094,-0.00333754,0.1279232,0.000393598,-4.84245E-06,-1.12119E-05,4.43741E-05,-3.54596E-05,0.000503739
0.013309,1.0931,0.67,5.6495,-0.24116,-0.01608,0.66164,0.01118,-0.00015453,-0.00040492,0.0013172,-0.00099912,0.014121,0.131172,0.0804,0.67794,0.000480455,-0.0458204,-0.0030552,0.1257116,0.000403598,-5.57853E-06,-1.46176E-05,4.75509E-05,-3.60682E-05,0.000509768
0.01353,1.1014,0.67,5.6495,-0.23792,-0.014921,0.65051,0.011393,-0.00015732,-0.00045777,0.001435,-0.00095084,0.014231,0.132168,0.0804,0.67794,0.000488433,-0.0452048,-0.00283499,0.1235969,0.000411287,-5.67925E-06,-1.65255E-05,5.18035E-05,-3.43253E-05,0.000513739
0.013713,1.1096,0.67,5.6495,-0.23415,-0.014913,0.63983,0.011633,-0.00012536,-0.00041104,0.0015645,-0.00089294,0.014228,0.133152,0.0804,0.67794,0.000495039,-0.0444885,-0.00283347,0.1215677,0.000419951,-4.5255E-06,-1.48385E-05,5.64785E-05,-3.22351E-05,0.000513631
0.013835,1.1179,0.67,5.6495,-0.23043,-0.016028,0.63046,0.011889,-8.13E-05,-0.00032397,0.0016952,-0.00086252,0.014085,0.134148,0.0804,0.67794,0.000499444,-0.0437817,-0.00304532,0.1197874,0.000429193,-2.93316E-06,-1.16953E-05,6.11967E-05,-3.1137E-05,0.000508469
0.013851,1.1262,0.67,5.6495,-0.2271,-0.017331,0.62304,0.012145,-2.07E-05,-0.00015671,0.0018012,-0.00080984,0.013756,0.135144,0.0804,0.67794,0.000500021,-0.043149,-0.00329289,0.1183776,0.000438435,-7.47162E-07,-5.65723E-06,6.50233E-05,-2.92352E-05,0.000496592
0.013881,1.1344,0.67,5.6495,-0.22378,-0.018653,0.61677,0.012506,3.58E-05,0.00011774,0.0018416,-0.00070206,0.013415,0.136128,0.0804,0.67794,0.000501104,-0.0425182,-0.00354407,0.1171863,0.000451467,1.29263E-06,4.25041E-06,6.64818E-05,-2.53444E-05,0.000484282
0.013745,1.1427,0.67,5.6495,-0.21986,-0.019767,0.61115,0.012672,9.20E-05,0.00026376,0.0018065,-0.00056577,0.013012,0.137124,0.0804,0.67794,0.000496195,-0.0417734,-0.00375573,0.1161185,0.000457459,3.32286E-06,9.52174E-06,6.52147E-05,-2.04243E-05,0.000469733
0.013584,1.1509,0.67,5.6495,-0.21556,-0.020266,0.60544,0.012632,0.00014581,0.00043316,0.001746,-0.00042433,0.01279,0.138108,0.0804,0.67794,0.000490382,-0.0409564,-0.00385054,0.1150336,0.000456015,5.26374E-06,1.56371E-05,6.30306E-05,-1.53183E-05,0.000461719
0.01358,1.1592,0.67,5.6495,-0.21073,-0.02069,0.5995,0.012714,0.00016333,0.0006081,0.0016817,-0.00031606,0.012765,0.139104,0.0804,0.67794,0.000490238,-0.0400387,-0.0039311,0.113905,0.000458975,5.89621E-06,2.19524E-05,6.07094E-05,-1.14098E-05,0.000460817
0.013584,1.1674,0.67,5.6495,-0.20489,-0.021231,0.59352,0.01275,0.00016269,0.00058788,0.0016061,-0.00022607,0.012812,0.140088,0.0804,0.67794,0.000490382,-0.0389291,-0.00403389,0.1127688,0.000460275,5.87311E-06,2.12225E-05,5.79802E-05,-8.16113E-06,0.000462513
0.013668,1.1757,0.67,5.6495,-0.19838,-0.021829,0.58709,0.012767,0.00014482,0.00058116,0.0015317,-0.00017995,0.013039,0.141084,0.0804,0.67794,0.000493415,-0.0376922,-0.00414751,0.1115471,0.000460889,5.228E-06,2.09799E-05,5.52944E-05,-6.4962E-06,0.000470708
0.013883,1.1839,0.67,5.6495,-0.19153,-0.022523,0.58089,0.012977,0.00012179,0.00067838,0.0014839,-0.00013152,0.013304,0.142068,0.0804,0.67794,0.000501176,-0.0363907,-0.00427937,0.1103691,0.00046847,4.39662E-06,2.44895E-05,5.35688E-05,-4.74787E-06,0.000480274
0.014055,1.1922,0.67,5.6495,-0.18448,-0.023525,0.57636,0.013282,0.00013633,0.00071949,0.0014556,-7.14E-05,0.013373,0.143064,0.0804,0.67794,0.000507386,-0.0350512,-0.00446975,0.1095084,0.00047948,4.92151E-06,2.59736E-05,5.25472E-05,-2.57765E-06,0.000482765
0.014094,1.2005,0.67,5.6495,-0.1775,-0.024616,0.57337,0.013455,0.00015725,0.00077643,0.0014419,-1.11E-05,0.013291,0.14406,0.0804,0.67794,0.000508793,-0.033725,-0.00467704,0.1089403,0.000485726,5.67673E-06,2.80291E-05,5.20526E-05,-4.00818E-07,0.000479805
0.014179,1.2087,0.67,5.6495,-0.1709,-0.025765,0.57203,0.013639,0.00016144,0.0010129,0.0014517,0.00012123,0.013267,0.145044,0.0804,0.67794,0.000511862,-0.032471,-0.00489535,0.1086857,0.000492368,5.82798E-06,3.65657E-05,5.24064E-05,4.3764E-06,0.000478939
0.014105,1.217,0.67,5.6495,-0.16448,-0.026904,0.5726,0.01379,0.00016669,0.0011516,0.0014557,0.00027691,0.012963,0.14604,0.0804,0.67794,0.000509191,-0.0312512,-0.00511176,0.108794,0.000497819,6.01751E-06,4.15728E-05,5.25508E-05,9.99645E-06,0.000467964
0.014011,1.2252,0.67,5.6495,-0.15793,-0.02785,0.57375,0.013708,0.00019291,0.0012047,0.0014585,0.0004371,0.012856,0.147024,0.0804,0.67794,0.000505797,-0.0300067,-0.0052915,0.1090125,0.000494859,6.96405E-06,4.34897E-05,5.26519E-05,1.57793E-05,0.000464102
0.013962,1.2335,0.67,5.6495,-0.15076,-0.028852,0.57484,0.013481,0.00024201,0.0013385,0.0014735,0.00060209,0.012969,0.14802,0.0804,0.67794,0.000504028,-0.0286444,-0.00548188,0.1092196,0.000486664,8.73656E-06,4.83199E-05,5.31934E-05,2.17354E-05,0.000468181
0.013798,1.2417,0.67,5.6495,-0.14276,-0.030064,0.57517,0.013035,0.00028881,0.0013598,0.0015051,0.00077235,0.013057,0.149004,0.0804,0.67794,0.000498108,-0.0271244,-0.00571216,0.1092823,0.000470564,1.0426E-05,4.90888E-05,5.43341E-05,2.78818E-05,0.000471358
0.013479,1.25,0.67,5.6495,-0.134,-0.031568,0.57445,0.012383,0.0002882,0.0012674,0.0015374,0.00089047,0.013038,0.15,0.0804,0.67794,0.000486592,-0.02546,-0.00599792,0.1091455,0.000447026,1.0404E-05,4.57531E-05,5.55001E-05,3.2146E-05,0.000470672
0.013195,1.2583,0.67,5.6495,-0.12457,-0.033181,0.57267,0.011768,0.00023504,0.0011834,0.0015601,0.00095941,0.013061,0.150996,0.0804,0.67794,0.00047634,-0.0236683,-0.00630439,0.1088073,0.000424825,8.48494E-06,4.27207E-05,5.63196E-05,3.46347E-05,0.000471502
0.013034,1.2665,0.67,5.6495,-0.11462,-0.034524,0.57035,0.011285,0.00014378,0.0010564,0.0015989,0.0010357,0.013184,0.15198,0.0804,0.67794,0.000470527,-0.0217778,-0.00655956,0.1083665,0.000407389,5.19046E-06,3.8136E-05,5.77203E-05,3.73888E-05,0.000475942
0.012985,1.2748,0.67,5.6495,-0.1043,-0.035059,0.56758,0.010891,2.01E-05,0.0008687,0.0016742,0.0011534,0.013404,0.152976,0.0804,0.67794,0.000468759,-0.019817,-0.00666121,0.1078402,0.000393165,7.27343E-07,3.13601E-05,6.04386E-05,4.16377E-05,0.000483884
0.012954,1.283,0.67,5.6495,-0.093606,-0.034989,0.56396,0.010559,-0.00010784,0.00070163,0.0017644,0.0012979,0.013585,0.15396,0.0804,0.67794,0.000467639,-0.01778514,-0.00664791,0.1071524,0.00038118,-3.89302E-06,2.53288E-05,6.36948E-05,4.68542E-05,0.000490419
0.012779,1.2913,0.67,5.6495,-0.082631,-0.034599,0.55961,0.01017,-0.00024008,0.00050378,0.0018156,0.0014194,0.013573,0.154956,0.0804,0.67794,0.000461322,-0.01569989,-0.00657381,0.1063259,0.000367137,-8.66689E-06,1.81865E-05,6.55432E-05,5.12403E-05,0.000489985
0.01257,1.2995,0.67,5.6495,-0.071385,-0.034306,0.55495,0.0097802,-0.00034479,0.0003385,0.0017958,0.0015141,0.013563,0.15594,0.0804,0.67794,0.000453777,-0.01356315,-0.00651814,0.1054405,0.000353065,-1.24469E-05,1.22199E-05,6.48284E-05,5.4659E-05,0.000489624
0.012311,1.3078,0.67,5.6495,-0.059674,-0.034186,0.55021,0.0094582,-0.00041003,0.00015519,0.0017172,0.0015492,0.013447,0.156936,0.0804,0.67794,0.000444427,-0.01133806,-0.00649534,0.1045399,0.000341441,-1.48021E-05,5.60236E-06,6.19909E-05,5.59261E-05,0.000485437
0.012026,1.316,0.67,5.6495,-0.047716,-0.034021,0.54553,0.0091733,-0.00044047,-0.00010863,0.0016009,0.0015098,0.013278,0.15792,0.0804,0.67794,0.000434139,-0.00906604,-0.00646399,0.1036507,0.000331156,-1.5901E-05,-3.92154E-06,5.77925E-05,5.45038E-05,0.000479336
0.011714,1.3243,0.67,5.6495,-0.036131,-0.033799,0.54122,0.0089788,-0.00043632,-0.00030353,0.0014585,0.0013942,0.012992,0.158916,0.0804,0.67794,0.000422875,-0.00686489,-0.00642181,0.1028318,0.000324135,-1.57512E-05,-1.09574E-05,5.26519E-05,5.03306E-05,0.000469011
0.011272,1.3326,0.67,5.6495,-0.024768,-0.033513,0.53741,0.0087252,-0.0004037,-0.00034284,0.001309,0.0012553,0.012511,0.159912,0.0804,0.67794,0.000406919,-0.00470592,-0.00636747,0.1021079,0.00031498,-1.45736E-05,-1.23765E-05,4.72549E-05,4.53163E-05,0.000451647
0.010606,1.3408,0.67,5.6495,-0.013057,-0.033588,0.53402,0.0081309,-0.00038206,-0.00041342,0.0011822,0.0011448,0.011899,0.160896,0.0804,0.67794,0.000382877,-0.00248083,-0.00638172,0.1014638,0.000293525,-1.37924E-05,-1.49245E-05,4.26774E-05,4.13273E-05,0.000429554
0.010188,1.3491,0.67,5.6495,-0.0010294,-0.033289,0.5312,0.0076982,-0.00034984,-0.00063022,0.0010633,0.0010116,0.011615,0.161892,0.0804,0.67794,0.000367787,-0.000195586,-0.00632491,0.100928,0.000277905,-1.26292E-05,-2.27509E-05,3.83851E-05,3.65188E-05,0.000419302
0.0098941,1.3573,0.67,5.6495,0.010505,-0.033341,0.53017,0.0077031,-0.00032077,-0.00083452,0.00096157,0.00090199,0.011124,0.162876,0.0804,0.67794,0.000357177,0.00199595,-0.00633479,0.1007323,0.000278082,-1.15798E-05,-3.01262E-05,3.47127E-05,3.25618E-05,0.000401576
0.0092675,1.3656,0.67,5.6495,0.021892,-0.033353,0.53029,0.0073661,-0.00029412,-0.00080171,0.00089377,0.00076355,0.010275,0.163872,0.0804,0.67794,0.000334557,0.00415948,-0.00633707,0.1007551,0.000265916,-1.06177E-05,-2.89417E-05,3.22651E-05,2.75642E-05,0.000370928
0.0087202,1.3738,0.67,5.6495,0.033701,-0.032938,0.53125,0.0069647,-0.00024138,-0.00081026,0.00084006,0.00062271,0.0096357,0.164856,0.0804,0.67794,0.000314799,0.00640319,-0.00625822,0.1009375,0.000251426,-8.71382E-06,-2.92504E-05,3.03262E-05,2.24798E-05,0.000347849
0.00854,1.3821,0.67,5.6495,0.044652,-0.032842,0.53365,0.0069702,-0.00022869,-0.001144,0.00080161,0.00053209,0.0093083,0.165852,0.0804,0.67794,0.000308294,0.00848388,-0.00623998,0.1013935,0.000251624,-8.25571E-06,-4.12984E-05,2.89381E-05,1.92084E-05,0.00033603
0.0080547,1.3903,0.67,5.6495,0.05546,-0.032875,0.5375,0.0066678,-0.00019386,-0.0010074,0.00077965,0.00046755,0.008662,0.166836,0.0804,0.67794,0.000290775,0.0105374,-0.00624625,0.102125,0.000240708,-6.99835E-06,-3.63671E-05,2.81454E-05,1.68786E-05,0.000312698
0.007329,1.3986,0.67,5.6495,0.067181,-0.03298,0.54289,0.0059765,-0.00016254,-0.00088687,0.00079836,0.0003857,0.0078831,0.167832,0.0804,0.67794,0.000264577,0.01276439,-0.0062662,0.1031491,0.000215752,-5.86769E-06,-3.2016E-05,2.88208E-05,1.39238E-05,0.00028458
0.0070943,1.4069,0.67,5.6495,0.077917,-0.032134,0.54955,0.0057287,-0.00015653,-0.0011116,0.00084733,0.00028475,0.0076126,0.168828,0.0804,0.67794,0.000256104,0.01480423,-0.00610546,0.1044145,0.000206806,-5.65073E-06,-4.01288E-05,3.05886E-05,1.02795E-05,0.000274815
0.0066974,1.4151,0.67,5.6495,0.087723,-0.031722,0.55683,0.0055502,-0.00014578,-0.0010551,0.00092409,0.00023743,0.0069204,0.169812,0.0804,0.67794,0.000241776,0.01666737,-0.00602718,0.1057977,0.000200362,-5.26266E-06,-3.80891E-05,3.33596E-05,8.57122E-06,0.000249826
0.0065855,1.4234,0.67,5.6495,0.09755,-0.031364,0.564,0.0053531,-0.00019774,-0.001215,0.0010277,0.00017018,0.0067902,0.170808,0.0804,0.67794,0.000237737,0.0185345,-0.00595916,0.10716,0.000193247,-7.13841E-06,-4.38615E-05,3.71E-05,6.1435E-06,0.000245126
0.0063903,1.4316,0.67,5.6495,0.10675,-0.030306,0.5724,0.0052497,-0.00021192,-0.0013402,0.0011233,0.00012165,0.0064077,0.171792,0.0804,0.67794,0.00023069,0.0202825,-0.00575814,0.108756,0.000189514,-7.65031E-06,-4.83812E-05,4.05511E-05,4.39157E-06,0.000231318
0.0060895,1.4399,0.67,5.6495,0.11601,-0.029848,0.58151,0.004949,-0.0002092,-0.0013591,0.0012379,0.0001342,0.0059921,0.172788,0.0804,0.67794,0.000219831,0.0220419,-0.00567112,0.1104869,0.000178659,-7.55212E-06,-4.90635E-05,4.46882E-05,4.84462E-06,0.000216315
0.006081,1.4481,0.67,5.6495,0.12504,-0.029191,0.59166,0.0048882,-0.00025236,-0.0016063,0.0013659,0.00012992,0.005908,0.173772,0.0804,0.67794,0.000219524,0.0237576,-0.00554629,0.1124154,0.000176464,-9.1102E-06,-5.79874E-05,4.9309E-05,4.69011E-06,0.000213279
0.0057001,1.4564,0.67,5.6495,0.1335,-0.028702,0.60282,0.0045444,-0.00029622,-0.0015564,0.0014693,0.00011739,0.0053865,0.174768,0.0804,0.67794,0.000205774,0.025365,-0.00545338,0.1145358,0.000164053,-1.06935E-05,-5.6186E-05,5.30417E-05,4.23778E-06,0.000194453
0.0055486,1.4647,0.67,5.6495,0.14129,-0.028756,0.61401,0.00416,-0.00037416,-0.0015466,0.0015632,0.00012027,0.005374,0.175764,0.0804,0.67794,0.000200304,0.0268451,-0.00546364,0.1166619,0.000150176,-1.35072E-05,-5.58323E-05,5.64315E-05,4.34175E-06,0.000194001
0.0053405,1.4729,0.67,5.6495,0.14813,-0.029152,0.62605,0.0040432,-0.00044593,-0.0015093,0.0016157,0.00010145,0.0050221,0.176748,0.0804,0.67794,0.000192792,0.0281447,-0.00553888,0.1189495,0.00014596,-1.60981E-05,-5.44857E-05,5.83268E-05,3.66235E-06,0.000181298
0.0051218,1.4812,0.67,5.6495,0.15471,-0.030116,0.63841,0.0038579,-0.00049863,-0.0014245,0.0016317,7.96E-05,0.0047539,0.177744,0.0804,0.67794,0.000184897,0.0293949,-0.00572204,0.1212979,0.00013927,-1.80005E-05,-5.14245E-05,5.89044E-05,2.87356E-06,0.000171616
0.0049625,1.4894,0.67,5.6495,0.16142,-0.031131,0.65124,0.0037582,-0.00053602,-0.0014007,0.0016419,4.95E-05,0.0045249,0.178728,0.0804,0.67794,0.000179146,0.0306698,-0.00591489,0.1237356,0.000135671,-1.93503E-05,-5.05653E-05,5.92726E-05,1.78652E-06,0.000163349
0.0046944,1.4977,0.67,5.6495,0.1681,-0.032029,0.66424,0.0035404,-0.0005294,-0.0012671,0.0016455,7.49E-06,0.0042028,0.179724,0.0804,0.67794,0.000169468,0.031939,-0.00608551,0.1262056,0.000127808,-1.91113E-05,-4.57423E-05,5.94026E-05,2.70541E-07,0.000151721
0.0044791,1.5059,0.67,5.6495,0.17452,-0.032613,0.67707,0.0032961,-0.00050119,-0.0011939,0.0016381,-5.17E-05,0.0040241,0.180708,0.0804,0.67794,0.000161696,0.0331588,-0.00619647,0.1286433,0.000118989,-1.8093E-05,-4.30998E-05,5.91354E-05,-1.86753E-06,0.00014527
0.0042721,1.5142,0.67,5.6495,0.18069,-0.032879,0.68935,0.0031192,-0.00047415,-0.001072,0.0016185,-0.00013054,0.0038065,0.181704,0.0804,0.67794,0.000154223,0.0343311,-0.00624701,0.1309765,0.000112603,-1.71168E-05,-3.86992E-05,5.84279E-05,-4.71249E-06,0.000137415
0.0041182,1.5224,0.67,5.6495,0.18616,-0.033209,0.70095,0.0029316,-0.0004449,-0.00095508,0.0015987,-0.00024472,0.0037062,0.182688,0.0804,0.67794,0.000148667,0.0353704,-0.00630971,0.1331805,0.000105831,-1.60609E-05,-3.44784E-05,5.77131E-05,-8.83439E-06,0.000133794
0.0040198,1.5307,0.67,5.6495,0.19056,-0.033963,0.71219,0.002792,-0.00041875,-0.00084815,0.0015705,-0.00039758,0.003677,0.183684,0.0804,0.67794,0.000145115,0.0362064,-0.00645297,0.1353161,0.000100791,-1.51169E-05,-3.06182E-05,5.66951E-05,-1.43526E-05,0.00013274
0.0039608,1.539,0.67,5.6495,0.19459,-0.034534,0.72324,0.0026743,-0.00041278,-0.00074876,0.0015287,-0.00058753,0.0037185,0.18468,0.0804,0.67794,0.000142985,0.0369721,-0.00656146,0.1374156,9.65422E-05,-1.49014E-05,-2.70302E-05,5.51861E-05,-2.12098E-05,0.000134238
0.0039184,1.5472,0.67,5.6495,0.19917,-0.03436,0.73467,0.002569,-0.00041896,-0.00067955,0.001482,-0.00077566,0.0037859,0.185664,0.0804,0.67794,0.000141454,0.0378423,-0.0065284,0.1395873,9.27409E-05,-1.51245E-05,-2.45318E-05,5.35002E-05,-2.80013E-05,0.000136671
0.0038937,1.5555,0.67,5.6495,0.20375,-0.033399,0.74682,0.0024837,-0.00042928,-0.00059218,0.00146,-0.00090894,0.0038436,0.18666,0.0804,0.67794,0.000140563,0.0387125,-0.00634581,0.1418958,8.96616E-05,-1.5497E-05,-2.13777E-05,0.000052706,-3.28127E-05,0.000138754
0.0038773,1.5637,0.67,5.6495,0.2075,-0.031791,0.75967,0.0024186,-0.00044835,-0.00045175,0.0014732,-0.00098728,0.0038628,0.187644,0.0804,0.67794,0.000139971,0.039425,-0.00604029,0.1443373,8.73115E-05,-1.61854E-05,-1.63082E-05,5.31825E-05,-3.56408E-05,0.000139447
0.0038625,1.572,0.67,5.6495,0.21121,-0.030027,0.77288,0.002395,-0.00047819,-0.00031092,0.0014971,-0.0010202,0.003833,0.18864,0.0804,0.67794,0.000139436,0.0401299,-0.00570513,0.1468472,8.64595E-05,-1.72627E-05,-1.12242E-05,5.40453E-05,-3.68292E-05,0.000138371
0.0038042,1.5802,0.67,5.6495,0.21533,-0.028387,0.78568,0.0023919,-0.00050165,-0.00019594,0.0015127,-0.0010243,0.0037037,0.189624,0.0804,0.67794,0.000137332,0.0409127,-0.00539353,0.1492792,8.63476E-05,-1.81096E-05,-7.07343E-06,5.46085E-05,-3.69772E-05,0.000133704
0.0037111,1.5885,0.67,5.6495,0.21864,-0.027031,0.79751,0.0023897,-0.00050744,-0.00013548,0.0015049,-0.0010016,0.0035277,0.19062,0.0804,0.67794,0.000133971,0.0415416,-0.00513589,0.1515269,8.62682E-05,-1.83186E-05,-4.89083E-06,5.43269E-05,-3.61578E-05,0.00012735
0.0035578,1.5968,0.67,5.6495,0.22081,-0.026074,0.80819,0.002354,-0.00050561,-9.60E-05,0.0014563,-0.0009577,0.0033053,0.191616,0.0804,0.67794,0.000128437,0.0419539,-0.00495406,0.1535561,8.49794E-05,-1.82525E-05,-3.46672E-06,5.25724E-05,-3.4573E-05,0.000119321
0.0033822,1.605,0.67,5.6495,0.22251,-0.025409,0.81756,0.0022819,-0.00049803,-7.35E-05,0.0013727,-0.00090531,0.0031097,0.1926,0.0804,0.67794,0.000122097,0.0422769,-0.00482771,0.1553364,8.23766E-05,-1.79789E-05,-2.65335E-06,4.95545E-05,-3.26817E-05,0.00011226
0.003214,1.6133,0.67,5.6495,0.22365,-0.024884,0.82555,0.0022157,-0.00049072,-4.38E-05,0.0012754,-0.00084741,0.002937,0.193596,0.0804,0.67794,0.000116025,0.0424935,-0.00472796,0.1568545,7.99868E-05,-1.7715E-05,-1.58104E-06,4.60419E-05,-3.05915E-05,0.000106026
0.0030805,1.6215,0.67,5.6495,0.22415,-0.024295,0.83242,0.0021794,-0.00049477,-2.85E-05,0.0011921,-0.00079289,0.0027895,0.19458,0.0804,0.67794,0.000111206,0.0425885,-0.00461605,0.1581598,7.86763E-05,-1.78612E-05,-1.03044E-06,4.30348E-05,-2.86233E-05,0.000100701
0.0029694,1.6298,0.67,5.6495,0.22421,-0.023316,0.83848,0.0021527,-0.0005015,-3.30E-05,0.0011481,-0.00075792,0.0026379,0.195576,0.0804,0.67794,0.000107195,0.0425999,-0.00443004,0.1593112,7.77125E-05,-1.81042E-05,-1.1904E-06,4.14464E-05,-2.73609E-05,9.52282E-05
0.0028453,1.638,0.67,5.6495,0.22377,-0.02189,0.84379,0.0020805,-0.00050095,-4.29E-05,0.0011451,-0.00072236,0.002465,0.19656,0.0804,0.67794,0.000102715,0.0425163,-0.0041591,0.1603201,7.51061E-05,-1.80843E-05,-1.54768E-06,4.13381E-05,-2.60772E-05,8.89865E-05
0.0027155,1.6463,0.67,5.6495,0.22297,-0.020362,0.84852,0.0019963,-0.00048879,-3.94E-05,0.001165,-0.00065972,0.0022698,0.197556,0.0804,0.67794,9.80296E-05,0.0423643,-0.00386878,0.1612188,7.20664E-05,-1.76453E-05,-1.42223E-06,4.20565E-05,-2.38159E-05,8.19398E-05
0.0025864,1.6545,0.67,5.6495,0.22187,-0.018858,0.85275,0.0019541,-0.00046678,-6.90E-05,0.0011991,-0.00055178,0.0020197,0.19854,0.0804,0.67794,9.3369E-05,0.0421553,-0.00358302,0.1620225,7.0543E-05,-1.68508E-05,-2.49173E-06,4.32875E-05,-1.99193E-05,7.29112E-05
0.0024347,1.6628,0.67,5.6495,0.22031,-0.017081,0.85648,0.0019299,-0.00043539,-0.00014976,0.0012472,-0.00039885,0.0016923,0.199536,0.0804,0.67794,8.78927E-05,0.0418589,-0.00324539,0.1627312,6.96694E-05,-1.57176E-05,-5.40634E-06,4.50239E-05,-1.43985E-05,6.1092E-05
0.0023034,1.6711,0.67,5.6495,0.21839,-0.014816,0.86052,0.0018894,-0.000394,-0.00024687,0.0012795,-0.0002588,0.0014379,0.200532,0.0804,0.67794,8.31527E-05,0.0414941,-0.00281504,0.1634988,6.82073E-05,-1.42234E-05,-8.91201E-06,4.619E-05,-9.34268E-06,5.19082E-05
0.0022061,1.6793,0.67,5.6495,0.21632,-0.012206,0.86549,0.0018454,-0.000367,-0.00030492,0.0012578,-0.0001793,0.001309,0.201516,0.0804,0.67794,7.96402E-05,0.0411008,-0.00231914,0.1644431,6.66189E-05,-1.32487E-05,-1.10076E-05,4.54066E-05,-6.47273E-06,4.72549E-05
0.0021349,1.6876,0.67,5.6495,0.2143,-0.0095792,0.87181,0.0018498,-0.00034763,-0.00031351,0.0011915,-0.00015195,0.0012285,0.202512,0.0804,0.67794,7.70699E-05,0.040717,-0.001820048,0.1656439,6.67778E-05,-1.25494E-05,-1.13177E-05,4.30132E-05,-5.4854E-06,4.43489E-05
0.0021085,1.6958,0.67,5.6495,0.21231,-0.0073921,0.8795,0.001909,-0.00032911,-0.00029792,0.0011149,-0.00016422,0.0011931,0.203496,0.0804,0.67794,7.61169E-05,0.0403389,-0.001404499,0.167105,6.89149E-05,-1.18809E-05,-1.07549E-05,4.02479E-05,-5.92834E-06,4.30709E-05
0.0020974,1.7041,0.67,5.6495,0.21006,-0.0059492,0.88699,0.0019738,-0.00033671,-0.00026948,0.0010493,-0.00018813,0.0011718,0.204492,0.0804,0.67794,7.57161E-05,0.0399114,-0.001130348,0.1685281,7.12542E-05,-1.21552E-05,-9.72823E-06,3.78797E-05,-6.79149E-06,4.2302E-05
0.0021066,1.7123,0.67,5.6495,0.2075,-0.0049656,0.89352,0.0020113,-0.00035612,-0.00023546,0.001017,-0.00019087,0.0011849,0.205476,0.0804,0.67794,7.60483E-05,0.039425,-0.000943464,0.1697688,7.26079E-05,-1.28559E-05,-8.50011E-06,3.67137E-05,-6.89041E-06,4.27749E-05
0.0021731,1.7206,0.67,5.6495,0.20501,-0.0038888,0.90016,0.00206,-0.00037426,-0.00018087,0.0010268,-0.00016313,0.0012593,0.206472,0.0804,0.67794,7.84489E-05,0.0389519,-0.000738872,0.1710304,0.000074366,-1.35108E-05,-6.52941E-06,3.70675E-05,-5.88899E-06,4.54607E-05
0.0022835,1.7289,0.67,5.6495,0.20283,-0.0026153,0.90661,0.0021249,-0.00040196,-9.43E-05,0.0010601,-0.00014292,0.0013821,0.207468,0.0804,0.67794,8.24344E-05,0.0385377,-0.000496907,0.1722559,7.67089E-05,-1.45108E-05,-3.40506E-06,3.82696E-05,-5.15941E-06,4.98938E-05
0.0024047,1.7371,0.67,5.6495,0.20065,-0.0013761,0.9115,0.002178,-0.00044045,2.64E-05,0.0010913,-0.00016745,0.0015401,0.208452,0.0804,0.67794,8.68097E-05,0.0381235,-0.000261459,0.173185,7.86258E-05,-1.59002E-05,9.54304E-07,3.93959E-05,-6.04495E-06,5.55976E-05
0.0025349,1.7454,0.67,5.6495,0.19832,-0.00043197,0.91499,0.0022748,-0.00048852,0.00018002,0.0011124,-0.00019071,0.0016827,0.209448,0.0804,0.67794,9.15099E-05,0.0376808,-8.20743E-05,0.1738481,8.21203E-05,-1.76356E-05,6.49872E-06,4.01576E-05,-6.88463E-06,6.07455E-05
0.0026151,1.7536,0.67,5.6495,0.1963,0.00013631,0.91879,0.0024125,-0.00052668,0.00030393,0.0011299,-0.00015769,0.0016877,0.210432,0.0804,0.67794,9.44051E-05,0.037297,2.58989E-05,0.1745701,8.70913E-05,-1.90131E-05,1.09719E-05,4.07894E-05,-5.69261E-06,6.0926E-05
0.0025687,1.7619,0.67,5.6495,0.19497,0.0005242,0.92407,0.0024993,-0.00053705,0.00033999,0.0011611,-8.56E-05,0.001477,0.211428,0.0804,0.67794,9.27301E-05,0.0370443,0.000099598,0.1755733,9.02247E-05,-1.93875E-05,1.22736E-05,4.19157E-05,-3.09186E-06,5.33197E-05
0.0024884,1.7701,0.67,5.6495,0.19406,0.0010986,0.93028,0.0025325,-0.00054065,0.00033056,0.0012313,-2.66E-05,0.001213,0.212412,0.0804,0.67794,8.98312E-05,0.0368714,0.000208734,0.1767532,9.14233E-05,-1.95175E-05,1.19332E-05,4.44499E-05,-9.5961E-07,4.37893E-05
0.0024773,1.7784,0.67,5.6495,0.19309,0.0024355,0.9359,0.0025776,-0.00055904,0.00031401,0.0013269,-5.49E-07,0.00105,0.213408,0.0804,0.67794,8.94305E-05,0.0366871,0.000462745,0.177821,9.30514E-05,-2.01813E-05,1.13358E-05,4.79011E-05,-1.98016E-08,0.000037905
0.0025068,1.7866,0.67,5.6495,0.19183,0.0047334,0.94107,0.0026183,-0.00058836,0.00028386,0.0014329,1.99E-05,0.00096251,0.214392,0.0804,0.67794,9.04955E-05,0.0364477,0.000899346,0.1788033,9.45206E-05,-2.12398E-05,1.02473E-05,5.17277E-05,7.17668E-07,3.47466E-05
0.0025178,1.7949,0.67,5.6495,0.19025,0.0071573,0.94605,0.002619,-0.00062481,0.00023194,0.0015377,3.41E-05,0.00087893,0.215388,0.0804,0.67794,9.08926E-05,0.0361475,0.001359887,0.1797495,9.45459E-05,-2.25556E-05,8.37303E-06,5.5511E-05,1.23274E-06,3.17294E-05
0.0025037,1.8032,0.67,5.6495,0.18841,0.0085347,0.95104,0.0025931,-0.00065688,0.00018179,0.0016229,3.54E-05,0.00079136,0.216384,0.0804,0.67794,9.03836E-05,0.0357979,0.001621593,0.1806976,9.36109E-05,-2.37134E-05,6.56262E-06,5.85867E-05,1.27823E-06,2.85681E-05
0.0024721,1.8114,0.67,5.6495,0.18642,0.0084602,0.95569,0.0025534,-0.00067506,0.00012987,0.0016663,1.65E-05,0.00072454,0.217368,0.0804,0.67794,8.92428E-05,0.0354198,0.001607438,0.1815811,9.21777E-05,-2.43697E-05,4.68831E-06,6.01534E-05,5.96083E-07,2.61559E-05
0.0024456,1.8197,0.67,5.6495,0.18442,0.0072378,0.96035,0.0025162,-0.00067861,9.38E-05,0.0016605,-2.55E-05,0.0007145,0.218364,0.0804,0.67794,8.82862E-05,0.0350398,0.001375182,0.1824665,9.08348E-05,-2.44978E-05,3.38596E-06,5.99441E-05,-9.20731E-07,2.57935E-05
0.0024439,1.8279,0.67,5.6495,0.18246,0.0054991,0.96552,0.0024848,-0.00067317,8.71E-05,0.0016354,-5.72E-05,0.00076756,0.219348,0.0804,0.67794,8.82248E-05,0.0346674,0.001044829,0.1834488,8.97013E-05,-2.43014E-05,3.14269E-06,5.90379E-05,-2.06658E-06,2.77089E-05
0.0024632,1.8362,0.67,5.6495,0.1804,0.0040499,0.97098,0.0024381,-0.0006614,0.00011554,0.0016125,-9.25E-05,0.00087568,0.220344,0.0804,0.67794,8.89215E-05,0.034276,0.000769481,0.1844862,8.80154E-05,-2.38765E-05,4.17099E-06,5.82113E-05,-3.34069E-06,3.1612E-05
0.0024701,1.8446,0.67,5.6495,0.17811,0.0034045,0.97654,0.002366,-0.00065305,0.00018538,0.0016066,-0.00013824,0.0009677,0.221352,0.0804,0.67794,8.91706E-05,0.0338409,0.000646855,0.1855426,8.54126E-05,-2.35751E-05,6.69222E-06,5.79983E-05,-4.99046E-06,3.4934E-05
0.0024716,1.8534,0.67,5.6495,0.17555,0.0039022,0.98212,0.0022699,-0.00065304,0.00030552,0.0016104,-0.00023646,0.001063,0.222408,0.0804,0.67794,8.92248E-05,0.0333545,0.000741418,0.1866028,8.19434E-05,-2.35747E-05,1.10293E-05,5.81354E-05,-8.53621E-06,3.83743E-05
0.0024786,1.8626,0.67,5.6495,0.17277,0.0053101,0.98727,0.0021549,-0.00064892,0.00044397,0.0016044,-0.00036186,0.0011979,0.223512,0.0804,0.67794,8.94775E-05,0.0328263,0.001008919,0.1875813,7.77919E-05,-2.3426E-05,1.60273E-05,5.79188E-05,-1.30631E-05,4.32442E-05
0.0025082,1.8723,0.67,5.6495,0.16989,0.0068144,0.99173,0.0020393,-0.00063778,0.00056236,0.0016174,-0.00049454,0.0013596,0.224676,0.0804,0.67794,9.0546E-05,0.0322791,0.001294736,0.1884287,7.36187E-05,-2.30239E-05,2.03012E-05,5.83881E-05,-1.78529E-05,4.90816E-05
0.0025495,1.8824,0.67,5.6495,0.16699,0.0080726,0.99578,0.001941,-0.00061364,0.00064975,0.0016255,-0.00064938,0.0015324,0.225888,0.0804,0.67794,9.2037E-05,0.0317281,0.001533794,0.1891982,7.00701E-05,-2.21524E-05,2.3456E-05,5.86806E-05,-2.34426E-05,5.53196E-05
0.0025331,1.8931,0.67,5.6495,0.16399,0.0091577,0.99905,0.0018444,-0.0005864,0.00065034,0.0015933,-0.00076122,0.0016285,0.227172,0.0804,0.67794,9.14449E-05,0.0311581,0.001739963,0.1898195,6.65828E-05,-2.1169E-05,2.34773E-05,5.75181E-05,-2.748E-05,5.87889E-05
0.0025053,1.9042,0.67,5.6495,0.16077,0.0091557,1.0021,0.0017561,-0.00059849,0.0005282,0.0015784,-0.00081096,0.001676,0.228504,0.0804,0.67794,9.04413E-05,0.0305463,0.001739583,0.190399,6.33952E-05,-2.16055E-05,1.9068E-05,5.69802E-05,-2.92757E-05,6.05036E-05
0.0025376,1.9159,0.67,5.6495,0.15732,0.0089803,1.0062,0.0017129,-0.0006537,0.00038972,0.0016264,-0.00078398,0.001736,0.229908,0.0804,0.67794,9.16074E-05,0.0298908,0.001706257,0.191178,6.18357E-05,-2.35986E-05,1.40689E-05,5.8713E-05,-2.83017E-05,6.26696E-05
0.0026293,1.9282,0.67,5.6495,0.15348,0.0096726,1.0117,0.0017371,-0.00069269,0.00028091,0.0016779,-0.00082201,0.0018436,0.231384,0.0804,0.67794,9.49177E-05,0.0291612,0.001837794,0.192223,6.27093E-05,-2.50061E-05,1.01409E-05,6.05722E-05,-2.96746E-05,6.6554E-05
0.0027812,1.941,0.67,5.6495,0.14918,0.010429,1.0144,0.0018015,-0.00070227,0.00028862,0.0016264,-0.00084453,0.0021344,0.23292,0.0804,0.67794,0.000100401,0.0283442,0.00198151,0.192736,6.50342E-05,-2.53519E-05,1.04192E-05,5.8713E-05,-3.04875E-05,7.70518E-05
0.0028669,1.9545,0.67,5.6495,0.1448,0.0096184,1.0149,0.001845,-0.00063701,0.00031739,0.0015123,-0.00079469,0.0023765,0.23454,0.0804,0.67794,0.000103495,0.027512,0.001827496,0.192831,6.66045E-05,-2.29961E-05,1.14578E-05,5.4594E-05,-2.86883E-05,8.57917E-05
0.002797,1.9686,0.67,5.6495,0.14052,0.0094201,1.0163,0.0018536,-0.00044896,0.00015557,0.001395,-0.00078782,0.0023454,0.236232,0.0804,0.67794,0.000100972,0.0266988,0.001789819,0.193097,6.6915E-05,-1.62075E-05,5.61608E-06,5.03595E-05,-2.84403E-05,8.46689E-05
0.0026536,1.9833,0.67,5.6495,0.13591,0.010057,1.0224,0.0018304,-0.00020654,6.87E-05,0.0011799,-0.00066814,0.002297,0.237996,0.0804,0.67794,9.5795E-05,0.0258229,0.00191083,0.194256,6.60774E-05,-7.45609E-06,2.47902E-06,4.25944E-05,-2.41199E-05,8.29217E-05
0.0024746,1.9988,0.67,5.6495,0.13086,0.012459,1.0234,0.0017801,-1.70E-05,-7.41E-05,0.0011903,-0.00054819,0.0019787,0.239856,0.0804,0.67794,8.93331E-05,0.0248634,0.00236721,0.194446,6.42616E-05,-6.15216E-07,-2.67573E-06,4.29698E-05,-1.97897E-05,7.14311E-05
0.0024625,2.0149,0.67,5.6495,0.12634,0.012509,1.023,0.0016951,6.25E-05,-0.00011479,0.0012526,-0.00054428,0.0019772,0.241788,0.0804,0.67794,8.88963E-05,0.0240046,0.00237671,0.19437,6.11931E-05,2.25769E-06,-4.14392E-06,4.52189E-05,-1.96485E-05,7.13769E-05
0.0025673,2.0319,0.67,5.6495,0.12222,0.011817,1.0188,0.0015547,8.08E-05,-0.00017217,0.0012599,-0.00036044,0.00232,0.243828,0.0804,0.67794,9.26795E-05,0.0232218,0.00224523,0.193572,5.61247E-05,2.91576E-06,-6.21534E-06,4.54824E-05,-1.30119E-05,0.000083752
0.0025561,2.0496,0.67,5.6495,0.11772,0.007223,1.0148,0.00144,7.57E-05,-7.07E-05,0.0010299,-9.03E-05,0.0026423,0.245952,0.0804,0.67794,9.22752E-05,0.0223668,0.00137237,0.192812,0.000051984,2.73418E-06,-2.5522E-06,3.71794E-05,-3.2599E-06,9.5387E-05
0.0030671,2.0681,0.67,5.6495,0.11234,0.004025,1.0129,0.0014778,6.57E-05,0.0004659,0.00079202,0.00021432,0.0038645,0.248172,0.0804,0.67794,0.000110722,0.0213446,0.00076475,0.192451,5.33486E-05,2.37296E-06,1.6819E-05,2.85919E-05,7.73695E-06,0.000139508
0.0038341,2.0875,0.67,5.6495,0.10602,0.0039106,1.0026,0.0016654,-5.79E-05,0.00096763,0.00078439,2.04E-05,0.0052185,0.2505,0.0804,0.67794,0.000138411,0.0201438,0.000743014,0.190494,6.01209E-05,-2.09109E-06,3.49314E-05,2.83165E-05,7.37126E-07,0.000188388
0.0046393,2.1078,0.67,5.6495,0.09957,0.0039418,0.99902,0.001921,-0.00021572,0.0017534,0.00068796,-0.00030951,0.0066695,0.252936,0.0804,0.67794,0.000167479,0.0189183,0.000748942,0.1898138,6.93481E-05,-7.78749E-06,6.32977E-05,2.48354E-05,-1.11733E-05,0.000240769
0.0052021,2.129,0.67,5.6495,0.093762,0.011584,0.99554,0.0021387,-0.00026624,0.0024044,0.00074585,-0.00027006,0.0075197,0.25548,0.0804,0.67794,0.000187796,0.01781478,0.00220096,0.1891526,7.72071E-05,-9.61126E-06,8.67988E-05,2.69252E-05,-9.74917E-06,0.000271461
0.0047689,2.1511,0.67,5.6495,0.090134,0.016751,0.98864,0.0022009,-0.00010352,0.0022494,0.00086996,-2.34E-05,0.006467,0.258132,0.0804,0.67794,0.000172157,0.01712546,0.00318269,0.1878416,7.94525E-05,-3.73707E-06,8.12033E-05,3.14056E-05,-8.45931E-07,0.000233459
0.0039302,2.1743,0.67,5.6495,0.087523,0.019559,0.99225,0.002105,7.87E-05,0.0017939,0.0010245,0.00014446,0.0047308,0.260916,0.0804,0.67794,0.00014188,0.01662937,0.00371621,0.1885275,7.59905E-05,2.84139E-06,6.47598E-05,3.69845E-05,5.21501E-06,0.000170782
0.0036036,2.1984,0.67,5.6495,0.081811,0.0218,0.99612,0.0018935,0.00012833,0.0017036,0.0010249,5.12E-05,0.0042888,0.263808,0.0804,0.67794,0.00013009,0.01554409,0.004142,0.1892628,6.83554E-05,4.63271E-06,6.15E-05,3.69989E-05,1.84781E-06,0.000154826
0.0039313,2.2237,0.67,5.6495,0.074121,0.026082,0.97488,0.0017018,0.00041338,0.0016627,0.0016516,0.00070927,0.0045091,0.266844,0.0804,0.67794,0.00014192,0.01408299,0.00495558,0.1852272,6.1435E-05,1.4923E-05,6.00235E-05,5.96228E-05,2.56046E-05,0.000162779
0.0050444,2.2501,0.67,5.6495,0.06764,0.032162,0.95473,0.0017687,0.00061732,0.0015864,0.0022327,0.0013208,0.0060874,0.270012,0.0804,0.67794,0.000182103,0.0128516,0.00611078,0.1813987,6.38501E-05,2.22853E-05,5.7269E-05,8.06005E-05,4.76809E-05,0.000219755
0.005091,2.2776,0.67,5.6495,0.060875,0.034189,0.94987,0.0019909,0.0004619,0.0015542,0.0019292,0.00063379,0.0062619,0.273312,0.0804,0.67794,0.000183785,0.01156625,0.00649591,0.1804753,7.18715E-05,1.66746E-05,5.61066E-05,6.96441E-05,2.28798E-05,0.000226055
0.0049802,2.3063,0.67,5.6495,0.053459,0.037805,0.93686,0.0021729,0.00026179,0.0012357,0.0016576,-0.0005146,0.0061299,0.276756,0.0804,0.67794,0.000179785,0.01015721,0.00718295,0.1780034,7.84417E-05,9.45062E-06,4.46088E-05,5.98394E-05,-1.85771E-05,0.000221289
0.0059599,2.3362,0.67,5.6495,0.043592,0.050041,0.92286,0.0023604,0.00038951,0.0014454,0.0018502,-0.00053597,0.0077091,0.280344,0.0804,0.67794,0.000215152,0.00828248,0.00950779,0.1753434,8.52104E-05,1.40613E-05,5.21789E-05,6.67922E-05,-1.93485E-05,0.000278299
0.0055596,2.3674,0.67,5.6495,0.032435,0.060128,0.89698,0.0024183,0.0005894,0.0016436,0.0025518,0.00016169,0.0061491,0.284088,0.0804,0.67794,0.000200702,0.00616265,0.01142432,0.1704262,8.73006E-05,2.12773E-05,5.9334E-05,9.212E-05,5.83701E-06,0.000221983
0.0053925,2.3999,0.67,5.6495,0.02375,0.06672,0.86734,0.0019647,0.00070061,0.001426,0.0038718,0.00031208,0.0049485,0.287988,0.0804,0.67794,0.000194669,0.0045125,0.0126768,0.1647946,7.09257E-05,2.5292E-05,5.14786E-05,0.000139772,1.12661E-05,0.000178641
0.0052278,2.4338,0.67,5.6495,0.014409,0.075118,0.82996,0.0011081,0.00047294,0.0012437,0.0037169,0.00058861,0.0056305,0.292056,0.0804,0.67794,0.000188724,0.00273771,0.01427242,0.1576924,4.00024E-05,1.70731E-05,4.48976E-05,0.00013418,2.12488E-05,0.000203261
0.0036995,2.4691,0.67,5.6495,0.0056254,0.070281,0.71524,0.00035144,7.69E-05,0.0006297,0.0021516,0.00079692,0.004896,0.296292,0.0804,0.67794,0.000133552,0.001068826,0.01335339,0.1358956,1.2687E-05,2.77645E-06,2.27322E-05,7.76728E-05,2.87688E-05,0.000176746
0.0014095,2.5058,0.67,5.6495,0.0018587,0.03093,0.3147,2.21E-05,1.33E-05,0.00011046,0.00082195,0.00031813,0.001975,0.300696,0.0804,0.67794,5.0883E-05,0.000353153,0.0058767,0.059793,7.97413E-07,4.79191E-07,3.98761E-06,2.96724E-05,1.14845E-05,7.12975E-05
3.35E-08,2.544,0.67,5.6495,0.00070297,1.52E-13,4.97E-18,6.71E-08,1.44E-17,-6.27E-22,3.11E-27,-1.35E-31,5.56E-35,0.30528,0.0804,0.67794,1.21108E-09,0.000133564,2.87926E-14,9.4354E-19,2.42213E-09,5.21248E-19,-2.26365E-23,1.1217E-28,-4.8587E-33,2.00637E-36
0,2.5837,0.67,5.6495,0,0,0,0,0,0,0,0,0,0.310044,0.0804,0.67794,0,0,0,0,0,0,0,0,0,0
0,2.625,0.67,5.6495,0,0,0,0,0,0,0,0,0,0.315,0.0804,0.67794,0,0,0,0,0,0,0,0,0,0
0,-0.125,0.67,5.6583,0,0,0,0,0,0,0,0,0,-0.015,0.0804,0.678996,0,0,0,0,0,0,0,0,0,0
0,-0.083719,0.67,5.6583,0,0,0,0,0,0,0,0,0,-0.01004628,0.0804,0.678996,0,0,0,0,0,0,0,0,0,0
2.92E-08,-0.044001,0.67,5.6583,-5.14E-05,-1.36E-14,1.79E-18,5.84E-08,1.52E-17,-1.04E-22,3.96E-27,-2.95E-32,3.32E-35,-0.00528012,0.0804,0.678996,1.05336E-09,-9.7584E-06,-2.57659E-15,3.40119E-19,2.10669E-09,5.48359E-19,-3.74574E-24,1.42808E-28,-1.06574E-33,1.19783E-36
0.00096738,-0.0058053,0.67,5.6583,-0.002286,0.025329,0.39499,1.09E-05,-2.51E-05,-3.43E-05,0.0008055,-0.00020118,0.0011183,-0.000696636,0.0804,0.678996,3.49224E-05,-0.00043434,0.00481251,0.0750481,3.94284E-07,-9.06038E-07,-1.23874E-06,2.90786E-05,-7.2626E-06,4.03706E-05
0.0025259,0.030909,0.67,5.6583,-0.010877,0.057322,0.89372,0.00017336,-0.00014738,-0.00019621,0.0020916,-0.0005161,0.0027867,0.00370908,0.0804,0.678996,9.1185E-05,-0.00206663,0.01089118,0.1698068,6.2583E-06,-5.32042E-06,-7.08318E-06,7.55068E-05,-1.86312E-05,0.0001006
0.0026071,0.066184,0.67,5.6583,-0.024293,0.052022,1.0104,0.00044466,-0.00022823,-9.10E-05,0.0018134,-0.00057378,0.0029562,0.00794208,0.0804,0.678996,9.41163E-05,-0.00461567,0.00988418,0.191976,1.60522E-05,-8.2391E-06,-3.28604E-06,6.54637E-05,-2.07135E-05,0.000106719
0.002488,0.10006,0.67,5.6583,-0.039195,0.038542,1.0446,0.00055111,-0.00023553,3.78E-05,0.0014584,-0.00066855,0.0029666,0.0120072,0.0804,0.678996,8.98168E-05,-0.00744705,0.00732298,0.198474,1.98951E-05,-8.50263E-06,1.36509E-06,5.26482E-05,-2.41347E-05,0.000107094
0.0030595,0.13258,0.67,5.6583,-0.049702,0.031151,1.0631,0.00053503,-0.00016062,-2.44E-05,0.0013866,-0.00086294,0.0041973,0.0159096,0.0804,0.678996,0.000110448,-0.00944338,0.00591869,0.201989,1.93146E-05,-5.79838E-06,-8.81454E-07,5.00563E-05,-3.11521E-05,0.000151523
0.0027171,0.16379,0.67,5.6583,-0.052315,0.019588,1.0788,0.00061233,-5.76E-05,-0.00017524,0.00096244,-0.00066243,0.0038595,0.0196548,0.0804,0.678996,9.80873E-05,-0.00993985,0.00372172,0.204972,2.21051E-05,-2.0777E-06,-6.32616E-06,3.47441E-05,-2.39137E-05,0.000139328
0.0024873,0.19372,0.67,5.6583,-0.053482,0.018757,1.0888,0.00081134,2.87E-06,-0.00036676,0.0010683,-0.00059771,0.0030949,0.0232464,0.0804,0.678996,8.97915E-05,-0.01016158,0.00356383,0.206872,2.92894E-05,1.0378E-07,-1.324E-05,3.85656E-05,-2.15773E-05,0.000111726
0.0035131,0.22242,0.67,5.6583,-0.056233,0.025803,1.0909,0.0011165,4.97E-05,-0.00077998,0.0011095,-0.00064338,0.0048003,0.0266904,0.0804,0.678996,0.000126823,-0.01068427,0.00490257,0.207271,4.03057E-05,1.79522E-06,-2.81573E-05,4.0053E-05,-2.3226E-05,0.000173291
0.0031175,0.24993,0.67,5.6583,-0.061464,0.027119,1.0956,0.0013187,0.00014963,-0.00089658,0.0010934,-0.00018618,0.0038229,0.0299916,0.0804,0.678996,0.000112542,-0.01167816,0.00515261,0.208164,4.76051E-05,5.40164E-06,-3.23665E-05,3.94717E-05,-6.7211E-06,0.000138007
0.002396,0.27629,0.67,5.6583,-0.068389,0.02668,1.097,0.001304,0.00013492,-0.00085057,0.0013183,-0.00028002,0.0021696,0.0331548,0.0804,0.678996,8.64956E-05,-0.01299391,0.0050692,0.20843,4.70744E-05,4.87061E-06,-3.07056E-05,4.75906E-05,-1.01087E-05,7.83226E-05
0.0032058,0.30154,0.67,5.6583,-0.07486,0.022884,1.0987,0.0013834,3.84E-05,-0.00094976,0.001882,-0.0010681,0.0031461,0.0361848,0.0804,0.678996,0.000115729,-0.0142234,0.00434796,0.208753,4.99407E-05,1.38577E-06,-3.42863E-05,6.79402E-05,-3.85584E-05,0.000113574
0.003483,0.32572,0.67,5.6583,-0.080956,0.016207,1.1007,0.0015356,9.19E-05,-0.00085648,0.001708,-0.0013094,0.0037225,0.0390864,0.0804,0.678996,0.000125736,-0.01538164,0.00307933,0.209133,5.54352E-05,3.31734E-06,-3.09189E-05,6.16588E-05,-4.72693E-05,0.000134382
0.0028108,0.34887,0.67,5.6583,-0.085744,0.017566,1.0992,0.0015341,9.05E-05,-0.00031635,0.0011256,-0.00070262,0.0029618,0.0418644,0.0804,0.678996,0.00010147,-0.01629136,0.00333754,0.208848,5.5381E-05,3.26795E-06,-1.14202E-05,4.06342E-05,-2.53646E-05,0.000106921
0.0022946,0.37102,0.67,5.6583,-0.090403,0.025348,1.0997,0.0014589,0.0001308,-0.00014466,0.0011201,-0.00042253,0.0020102,0.0445224,0.0804,0.678996,8.28351E-05,-0.01717657,0.00481612,0.208943,5.26663E-05,4.72188E-06,-5.22223E-06,4.04356E-05,-1.52533E-05,7.25682E-05
0.0024262,0.39221,0.67,5.6583,-0.0968,0.033303,1.1003,0.0014737,0.00021283,-0.0004239,0.0011973,-0.00071109,0.0021815,0.0470652,0.0804,0.678996,8.75858E-05,-0.018392,0.00632757,0.209057,5.32006E-05,7.68316E-06,-1.53028E-05,4.32225E-05,-2.56703E-05,7.87522E-05
0.0028413,0.41248,0.67,5.6583,-0.10241,0.03723,1.0922,0.0016441,0.00038603,-0.00061696,0.0012839,-0.00103,0.0027546,0.0494976,0.0804,0.678996,0.000102571,-0.0194579,0.0070737,0.207518,5.9352E-05,1.39357E-05,-2.22723E-05,4.63488E-05,-0.000037183,9.94411E-05
0.0035593,0.43187,0.67,5.6583,-0.10582,0.039192,1.0871,0.0018994,0.00058042,-0.00098089,0.001495,-0.0013406,0.0037241,0.0518244,0.0804,0.678996,0.000128491,-0.0201058,0.00744648,0.206549,6.85683E-05,2.09532E-05,-3.54101E-05,5.39695E-05,-4.83957E-05,0.00013444
0.0039937,0.4504,0.67,5.6583,-0.1095,0.039604,1.082,0.0020399,0.00055058,-0.00068447,0.0016777,-0.0015174,0.0042698,0.054048,0.0804,0.678996,0.000144173,-0.020805,0.00752476,0.20558,7.36404E-05,1.98759E-05,-2.47094E-05,6.0565E-05,-5.47781E-05,0.00015414
0.003781,0.46812,0.67,5.6583,-0.1151,0.037163,1.0844,0.0019306,0.00030369,-0.0003249,0.0016454,-0.0014731,0.0039859,0.0561744,0.0804,0.678996,0.000136494,-0.021869,0.00706097,0.206036,6.96947E-05,1.09632E-05,-1.17289E-05,5.93989E-05,-5.31789E-05,0.000143891
0.0030414,0.48504,0.67,5.6583,-0.12224,0.033588,1.0845,0.0016764,8.95E-06,-0.00011913,0.0014512,-0.0010949,0.0029551,0.0582048,0.0804,0.678996,0.000109795,-0.0232256,0.00638172,0.206055,6.0518E-05,3.23265E-07,-4.30059E-06,5.23883E-05,-3.95259E-05,0.000106679
0.0026361,0.50122,0.67,5.6583,-0.12944,0.029685,1.0875,0.0014367,-0.00018191,-9.63E-05,0.0013363,-0.00090679,0.0024992,0.0601464,0.0804,0.678996,9.51632E-05,-0.0245936,0.00564015,0.206625,5.18649E-05,-6.56695E-06,-3.47491E-06,4.82404E-05,-3.27351E-05,9.02211E-05
0.0026265,0.51667,0.67,5.6583,-0.13563,0.02743,1.0925,0.0012835,-0.00026505,-0.00026354,0.0013143,-0.00072197,0.0026552,0.0620004,0.0804,0.678996,9.48167E-05,-0.0257697,0.0052117,0.207575,4.63344E-05,-9.56831E-06,-9.51379E-06,4.74462E-05,-2.60631E-05,9.58527E-05
0.0024881,0.53142,0.67,5.6583,-0.1409,0.023695,1.096,0.0012508,-0.00020616,-0.00039883,0.001269,-0.00035136,0.0024563,0.0637704,0.0804,0.678996,8.98204E-05,-0.026771,0.00450205,0.20824,4.51539E-05,-7.44238E-06,-1.43978E-05,4.58109E-05,-1.26841E-05,8.86724E-05
0.0023621,0.54551,0.67,5.6583,-0.14545,0.019529,1.0964,0.0013492,-0.00012797,-0.00057303,0.0013225,-9.29E-05,0.0020525,0.0654612,0.0804,0.678996,8.52718E-05,-0.0276355,0.00371051,0.208316,4.87061E-05,-4.61972E-06,-2.06864E-05,4.77423E-05,-3.35459E-06,7.40953E-05
0.0024176,0.55896,0.67,5.6583,-0.14892,0.015413,1.0958,0.0015612,-1.05E-05,-0.00079105,0.001469,-8.18E-05,0.001805,0.0670752,0.0804,0.678996,8.72754E-05,-0.0282948,0.00292847,0.208202,5.63593E-05,-3.78833E-07,-2.85569E-05,5.30309E-05,-2.95421E-06,6.51605E-05
0.0026922,0.5718,0.67,5.6583,-0.15166,0.012303,1.0945,0.0018656,0.00021027,-0.0010565,0.0015933,-0.00021648,0.0019255,0.068616,0.0804,0.678996,9.71884E-05,-0.0288154,0.00233757,0.207955,6.73482E-05,7.59075E-06,-3.81397E-05,5.75181E-05,-7.81493E-06,6.95106E-05
0.0029906,0.58405,0.67,5.6583,-0.15475,0.0097722,1.0908,0.0021768,0.00042207,-0.0012689,0.0016955,-0.00028773,0.0021089,0.070086,0.0804,0.678996,0.000107961,-0.0294025,0.001856718,0.207252,7.85825E-05,1.52367E-05,-4.58073E-05,6.12076E-05,-1.03871E-05,7.61313E-05
0.0031455,0.59575,0.67,5.6583,-0.15875,0.0049826,1.0894,0.0023547,0.00053984,-0.001333,0.0017147,-0.00033475,0.0022216,0.07149,0.0804,0.678996,0.000113553,-0.0301625,0.000946694,0.206986,8.50047E-05,1.94882E-05,-4.81213E-05,6.19007E-05,-1.20845E-05,8.01998E-05
0.003065,0.6069,0.67,5.6583,-0.16349,-0.00037975,1.0903,0.0023529,0.00053081,-0.0012639,0.0015916,-0.00038591,0.0021854,0.072828,0.0804,0.678996,0.000110647,-0.0310631,-7.21525E-05,0.207157,8.49397E-05,1.91622E-05,-4.56268E-05,5.74568E-05,-1.39314E-05,7.88929E-05
0.0029465,0.61755,0.67,5.6583,-0.16863,-0.0049835,1.0957,0.0022467,0.00043484,-0.0011745,0.0014183,-0.00049004,0.0022279,0.074106,0.0804,0.678996,0.000106369,-0.0320397,-0.000946865,0.208183,8.11059E-05,1.56977E-05,-4.23995E-05,5.12006E-05,-1.76904E-05,8.04272E-05
0.0027907,0.6277,0.67,5.6583,-0.17381,-0.0084041,1.1012,0.002085,0.00029946,-0.0010266,0.0012537,-0.00056842,0.0022427,0.075324,0.0804,0.678996,0.000100744,-0.0330239,-0.001596779,0.209228,7.52685E-05,1.08105E-05,-3.70603E-05,4.52586E-05,-2.052E-05,8.09615E-05
0.0026112,0.63738,0.67,5.6583,-0.17885,-0.010755,1.1042,0.0018852,0.00014635,-0.00086431,0.0011292,-0.000601,0.002208,0.0764856,0.0804,0.678996,9.42643E-05,-0.0339815,-0.00204345,0.209798,6.80557E-05,5.28324E-06,-3.12016E-05,4.07641E-05,-2.16961E-05,7.97088E-05
0.0024311,0.64661,0.67,5.6583,-0.18385,-0.012571,1.1061,0.0016904,9.12E-06,-0.00066215,0.0010537,-0.00064361,0.002118,0.0775932,0.0804,0.678996,8.77627E-05,-0.0349315,-0.00238849,0.210159,6.10234E-05,3.29351E-07,-2.39036E-05,3.80386E-05,-2.32343E-05,7.64598E-05
0.0022466,0.65542,0.67,5.6583,-0.18883,-0.01411,1.1081,0.0015091,-8.29E-05,-0.00043356,0.00099969,-0.00068731,0.0019844,0.0786504,0.0804,0.678996,8.11023E-05,-0.0358777,-0.0026809,0.210539,5.44785E-05,-2.99128E-06,-1.56515E-05,3.60888E-05,-2.48119E-05,7.16368E-05
0.0021264,0.66381,0.67,5.6583,-0.19364,-0.015298,1.1112,0.0013617,-0.00013873,-0.00022444,0.00095434,-0.00072764,0.0019366,0.0796572,0.0804,0.678996,7.6763E-05,-0.0367916,-0.00290662,0.211128,4.91574E-05,-5.00815E-06,-8.10228E-06,3.44517E-05,-2.62678E-05,6.99113E-05
0.0020646,0.67207,0.67,5.6583,-0.19801,-0.016342,1.1135,0.0012768,-0.00017671,-4.59E-05,0.00089936,-0.00075049,0.0019531,0.0806484,0.0804,0.678996,7.45321E-05,-0.0376219,-0.00310498,0.211565,4.60925E-05,-6.37923E-06,-1.6575E-06,3.24669E-05,-2.70927E-05,7.05069E-05
0.0020784,0.68032,0.67,5.6583,-0.20179,-0.017498,1.1132,0.0012528,-0.00020147,7.21E-05,0.00086603,-0.00075286,0.002038,0.0816384,0.0804,0.678996,7.50302E-05,-0.0383401,-0.00332462,0.211508,4.52261E-05,-7.27307E-06,2.60187E-06,3.12637E-05,-2.71782E-05,7.35718E-05
0.0021543,0.68858,0.67,5.6583,-0.20505,-0.018776,1.1111,0.0012865,-0.00021711,0.00013237,0.00088761,-0.00075891,0.0021345,0.0826296,0.0804,0.678996,7.77702E-05,-0.0389595,-0.00356744,0.211109,4.64427E-05,-7.83767E-06,4.77856E-06,3.20427E-05,-2.73967E-05,7.70555E-05
0.0022682,0.69683,0.67,5.6583,-0.2079,-0.019611,1.1074,0.0013722,-0.00023594,0.0001653,0.00097062,-0.0007669,0.0021935,0.0836196,0.0804,0.678996,8.1882E-05,-0.039501,-0.00372609,0.210406,4.95364E-05,-8.51743E-06,5.96733E-06,3.50394E-05,-2.76851E-05,7.91854E-05
0.0023846,0.70509,0.67,5.6583,-0.21047,-0.019533,1.1023,0.0014612,-0.00025067,0.00019647,0.0010837,-0.00077902,0.0022242,0.0846108,0.0804,0.678996,8.60841E-05,-0.0399893,-0.00371127,0.209437,5.27493E-05,-9.04919E-06,7.09257E-06,3.91216E-05,-2.81226E-05,8.02936E-05
0.0025237,0.71335,0.67,5.6583,-0.21285,-0.018488,1.0964,0.0015679,-0.00025395,0.0001736,0.0012051,-0.00079154,0.0022744,0.085602,0.0804,0.678996,9.11056E-05,-0.0404415,-0.00351272,0.208316,5.66012E-05,-9.1676E-06,6.26696E-06,4.35041E-05,-2.85746E-05,8.21058E-05
0.0027165,0.7216,0.67,5.6583,-0.21498,-0.016521,1.0898,0.0017437,-0.00025936,0.00011866,0.0013226,-0.00080627,0.0023666,0.086592,0.0804,0.678996,9.80657E-05,-0.0408462,-0.00313899,0.207062,6.29476E-05,-9.3629E-06,4.28363E-06,4.77459E-05,-2.91063E-05,8.54343E-05
0.0029359,0.72986,0.67,5.6583,-0.21681,-0.013783,1.0821,0.0018855,-0.00026873,7.99E-05,0.0014516,-0.00083587,0.0025347,0.0875832,0.0804,0.678996,0.000105986,-0.0411939,-0.00261877,0.205599,6.80666E-05,-9.70115E-06,2.88269E-06,5.24028E-05,-3.01749E-05,9.15027E-05
0.0031798,0.73811,0.67,5.6583,-0.21854,-0.010592,1.0732,0.0019417,-0.00026459,4.93E-05,0.0016123,-0.00089683,0.0028057,0.0885732,0.0804,0.678996,0.000114791,-0.0415226,-0.00201248,0.203908,7.00954E-05,-9.5517E-06,1.78016E-06,5.8204E-05,-3.23756E-05,0.000101286
0.0034563,0.74637,0.67,5.6583,-0.22019,-0.0072116,1.0636,0.001998,-0.00026091,4.85E-05,0.0018044,-0.0010026,0.0031103,0.0895644,0.0804,0.678996,0.000124772,-0.0418361,-0.001370204,0.202084,7.21278E-05,-9.41885E-06,1.75096E-06,6.51388E-05,-3.61939E-05,0.000112282
0.0037194,0.75463,0.67,5.6583,-0.22177,-0.0040366,1.0547,0.0020486,-0.00026973,9.66E-05,0.0020007,-0.001153,0.0033895,0.0905556,0.0804,0.678996,0.00013427,-0.0421363,-0.000766954,0.200393,7.39545E-05,-9.73725E-06,3.48708E-06,7.22253E-05,-4.16233E-05,0.000122361
0.0039183,0.76288,0.67,5.6583,-0.22385,-0.0014359,1.0472,0.0020895,-0.00029768,0.00016196,0.0021507,-0.0012786,0.0035963,0.0915456,0.0804,0.678996,0.000141451,-0.0425315,-0.000272821,0.198968,7.5431E-05,-1.07462E-05,5.84676E-06,7.76403E-05,-4.61575E-05,0.000129826
0.0040746,0.77114,0.67,5.6583,-0.22672,0.00069459,1.0408,0.0021717,-0.00036982,0.00025558,0.0022489,-0.0013437,0.0037286,0.0925368,0.0804,0.678996,0.000147093,-0.0430768,0.000131972,0.197752,7.83984E-05,-1.33505E-05,9.22644E-06,8.11853E-05,-4.85076E-05,0.000134602
0.0041918,0.7794,0.67,5.6583,-0.22982,0.0024426,1.0351,0.0022764,-0.00046501,0.00037378,0.0023209,-0.0013311,0.0037863,0.093528,0.0804,0.678996,0.000151324,-0.0436658,0.000464094,0.196669,8.2178E-05,-1.67869E-05,1.34935E-05,8.37845E-05,-4.80527E-05,0.000136685
0.0042455,0.78765,0.67,5.6583,-0.23306,0.0036716,1.0297,0.002358,-0.00054868,0.00047942,0.0023551,-0.0012445,0.0037779,0.094518,0.0804,0.678996,0.000153263,-0.0442814,0.000697604,0.195643,8.51238E-05,-1.98073E-05,1.73071E-05,8.50191E-05,-4.49265E-05,0.000136382
0.0042766,0.79591,0.67,5.6583,-0.23661,0.0043339,1.0242,0.0024368,-0.00060471,0.00058096,0.0023154,-0.001157,0.003801,0.0955092,0.0804,0.678996,0.000154385,-0.0449559,0.000823441,0.194598,8.79685E-05,-2.183E-05,2.09727E-05,8.35859E-05,-4.17677E-05,0.000137216
0.0043351,0.80416,0.67,5.6583,-0.23985,0.004657,1.0181,0.0025356,-0.00061484,0.00066416,0.0021976,-0.001111,0.003937,0.0964992,0.0804,0.678996,0.000156497,-0.0455715,0.00088483,0.193439,9.15352E-05,-2.21957E-05,2.39762E-05,7.93334E-05,-4.01071E-05,0.000142126
0.0043989,0.81242,0.67,5.6583,-0.24258,0.0050307,1.0109,0.0026341,-0.00060319,0.00070143,0.0020442,-0.001071,0.0041196,0.0974904,0.0804,0.678996,0.0001588,-0.0460902,0.000955833,0.192071,9.5091E-05,-2.17752E-05,2.53216E-05,7.37956E-05,-3.86631E-05,0.000148718
0.0044875,0.82068,0.67,5.6583,-0.24514,0.0054843,1.0026,0.0027835,-0.00057779,0.00067496,0.0018905,-0.0010311,0.004301,0.0984816,0.0804,0.678996,0.000161999,-0.0465766,0.001042017,0.190494,0.000100484,-2.08582E-05,2.43661E-05,6.82471E-05,-3.72227E-05,0.000155266
0.0045362,0.82893,0.67,5.6583,-0.24748,0.0055359,0.99367,0.0029902,-0.00051891,0.0006285,0.0017343,-0.00097495,0.0043479,0.0994716,0.0804,0.678996,0.000163757,-0.0470212,0.001051821,0.1887973,0.000107946,-1.87327E-05,2.26889E-05,6.26082E-05,-3.51957E-05,0.000156959
0.0045291,0.83719,0.67,5.6583,-0.24961,0.0050474,0.98497,0.0031852,-0.00045035,0.00061803,0.001596,-0.00091055,0.004277,0.1004628,0.0804,0.678996,0.000163501,-0.0474259,0.000959006,0.1871443,0.000114986,-1.62576E-05,2.23109E-05,5.76156E-05,-3.28709E-05,0.0001544
0.0045349,0.84544,0.67,5.6583,-0.25171,0.004386,0.97734,0.0033535,-0.00038982,0.00066165,0.0015,-0.00086529,0.0042163,0.1014528,0.0804,0.678996,0.00016371,-0.0478249,0.00083334,0.1856946,0.000121061,-1.40725E-05,2.38856E-05,0.00005415,-3.1237E-05,0.000152208
0.0046564,0.8537,0.67,5.6583,-0.25392,0.0038839,0.97053,0.0035682,-0.00033857,0.0007334,0.0014313,-0.00082504,0.0043133,0.102444,0.0804,0.678996,0.000168096,-0.0482448,0.000737941,0.1844007,0.000128812,-1.22224E-05,2.64757E-05,5.16699E-05,-2.97839E-05,0.00015571
0.0048421,0.86196,0.67,5.6583,-0.25608,0.0033648,0.96353,0.0038401,-0.00029938,0.00080239,0.001357,-0.00077228,0.0044871,0.1034352,0.0804,0.678996,0.0001748,-0.0486552,0.000639312,0.1830707,0.000138628,-1.08076E-05,2.89663E-05,4.89877E-05,-2.78793E-05,0.000161984
0.0050796,0.87021,0.67,5.6583,-0.25787,0.0023214,0.95564,0.004137,-0.00025983,0.00085613,0.0012726,-0.00070661,0.0047496,0.1044252,0.0804,0.678996,0.000183374,-0.0489953,0.000441066,0.1815716,0.000149346,-9.37986E-06,3.09063E-05,4.59409E-05,-2.55086E-05,0.000171461
0.0053089,0.87847,0.67,5.6583,-0.25976,0.00038632,0.94726,0.0044301,-0.00019406,0.00090977,0.0012006,-0.00064844,0.0049871,0.1054164,0.0804,0.678996,0.000191651,-0.0493544,7.34008E-05,0.1799794,0.000159927,-7.00557E-06,3.28427E-05,4.33417E-05,-2.34087E-05,0.000180034
0.0055887,0.88672,0.67,5.6583,-0.26161,-0.0024515,0.93893,0.0047205,-0.00012148,0.00097677,0.0011501,-0.00059334,0.0053067,0.1064064,0.0804,0.678996,0.000201752,-0.0497059,-0.000465785,0.1783967,0.00017041,-4.38543E-06,3.52614E-05,4.15186E-05,-2.14196E-05,0.000191572
0.005904,0.89498,0.67,5.6583,-0.26285,-0.0057801,0.93043,0.0050309,-8.01E-05,0.0010089,0.0011206,-0.00054352,0.0056565,0.1073976,0.0804,0.678996,0.000213134,-0.0499415,-0.001098219,0.1767817,0.000181615,-2.89222E-06,3.64213E-05,4.04537E-05,-1.96211E-05,0.0002042
0.0062653,0.90324,0.67,5.6583,-0.26398,-0.0091387,0.92115,0.0053839,-4.24E-05,0.0010287,0.0011184,-0.00047858,0.0060283,0.1083888,0.0804,0.678996,0.000226177,-0.0501562,-0.001736353,0.1750185,0.000194359,-1.53003E-06,3.71361E-05,4.03742E-05,-1.72767E-05,0.000217622
0.0065935,0.91149,0.67,5.6583,-0.26498,-0.011991,0.91075,0.0057664,2.21E-06,0.0010948,0.0011267,-0.00036851,0.006294,0.1093788,0.0804,0.678996,0.000238025,-0.0503462,-0.00227829,0.1730425,0.000208167,7.96186E-08,3.95223E-05,4.06739E-05,-1.33032E-05,0.000227213
0.006854,0.91975,0.67,5.6583,-0.26552,-0.013777,0.89908,0.0060791,2.77E-05,0.0012117,0.0011041,-0.00023691,0.0065248,0.11037,0.0804,0.678996,0.000247429,-0.0504488,-0.00261763,0.1708252,0.000219456,9.98598E-07,4.37424E-05,3.9858E-05,-8.55245E-06,0.000235545
0.0070566,0.92801,0.67,5.6583,-0.26598,-0.014511,0.88668,0.0063626,5.98E-05,0.0013017,0.0010514,-0.00010375,0.0066992,0.1113612,0.0804,0.678996,0.000254743,-0.0505362,-0.00275709,0.1684692,0.00022969,2.15979E-06,4.69914E-05,3.79555E-05,-3.74538E-06,0.000241841
0.0071981,0.93626,0.67,5.6583,-0.26636,-0.01469,0.87412,0.0066691,0.00014112,0.0013143,0.001006,3.31E-05,0.0067211,0.1123512,0.0804,0.678996,0.000259851,-0.0506084,-0.0027911,0.1660828,0.000240755,5.09443E-06,4.74462E-05,3.63166E-05,1.19491E-06,0.000242632
0.0073733,0.94452,0.67,5.6583,-0.26689,-0.014705,0.86176,0.0070529,0.00027035,0.0012521,0.0010039,0.00018265,0.0066897,0.1133424,0.0804,0.678996,0.000266176,-0.0507091,-0.00279395,0.1637344,0.00025461,9.75964E-06,4.52008E-05,3.62408E-05,6.59367E-06,0.000241498
0.0075414,0.95277,0.67,5.6583,-0.26763,-0.014564,0.84969,0.0074238,0.00039427,0.0011113,0.0010585,0.00032776,0.0066006,0.1143324,0.0804,0.678996,0.000272245,-0.0508497,-0.00276716,0.1614411,0.000267999,1.42331E-05,4.01179E-05,3.82119E-05,1.18321E-05,0.000238282
0.0078445,0.96103,0.67,5.6583,-0.26732,-0.014089,0.83759,0.0077899,0.00050445,0.00091305,0.0011832,0.00042889,0.006716,0.1153236,0.0804,0.678996,0.000283186,-0.0507908,-0.00267691,0.1591421,0.000281215,1.82106E-05,3.29611E-05,4.27135E-05,1.54829E-05,0.000242448
0.0082254,0.96929,0.67,5.6583,-0.26707,-0.013199,0.8263,0.0081991,0.00061885,0.00070236,0.0013888,0.00045998,0.0068629,0.1163148,0.0804,0.678996,0.000296937,-0.0507433,-0.00250781,0.156997,0.000295988,2.23405E-05,2.53552E-05,5.01357E-05,1.66053E-05,0.000247751
0.008745,0.97754,0.67,5.6583,-0.26746,-0.012024,0.81622,0.0086517,0.00070285,0.000527,0.0016348,0.00044048,0.0072035,0.1173048,0.0804,0.678996,0.000315695,-0.0508174,-0.00228456,0.1550818,0.000312326,2.53729E-05,1.90247E-05,5.90163E-05,1.59013E-05,0.000260046
0.0093104,0.9858,0.67,5.6583,-0.26673,-0.010808,0.80654,0.0091072,0.00075005,0.00044062,0.0018501,0.00040404,0.0076635,0.118296,0.0804,0.678996,0.000336105,-0.0506787,-0.00205352,0.1532426,0.00032877,2.70768E-05,1.59064E-05,6.67886E-05,1.45858E-05,0.000276652
0.0098588,0.99405,0.67,5.6583,-0.26574,-0.0099893,0.79664,0.00946,0.00076046,0.00040936,0.0019645,0.00037739,0.0082932,0.119286,0.0804,0.678996,0.000355903,-0.0504906,-0.001897967,0.1513616,0.000341506,2.74526E-05,1.47779E-05,7.09185E-05,1.36238E-05,0.000299385
0.010386,1.0023,0.67,5.6583,-0.26529,-0.0099014,0.78616,0.0097636,0.0007156,0.00040274,0.0019403,0.00033308,0.0090684,0.120276,0.0804,0.678996,0.000374935,-0.0504051,-0.001881266,0.1493704,0.000352466,2.58332E-05,1.45389E-05,7.00448E-05,1.20242E-05,0.000327369
0.010811,1.0106,0.67,5.6583,-0.2646,-0.010558,0.77459,0.0099889,0.00061227,0.00033431,0.0018084,0.0002058,0.0098239,0.121272,0.0804,0.678996,0.000390277,-0.050274,-0.00200602,0.1471721,0.000360599,2.21029E-05,1.20686E-05,6.52832E-05,7.42938E-06,0.000354643
0.011231,1.0188,0.67,5.6583,-0.26368,-0.011921,0.76239,0.010228,0.00046585,0.00030212,0.0016384,-3.80E-06,0.010595,0.122256,0.0804,0.678996,0.000405439,-0.0500992,-0.00226499,0.1448541,0.000369231,1.68172E-05,1.09065E-05,5.91462E-05,-1.37346E-07,0.00038248
0.011582,1.0271,0.67,5.6583,-0.2628,-0.013664,0.75028,0.010486,0.00029143,0.00029763,0.0014793,-0.00024405,0.011199,0.123252,0.0804,0.678996,0.00041811,-0.049932,-0.00259616,0.1425532,0.000378545,1.05206E-05,1.07444E-05,5.34027E-05,-8.81021E-06,0.000404284
0.01193,1.0353,0.67,5.6583,-0.26223,-0.015476,0.73841,0.010709,0.00012319,0.00025256,0.0013521,-0.00045952,0.011798,0.124236,0.0804,0.678996,0.000430673,-0.0498237,-0.00294044,0.1402979,0.000386595,4.44716E-06,9.11742E-06,4.88108E-05,-1.65887E-05,0.000425908
0.012317,1.0436,0.67,5.6583,-0.26207,-0.017204,0.72667,0.010913,-3.60E-06,0.00015326,0.0012699,-0.00062986,0.01245,0.125232,0.0804,0.678996,0.000444644,-0.0497933,-0.00326876,0.1380673,0.000393959,-1.30108E-07,5.53269E-06,4.58434E-05,-2.27379E-05,0.000449445
0.012735,1.0518,0.67,5.6583,-0.2616,-0.018689,0.71465,0.011054,-7.69E-05,1.98E-05,0.0012248,-0.00074879,0.013192,0.126216,0.0804,0.678996,0.000459734,-0.049704,-0.00355091,0.1357835,0.000399049,-2.77714E-06,7.14239E-07,4.42153E-05,-2.70313E-05,0.000476231
0.013198,1.0601,0.67,5.6583,-0.26024,-0.019814,0.70208,0.011294,-9.06E-05,-5.63E-05,0.0011945,-0.00081719,0.013907,0.127212,0.0804,0.678996,0.000476448,-0.0494456,-0.00376466,0.1333952,0.000407713,-3.27221E-06,-2.03189E-06,4.31215E-05,-2.95006E-05,0.000502043
0.013576,1.0684,0.67,5.6583,-0.25818,-0.020247,0.68913,0.011555,-7.17E-05,-0.00019862,0.001186,-0.00087572,0.01441,0.128208,0.0804,0.678996,0.000490094,-0.0490542,-0.00384693,0.1309347,0.000417136,-2.58967E-06,-7.17018E-06,4.28146E-05,-3.16135E-05,0.000520201
0.013897,1.0766,0.67,5.6583,-0.25565,-0.019716,0.67637,0.011745,-6.25E-05,-0.00033953,0.0012108,-0.00094733,0.014838,0.129192,0.0804,0.678996,0.000501682,-0.0485735,-0.00374604,0.1285103,0.000423995,-2.25795E-06,-1.2257E-05,4.37099E-05,-3.41986E-05,0.000535652
0.014152,1.0849,0.67,5.6583,-0.25326,-0.018525,0.66417,0.011985,-8.20E-05,-0.00041219,0.0012761,-0.00099156,0.015043,0.130188,0.0804,0.678996,0.000510887,-0.0481194,-0.00351975,0.1261923,0.000432659,-2.96024E-06,-1.48801E-05,4.60672E-05,-3.57953E-05,0.000543052
0.01446,1.0931,0.67,5.6583,-0.25075,-0.017277,0.65229,0.012322,-0.00011466,-0.00042774,0.0013781,-0.00095413,0.01522,0.131172,0.0804,0.678996,0.000522006,-0.0476425,-0.00328263,0.1239351,0.000444824,-4.13923E-06,-1.54414E-05,4.97494E-05,-3.44441E-05,0.000549442
0.014738,1.1014,0.67,5.6583,-0.24759,-0.016557,0.64085,0.012677,-0.0001184,-0.00042708,0.0015002,-0.00086812,0.015299,0.132168,0.0804,0.678996,0.000532042,-0.0470421,-0.00314583,0.1217615,0.00045764,-4.27424E-06,-1.54176E-05,5.41572E-05,-3.13391E-05,0.000552294
0.014923,1.1096,0.67,5.6583,-0.24439,-0.017022,0.6301,0.012936,-7.99E-05,-0.00036347,0.0016318,-0.00080069,0.015278,0.133152,0.0804,0.678996,0.00053872,-0.0464341,-0.00323418,0.119719,0.00046699,-2.8849E-06,-1.31213E-05,5.8908E-05,-2.89049E-05,0.000551536
0.015062,1.1179,0.67,5.6583,-0.24112,-0.018457,0.62103,0.013282,-2.57E-05,-0.00019954,0.0017462,-0.00074919,0.015096,0.134148,0.0804,0.678996,0.000543738,-0.0458128,-0.00350683,0.1179957,0.00047948,-9.27517E-07,-7.20339E-06,6.30378E-05,-2.70458E-05,0.000544966
0.015138,1.1262,0.67,5.6583,-0.23763,-0.019938,0.61376,0.013716,3.10E-05,2.06E-05,0.0018097,-0.00065738,0.01475,0.135144,0.0804,0.678996,0.000546482,-0.0451497,-0.00378822,0.1166144,0.000495148,1.11737E-06,7.43732E-07,6.53302E-05,-2.37314E-05,0.000532475
0.015126,1.1344,0.67,5.6583,-0.23377,-0.021272,0.60715,0.013992,6.52E-05,0.00018713,0.0018113,-0.00053398,0.014447,0.136128,0.0804,0.678996,0.000546049,-0.0444163,-0.00404168,0.1153585,0.000505111,2.35459E-06,6.75539E-06,6.53879E-05,-1.92767E-05,0.000521537
0.015089,1.1427,0.67,5.6583,-0.22975,-0.022162,0.60101,0.014183,0.0001089,0.00041319,0.0017709,-0.00038952,0.014225,0.137124,0.0804,0.678996,0.000544713,-0.0436525,-0.00421078,0.1141919,0.000512006,3.93129E-06,1.49162E-05,6.39295E-05,-1.40617E-05,0.000513523
0.015127,1.1509,0.67,5.6583,-0.22515,-0.022547,0.5947,0.014435,0.00016819,0.00055533,0.0017211,-0.00024181,0.014099,0.138108,0.0804,0.678996,0.000546085,-0.0427785,-0.00428393,0.112993,0.000521104,6.07166E-06,2.00474E-05,6.21317E-05,-8.72934E-06,0.000508974
0.015148,1.1592,0.67,5.6583,-0.21971,-0.02311,0.58809,0.014451,0.0001895,0.00063571,0.0016533,-0.00013719,0.014193,0.139104,0.0804,0.678996,0.000546843,-0.0417449,-0.0043909,0.1117371,0.000521681,6.84095E-06,2.29491E-05,5.96841E-05,-4.95256E-06,0.000512367
0.015202,1.1674,0.67,5.6583,-0.21373,-0.023752,0.58149,0.014415,0.00021532,0.00072638,0.001581,-3.13E-05,0.014408,0.140088,0.0804,0.678996,0.000548792,-0.0406087,-0.00451288,0.1104831,0.000520382,7.77305E-06,2.62223E-05,5.70741E-05,-1.13033E-06,0.000520129
0.015357,1.1757,0.67,5.6583,-0.20705,-0.024448,0.57464,0.014565,0.0002376,0.00074629,0.0015281,3.72E-05,0.014621,0.141084,0.0804,0.678996,0.000554388,-0.0393395,-0.00464512,0.1091816,0.000525797,8.57736E-06,2.69411E-05,5.51644E-05,1.34278E-06,0.000527818
0.015467,1.1839,0.67,5.6583,-0.2,-0.025411,0.56843,0.014596,0.00020857,0.00071562,0.0015036,9.33E-05,0.014834,0.142068,0.0804,0.678996,0.000558359,-0.038,-0.00482809,0.1080017,0.000526916,7.52938E-06,2.58339E-05,5.428E-05,3.36759E-06,0.000535507
0.015582,1.1922,0.67,5.6583,-0.19313,-0.026557,0.56405,0.014739,0.00020405,0.00080178,0.0014951,0.00016845,0.01493,0.143064,0.0804,0.678996,0.00056251,-0.0366947,-0.00504583,0.1071695,0.000532078,7.36621E-06,2.89443E-05,5.39731E-05,6.08105E-06,0.000538973
0.015725,1.2005,0.67,5.6583,-0.18653,-0.02758,0.56127,0.015114,0.00018294,0.0010488,0.0014865,0.00025046,0.014849,0.14406,0.0804,0.678996,0.000567673,-0.0354407,-0.0052402,0.1066413,0.000545615,6.60413E-06,3.78617E-05,5.36627E-05,9.04161E-06,0.000536049
0.015746,1.2087,0.67,5.6583,-0.18019,-0.028748,0.56023,0.015353,0.00015428,0.0011974,0.0014854,0.00038174,0.014653,0.145044,0.0804,0.678996,0.000568431,-0.0342361,-0.00546212,0.1064437,0.000554243,5.56951E-06,4.32261E-05,5.36229E-05,1.37808E-05,0.000528973
0.015741,1.217,0.67,5.6583,-0.1738,-0.029937,0.56052,0.015453,0.00017425,0.0013949,0.0014847,0.00052795,0.014545,0.14604,0.0804,0.678996,0.00056825,-0.033022,-0.00568803,0.1064988,0.000557853,6.29043E-06,5.03559E-05,5.35977E-05,1.9059E-05,0.000525075
0.015709,1.2252,0.67,5.6583,-0.16681,-0.031016,0.56115,0.015428,0.00021725,0.0014924,0.0014969,0.00069021,0.014493,0.147024,0.0804,0.678996,0.000567095,-0.0316939,-0.00589304,0.1066185,0.000556951,7.84273E-06,5.38756E-05,5.40381E-05,2.49166E-05,0.000523197
0.015623,1.2335,0.67,5.6583,-0.15917,-0.032182,0.56144,0.015084,0.00027985,0.0014997,0.0015215,0.00087641,0.01464,0.14802,0.0804,0.678996,0.00056399,-0.0302423,-0.00611458,0.1066736,0.000544532,1.01026E-05,5.41392E-05,5.49262E-05,3.16384E-05,0.000528504
0.015448,1.2417,0.67,5.6583,-0.15073,-0.033378,0.56082,0.014522,0.00031059,0.0014684,0.0015629,0.0010669,0.014812,0.149004,0.0804,0.678996,0.000557673,-0.0286387,-0.00634182,0.1065558,0.000524244,1.12123E-05,5.30092E-05,5.64207E-05,3.85151E-05,0.000534713
0.015146,1.25,0.67,5.6583,-0.14141,-0.03474,0.55919,0.013878,0.00029208,0.0013665,0.0016009,0.0011766,0.014813,0.15,0.0804,0.678996,0.000546771,-0.0268679,-0.0066006,0.1062461,0.000500996,1.05441E-05,4.93307E-05,5.77925E-05,4.24753E-05,0.000534749
0.014828,1.2583,0.67,5.6583,-0.13139,-0.036178,0.55658,0.013204,0.0002266,0.0012155,0.001632,0.0012214,0.014821,0.150996,0.0804,0.678996,0.000535291,-0.0249641,-0.00687382,0.1057502,0.000476664,8.18026E-06,4.38796E-05,5.89152E-05,4.40925E-05,0.000535038
0.014711,1.2665,0.67,5.6583,-0.1208,-0.037288,0.55353,0.012679,0.00011189,0.0010805,0.0016821,0.0012849,0.015062,0.15198,0.0804,0.678996,0.000531067,-0.022952,-0.00708472,0.1051707,0.000457712,4.03923E-06,3.90061E-05,6.07238E-05,4.63849E-05,0.000543738
0.014637,1.2748,0.67,5.6583,-0.10978,-0.03761,0.55019,0.012257,-4.36E-05,0.00090198,0.0017592,0.001378,0.015258,0.152976,0.0804,0.678996,0.000528396,-0.0208582,-0.0071459,0.1045361,0.000442478,-1.57425E-06,3.25615E-05,6.35071E-05,4.97458E-05,0.000550814
0.014524,1.283,0.67,5.6583,-0.098364,-0.037449,0.54593,0.01181,-0.00019244,0.0006844,0.0018445,0.001496,0.015395,0.15396,0.0804,0.678996,0.000524316,-0.01868916,-0.00711531,0.1037267,0.000426341,-6.94708E-06,2.47068E-05,6.65865E-05,5.40056E-05,0.00055576
0.01438,1.2913,0.67,5.6583,-0.086365,-0.037049,0.54109,0.011418,-0.0003117,0.00048717,0.0018837,0.0016017,0.015457,0.154956,0.0804,0.678996,0.000519118,-0.01640935,-0.00703931,0.1028071,0.00041219,-1.12524E-05,1.75868E-05,6.80016E-05,5.78214E-05,0.000557998
0.01412,1.2995,0.67,5.6583,-0.074104,-0.036753,0.53625,0.011059,-0.00039744,0.0002166,0.0018513,0.0016729,0.015329,0.15594,0.0804,0.678996,0.000509732,-0.01407976,-0.00698307,0.1018875,0.00039923,-1.43476E-05,7.81926E-06,6.68319E-05,6.03917E-05,0.000553377
0.013846,1.3078,0.67,5.6583,-0.062083,-0.036573,0.53138,0.010748,-0.00045172,5.87E-06,0.0017714,0.0016781,0.015172,0.156936,0.0804,0.678996,0.000499841,-0.01179577,-0.00694887,0.1009622,0.000388003,-1.63071E-05,2.12012E-07,6.39475E-05,6.05794E-05,0.000547709
0.013533,1.316,0.67,5.6583,-0.050203,-0.036405,0.52673,0.01049,-0.00046552,-0.00013386,0.0016613,0.0016295,0.014915,0.15792,0.0804,0.678996,0.000488541,-0.00953857,-0.00691695,0.1000787,0.000378689,-1.68053E-05,-4.83235E-06,5.99729E-05,5.8825E-05,0.000538432
0.013028,1.3243,0.67,5.6583,-0.037892,-0.036246,0.52244,0.010096,-0.0004466,-0.00027558,0.0015237,0.0015165,0.014437,0.158916,0.0804,0.678996,0.000470311,-0.00719948,-0.00688674,0.0992636,0.000364466,-1.61223E-05,-9.94844E-06,5.50056E-05,5.47457E-05,0.000521176
0.012431,1.3326,0.67,5.6583,-0.025119,-0.035963,0.51842,0.0095952,-0.00042417,-0.00048809,0.0013789,0.0013876,0.013888,0.159912,0.0804,0.678996,0.000448759,-0.00477261,-0.00683297,0.0984998,0.000346387,-1.53125E-05,-1.762E-05,4.97783E-05,5.00924E-05,0.000501357
0.011944,1.3408,0.67,5.6583,-0.01246,-0.036012,0.51498,0.0092478,-0.00043575,-0.00071762,0.0012494,0.0012733,0.01339,0.160896,0.0804,0.678996,0.000431178,-0.0023674,-0.00684228,0.0978462,0.000333846,-1.57306E-05,-2.59061E-05,4.51033E-05,4.59661E-05,0.000483379
0.01153,1.3491,0.67,5.6583,-0.00039551,-0.035663,0.51253,0.0090557,-0.00040722,-0.00084422,0.0011232,0.0011222,0.012881,0.161892,0.0804,0.678996,0.000416233,-7.51469E-05,-0.00677597,0.0973807,0.000326911,-1.47006E-05,-3.04763E-05,4.05475E-05,4.05114E-05,0.000465004
0.010898,1.3573,0.67,5.6583,0.011933,-0.03558,0.51151,0.0086082,-0.00035169,-0.0007316,0.0010195,0.00099479,0.012168,0.162876,0.0804,0.678996,0.000393418,0.00226727,-0.0067602,0.0971869,0.000310756,-1.2696E-05,-2.64108E-05,3.6804E-05,3.59119E-05,0.000439265
0.010154,1.3656,0.67,5.6583,0.024527,-0.03554,0.51157,0.0079552,-0.00034189,-0.00079224,0.00094908,0.00085089,0.011403,0.163872,0.0804,0.678996,0.000366559,0.00466013,-0.0067526,0.0971983,0.000287183,-1.23422E-05,-2.85999E-05,3.42618E-05,3.07171E-05,0.000411648
0.0098246,1.3738,0.67,5.6583,0.036266,-0.035105,0.51294,0.0077903,-0.00029268,-0.00096602,0.00088802,0.00072848,0.010971,0.164856,0.0804,0.678996,0.000354668,0.00689054,-0.00666995,0.0974586,0.00028123,-1.05657E-05,-3.48733E-05,3.20575E-05,2.62981E-05,0.000396053
0.0092112,1.3821,0.67,5.6583,0.048058,-0.03492,0.51573,0.0074784,-0.00025953,-0.00097166,0.00084295,0.00060516,0.010101,0.165852,0.0804,0.678996,0.000332524,0.00913102,-0.0066348,0.0979887,0.00026997,-9.36903E-06,-3.50769E-05,3.04305E-05,2.18463E-05,0.000364646
0.0086979,1.3903,0.67,5.6583,0.060066,-0.034899,0.5191,0.0069483,-0.00023343,-0.0011324,0.00081511,0.000555,0.0096324,0.166836,0.0804,0.678996,0.000313994,0.01141254,-0.00663081,0.098629,0.000250834,-8.42682E-06,-4.08796E-05,2.94255E-05,2.00355E-05,0.00034773
0.0086046,1.3986,0.67,5.6583,0.0711,-0.035018,0.5249,0.0071408,-0.00023036,-0.0012853,0.00082463,0.00050522,0.0092438,0.167832,0.0804,0.678996,0.000310626,0.013509,-0.00665342,0.099731,0.000257783,-8.316E-06,-4.63993E-05,2.97691E-05,1.82384E-05,0.000333701
0.0080041,1.4069,0.67,5.6583,0.081994,-0.034139,0.53235,0.0069075,-0.00022848,-0.0012635,0.00086593,0.00036835,0.0082348,0.168828,0.0804,0.678996,0.000288948,0.01557886,-0.00648641,0.1011465,0.000249361,-8.24813E-06,-4.56124E-05,3.12601E-05,1.32974E-05,0.000297276
0.0076102,1.4151,0.67,5.6583,0.093243,-0.033637,0.53949,0.0063743,-0.00018204,-0.0012476,0.00093872,0.00030392,0.0079073,0.169812,0.0804,0.678996,0.000274728,0.01771617,-0.00639103,0.1025031,0.000230112,-6.57164E-06,-4.50384E-05,3.38878E-05,1.09715E-05,0.000285454
0.0073423,1.4234,0.67,5.6583,0.10364,-0.033224,0.5475,0.0061286,-0.00021778,-0.0013523,0.0010431,0.00022022,0.007513,0.170808,0.0804,0.678996,0.000265057,0.0196916,-0.00631256,0.104025,0.000221242,-7.86186E-06,-4.8818E-05,3.76559E-05,7.94994E-06,0.000271219
0.0069331,1.4316,0.67,5.6583,0.11373,-0.032119,0.55606,0.0056723,-0.00022528,-0.0013188,0.0011448,0.00016473,0.0070492,0.171792,0.0804,0.678996,0.000250285,0.0216087,-0.00610261,0.1056514,0.00020477,-8.13261E-06,-4.76087E-05,4.13273E-05,5.94675E-06,0.000254476
0.0067749,1.4399,0.67,5.6583,0.12313,-0.03166,0.56562,0.0054936,-0.00022081,-0.001483,0.0012684,0.00019459,0.0067877,0.172788,0.0804,0.678996,0.000244574,0.0233947,-0.0060154,0.1074678,0.000198319,-7.97124E-06,-5.35363E-05,4.57892E-05,7.0247E-06,0.000245036
0.0064097,1.4481,0.67,5.6583,0.13162,-0.030909,0.57625,0.0052206,-0.00027197,-0.0015226,0.0014039,0.00019454,0.0061948,0.173772,0.0804,0.678996,0.00023139,0.0250078,-0.00587271,0.1094875,0.000188464,-9.81812E-06,-5.49659E-05,5.06808E-05,7.02289E-06,0.000223632
0.0063247,1.4564,0.67,5.6583,0.14007,-0.030386,0.58737,0.0050534,-0.00029562,-0.0015972,0.0015092,0.00019773,0.0060869,0.174768,0.0804,0.678996,0.000228322,0.0266133,-0.00577334,0.1116003,0.000182428,-1.06719E-05,-5.76589E-05,5.44821E-05,7.13805E-06,0.000219737
0.0062051,1.4647,0.67,5.6583,0.14818,-0.030307,0.59945,0.0051041,-0.0003428,-0.0016474,0.0016045,0.00020823,0.0057016,0.175764,0.0804,0.678996,0.000224004,0.0281542,-0.00575833,0.1138955,0.000184258,-1.23751E-05,-5.94711E-05,5.79225E-05,7.5171E-06,0.000205828
0.0058866,1.4729,0.67,5.6583,0.15618,-0.030445,0.61156,0.0047494,-0.00039289,-0.0015964,0.0016596,0.00016927,0.0053641,0.176748,0.0804,0.678996,0.000212506,0.0296742,-0.00578455,0.1161964,0.000171453,-1.41833E-05,-5.763E-05,5.99116E-05,6.11065E-06,0.000193644
0.0056201,1.4812,0.67,5.6583,0.16395,-0.03124,0.6243,0.0043778,-0.00043788,-0.0017112,0.0016746,0.00011602,0.0051878,0.177744,0.0804,0.678996,0.000202886,0.0311505,-0.0059356,0.118617,0.000158039,-1.58075E-05,-6.17743E-05,6.04531E-05,4.18832E-06,0.00018728
0.0052914,1.4894,0.67,5.6583,0.17089,-0.032134,0.63758,0.0041098,-0.00048722,-0.0015579,0.0016725,5.68E-05,0.0048006,0.178728,0.0804,0.678996,0.00019102,0.0324691,-0.00610546,0.1211402,0.000148364,-1.75886E-05,-5.62402E-05,6.03773E-05,2.05182E-06,0.000173302
0.0050794,1.4977,0.67,5.6583,0.17734,-0.032973,0.65098,0.0039093,-0.00049886,-0.0014762,0.0016612,4.23E-06,0.0045883,0.179724,0.0804,0.678996,0.000183366,0.0336946,-0.00626487,0.1236862,0.000141126,-1.80088E-05,-5.32908E-05,5.99693E-05,1.52606E-07,0.000165638
0.00481,1.5059,0.67,5.6583,0.18348,-0.033509,0.66451,0.003705,-0.00049059,-0.0013363,0.0016555,-5.60E-05,0.0042594,0.180708,0.0804,0.678996,0.000173641,0.0348612,-0.00636671,0.1262569,0.000133751,-1.77103E-05,-4.82404E-05,5.97636E-05,-2.02059E-06,0.000153764
0.0045743,1.5142,0.67,5.6583,0.18906,-0.03386,0.6774,0.0034614,-0.00047481,-0.0011684,0.0016457,-0.00012122,0.0040415,0.181704,0.0804,0.678996,0.000165132,0.0359214,-0.0064334,0.128706,0.000124957,-1.71406E-05,-4.21792E-05,5.94098E-05,-4.37604E-06,0.000145898
0.0043978,1.5224,0.67,5.6583,0.19454,-0.034288,0.68969,0.0032796,-0.00044765,-0.0010885,0.0016329,-0.0002117,0.0038831,0.182688,0.0804,0.678996,0.000158761,0.0369626,-0.00651472,0.1310411,0.000118394,-1.61602E-05,-3.92949E-05,5.89477E-05,-7.64237E-06,0.00014018
0.0042546,1.5307,0.67,5.6583,0.20009,-0.034955,0.70157,0.0031,-0.0004176,-0.00099208,0.0016107,-0.00033324,0.0037986,0.183684,0.0804,0.678996,0.000153591,0.0380171,-0.00664145,0.1332983,0.00011191,-1.50754E-05,-3.58141E-05,5.81463E-05,-1.203E-05,0.000137129
0.0041589,1.539,0.67,5.6583,0.20501,-0.035414,0.71314,0.0029309,-0.00040331,-0.00089774,0.0015722,-0.0005043,0.0038148,0.18468,0.0804,0.678996,0.000150136,0.0389519,-0.00672866,0.1354966,0.000105805,-1.45595E-05,-3.24084E-05,5.67564E-05,-1.82052E-05,0.000137714
0.0040977,1.5472,0.67,5.6583,0.20872,-0.035393,0.72484,0.0027934,-0.00040166,-0.00080198,0.0015223,-0.00070424,0.0038798,0.185664,0.0804,0.678996,0.000147927,0.0396568,-0.00672467,0.1377196,0.000100842,-1.44999E-05,-2.89515E-05,5.4955E-05,-2.54231E-05,0.000140061
0.0040552,1.5555,0.67,5.6583,0.2123,-0.034773,0.73714,0.0027017,-0.00040134,-0.00071384,0.0014884,-0.00086773,0.0039202,0.18666,0.0804,0.678996,0.000146393,0.040337,-0.00660687,0.1400566,9.75314E-05,-1.44884E-05,-2.57696E-05,5.37312E-05,-3.13251E-05,0.000141519
0.0040489,1.5637,0.67,5.6583,0.21677,-0.033319,0.75024,0.0026587,-0.00041653,-0.0006261,0.0014868,-0.00096849,0.0039524,0.187644,0.0804,0.678996,0.000146165,0.0411863,-0.00633061,0.1425456,9.59791E-05,-1.50367E-05,-2.26022E-05,5.36735E-05,-3.49625E-05,0.000142682
0.0040167,1.572,0.67,5.6583,0.221,-0.031416,0.76384,0.0026077,-0.00044976,-0.00048973,0.0015071,-0.0010165,0.0039187,0.18864,0.0804,0.678996,0.000145003,0.04199,-0.00596904,0.1451296,9.4138E-05,-1.62363E-05,-1.76793E-05,5.44063E-05,-3.66957E-05,0.000141465
0.0039626,1.5802,0.67,5.6583,0.22421,-0.029613,0.77712,0.0025558,-0.00048229,-0.00033676,0.0015293,-0.0010352,0.0038401,0.189624,0.0804,0.678996,0.00014305,0.0425999,-0.00562647,0.1476528,9.22644E-05,-1.74107E-05,-1.2157E-05,5.52077E-05,-3.73707E-05,0.000138628
0.0038524,1.5885,0.67,5.6583,0.22731,-0.028188,0.78968,0.0025265,-0.00050012,-0.0002211,0.0015298,-0.0010207,0.0036485,0.19062,0.0804,0.678996,0.000139072,0.0431889,-0.00535572,0.1500392,9.12067E-05,-1.80543E-05,-7.98171E-06,5.52258E-05,-3.68473E-05,0.000131711
0.0037068,1.5968,0.67,5.6583,0.2302,-0.027122,0.80119,0.0025024,-0.0004988,-0.00015838,0.0014907,-0.00098053,0.0034204,0.191616,0.0804,0.678996,0.000133815,0.043738,-0.00515318,0.1522261,9.03366E-05,-1.80067E-05,-5.71752E-06,5.38143E-05,-3.53971E-05,0.000123476
0.0035366,1.605,0.67,5.6583,0.23204,-0.026285,0.81135,0.0024709,-0.00049229,-0.00011496,0.0014144,-0.0009316,0.0031879,0.1926,0.0804,0.678996,0.000127671,0.0440876,-0.00499415,0.1541565,8.91995E-05,-1.77717E-05,-4.15006E-06,5.10598E-05,-3.36308E-05,0.000115083
0.0033654,1.6133,0.67,5.6583,0.23303,-0.025683,0.82008,0.0024108,-0.00048831,-7.95E-05,0.0013178,-0.00087659,0.0030022,0.193596,0.0804,0.678996,0.000121491,0.0442757,-0.00487977,0.1558152,8.70299E-05,-1.7628E-05,-2.87027E-06,4.75726E-05,-3.16449E-05,0.000108379
0.0031938,1.6215,0.67,5.6583,0.2335,-0.025148,0.8276,0.0023252,-0.00049275,-5.77E-05,0.0012318,-0.00081948,0.0028306,0.19458,0.0804,0.678996,0.000115296,0.044365,-0.00477812,0.157244,8.39397E-05,-1.77883E-05,-2.08452E-06,4.4468E-05,-2.95832E-05,0.000102185
0.0030596,1.6298,0.67,5.6583,0.23354,-0.024334,0.83418,0.002256,-0.00050448,-4.51E-05,0.0011777,-0.00077443,0.0026856,0.195576,0.0804,0.678996,0.000110452,0.0443726,-0.00462346,0.1584942,8.14416E-05,-1.82117E-05,-1.62894E-06,4.2515E-05,-2.79569E-05,9.69502E-05
0.0029409,1.638,0.67,5.6583,0.23327,-0.023057,0.83997,0.0022207,-0.00050689,-4.89E-05,0.0011561,-0.00073292,0.002505,0.19656,0.0804,0.678996,0.000106166,0.0443213,-0.00438083,0.1595943,8.01673E-05,-1.82987E-05,-1.7637E-06,4.17352E-05,-2.64584E-05,9.04305E-05
0.0028251,1.6463,0.67,5.6583,0.23246,-0.021502,0.84512,0.0021792,-0.00049376,-6.05E-05,0.0011619,-0.00066811,0.0023091,0.197556,0.0804,0.678996,0.000101986,0.0441674,-0.00408538,0.1605728,7.86691E-05,-1.78247E-05,-2.18575E-06,4.19446E-05,-2.41188E-05,8.33585E-05
0.0026807,1.6545,0.67,5.6583,0.23103,-0.019949,0.84977,0.0020931,-0.00046701,-8.36E-05,0.0011938,-0.00056961,0.0020745,0.19854,0.0804,0.678996,9.67733E-05,0.0438957,-0.00379031,0.1614563,7.55609E-05,-1.68591E-05,-3.01771E-06,4.30962E-05,-2.05629E-05,7.48895E-05
0.0024981,1.6628,0.67,5.6583,0.22921,-0.018301,0.85385,0.0019842,-0.00043554,-0.00013766,0.0012444,-0.00043131,0.0017676,0.199536,0.0804,0.678996,9.01814E-05,0.0435499,-0.00347719,0.1622315,7.16296E-05,-1.5723E-05,-4.96953E-06,4.49228E-05,-1.55703E-05,6.38104E-05
0.0023536,1.6711,0.67,5.6583,0.22717,-0.016224,0.85802,0.0019413,-0.00039993,-0.00020883,0.0012819,-0.00028251,0.0014839,0.200532,0.0804,0.678996,8.4965E-05,0.0431623,-0.00308256,0.1630238,7.00809E-05,-1.44375E-05,-7.53876E-06,4.62766E-05,-1.01986E-05,5.35688E-05
0.0022686,1.6793,0.67,5.6583,0.22502,-0.013683,0.86293,0.0019491,-0.0003634,-0.00028503,0.0012734,-0.00018549,0.0013148,0.201516,0.0804,0.678996,8.18965E-05,0.0427538,-0.00259977,0.1639567,7.03625E-05,-1.31187E-05,-1.02896E-05,4.59697E-05,-6.69619E-06,4.74643E-05
0.0021946,1.6876,0.67,5.6583,0.22276,-0.010959,0.869,0.001944,-0.00033694,-0.00032415,0.0012188,-0.00014759,0.0012264,0.202512,0.0804,0.678996,7.92251E-05,0.0423244,-0.00208221,0.16511,7.01784E-05,-1.21635E-05,-1.17018E-05,4.39987E-05,-5.328E-06,4.4273E-05
0.0021333,1.6958,0.67,5.6583,0.22041,-0.0085606,0.87661,0.0019368,-0.00032088,-0.00031479,0.0011421,-0.0001498,0.0011878,0.203496,0.0804,0.678996,7.70121E-05,0.0418779,-0.001626514,0.1665559,6.99185E-05,-1.15838E-05,-1.13639E-05,4.12298E-05,-5.40778E-06,4.28796E-05
0.0021146,1.7041,0.67,5.6583,0.21788,-0.0069281,0.88446,0.0019862,-0.00032508,-0.00027671,0.0010703,-0.00017499,0.0011726,0.204492,0.0804,0.678996,7.63371E-05,0.0413972,-0.001316339,0.1680474,7.17018E-05,-1.17354E-05,-9.98923E-06,3.86378E-05,-6.31714E-06,4.23309E-05
0.0021264,1.7123,0.67,5.6583,0.21522,-0.0058634,0.89134,0.002058,-0.00034497,-0.00024322,0.0010251,-0.00018857,0.0011697,0.205476,0.0804,0.678996,7.6763E-05,0.0408918,-0.001114046,0.1693546,7.42938E-05,-1.24534E-05,-8.78024E-06,3.70061E-05,-6.80738E-06,4.22262E-05
0.002176,1.7206,0.67,5.6583,0.21265,-0.0047863,0.89806,0.0020996,-0.00036518,-0.00020732,0.0010211,-0.00016844,0.0012314,0.206472,0.0804,0.678996,7.85536E-05,0.0404035,-0.000909397,0.1706314,7.57956E-05,-1.3183E-05,-7.48425E-06,3.68617E-05,-6.08068E-06,4.44535E-05
0.0022646,1.7289,0.67,5.6583,0.21012,-0.0035367,0.90479,0.0021258,-0.00039229,-0.00013435,0.0010532,-0.00013992,0.0013501,0.207468,0.0804,0.678996,8.17521E-05,0.0399228,-0.000671973,0.1719101,7.67414E-05,-1.41617E-05,-4.85004E-06,3.80205E-05,-5.05111E-06,4.87386E-05
0.0023768,1.7371,0.67,5.6583,0.2075,-0.0022799,0.91024,0.0021674,-0.00043241,-2.14E-05,0.0010885,-0.00015011,0.0014977,0.208452,0.0804,0.678996,8.58025E-05,0.039425,-0.000433181,0.1729456,7.82431E-05,-1.561E-05,-7.72287E-07,3.92949E-05,-5.41897E-06,5.4067E-05
0.0025161,1.7454,0.67,5.6583,0.20501,-0.0012341,0.91407,0.0022732,-0.00047749,0.00013241,0.001111,-0.00017839,0.001648,0.209448,0.0804,0.678996,9.08312E-05,0.0389519,-0.000234479,0.1736733,8.20625E-05,-1.72374E-05,4.78E-06,4.01071E-05,-6.43988E-06,5.94928E-05
0.0026191,1.7536,0.67,5.6583,0.20289,-0.0005698,0.91776,0.0024031,-0.00051571,0.00027721,0.0011299,-0.00016063,0.0017051,0.210432,0.0804,0.678996,9.45495E-05,0.0385491,-0.000108262,0.1743744,8.67519E-05,-1.86171E-05,1.00073E-05,4.07894E-05,-5.79874E-06,6.15541E-05
0.0025971,1.7619,0.67,5.6583,0.20129,-0.00013594,0.92278,0.0024911,-0.00053779,0.00034315,0.0011608,-9.41E-05,0.0015423,0.211428,0.0804,0.678996,9.37553E-05,0.0382451,-2.58286E-05,0.1753282,8.99287E-05,-1.94142E-05,1.23877E-05,4.19049E-05,-3.39733E-06,5.5677E-05
0.002523,1.7701,0.67,5.6583,0.20016,0.00043836,0.92905,0.0025522,-0.00054905,0.00034672,0.0012275,-2.75E-05,0.0012662,0.212412,0.0804,0.678996,9.10803E-05,0.0380304,8.32884E-05,0.1765195,9.21344E-05,-1.98207E-05,1.25166E-05,4.43128E-05,-9.92028E-07,4.57098E-05
0.0025069,1.7784,0.67,5.6583,0.19907,0.0016643,0.93498,0.0026153,-0.00056634,0.00033049,0.0013227,3.21E-06,0.0010758,0.213408,0.0804,0.678996,9.04991E-05,0.0378233,0.000316217,0.1776462,9.44123E-05,-2.04449E-05,1.19307E-05,4.77495E-05,1.16047E-07,3.88364E-05
0.002541,1.7866,0.67,5.6583,0.19767,0.003826,0.94037,0.0026687,-0.00059584,0.00030889,0.0014262,2.60E-05,0.00098717,0.214392,0.0804,0.678996,9.17301E-05,0.0375573,0.00072694,0.1786703,9.63401E-05,-2.15098E-05,1.11509E-05,5.14858E-05,9.39322E-07,3.56368E-05
0.0025448,1.7949,0.67,5.6583,0.19587,0.0063203,0.94548,0.0026643,-0.00063277,0.00025414,0.0015237,4.45E-05,0.00090151,0.215388,0.0804,0.678996,9.18673E-05,0.0372153,0.001200857,0.1796412,9.61812E-05,-2.2843E-05,9.17445E-06,5.50056E-05,1.6049E-06,3.25445E-05
0.0025114,1.8032,0.67,5.6583,0.19381,0.0079992,0.95057,0.002604,-0.00066464,0.00018905,0.0016083,4.87E-05,0.00081042,0.216384,0.0804,0.678996,9.06615E-05,0.0368239,0.001519848,0.1806083,9.40044E-05,-2.39935E-05,6.82471E-06,5.80596E-05,1.75749E-06,2.92562E-05
0.002477,1.8114,0.67,5.6583,0.19168,0.0082723,0.95535,0.0025576,-0.00068402,0.00013505,0.0016577,3.40E-05,0.00073874,0.217368,0.0804,0.678996,8.94197E-05,0.0364192,0.001571737,0.1815165,9.23294E-05,-2.46931E-05,4.87531E-06,5.9843E-05,1.22661E-06,2.66685E-05
0.0024527,1.8197,0.67,5.6583,0.18959,0.0072694,0.96002,0.002534,-0.00069188,9.31E-05,0.0016569,-7.39E-06,0.00071456,0.218364,0.0804,0.678996,8.85425E-05,0.0360221,0.001381186,0.1824038,9.14774E-05,-2.49769E-05,3.35961E-06,5.98141E-05,-2.66667E-07,2.57956E-05
0.0024428,1.8279,0.67,5.6583,0.18753,0.0055527,0.96514,0.0025029,-0.00068938,7.24E-05,0.0016322,-3.93E-05,0.00075039,0.219348,0.0804,0.678996,8.81851E-05,0.0356307,0.001055013,0.1833766,9.03547E-05,-2.48866E-05,2.61324E-06,5.89224E-05,-1.417E-06,2.70891E-05
0.0024579,1.8362,0.67,5.6583,0.18536,0.0039897,0.97061,0.002454,-0.0006751,8.88E-05,0.0016064,-7.59E-05,0.00085525,0.220344,0.0804,0.678996,8.87302E-05,0.0352184,0.000758043,0.1844159,8.85894E-05,-2.43711E-05,3.20557E-06,5.7991E-05,-2.74031E-06,3.08745E-05
0.0024667,1.8446,0.67,5.6583,0.18294,0.0031514,0.97619,0.0023816,-0.00066345,0.00014817,0.001599,-0.00011848,0.00095281,0.221352,0.0804,0.678996,8.90479E-05,0.0347586,0.000598766,0.1854761,8.59758E-05,-2.39505E-05,5.34894E-06,5.77239E-05,-4.27713E-06,3.43964E-05
0.0024649,1.8534,0.67,5.6583,0.18026,0.0034319,0.98188,0.0022847,-0.00066225,0.00026145,0.0016049,-0.00020761,0.0010402,0.222408,0.0804,0.678996,8.89829E-05,0.0342494,0.000652061,0.1865572,8.24777E-05,-2.39072E-05,9.43835E-06,5.79369E-05,-7.49472E-06,3.75512E-05
0.0024682,1.8626,0.67,5.6583,0.17733,0.0047419,0.98722,0.0021728,-0.00065733,0.00040403,0.0015979,-0.000332,0.0011656,0.223512,0.0804,0.678996,8.9102E-05,0.0336927,0.000900961,0.1875718,7.84381E-05,-2.37296E-05,1.45855E-05,5.76842E-05,-1.19852E-05,4.20782E-05
0.0024922,1.8723,0.67,5.6583,0.17428,0.0062996,0.99187,0.0020572,-0.00064163,0.00052879,0.0016069,-0.00046409,0.0013203,0.224676,0.0804,0.678996,8.99684E-05,0.0331132,0.001196924,0.1884553,7.42649E-05,-2.31628E-05,1.90893E-05,5.80091E-05,-1.67536E-05,4.76628E-05
0.0025342,1.8824,0.67,5.6583,0.1712,0.007623,0.99609,0.0019473,-0.00061237,0.00062726,0.0016168,-0.00061945,0.0015042,0.225888,0.0804,0.678996,9.14846E-05,0.032528,0.00144837,0.1892571,7.02975E-05,-2.21066E-05,2.26441E-05,5.83665E-05,-2.23621E-05,5.43016E-05
0.0025299,1.8931,0.67,5.6583,0.16802,0.0088443,0.99957,0.0018484,-0.00057932,0.00065287,0.001588,-0.00074105,0.0016234,0.227172,0.0804,0.678996,9.13294E-05,0.0319238,0.001680417,0.1899183,6.67272E-05,-2.09135E-05,2.35686E-05,5.73268E-05,-2.67519E-05,5.86047E-05
0.0025052,1.9042,0.67,5.6583,0.16464,0.0090016,1.0026,0.0017622,-0.00058604,0.00054455,0.0015683,-0.00080388,0.0016799,0.228504,0.0804,0.678996,9.04377E-05,0.0312816,0.001710304,0.190494,6.36154E-05,-2.1156E-05,1.96583E-05,5.66156E-05,-2.90201E-05,6.06444E-05
0.002533,1.9159,0.67,5.6583,0.16102,0.0087826,1.0066,0.0017166,-0.00064283,0.00040419,0.0016126,-0.00077813,0.0017368,0.229908,0.0804,0.678996,9.14413E-05,0.0305938,0.001668694,0.191254,6.19693E-05,-2.32062E-05,1.45913E-05,5.82149E-05,-2.80905E-05,6.26985E-05
0.0026176,1.9282,0.67,5.6583,0.15704,0.0093851,1.0122,0.0017351,-0.00068583,0.00028356,0.0016725,-0.00080913,0.0018276,0.231384,0.0804,0.678996,9.44954E-05,0.0298376,0.001783169,0.192318,6.26371E-05,-2.47585E-05,1.02365E-05,6.03773E-05,-2.92096E-05,6.59764E-05
0.0027635,1.941,0.67,5.6583,0.1526,0.010256,1.0153,0.0017957,-0.0007,0.00028097,0.0016333,-0.000836,0.002098,0.23292,0.0804,0.678996,9.97624E-05,0.028994,0.00194864,0.192907,6.48248E-05,-0.00002527,1.0143E-05,5.89621E-05,-3.01796E-05,7.57378E-05
0.0028696,1.9545,0.67,5.6583,0.14803,0.0095314,1.0159,0.0018508,-0.00064519,0.00032004,0.0015253,-0.00079376,0.0023631,0.23454,0.0804,0.678996,0.000103593,0.0281257,0.001810966,0.193021,6.68139E-05,-2.32914E-05,1.15534E-05,5.50633E-05,-2.86547E-05,8.53079E-05
0.0028166,1.9686,0.67,5.6583,0.14356,0.0092618,1.017,0.0018622,-0.00046907,0.00016192,0.001414,-0.00079156,0.0023571,0.236232,0.0804,0.678996,0.000101679,0.0272764,0.001759742,0.19323,6.72254E-05,-1.69334E-05,5.84531E-06,5.10454E-05,-2.85753E-05,8.50913E-05
0.0026816,1.9833,0.67,5.6583,0.1388,0.0098082,1.023,0.0018367,-0.00022559,7.83E-05,0.0011956,-0.0006803,0.002331,0.237996,0.0804,0.678996,9.68058E-05,0.026372,0.001863558,0.19437,6.63049E-05,-8.1438E-06,2.82544E-06,4.31612E-05,-2.45588E-05,8.41491E-05
0.0024982,1.9988,0.67,5.6583,0.13359,0.012298,1.0243,0.0017909,-2.99E-05,-5.80E-05,0.0011934,-0.00055922,0.002012,0.239856,0.0804,0.678996,9.0185E-05,0.0253821,0.00233662,0.194617,6.46515E-05,-1.08083E-06,-2.0951E-06,4.30817E-05,-2.01878E-05,7.26332E-05
0.0024753,2.0149,0.67,5.6583,0.12887,0.012556,1.024,0.0017053,5.57E-05,-0.00010115,0.0012592,-0.00055543,0.0019861,0.241788,0.0804,0.678996,8.93583E-05,0.0244853,0.00238564,0.19456,6.15613E-05,2.01247E-06,-3.65152E-06,4.54571E-05,-2.0051E-05,7.16982E-05
0.00258,2.0319,0.67,5.6583,0.12459,0.012078,1.0201,0.0015649,7.85E-05,-0.00016265,0.0012814,-0.00038056,0.0023137,0.243828,0.0804,0.678996,0.000093138,0.0236721,0.00229482,0.193819,5.64929E-05,2.8341E-06,-5.87167E-06,4.62585E-05,-1.37382E-05,8.35246E-05
0.0025413,2.0496,0.67,5.6583,0.11994,0.007603,1.0158,0.0014428,7.42E-05,-8.63E-05,0.0010522,-0.00011132,0.0025877,0.245952,0.0804,0.678996,9.17409E-05,0.0227886,0.00144457,0.193002,5.20851E-05,2.67815E-06,-3.11514E-06,3.79844E-05,-4.01865E-06,9.3416E-05
0.0030328,2.0681,0.67,5.6583,0.11445,0.0042435,1.0141,0.0014703,6.85E-05,0.00043728,0.00080236,0.00020276,0.0037929,0.248172,0.0804,0.678996,0.000109484,0.0217455,0.000806265,0.192679,5.30778E-05,2.4718E-06,1.57858E-05,2.89652E-05,7.31964E-06,0.000136924
0.0037929,2.0875,0.67,5.6583,0.10804,0.0040556,1.004,0.0016536,-4.89E-05,0.000935,0.0007887,3.43E-05,0.0051436,0.2505,0.0804,0.678996,0.000136924,0.0205276,0.000770564,0.19076,5.9695E-05,-1.76702E-06,3.37535E-05,2.84721E-05,1.23845E-06,0.000185684
0.0045841,2.1078,0.67,5.6583,0.10148,0.003898,1,0.0019067,-0.00021131,0.0017057,0.00068732,-0.00029418,0.0065742,0.252936,0.0804,0.678996,0.000165486,0.0192812,0.00074062,0.19,6.88319E-05,-7.62829E-06,6.15758E-05,2.48123E-05,-1.06199E-05,0.000237329
0.0051776,2.129,0.67,5.6583,0.0955,0.011347,0.9968,0.0021335,-0.00027173,0.0023777,0.00074062,-0.0002753,0.007481,0.25548,0.0804,0.678996,0.000186911,0.018145,0.00215593,0.189392,7.70194E-05,-9.80945E-06,8.5835E-05,2.67364E-05,-9.93833E-06,0.000270064
0.0047849,2.1511,0.67,5.6583,0.091648,0.016628,0.98983,0.0022034,-0.00011328,0.0022515,0.00086866,-2.89E-05,0.0064976,0.258132,0.0804,0.678996,0.000172735,0.01741312,0.00315932,0.1880677,7.95427E-05,-4.08941E-06,8.12792E-05,3.13586E-05,-1.0421E-06,0.000234563
0.0039368,2.1743,0.67,5.6583,0.088934,0.019547,0.99299,0.0021085,7.50E-05,0.0017891,0.001021,0.00014542,0.0047443,0.260916,0.0804,0.678996,0.000142118,0.01689746,0.00371393,0.1886681,7.61169E-05,2.70866E-06,6.45865E-05,3.68581E-05,5.24966E-06,0.000171269
0.003603,2.1984,0.67,5.6583,0.083238,0.021739,0.99714,0.0019014,0.00012518,0.0016975,0.0010179,4.24E-05,0.0042867,0.263808,0.0804,0.678996,0.000130068,0.01581522,0.00413041,0.1894566,6.86405E-05,4.519E-06,6.12798E-05,3.67462E-05,1.53064E-06,0.00015475
0.0039272,2.2237,0.67,5.6583,0.075426,0.025969,0.97648,0.0017097,0.00040453,0.0016657,0.0016404,0.00068984,0.0045043,0.266844,0.0804,0.678996,0.000141772,0.01433094,0.00493411,0.1855312,6.17202E-05,1.46035E-05,6.01318E-05,5.92184E-05,2.49032E-05,0.000162605
0.0050258,2.2501,0.67,5.6583,0.068699,0.032211,0.95619,0.00178,0.00061802,0.00158,0.0022277,0.0013199,0.0060438,0.270012,0.0804,0.678996,0.000181431,0.01305281,0.00612009,0.1816761,0.000064258,2.23105E-05,0.000057038,8.042E-05,4.76484E-05,0.000218181
0.0050923,2.2776,0.67,5.6583,0.061765,0.03435,0.95124,0.0020079,0.00047216,0.0015544,0.0019387,0.00065411,0.0062379,0.273312,0.0804,0.678996,0.000183832,0.01173535,0.0065265,0.1807356,7.24852E-05,1.7045E-05,5.61138E-05,6.99871E-05,2.36134E-05,0.000225188
0.0049793,2.3063,0.67,5.6583,0.054302,0.0379,0.93817,0.0021865,0.00026952,0.0012446,0.0016679,-0.00050183,0.0061043,0.276756,0.0804,0.678996,0.000179753,0.01031738,0.007201,0.1782523,7.89327E-05,9.72967E-06,4.49301E-05,6.02112E-05,-1.81161E-05,0.000220365
0.0059523,2.3362,0.67,5.6583,0.044396,0.049981,0.92413,0.002368,0.00038936,0.0014499,0.0018506,-0.00053686,0.007686,0.280344,0.0804,0.678996,0.000214878,0.00843524,0.00949639,0.1755847,8.54848E-05,1.40559E-05,5.23414E-05,6.68067E-05,-1.93806E-05,0.000277465
0.0055679,2.3674,0.67,5.6583,0.033097,0.060127,0.89812,0.0024164,0.0005896,0.0016527,0.0025414,0.00016308,0.006178,0.284088,0.0804,0.678996,0.000201001,0.00628843,0.01142413,0.1706428,8.7232E-05,2.12846E-05,5.96625E-05,9.17445E-05,5.88719E-06,0.000223026
0.0053925,2.3999,0.67,5.6583,0.024261,0.066831,0.86844,0.0019576,0.00069439,0.0014338,0.0038545,0.0003068,0.0049729,0.287988,0.0804,0.678996,0.000194669,0.00460959,0.01269789,0.1650036,7.06694E-05,2.50675E-05,5.17602E-05,0.000139147,1.10755E-05,0.000179522
0.0052175,2.4338,0.67,5.6583,0.014806,0.075328,0.83132,0.0011057,0.00046385,0.0012431,0.0037016,0.00057633,0.0056276,0.292056,0.0804,0.678996,0.000188352,0.00281314,0.01431232,0.1579508,3.99158E-05,1.6745E-05,4.48759E-05,0.000133628,2.08055E-05,0.000203156
0.0036857,2.4691,0.67,5.6583,0.0058349,0.070595,0.71646,0.00035161,7.55E-05,0.00062649,0.0021455,0.00079109,0.0048742,0.296292,0.0804,0.678996,0.000133054,0.001108631,0.01341305,0.1361274,1.26931E-05,2.72486E-06,2.26163E-05,7.74526E-05,2.85583E-05,0.000175959
0.0014035,2.5058,0.67,5.6583,0.0018256,0.03107,0.31525,2.22E-05,1.30E-05,0.00010987,0.00081971,0.00031572,0.001965,0.300696,0.0804,0.678996,5.06664E-05,0.000346864,0.0059033,0.0598975,8.00951E-07,4.70275E-07,3.96631E-06,2.95915E-05,1.13975E-05,7.09365E-05
7.73E-08,2.544,0.67,5.6583,0.0006268,1.30E-13,4.44E-18,1.55E-07,3.07E-17,-4.16E-22,6.10E-27,-9.86E-32,1.80E-34,0.30528,0.0804,0.678996,2.78952E-09,0.000119092,2.46791E-14,8.43866E-19,5.57889E-09,1.1078E-18,-1.50292E-23,2.2034E-28,-3.55827E-33,6.49583E-36
0,2.5837,0.67,5.6583,0,0,0,0,0,0,0,0,0,0.310044,0.0804,0.678996,0,0,0,0,0,0,0,0,0,0
0,2.625,0.67,5.6583,0,0,0,0,0,0,0,0,0,0.315,0.0804,0.678996,0,0,0,0,0,0,0,0,0,0
0,-0.125,0.67,5.6666,0,0,0,0,0,0,0,0,0,-0.015,0.0804,0.679992,0,0,0,0,0,0,0,0,0,0
0,-0.083719,0.67,5.6666,0,0,0,0,0,0,0,0,0,-0.01004628,0.0804,0.679992,0,0,0,0,0,0,0,0,0,0
4.33E-08,-0.044001,0.67,5.6666,-0.00019618,-5.07E-14,8.32E-18,8.66E-08,2.24E-17,-1.67E-21,5.80E-27,-4.33E-31,1.30E-34,-0.00528012,0.0804,0.679992,1.56317E-09,-3.72742E-05,-9.64212E-15,1.58042E-18,3.12633E-09,8.08821E-19,-6.04134E-23,2.09257E-28,-1.56335E-32,4.68903E-36
0.00097075,-0.0058053,0.67,5.6666,-0.0024553,0.025331,0.39558,1.11E-05,-2.53E-05,-3.41E-05,0.00080595,-0.0002016,0.0011245,-0.000696636,0.0804,0.679992,3.50441E-05,-0.000466507,0.00481289,0.0751602,4.00169E-07,-9.125E-07,-1.23144E-06,2.90948E-05,-7.27776E-06,4.05945E-05
0.002535,0.030909,0.67,5.6666,-0.010996,0.057327,0.89503,0.00017552,-0.00014843,-0.00019505,0.0020927,-0.00051715,0.0028019,0.00370908,0.0804,0.679992,9.15135E-05,-0.00208924,0.01089213,0.1700557,6.33627E-06,-5.35832E-06,-7.04131E-06,7.55465E-05,-1.86691E-05,0.000101149
0.0026112,0.066184,0.67,5.6666,-0.024532,0.052009,1.0119,0.00044541,-0.00022904,-9.21E-05,0.0018176,-0.00057915,0.0029595,0.00794208,0.0804,0.679992,9.42643E-05,-0.00466108,0.00988171,0.192261,1.60793E-05,-8.26834E-06,-3.32492E-06,6.56154E-05,-2.09073E-05,0.000106838
0.0024828,0.10006,0.67,5.6666,-0.039503,0.038503,1.0461,0.00055345,-0.00023415,3.43E-05,0.0014605,-0.00067725,0.0029515,0.0120072,0.0804,0.679992,8.96291E-05,-0.00750557,0.00731557,0.198759,1.99795E-05,-8.45282E-06,1.23787E-06,5.27241E-05,-2.44487E-05,0.000106549
0.0030548,0.13258,0.67,5.6666,-0.050037,0.03114,1.0644,0.00054216,-0.00015886,-3.03E-05,0.0013856,-0.00086873,0.0041819,0.0159096,0.0804,0.679992,0.000110278,-0.00950703,0.0059166,0.202236,1.9572E-05,-5.73485E-06,-1.09286E-06,5.00202E-05,-3.13612E-05,0.000150967
0.0027203,0.16379,0.67,5.6666,-0.052698,0.019642,1.0801,0.00061714,-5.69E-05,-0.00018141,0.0009654,-0.00066977,0.0038581,0.0196548,0.0804,0.679992,9.82028E-05,-0.01001262,0.00373198,0.205219,2.22788E-05,-2.0538E-06,-6.5489E-06,3.48509E-05,-2.41787E-05,0.000139277
0.0024967,0.19372,0.67,5.6666,-0.05396,0.018923,1.0902,0.00081669,2.83E-06,-0.00037155,0.0010728,-0.00060745,0.0031038,0.0232464,0.0804,0.679992,9.01309E-05,-0.0102524,0.00359537,0.207138,2.94825E-05,1.02138E-07,-1.3413E-05,3.87281E-05,-2.19289E-05,0.000112047
0.0035107,0.22242,0.67,5.6666,-0.056819,0.02596,1.0923,0.0011243,5.12E-05,-0.00077608,0.0011085,-0.00064325,0.0047887,0.0266904,0.0804,0.679992,0.000126736,-0.01079561,0.0049324,0.207537,4.05872E-05,1.84864E-06,-2.80165E-05,4.00169E-05,-2.32213E-05,0.000172872
0.0031097,0.24993,0.67,5.6666,-0.062157,0.027174,1.097,0.0013244,0.00015119,-0.00088731,0.0010927,-0.00018351,0.0038023,0.0299916,0.0804,0.679992,0.00011226,-0.01180983,0.00516306,0.20843,4.78108E-05,5.45796E-06,-3.20319E-05,3.94465E-05,-6.62471E-06,0.000137263
0.0024081,0.27629,0.67,5.6666,-0.06918,0.026683,1.0985,0.0013105,0.00013153,-0.00084909,0.0013303,-0.0002843,0.0021755,0.0331548,0.0804,0.679992,8.69324E-05,-0.0131442,0.00506977,0.208715,4.73091E-05,4.74823E-06,-3.06521E-05,4.80238E-05,-1.02632E-05,7.85356E-05
0.0032172,0.30154,0.67,5.6666,-0.075751,0.022777,1.1003,0.0013923,4.02E-05,-0.00095562,0.0018857,-0.0010723,0.0031564,0.0361848,0.0804,0.679992,0.000116141,-0.01439269,0.00432763,0.209057,5.0262E-05,1.45205E-06,-3.44979E-05,6.80738E-05,-3.871E-05,0.000113946
0.0034598,0.32572,0.67,5.6666,-0.08193,0.016201,1.102,0.0015415,9.67E-05,-0.00084746,0.0016918,-0.0012978,0.0036863,0.0390864,0.0804,0.679992,0.000124899,-0.0155667,0.00307819,0.20938,5.56482E-05,3.49109E-06,-3.05933E-05,6.1074E-05,-4.68506E-05,0.000133075
0.0027818,0.34887,0.67,5.6666,-0.086767,0.017782,1.1003,0.0015345,9.00E-05,-0.00030528,0.0011159,-0.00068381,0.0029132,0.0418644,0.0804,0.679992,0.000100423,-0.01648573,0.00337858,0.209057,5.53955E-05,3.24907E-06,-1.10206E-05,4.0284E-05,-2.46855E-05,0.000105167
0.0022973,0.37102,0.67,5.6666,-0.091533,0.025593,1.1011,0.0014661,0.00013112,-0.00015088,0.0011213,-0.00042593,0.0020072,0.0445224,0.0804,0.679992,8.29325E-05,-0.01739127,0.00486267,0.209209,5.29262E-05,4.73343E-06,-5.44677E-06,4.04789E-05,-1.53761E-05,7.24599E-05
0.0024493,0.39221,0.67,5.6666,-0.098045,0.033457,1.1016,0.0014926,0.00022148,-0.00043305,0.0012016,-0.00072938,0.0022044,0.0470652,0.0804,0.679992,8.84197E-05,-0.01862855,0.00635683,0.209304,5.38829E-05,7.99543E-06,-1.56331E-05,4.33778E-05,-2.63306E-05,7.95788E-05
0.0028885,0.41248,0.67,5.6666,-0.10367,0.037323,1.0933,0.0016732,0.00040281,-0.00064199,0.0012952,-0.0010489,0.0028086,0.0494976,0.0804,0.679992,0.000104275,-0.0196973,0.00709137,0.207727,6.04025E-05,1.45414E-05,-2.31758E-05,4.67567E-05,-3.78653E-05,0.00010139
0.0036023,0.43187,0.67,5.6666,-0.10714,0.039265,1.0883,0.0019323,0.0005896,-0.0009902,0.0015088,-0.0013519,0.0037635,0.0518244,0.0804,0.679992,0.000130043,-0.0203566,0.00746035,0.206777,6.9756E-05,2.12846E-05,-3.57462E-05,5.44677E-05,-4.88036E-05,0.000135862
0.0040047,0.4504,0.67,5.6666,-0.11101,0.039555,1.0834,0.0020584,0.00054613,-0.00066753,0.0016795,-0.0015119,0.0042715,0.054048,0.0804,0.679992,0.00014457,-0.0210919,0.00751545,0.205846,7.43082E-05,1.97153E-05,-2.40978E-05,6.063E-05,-5.45796E-05,0.000154201
0.003759,0.46812,0.67,5.6666,-0.11685,0.036943,1.0858,0.0019428,0.00029319,-0.00031756,0.0016301,-0.0014459,0.0039451,0.0561744,0.0804,0.679992,0.0001357,-0.0222015,0.00701917,0.206302,7.01351E-05,1.05842E-05,-1.14639E-05,5.88466E-05,-5.2197E-05,0.000142418
0.0030128,0.48504,0.67,5.6666,-0.12417,0.033258,1.086,0.0016861,-2.32E-06,-0.00012105,0.0014305,-0.0010699,0.0029089,0.0582048,0.0804,0.679992,0.000108762,-0.0235923,0.00631902,0.20634,6.08682E-05,-8.36798E-08,-4.36991E-06,5.16411E-05,-3.86234E-05,0.000105011
0.0026338,0.50122,0.67,5.6666,-0.1315,0.02941,1.0892,0.0014397,-0.00018816,-0.00011039,0.0013247,-0.0008889,0.0025032,0.0601464,0.0804,0.679992,9.50802E-05,-0.024985,0.0055879,0.206948,5.19732E-05,-6.79258E-06,-3.98508E-06,4.78217E-05,-3.20893E-05,9.03655E-05
0.0026393,0.51667,0.67,5.6666,-0.1378,0.027149,1.0943,0.0012969,-0.00026129,-0.00027963,0.0013096,-0.00069789,0.0026721,0.0620004,0.0804,0.679992,9.52787E-05,-0.026182,0.00515831,0.207917,4.68181E-05,-9.43257E-06,-1.00946E-05,4.72766E-05,-2.51938E-05,9.64628E-05
0.0024896,0.53142,0.67,5.6666,-0.14319,0.023315,1.0976,0.00127,-0.00020017,-0.00040553,0.0012679,-0.00032911,0.0024414,0.0637704,0.0804,0.679992,8.98746E-05,-0.0272061,0.00442985,0.208544,0.000045847,-7.22614E-06,-1.46396E-05,4.57712E-05,-1.18809E-05,8.81345E-05
0.0023587,0.54551,0.67,5.6666,-0.1478,0.019144,1.0979,0.0013668,-0.00012335,-0.00058069,0.0013304,-8.54E-05,0.0020201,0.0654612,0.0804,0.679992,8.51491E-05,-0.028082,0.00363736,0.208601,4.93415E-05,-4.45294E-06,-2.09629E-05,4.80274E-05,-3.08294E-06,7.29256E-05
0.0024349,0.55896,0.67,5.6666,-0.1513,0.015018,1.0972,0.0015944,1.36E-07,-0.00080243,0.0014773,-8.90E-05,0.0017981,0.0670752,0.0804,0.679992,8.78999E-05,-0.028747,0.00285342,0.208468,5.75578E-05,4.90058E-09,-2.89677E-05,5.33305E-05,-3.21406E-06,6.49114E-05
0.0027205,0.5718,0.67,5.6666,-0.15414,0.011928,1.0957,0.0019066,0.00022464,-0.0010664,0.0015985,-0.00022194,0.001936,0.068616,0.0804,0.679992,9.82101E-05,-0.0292866,0.00226632,0.208183,6.88283E-05,8.1095E-06,-3.8497E-05,5.77059E-05,-8.01203E-06,6.98896E-05
0.0030113,0.58405,0.67,5.6666,-0.15741,0.0092598,1.0919,0.0022042,0.00043321,-0.0012689,0.0016985,-0.00029158,0.0021199,0.070086,0.0804,0.679992,0.000108708,-0.0299079,0.001759362,0.207461,7.95716E-05,1.56389E-05,-4.58073E-05,6.13159E-05,-1.0526E-05,7.65284E-05
0.0031469,0.59575,0.67,5.6666,-0.16161,0.0042976,1.0907,0.0023668,0.00054323,-0.001319,0.0017066,-0.00034146,0.0022205,0.07149,0.0804,0.679992,0.000113603,-0.0307059,0.000816544,0.207233,8.54415E-05,1.96106E-05,-4.76159E-05,6.16083E-05,-1.23267E-05,8.01601E-05
0.0030687,0.6069,0.67,5.6666,-0.16656,-0.0010375,1.0921,0.0023632,0.00052571,-0.001246,0.0015744,-0.00040031,0.0021998,0.072828,0.0804,0.679992,0.00011078,-0.0316464,-0.000197125,0.207499,8.53115E-05,1.89781E-05,-4.49806E-05,5.68358E-05,-1.44512E-05,7.94128E-05
0.0029528,0.61755,0.67,5.6666,-0.17186,-0.0055326,1.0978,0.0022469,0.00042328,-0.0011567,0.0013996,-0.00050767,0.0022592,0.074106,0.0804,0.679992,0.000106596,-0.0326534,-0.001051194,0.208582,8.11131E-05,1.52804E-05,-4.17569E-05,5.05256E-05,-1.83269E-05,8.15571E-05
0.0027958,0.6277,0.67,5.6666,-0.17716,-0.0088351,1.103,0.0020746,0.00028252,-0.0010089,0.0012372,-0.00057862,0.0022798,0.075324,0.0804,0.679992,0.000100928,-0.0336604,-0.001678669,0.20957,7.48931E-05,1.0199E-05,-3.64213E-05,4.46629E-05,-2.08882E-05,8.23008E-05
0.0026214,0.63738,0.67,5.6666,-0.18233,-0.011122,1.1057,0.0018925,0.00012619,-0.00083999,0.0011182,-0.00060645,0.0022321,0.0764856,0.0804,0.679992,9.46325E-05,-0.0346427,-0.00211318,0.210083,6.83193E-05,4.55546E-06,-3.03236E-05,4.0367E-05,-2.18928E-05,8.05788E-05
0.0024415,0.64661,0.67,5.6666,-0.18747,-0.012935,1.1075,0.0016994,-8.02E-06,-0.00062678,0.0010471,-0.00065113,0.0021365,0.0775932,0.0804,0.679992,8.81382E-05,-0.0356193,-0.00245765,0.210425,6.13483E-05,-2.89576E-07,-2.26268E-05,3.78003E-05,-2.35058E-05,7.71277E-05
0.0022584,0.65542,0.67,5.6666,-0.19257,-0.014462,1.1096,0.0015104,-9.18E-05,-0.00040673,0.00099525,-0.00069548,0.0020112,0.0786504,0.0804,0.679992,8.15282E-05,-0.0365883,-0.00274778,0.210824,5.45254E-05,-3.31319E-06,-1.4683E-05,3.59285E-05,-2.51068E-05,7.26043E-05
0.0021454,0.66381,0.67,5.6666,-0.19749,-0.015624,1.1128,0.0013758,-0.00014322,-0.00020234,0.00094969,-0.00073513,0.0019652,0.0796572,0.0804,0.679992,7.74489E-05,-0.0375231,-0.00296856,0.211432,4.96664E-05,-5.17024E-06,-7.30447E-06,3.42838E-05,-2.65382E-05,7.09437E-05
0.0020987,0.67207,0.67,5.6666,-0.20189,-0.01668,1.1147,0.0013125,-0.00017812,-2.34E-05,0.00089658,-0.000757,0.0019884,0.0806484,0.0804,0.679992,7.57631E-05,-0.0383591,-0.0031692,0.211793,4.73813E-05,-6.43013E-06,-8.46004E-07,3.23665E-05,-2.73277E-05,7.17812E-05
0.002132,0.68032,0.67,5.6666,-0.20564,-0.017876,1.1141,0.0013143,-0.00020078,8.81E-05,0.00087202,-0.000759,0.0020776,0.0816384,0.0804,0.679992,7.69652E-05,-0.0390716,-0.00339644,0.211679,4.74462E-05,-7.24816E-06,3.17882E-06,3.14799E-05,-2.73999E-05,7.50014E-05
0.0022182,0.68858,0.67,5.6666,-0.20889,-0.019113,1.1117,0.0013601,-0.000218,0.00015259,0.00090604,-0.00076459,0.0021703,0.0826296,0.0804,0.679992,8.0077E-05,-0.0396891,-0.00363147,0.211223,4.90996E-05,-7.8698E-06,5.5085E-06,3.2708E-05,-2.76017E-05,7.83478E-05
0.0023243,0.69683,0.67,5.6666,-0.21178,-0.01979,1.1077,0.0014263,-0.00023724,0.00019247,0.00099803,-0.00077332,0.0022243,0.0836196,0.0804,0.679992,8.39072E-05,-0.0402382,-0.0037601,0.210463,5.14894E-05,-8.56436E-06,6.94817E-06,3.60289E-05,-2.79169E-05,8.02972E-05
0.0024449,0.70509,0.67,5.6666,-0.21438,-0.019524,1.1024,0.0015066,-0.00024616,0.00020792,0.0011125,-0.00078588,0.0022706,0.0846108,0.0804,0.679992,8.82609E-05,-0.0407322,-0.00370956,0.209456,5.43883E-05,-8.88638E-06,7.50591E-06,4.01613E-05,-2.83703E-05,8.19687E-05
0.0025896,0.71335,0.67,5.6666,-0.21679,-0.018284,1.0964,0.0016229,-0.00024738,0.00018084,0.0012314,-0.00079432,0.0023249,0.085602,0.0804,0.679992,9.34846E-05,-0.0411901,-0.00347396,0.208316,5.85867E-05,-8.93042E-06,6.52832E-06,4.44535E-05,-2.8675E-05,8.39289E-05
0.0027809,0.7216,0.67,5.6666,-0.21914,-0.01611,1.0895,0.0017734,-0.00025579,0.00014018,0.0013491,-0.00081183,0.0024393,0.086592,0.0804,0.679992,0.00010039,-0.0416366,-0.0030609,0.207005,6.40197E-05,-9.23402E-06,5.0605E-06,4.87025E-05,-2.93071E-05,8.80587E-05
0.0030181,0.72986,0.67,5.6666,-0.2213,-0.013216,1.0815,0.0019004,-0.00026266,8.96E-05,0.0014837,-0.0008472,0.0026522,0.0875832,0.0804,0.679992,0.000108953,-0.042047,-0.00251104,0.205485,6.86044E-05,-9.48203E-06,3.23355E-06,5.35616E-05,-3.05839E-05,9.57444E-05
0.0032821,0.73811,0.67,5.6666,-0.22298,-0.0099437,1.0722,0.0019731,-0.00025921,6.56E-05,0.0016532,-0.00091669,0.002938,0.0885732,0.0804,0.679992,0.000118484,-0.0423662,-0.001889303,0.203718,7.12289E-05,-9.35748E-06,2.36791E-06,5.96805E-05,-3.30925E-05,0.000106062
0.0035635,0.74637,0.67,5.6666,-0.22443,-0.0065627,1.0626,0.0020288,-0.00025791,9.15E-05,0.0018502,-0.0010366,0.003248,0.0895644,0.0804,0.679992,0.000128642,-0.0426417,-0.001246913,0.201894,7.32397E-05,-9.31055E-06,3.30358E-06,6.67922E-05,-3.74213E-05,0.000117253
0.0038265,0.75463,0.67,5.6666,-0.22637,-0.003502,1.0539,0.0021,-0.00026699,0.00013673,0.0020372,-0.0011838,0.0035157,0.0905556,0.0804,0.679992,0.000138137,-0.0430103,-0.00066538,0.200241,0.00007581,-9.63834E-06,4.93595E-06,7.35429E-05,-4.27352E-05,0.000126917
0.0040257,0.76288,0.67,5.6666,-0.22888,-0.0010499,1.0467,0.0021889,-0.0003058,0.00020535,0.0021732,-0.001295,0.0036893,0.0915456,0.0804,0.679992,0.000145328,-0.0434872,-0.000199481,0.198873,7.90193E-05,-1.10394E-05,7.41314E-06,7.84525E-05,-4.67495E-05,0.000133184
0.0041791,0.77114,0.67,5.6666,-0.23166,0.00094064,1.0404,0.0022819,-0.00038358,0.000308,0.0022624,-0.0013456,0.0038139,0.0925368,0.0804,0.679992,0.000150866,-0.0440154,0.000178722,0.197676,8.23766E-05,-1.38472E-05,1.11188E-05,8.16726E-05,-4.85762E-05,0.000137682
0.0042719,0.7794,0.67,5.6666,-0.23495,0.002511,1.0348,0.0023732,-0.00047157,0.00041485,0.0023213,-0.0013051,0.0038494,0.093528,0.0804,0.679992,0.000154216,-0.0446405,0.00047709,0.196612,8.56725E-05,-1.70237E-05,1.49761E-05,8.37989E-05,-4.71141E-05,0.000138963
0.0043203,0.78765,0.67,5.6666,-0.23863,0.0035663,1.0294,0.002467,-0.00054963,0.00052171,0.0023371,-0.001211,0.0038364,0.094518,0.0804,0.679992,0.000155963,-0.0453397,0.000677597,0.195586,8.90587E-05,-1.98416E-05,1.88337E-05,8.43693E-05,-4.37171E-05,0.000138494
0.0043693,0.79591,0.67,5.6666,-0.24204,0.0041077,1.0237,0.002556,-0.00059104,0.00062553,0.0022764,-0.00114,0.0039063,0.0955092,0.0804,0.679992,0.000157732,-0.0459876,0.000780463,0.194503,9.22716E-05,-2.13365E-05,2.25816E-05,8.2178E-05,-0.000041154,0.000141017
0.0044244,0.80416,0.67,5.6666,-0.24521,0.0044065,1.0172,0.0026332,-0.00058729,0.00069676,0.0021466,-0.0010999,0.004069,0.0964992,0.0804,0.679992,0.000159721,-0.0465899,0.000837235,0.193268,9.50585E-05,-2.12012E-05,2.5153E-05,7.74923E-05,-3.97064E-05,0.000146891
0.004528,0.81242,0.67,5.6666,-0.24824,0.0048189,1.0098,0.0027718,-0.00057292,0.00070128,0.0019952,-0.0010674,0.004289,0.0974904,0.0804,0.679992,0.000163461,-0.0471656,0.000915591,0.191862,0.000100062,-2.06824E-05,2.53162E-05,7.20267E-05,-3.85331E-05,0.000154833
0.0046173,0.82068,0.67,5.6666,-0.25085,0.0051962,1.0012,0.0029588,-0.00053985,0.00067107,0.0018425,-0.0010252,0.0044334,0.0984816,0.0804,0.679992,0.000166685,-0.0476615,0.000987278,0.190228,0.000106813,-1.94886E-05,2.42256E-05,6.65143E-05,-3.70097E-05,0.000160046
0.0046386,0.82893,0.67,5.6666,-0.25315,0.0050844,0.99214,0.0031312,-0.00048355,0.0006494,0.0016887,-0.00096011,0.0044573,0.0994716,0.0804,0.679992,0.000167453,-0.0480985,0.000966036,0.1885066,0.000113036,-1.74562E-05,2.34433E-05,6.09621E-05,-3.466E-05,0.000160909
0.004655,0.83719,0.67,5.6666,-0.25543,0.0045155,0.98353,0.0033393,-0.00042207,0.00063692,0.0015615,-0.0009078,0.0044092,0.1004628,0.0804,0.679992,0.000168046,-0.0485317,0.000857945,0.1868707,0.000120549,-1.52367E-05,2.29928E-05,5.63702E-05,-3.27716E-05,0.000159172
0.0047167,0.84544,0.67,5.6666,-0.25781,0.0038463,0.97606,0.0035538,-0.00035603,0.00067834,0.0014763,-0.0008669,0.0044034,0.1014528,0.0804,0.679992,0.000170273,-0.0489839,0.000730797,0.1854514,0.000128292,-1.28527E-05,2.44881E-05,5.32944E-05,-3.12951E-05,0.000158963
0.0048434,0.8537,0.67,5.6666,-0.26013,0.0033262,0.96917,0.0037651,-0.00031149,0.00075429,0.0014057,-0.00081594,0.004516,0.102444,0.0804,0.679992,0.000174847,-0.0494247,0.000631978,0.1841423,0.00013592,-1.12448E-05,2.72299E-05,5.07458E-05,-2.94554E-05,0.000163028
0.0050809,0.86196,0.67,5.6666,-0.26226,0.0026892,0.96181,0.0040657,-0.00027848,0.00082669,0.0013212,-0.00076132,0.004775,0.1034352,0.0804,0.679992,0.00018342,-0.0498294,0.000510948,0.1827439,0.000146772,-1.00531E-05,2.98435E-05,4.76953E-05,-2.74837E-05,0.000172378
0.0053487,0.87021,0.67,5.6666,-0.26447,0.0013504,0.95366,0.0044117,-0.00022158,0.00087934,0.0012354,-0.0006961,0.0050502,0.1044252,0.0804,0.679992,0.000193088,-0.0502493,0.000256576,0.1811954,0.000159262,-7.99904E-06,3.17442E-05,4.45979E-05,-2.51292E-05,0.000182312
0.005598,0.87847,0.67,5.6666,-0.26642,-0.00091034,0.94515,0.0046929,-0.00015281,0.00095473,0.0011716,-0.00062581,0.0053315,0.1054164,0.0804,0.679992,0.000202088,-0.0506198,-0.000172965,0.1795785,0.000169414,-5.51644E-06,3.44658E-05,4.22948E-05,-2.25917E-05,0.000192467
0.0058835,0.88672,0.67,5.6666,-0.26799,-0.0039168,0.9367,0.0049642,-9.87E-05,0.00099058,0.0011282,-0.00056788,0.0056747,0.1064064,0.0804,0.679992,0.000212394,-0.0509181,-0.000744192,0.177973,0.000179208,-3.56184E-06,3.57599E-05,4.0728E-05,-2.05005E-05,0.000204857
0.0062604,0.89498,0.67,5.6666,-0.2697,-0.0073456,0.92795,0.0053273,-5.24E-05,0.0010101,0.0011082,-0.00050382,0.0060852,0.1073976,0.0804,0.679992,0.000226,-0.051243,-0.001395664,0.1763105,0.000192316,-1.89106E-06,3.64646E-05,4.0006E-05,-1.81879E-05,0.000219676
0.0066415,0.90324,0.67,5.6666,-0.27104,-0.010699,0.91827,0.0057378,-3.34E-06,0.0010362,0.0011139,-0.00040952,0.0064313,0.1083888,0.0804,0.679992,0.000239758,-0.0514976,-0.00203281,0.1744713,0.000207135,-1.20581E-07,3.74068E-05,4.02118E-05,-1.47837E-05,0.00023217
0.0069699,0.91149,0.67,5.6666,-0.27173,-0.013291,0.90727,0.0060765,3.00E-05,0.0011344,0.0011139,-0.00028181,0.0067493,0.1093788,0.0804,0.679992,0.000251613,-0.0516287,-0.00252529,0.1723813,0.000219362,1.08177E-06,4.09518E-05,4.02118E-05,-1.01733E-05,0.00024365
0.0072476,0.91975,0.67,5.6666,-0.27233,-0.01476,0.89516,0.0063836,5.83E-05,0.0012243,0.0010803,-0.00014884,0.0070314,0.11037,0.0804,0.679992,0.000261638,-0.0517427,-0.0028044,0.1700804,0.000230448,2.10589E-06,4.41972E-05,3.89988E-05,-5.37312E-06,0.000253834
0.007489,0.92801,0.67,5.6666,-0.27295,-0.015333,0.88256,0.0067391,0.00011218,0.0012937,0.0010252,-2.03E-05,0.0072137,0.1113612,0.0804,0.679992,0.000270353,-0.0518605,-0.00291327,0.1676864,0.000243282,4.0497E-06,4.67026E-05,3.70097E-05,-7.31242E-07,0.000260415
0.0076692,0.93626,0.67,5.6666,-0.27375,-0.0155,0.87004,0.007111,0.00021778,0.0013097,0.0009927,0.00011953,0.0072347,0.1123512,0.0804,0.679992,0.000276858,-0.0520125,-0.002945,0.1653076,0.000256707,7.86186E-06,4.72802E-05,3.58365E-05,4.31503E-06,0.000261173
0.0078191,0.94452,0.67,5.6666,-0.27455,-0.01556,0.85774,0.0074644,0.00034808,0.0012214,0.0010125,0.00027874,0.0071613,0.1133424,0.0804,0.679992,0.00028227,-0.0521645,-0.0029564,0.1629706,0.000269465,1.25657E-05,4.40925E-05,3.65513E-05,1.00625E-05,0.000258523
0.008093,0.95277,0.67,5.6666,-0.27461,-0.015344,0.84543,0.0078953,0.00045973,0.0010684,0.0010877,0.00041925,0.007203,0.1143324,0.0804,0.679992,0.000292157,-0.0521759,-0.00291536,0.1606317,0.00028502,1.65963E-05,3.85692E-05,3.9266E-05,1.51349E-05,0.000260028
0.0084592,0.96103,0.67,5.6666,-0.27509,-0.014685,0.83341,0.0083875,0.00056462,0.00083241,0.0012349,0.00049076,0.007296,0.1153236,0.0804,0.679992,0.000305377,-0.0522671,-0.00279015,0.1583479,0.000302789,2.03828E-05,3.005E-05,4.45799E-05,1.77164E-05,0.000263386
0.008949,0.96929,0.67,5.6666,-0.27554,-0.01367,0.82227,0.0088839,0.00066217,0.00066892,0.0014568,0.00049703,0.0075574,0.1163148,0.0804,0.679992,0.000323059,-0.0523526,-0.0025973,0.1562313,0.000320709,2.39043E-05,2.4148E-05,5.25905E-05,1.79428E-05,0.000272822
0.0094512,0.97754,0.67,5.6666,-0.27486,-0.012437,0.81208,0.0093062,0.00072966,0.00054088,0.0017046,0.00045951,0.0078916,0.1173048,0.0804,0.679992,0.000341188,-0.0522234,-0.00236303,0.1542952,0.000335954,2.63407E-05,1.95258E-05,6.15361E-05,1.65883E-05,0.000284887
0.010042,0.9858,0.67,5.6666,-0.27462,-0.011301,0.80204,0.0096846,0.00076104,0.00045984,0.0019019,0.00042963,0.0084971,0.118296,0.0804,0.679992,0.000362516,-0.0521778,-0.00214719,0.1523876,0.000349614,2.74735E-05,1.66002E-05,6.86586E-05,1.55096E-05,0.000306745
0.010658,0.99405,0.67,5.6666,-0.27452,-0.010745,0.79171,0.010109,0.00073848,0.00038295,0.00198,0.00040392,0.0092277,0.119286,0.0804,0.679992,0.000384754,-0.0521588,-0.00204155,0.1504249,0.000364935,2.66591E-05,1.38245E-05,0.000071478,1.45815E-05,0.00033312
0.011238,1.0023,0.67,5.6666,-0.27361,-0.010976,0.78052,0.010468,0.00066444,0.00032589,0.0019207,0.00033824,0.010088,0.120276,0.0804,0.679992,0.000405692,-0.0519859,-0.00208544,0.1482988,0.000377895,2.39863E-05,1.17646E-05,6.93373E-05,1.22105E-05,0.000364177
0.01175,1.0106,0.67,5.6666,-0.27266,-0.011905,0.7684,0.010792,0.00056135,0.0003607,0.0017692,0.00017893,0.010939,0.121272,0.0804,0.679992,0.000424175,-0.0518054,-0.00226195,0.145996,0.000389591,2.02647E-05,1.30213E-05,6.38681E-05,6.45937E-06,0.000394898
0.012137,1.0188,0.67,5.6666,-0.27226,-0.01341,0.75597,0.011042,0.00042892,0.00035871,0.0015972,-6.50E-05,0.011634,0.122256,0.0804,0.679992,0.000438146,-0.0517294,-0.0025479,0.1436343,0.000398616,1.5484E-05,1.29494E-05,5.76589E-05,-2.34632E-06,0.000419987
0.012541,1.0271,0.67,5.6666,-0.27228,-0.015223,0.74365,0.011298,0.00028511,0.00032347,0.0014483,-0.00030014,0.012337,0.123252,0.0804,0.679992,0.00045273,-0.0517332,-0.00289237,0.1412935,0.000407858,1.02925E-05,1.16773E-05,5.22836E-05,-1.08351E-05,0.000445366
0.012918,1.0353,0.67,5.6666,-0.27224,-0.017125,0.73163,0.011552,0.00012943,0.00020784,0.001338,-0.00049549,0.012947,0.124236,0.0804,0.679992,0.00046634,-0.0517256,-0.00325375,0.1390097,0.000417027,4.67242E-06,7.50302E-06,4.83018E-05,-1.78872E-05,0.000467387
0.013399,1.0436,0.67,5.6666,-0.27147,-0.018937,0.71941,0.011805,3.68E-06,0.00010499,0.001268,-0.00064224,0.013724,0.125232,0.0804,0.679992,0.000483704,-0.0515793,-0.00359803,0.1366879,0.000426161,1.32787E-07,3.79014E-06,4.57748E-05,-2.31849E-05,0.000495436
0.013909,1.0518,0.67,5.6666,-0.27012,-0.020441,0.70695,0.012091,-4.16E-05,-6.13E-06,0.001222,-0.00074216,0.014506,0.126216,0.0804,0.679992,0.000502115,-0.0513228,-0.00388379,0.1343205,0.000436485,-1.50039E-06,-2.21257E-07,4.41142E-05,-2.6792E-05,0.000523667
0.014326,1.0601,0.67,5.6666,-0.26882,-0.021433,0.694,0.012304,-2.82E-05,-0.00015938,0.0011945,-0.00082093,0.015154,0.127212,0.0804,0.679992,0.000517169,-0.0510758,-0.00407227,0.13186,0.000444174,-1.0195E-06,-5.75362E-06,4.31215E-05,-2.96356E-05,0.000547059
0.014706,1.0684,0.67,5.6666,-0.26737,-0.02154,0.68073,0.012548,-7.36E-06,-0.00023384,0.0012004,-0.00089083,0.015664,0.128208,0.0804,0.679992,0.000530887,-0.0508003,-0.0040926,0.1293387,0.000452983,-2.65609E-07,-8.44162E-06,4.33344E-05,-3.2159E-05,0.00056547
0.015052,1.0766,0.67,5.6666,-0.26579,-0.020715,0.66789,0.012874,-6.49E-06,-0.00033278,0.0012424,-0.00094264,0.015987,0.129192,0.0804,0.679992,0.000543377,-0.0505001,-0.00393585,0.1268991,0.000464751,-2.34379E-07,-1.20134E-05,4.48506E-05,-3.40293E-05,0.000577131
0.015448,1.0849,0.67,5.6666,-0.26358,-0.01947,0.6554,0.01333,-3.02E-05,-0.00038437,0.0013191,-0.00094229,0.016247,0.130188,0.0804,0.679992,0.000557673,-0.0500802,-0.0036993,0.124526,0.000481213,-1.08885E-06,-1.38758E-05,4.76195E-05,-3.40167E-05,0.000586517
0.015808,1.0931,0.67,5.6666,-0.26062,-0.01843,0.64325,0.013769,-5.39E-05,-0.0004479,0.0014331,-0.00086937,0.016414,0.131172,0.0804,0.679992,0.000570669,-0.0495178,-0.0035017,0.1222175,0.000497061,-1.94691E-06,-1.61692E-05,5.17349E-05,-3.13843E-05,0.000592545
0.01608,1.1014,0.67,5.6666,-0.2575,-0.018269,0.63165,0.014105,-4.20E-05,-0.00041548,0.0015662,-0.0007715,0.016488,0.132168,0.0804,0.679992,0.000580488,-0.048925,-0.00347111,0.1200135,0.000509191,-1.5145E-06,-1.49988E-05,5.65398E-05,-2.78512E-05,0.000595217
0.016321,1.1096,0.67,5.6666,-0.25404,-0.019428,0.62106,0.014518,2.44E-07,-0.00033358,0.0016792,-0.00068876,0.016445,0.133152,0.0804,0.679992,0.000589188,-0.0482676,-0.00369132,0.1180014,0.0005241,8.80154E-09,-1.20422E-05,6.06191E-05,-2.48642E-05,0.000593665
0.016365,1.1179,0.67,5.6666,-0.25071,-0.021107,0.61228,0.014816,5.03E-05,-0.00017784,0.001753,-0.00061314,0.01616,0.134148,0.0804,0.679992,0.000590777,-0.0476349,-0.00401033,0.1163332,0.000534858,1.81623E-06,-6.42002E-06,6.32833E-05,-2.21344E-05,0.000583376
0.016414,1.1262,0.67,5.6666,-0.24747,-0.022366,0.60483,0.015137,0.00010403,8.62E-05,0.001796,-0.00049735,0.015896,0.135144,0.0804,0.679992,0.000592545,-0.0470193,-0.00424954,0.1149177,0.000546446,3.75548E-06,3.11298E-06,6.48356E-05,-1.79543E-05,0.000573846
0.016526,1.1344,0.67,5.6666,-0.24399,-0.023548,0.5979,0.015575,0.00012728,0.00034332,0.0017955,-0.00035907,0.015683,0.136128,0.0804,0.679992,0.000596589,-0.0463581,-0.00447412,0.113601,0.000562258,4.59481E-06,1.23939E-05,6.48176E-05,-1.29624E-05,0.000566156
0.016579,1.1427,0.67,5.6666,-0.23989,-0.024519,0.59112,0.01581,0.00016012,0.00054259,0.0017481,-0.00019167,0.0156,0.137124,0.0804,0.679992,0.000598502,-0.0455791,-0.00465861,0.1123128,0.000570741,5.78033E-06,1.95875E-05,6.31064E-05,-6.91929E-06,0.00056316
0.016632,1.1509,0.67,5.6666,-0.23505,-0.025031,0.58415,0.015961,0.00023484,0.0007462,0.0016948,-1.01E-05,0.015607,0.138108,0.0804,0.679992,0.000600415,-0.0446595,-0.00475589,0.1109885,0.000576192,8.47772E-06,2.69378E-05,6.11823E-05,-3.63924E-07,0.000563413
0.016775,1.1592,0.67,5.6666,-0.22962,-0.025714,0.57694,0.016043,0.00027589,0.0008327,0.0016418,0.00012486,0.015865,0.139104,0.0804,0.679992,0.000605578,-0.0436278,-0.00488566,0.1096186,0.000579152,9.95963E-06,3.00605E-05,5.9269E-05,4.50745E-06,0.000572727
0.016909,1.1674,0.67,5.6666,-0.22328,-0.026472,0.5697,0.016063,0.00026286,0.00079088,0.0015926,0.00023441,0.016163,0.140088,0.0804,0.679992,0.000610415,-0.0424232,-0.00502968,0.108243,0.000579874,9.48925E-06,2.85508E-05,5.74929E-05,8.4622E-06,0.000583484
0.017095,1.1757,0.67,5.6666,-0.21624,-0.027292,0.56245,0.01621,0.00021651,0.00080776,0.0015605,0.00029942,0.01642,0.141084,0.0804,0.679992,0.00061713,-0.0410856,-0.00518548,0.1068655,0.000585181,7.81601E-06,2.91601E-05,5.63341E-05,1.08091E-05,0.000592762
0.017367,1.1839,0.67,5.6666,-0.20911,-0.028284,0.5565,0.016558,0.00016677,0.00085042,0.0015412,0.00034959,0.016634,0.142068,0.0804,0.679992,0.000626949,-0.0397309,-0.00537396,0.105735,0.000597744,6.0204E-06,3.07002E-05,5.56373E-05,1.26202E-05,0.000600487
0.017516,1.1922,0.67,5.6666,-0.20224,-0.029405,0.55238,0.016937,0.00014858,0.00095915,0.0015215,0.00041118,0.016573,0.143064,0.0804,0.679992,0.000632328,-0.0384256,-0.00558695,0.1049522,0.000611426,5.36374E-06,3.46253E-05,5.49262E-05,1.48436E-05,0.000598285
0.01771,1.2005,0.67,5.6666,-0.19549,-0.030579,0.54968,0.017325,0.00012043,0.0012119,0.001511,0.0005059,0.016583,0.14406,0.0804,0.679992,0.000639331,-0.0371431,-0.00581001,0.1044392,0.000625433,4.34752E-06,4.37496E-05,5.45471E-05,1.8263E-05,0.000598646
0.017714,1.2087,0.67,5.6666,-0.18884,-0.031997,0.54897,0.017565,0.00010538,0.001463,0.0015207,0.00065623,0.016342,0.145044,0.0804,0.679992,0.000639475,-0.0358796,-0.00607943,0.1043043,0.000634097,3.80422E-06,5.28143E-05,5.48973E-05,2.36899E-05,0.000589946
0.017666,1.217,0.67,5.6666,-0.18221,-0.033328,0.54891,0.017541,0.00012973,0.0015626,0.0015282,0.00082089,0.016263,0.14604,0.0804,0.679992,0.000637743,-0.0346199,-0.00633232,0.1042929,0.00063323,4.68325E-06,5.64099E-05,5.5168E-05,2.96341E-05,0.000587094
0.017707,1.2252,0.67,5.6666,-0.17514,-0.034437,0.54878,0.017449,0.00015704,0.0016865,0.0015496,0.0010071,0.016416,0.147024,0.0804,0.679992,0.000639223,-0.0332766,-0.00654303,0.1042682,0.000629909,5.66914E-06,6.08827E-05,5.59406E-05,3.63563E-05,0.000592618
0.01764,1.2335,0.67,5.6666,-0.16727,-0.035518,0.54826,0.017121,0.00019492,0.001684,0.0015842,0.0012086,0.016576,0.14802,0.0804,0.679992,0.000636804,-0.0317813,-0.00674842,0.1041694,0.000618068,7.03661E-06,6.07924E-05,5.71896E-05,4.36305E-05,0.000598394
0.017402,1.2417,0.67,5.6666,-0.1586,-0.036616,0.54664,0.016455,0.00021746,0.0015873,0.0016219,0.0013697,0.016727,0.149004,0.0804,0.679992,0.000628212,-0.030134,-0.00695704,0.1038616,0.000594026,7.85031E-06,5.73015E-05,5.85506E-05,4.94462E-05,0.000603845
0.017107,1.25,0.67,5.6666,-0.14894,-0.037963,0.54387,0.015702,0.00022185,0.0015007,0.0016596,0.0014596,0.016852,0.15,0.0804,0.679992,0.000617563,-0.0282986,-0.00721297,0.1033353,0.000566842,8.00879E-06,5.41753E-05,5.99116E-05,5.26916E-05,0.000608357
0.016821,1.2583,0.67,5.6666,-0.13829,-0.039256,0.54041,0.014999,0.00017248,0.001334,0.0017006,0.001498,0.016943,0.150996,0.0804,0.679992,0.000607238,-0.0262751,-0.00745864,0.1026779,0.000541464,6.22653E-06,4.81574E-05,6.13917E-05,5.40778E-05,0.000611642
0.016589,1.2665,0.67,5.6666,-0.12714,-0.040071,0.53672,0.014334,4.75E-05,0.0010895,0.0017606,0.0015464,0.017083,0.15198,0.0804,0.679992,0.000598863,-0.0241566,-0.00761349,0.1019768,0.000517457,1.71616E-06,3.9331E-05,6.35577E-05,5.5825E-05,0.000616696
0.016527,1.2748,0.67,5.6666,-0.1154,-0.040115,0.53251,0.013823,-0.00010265,0.00090934,0.0018454,0.0016387,0.017386,0.152976,0.0804,0.679992,0.000596625,-0.021926,-0.00762185,0.1011769,0.00049901,-3.70567E-06,3.28272E-05,6.66189E-05,5.91571E-05,0.000627635
0.016402,1.283,0.67,5.6666,-0.10298,-0.039812,0.5277,0.013386,-0.00024366,0.00066793,0.0019284,0.0017388,0.017489,0.15396,0.0804,0.679992,0.000592112,-0.0195662,-0.00756428,0.100263,0.000483235,-8.79613E-06,2.41123E-05,6.96152E-05,6.27707E-05,0.000631353
0.016194,1.2913,0.67,5.6666,-0.090401,-0.039368,0.52252,0.012958,-0.00036035,0.00042152,0.0019607,0.0018202,0.017468,0.154956,0.0804,0.679992,0.000584603,-0.01717619,-0.00747992,0.0992788,0.000467784,-1.30086E-05,1.52169E-05,7.07813E-05,6.57092E-05,0.000630595
0.015911,1.2995,0.67,5.6666,-0.077651,-0.039081,0.51753,0.01262,-0.00044696,0.0002809,0.001922,0.0018639,0.01728,0.15594,0.0804,0.679992,0.000574387,-0.01475369,-0.00742539,0.0983307,0.000455582,-1.61353E-05,1.01405E-05,6.93842E-05,6.72868E-05,0.000623808
0.015518,1.3078,0.67,5.6666,-0.06448,-0.039001,0.5126,0.012224,-0.00051724,6.46E-05,0.0018354,0.0018463,0.016977,0.156936,0.0804,0.679992,0.0005602,-0.0122512,-0.00741019,0.097394,0.000441286,-1.86724E-05,2.33109E-06,6.62579E-05,6.66514E-05,0.00061287
0.015057,1.316,0.67,5.6666,-0.050984,-0.038944,0.50783,0.011758,-0.00055942,-0.00020441,0.0017207,0.0017898,0.016635,0.15792,0.0804,0.679992,0.000543558,-0.00968696,-0.00739936,0.0964877,0.000424464,-2.01951E-05,-7.3792E-06,6.21173E-05,6.46118E-05,0.000600524
0.01463,1.3243,0.67,5.6666,-0.037621,-0.038718,0.50349,0.011491,-0.00058007,-0.00047344,0.0015807,0.0016519,0.016187,0.158916,0.0804,0.679992,0.000528143,-0.00714799,-0.00735642,0.0956631,0.000414825,-2.09405E-05,-1.70912E-05,5.70633E-05,5.96336E-05,0.000584351
0.014124,1.3326,0.67,5.6666,-0.024841,-0.038276,0.49971,0.011313,-0.00057842,-0.00067187,0.0014323,0.0014887,0.015503,0.159912,0.0804,0.679992,0.000509876,-0.00471979,-0.00727244,0.0949449,0.000408399,-2.0881E-05,-2.42545E-05,5.1706E-05,5.37421E-05,0.000559658
0.013503,1.3408,0.67,5.6666,-0.012247,-0.038299,0.49639,0.010856,-0.0005659,-0.00071915,0.0013036,0.0013592,0.014848,0.160896,0.0804,0.679992,0.000487458,-0.00232693,-0.00727681,0.0943141,0.000391902,-2.0429E-05,-2.59613E-05,4.706E-05,4.90671E-05,0.000536013
0.012635,1.3491,0.67,5.6666,0.00093542,-0.038003,0.49398,0.010047,-0.00050948,-0.00074584,0.0011812,0.0012049,0.014042,0.161892,0.0804,0.679992,0.000456124,0.00017773,-0.00722057,0.0938562,0.000362697,-1.83922E-05,-2.69248E-05,4.26413E-05,4.34969E-05,0.000506916
0.012046,1.3573,0.67,5.6666,0.01419,-0.037945,0.49271,0.0095148,-0.00044572,-0.00101,0.0010757,0.0010944,0.013502,0.162876,0.0804,0.679992,0.000434861,0.0026961,-0.00720955,0.0936149,0.000343484,-1.60905E-05,-0.000036461,3.88328E-05,3.95078E-05,0.000487422
0.011686,1.3656,0.67,5.6666,0.026965,-0.037835,0.49319,0.0095022,-0.00043831,-0.0011941,0.00099761,0.00094455,0.012872,0.163872,0.0804,0.679992,0.000421865,0.00512335,-0.00718865,0.0937061,0.000343029,-1.5823E-05,-4.3107E-05,3.60137E-05,3.40983E-05,0.000464679
0.010911,1.3738,0.67,5.6666,0.039435,-0.037331,0.49522,0.0091278,-0.00036949,-0.0012036,0.0009347,0.00081151,0.011759,0.164856,0.0804,0.679992,0.000393887,0.00749265,-0.00709289,0.0940918,0.000329514,-1.33386E-05,-4.345E-05,3.37427E-05,2.92955E-05,0.0004245
0.010427,1.3821,0.67,5.6666,0.051696,-0.037004,0.49744,0.0086629,-0.00032309,-0.0012331,0.000887,0.00068513,0.011303,0.165852,0.0804,0.679992,0.000376415,0.00982224,-0.00703076,0.0945136,0.000312731,-1.16635E-05,-4.45149E-05,3.20207E-05,2.47332E-05,0.000408038
0.010039,1.3903,0.67,5.6666,0.063673,-0.036792,0.50131,0.008427,-0.00029494,-0.0013505,0.00085312,0.00062021,0.010798,0.166836,0.0804,0.679992,0.000362408,0.01209787,-0.00699048,0.0952489,0.000304215,-1.06473E-05,-4.87531E-05,3.07976E-05,2.23896E-05,0.000389808
0.0094134,1.3986,0.67,5.6666,0.075705,-0.036927,0.50735,0.0079278,-0.0002675,-0.0012954,0.00085912,0.00057788,0.01004,0.167832,0.0804,0.679992,0.000339824,0.01438395,-0.00701613,0.0963965,0.000286194,-9.65675E-06,-4.67639E-05,3.10142E-05,2.08615E-05,0.000362444
0.0088106,1.4069,0.67,5.6666,0.087544,-0.036156,0.5149,0.0073852,-0.00026189,-0.0012489,0.00089342,0.00045935,0.0093425,0.168828,0.0804,0.679992,0.000318063,0.01663336,-0.00686964,0.097831,0.000266606,-9.45423E-06,-4.50853E-05,3.22525E-05,1.65825E-05,0.000337264
0.0084642,1.4151,0.67,5.6666,0.098477,-0.035641,0.52273,0.0071557,-0.00019692,-0.0013581,0.00096189,0.00042099,0.0088109,0.169812,0.0804,0.679992,0.000305558,0.01871063,-0.00677179,0.0993187,0.000258321,-7.10881E-06,-4.90274E-05,3.47242E-05,1.51977E-05,0.000318073
0.0080966,1.4234,0.67,5.6666,0.10914,-0.035147,0.53108,0.0068558,-0.00025134,-0.001331,0.0010634,0.00032959,0.0082739,0.170808,0.0804,0.679992,0.000292287,0.0207366,-0.00667793,0.1009052,0.000247494,-9.07337E-06,-4.80491E-05,3.83887E-05,1.18982E-05,0.000298688
0.0079054,1.4316,0.67,5.6666,0.11934,-0.034091,0.54008,0.0066882,-0.0002611,-0.0016027,0.0011625,0.00025736,0.0079601,0.171792,0.0804,0.679992,0.000285385,0.0226746,-0.00647729,0.1026152,0.000241444,-9.42571E-06,-5.78575E-05,4.19663E-05,9.2907E-06,0.00028736
0.0075531,1.4399,0.67,5.6666,0.12933,-0.03364,0.54994,0.0064643,-0.00021166,-0.0015479,0.0012904,0.00028153,0.0073515,0.172788,0.0804,0.679992,0.000272667,0.0245727,-0.0063916,0.1044886,0.000233361,-7.64093E-06,-5.58792E-05,4.65834E-05,1.01632E-05,0.000265389
0.0072706,1.4481,0.67,5.6666,0.13937,-0.032692,0.56067,0.0061409,-0.00026653,-0.0016751,0.0014256,0.00025654,0.0069747,0.173772,0.0804,0.679992,0.000262469,0.0264803,-0.00621148,0.1065273,0.000221686,-9.62173E-06,-6.04711E-05,5.14642E-05,9.26109E-06,0.000251787
0.0069538,1.4564,0.67,5.6666,0.14832,-0.03196,0.57247,0.0058297,-0.00029456,-0.0019096,0.0015305,0.00024412,0.0065475,0.174768,0.0804,0.679992,0.000251032,0.0281808,-0.0060724,0.1087693,0.000210452,-1.06336E-05,-6.89366E-05,5.52511E-05,8.81273E-06,0.000236365
0.0065393,1.4647,0.67,5.6666,0.1566,-0.031779,0.58475,0.0053097,-0.00034616,-0.0016584,0.0016348,0.00025718,0.0061341,0.175764,0.0804,0.679992,0.000236069,0.029754,-0.00603801,0.1111025,0.00019168,-1.24964E-05,-5.98682E-05,5.90163E-05,9.2842E-06,0.000221441
0.0064023,1.4729,0.67,5.6666,0.16429,-0.031799,0.59737,0.0051357,-0.00038915,-0.0017632,0.0017006,0.00023117,0.0059682,0.176748,0.0804,0.679992,0.000231123,0.0312151,-0.00604181,0.1135003,0.000185399,-1.40483E-05,-6.36515E-05,6.13917E-05,8.34524E-06,0.000215452
0.0060248,1.4812,0.67,5.6666,0.17133,-0.032343,0.61066,0.0048959,-0.00040852,-0.0016796,0.0017193,0.00017804,0.0054344,0.177744,0.0804,0.679992,0.000217495,0.0325527,-0.00614517,0.1160254,0.000176742,-1.47476E-05,-6.06336E-05,6.20667E-05,6.42724E-06,0.000196182
0.0058282,1.4894,0.67,5.6666,0.17864,-0.033096,0.6241,0.0046795,-0.00044342,-0.0016628,0.0017181,0.00010828,0.0052588,0.178728,0.0804,0.679992,0.000210398,0.0339416,-0.00628824,0.118579,0.00016893,-1.60075E-05,-6.00271E-05,6.20234E-05,3.90891E-06,0.000189843
0.0055554,1.4977,0.67,5.6666,0.18575,-0.034026,0.63812,0.0045136,-0.00046084,-0.0016304,0.001703,3.95E-05,0.0048942,0.179724,0.0804,0.679992,0.00020055,0.0352925,-0.00646494,0.1212428,0.000162941,-1.66363E-05,-5.88574E-05,6.14783E-05,1.42516E-06,0.000176681
0.0051948,1.5059,0.67,5.6666,0.19256,-0.034631,0.65202,0.0041476,-0.00045974,-0.0014521,0.0016818,-4.17E-05,0.0045602,0.180708,0.0804,0.679992,0.000187532,0.0365864,-0.00657989,0.1238838,0.000149728,-1.65966E-05,-5.24208E-05,6.0713E-05,-1.50696E-06,0.000164623
0.0049276,1.5142,0.67,5.6666,0.19914,-0.034844,0.66565,0.0038809,-0.00045202,-0.0013805,0.0016603,-0.00011302,0.0043139,0.181704,0.0804,0.679992,0.000177886,0.0378366,-0.00662036,0.1264735,0.0001401,-1.63179E-05,-4.98361E-05,5.99368E-05,-4.08002E-06,0.000155732
0.0046794,1.5224,0.67,5.6666,0.20466,-0.035008,0.67868,0.0036422,-0.00043702,-0.0012149,0.0016445,-0.00018594,0.0040722,0.182688,0.0804,0.679992,0.000168926,0.0388854,-0.00665152,0.1289492,0.000131483,-1.57764E-05,-4.38579E-05,5.93665E-05,-6.71243E-06,0.000147006
0.0045128,1.5307,0.67,5.6666,0.20914,-0.035647,0.69116,0.0034204,-0.00041384,-0.0010972,0.0016274,-0.00028331,0.0039779,0.183684,0.0804,0.679992,0.000162912,0.0397366,-0.00677293,0.1313204,0.000123476,-1.49396E-05,-3.96089E-05,5.87491E-05,-1.02275E-05,0.000143602
0.0044002,1.539,0.67,5.6666,0.21347,-0.036389,0.70327,0.0032548,-0.00040142,-0.001019,0.0015986,-0.00042875,0.0039471,0.18468,0.0804,0.679992,0.000158847,0.0405593,-0.00691391,0.1336213,0.000117498,-1.44913E-05,-3.67859E-05,5.77095E-05,-1.54779E-05,0.00014249
0.0042944,1.5472,0.67,5.6666,0.21823,-0.036555,0.71539,0.003077,-0.00039203,-0.00094646,0.0015532,-0.00061938,0.0039585,0.185664,0.0804,0.679992,0.000155028,0.0414637,-0.00694545,0.1359241,0.00011108,-1.41523E-05,-3.41672E-05,5.60705E-05,-2.23596E-05,0.000142902
0.0042246,1.5555,0.67,5.6666,0.22243,-0.036012,0.72797,0.0029332,-0.00038519,-0.00085418,0.0015164,-0.00079569,0.0039995,0.18666,0.0804,0.679992,0.000152508,0.0422617,-0.00684228,0.1383143,0.000105889,-1.39054E-05,-3.08359E-05,5.4742E-05,-2.87244E-05,0.000144382
0.0041808,1.5637,0.67,5.6666,0.22575,-0.034711,0.74118,0.0028413,-0.00039336,-0.00073922,0.0015086,-0.00092472,0.0040118,0.187644,0.0804,0.679992,0.000150927,0.0428925,-0.00659509,0.1408242,0.000102571,-1.42003E-05,-2.66858E-05,5.44605E-05,-3.33824E-05,0.000144826
0.0041614,1.572,0.67,5.6666,0.22957,-0.032904,0.755,0.0027917,-0.00041878,-0.00061583,0.0015216,-0.0010031,0.0040096,0.18864,0.0804,0.679992,0.000150227,0.0436183,-0.00625176,0.14345,0.00010078,-1.5118E-05,-2.22315E-05,5.49298E-05,-3.62119E-05,0.000144747
0.0041227,1.5802,0.67,5.6666,0.2338,-0.030985,0.76885,0.0027753,-0.00045215,-0.00048732,0.0015399,-0.0010329,0.0039303,0.189624,0.0804,0.679992,0.000148829,0.044422,-0.00588715,0.1460815,0.000100188,-1.63226E-05,-1.75923E-05,5.55904E-05,-3.72877E-05,0.000141884
0.0040328,1.5885,0.67,5.6666,0.23701,-0.029294,0.78205,0.0027563,-0.00048223,-0.00034479,0.0015441,-0.0010311,0.0037654,0.19062,0.0804,0.679992,0.000145584,0.0450319,-0.00556586,0.1485895,9.95024E-05,-1.74085E-05,-1.24469E-05,5.5742E-05,-3.72227E-05,0.000135931
0.003872,1.5968,0.67,5.6666,0.23931,-0.028076,0.79427,0.0027048,-0.0004941,-0.00024555,0.0015167,-0.00099758,0.0035225,0.191616,0.0804,0.679992,0.000139779,0.0454689,-0.00533444,0.1509113,9.76433E-05,-1.7837E-05,-8.86436E-06,5.47529E-05,-3.60126E-05,0.000127162
0.0036768,1.605,0.67,5.6666,0.24128,-0.027196,0.80524,0.0026306,-0.00048288,-0.00017205,0.0014541,-0.00095197,0.0032689,0.1926,0.0804,0.679992,0.000132732,0.0458432,-0.00516724,0.1529956,9.49647E-05,-1.7432E-05,-6.21101E-06,5.2493E-05,-3.43661E-05,0.000118007
0.003497,1.6133,0.67,5.6666,0.24251,-0.026513,0.81477,0.0025764,-0.00047329,-0.0001221,0.0013608,-0.00089785,0.0030568,0.193596,0.0804,0.679992,0.000126242,0.0460769,-0.00503747,0.1548063,9.3008E-05,-1.70858E-05,-4.40781E-06,4.91249E-05,-3.24124E-05,0.00011035
0.0033375,1.6215,0.67,5.6666,0.24296,-0.025943,0.82295,0.0025361,-0.00047983,-8.42E-05,0.0012624,-0.00083943,0.0028766,0.19458,0.0804,0.679992,0.000120484,0.0461624,-0.00492917,0.1563605,9.15532E-05,-1.73219E-05,-3.03843E-06,4.55726E-05,-3.03034E-05,0.000103845
0.0031852,1.6298,0.67,5.6666,0.24281,-0.025213,0.83011,0.002461,-0.00049458,-7.55E-05,0.0011954,-0.00079139,0.002714,0.195576,0.0804,0.679992,0.000114986,0.0461339,-0.00479047,0.1577209,8.88421E-05,-1.78543E-05,-2.72432E-06,4.31539E-05,-2.85692E-05,9.79754E-05
0.0030271,1.638,0.67,5.6666,0.24214,-0.024062,0.83636,0.0023457,-0.00050495,-6.25E-05,0.0011702,-0.00074774,0.0025383,0.19656,0.0804,0.679992,0.000109278,0.0460066,-0.00457178,0.1589084,8.46798E-05,-1.82287E-05,-2.2556E-06,4.22442E-05,-2.69934E-05,9.16326E-05
0.0028829,1.6463,0.67,5.6666,0.24122,-0.022632,0.84191,0.002254,-0.00050259,-4.97E-05,0.0011695,-0.00068462,0.0023424,0.197556,0.0804,0.679992,0.000104073,0.0458318,-0.00430008,0.1599629,8.13694E-05,-1.81435E-05,-1.79536E-06,4.2219E-05,-2.47148E-05,8.45606E-05
0.0027669,1.6545,0.67,5.6666,0.23998,-0.021144,0.847,0.0022139,-0.00047861,-6.41E-05,0.0011863,-0.0005889,0.0021335,0.19854,0.0804,0.679992,9.98851E-05,0.0455962,-0.00401736,0.16093,7.99218E-05,-1.72778E-05,-2.31513E-06,4.28254E-05,-2.12593E-05,7.70194E-05
0.0026115,1.6628,0.67,5.6666,0.23814,-0.019507,0.85148,0.0021616,-0.00043989,-0.00012931,0.0012336,-0.00045729,0.0018277,0.199536,0.0804,0.679992,9.42752E-05,0.0452466,-0.00370633,0.1617812,7.80338E-05,-1.588E-05,-4.66809E-06,4.4533E-05,-1.65082E-05,6.598E-05
0.0024352,1.6711,0.67,5.6666,0.2358,-0.017498,0.8558,0.0020594,-0.00040695,-0.00021177,0.001285,-0.00030725,0.0015261,0.200532,0.0804,0.679992,8.79107E-05,0.044802,-0.00332462,0.162602,7.43443E-05,-1.46909E-05,-7.6449E-06,4.63885E-05,-1.10917E-05,5.50922E-05
0.0022999,1.6793,0.67,5.6666,0.23328,-0.015059,0.86069,0.0019799,-0.00037196,-0.00026944,0.0012894,-0.0001949,0.0013305,0.201516,0.0804,0.679992,8.30264E-05,0.0443232,-0.00286121,0.1635311,7.14744E-05,-1.34278E-05,-9.72678E-06,4.65473E-05,-7.03589E-06,4.80311E-05
0.0022211,1.6876,0.67,5.6666,0.23082,-0.012357,0.86655,0.0019754,-0.00033634,-0.00030926,0.0012401,-0.00014613,0.0012267,0.202512,0.0804,0.679992,8.01817E-05,0.0438558,-0.00234783,0.1646445,7.13119E-05,-1.21419E-05,-1.11643E-05,4.47676E-05,-5.27529E-06,4.42839E-05
0.0021759,1.6958,0.67,5.6666,0.22844,-0.0098022,0.874,0.0020121,-0.00031423,-0.00031672,0.0011614,-0.00013927,0.0011783,0.203496,0.0804,0.679992,7.855E-05,0.0434036,-0.001862418,0.16606,7.26368E-05,-1.13437E-05,-1.14336E-05,4.19265E-05,-5.02765E-06,4.25366E-05
0.0021468,1.7041,0.67,5.6666,0.22587,-0.0078986,0.88211,0.0020486,-0.00031455,-0.00029478,0.0010848,-0.0001618,0.0011601,0.204492,0.0804,0.679992,7.74995E-05,0.0429153,-0.001500734,0.1676009,7.39545E-05,-1.13553E-05,-1.06416E-05,3.91613E-05,-5.84098E-06,4.18796E-05
0.0021372,1.7123,0.67,5.6666,0.22293,-0.006712,0.88935,0.0020814,-0.00033549,-0.00025832,0.0010337,-0.0001827,0.0011594,0.205476,0.0804,0.679992,7.71529E-05,0.0423567,-0.00127528,0.1689765,7.51385E-05,-1.21112E-05,-9.32535E-06,3.73166E-05,-6.59547E-06,4.18543E-05
0.0021751,1.7206,0.67,5.6666,0.21998,-0.0056942,0.89618,0.0021282,-0.00035636,-0.0002182,0.0010189,-0.00016772,0.0012031,0.206472,0.0804,0.679992,7.85211E-05,0.0417962,-0.001081898,0.1702742,7.6828E-05,-1.28646E-05,-7.87702E-06,3.67823E-05,-6.05469E-06,4.34319E-05
0.0022519,1.7289,0.67,5.6666,0.21737,-0.004466,0.90311,0.0021526,-0.00037853,-0.00016313,0.0010424,-0.00013581,0.0013087,0.207468,0.0804,0.679992,8.12936E-05,0.0413003,-0.00084854,0.1715909,7.77089E-05,-1.36649E-05,-5.88899E-06,3.76306E-05,-4.90274E-06,4.72441E-05
0.0023526,1.7371,0.67,5.6666,0.21478,-0.003153,0.90906,0.0021722,-0.00041976,-6.03E-05,0.0010791,-0.00013642,0.001454,0.208452,0.0804,0.679992,8.49289E-05,0.0408082,-0.00059907,0.1727214,7.84164E-05,-1.51533E-05,-2.17849E-06,3.89555E-05,-4.92476E-06,5.24894E-05
0.0024984,1.7454,0.67,5.6666,0.21194,-0.002008,0.9133,0.0022772,-0.00047244,9.68E-05,0.0011083,-0.00016584,0.0016113,0.209448,0.0804,0.679992,9.01922E-05,0.0402686,-0.00038152,0.173527,8.22069E-05,-1.70551E-05,3.49491E-06,4.00096E-05,-5.98682E-06,5.81679E-05
0.0026235,1.7536,0.67,5.6666,0.20929,-0.0012073,0.91699,0.0024096,-0.00051639,0.00025179,0.0011321,-0.00016245,0.0017054,0.210432,0.0804,0.679992,9.47084E-05,0.0397651,-0.000229387,0.1742281,8.69866E-05,-1.86417E-05,9.08962E-06,4.08688E-05,-5.86445E-06,6.15649E-05
0.0026195,1.7619,0.67,5.6666,0.20728,-0.00070222,0.92174,0.0024818,-0.00054285,0.00033416,0.0011622,-0.00010549,0.0015951,0.211428,0.0804,0.679992,9.4564E-05,0.0393832,-0.000133422,0.1751306,8.9593E-05,-1.95969E-05,1.20632E-05,4.19554E-05,-3.80819E-06,5.75831E-05
0.002551,1.7701,0.67,5.6666,0.20587,-0.000213,0.92798,0.0025475,-0.00055878,0.00035362,0.0012224,-3.14E-05,0.0013321,0.212412,0.0804,0.679992,9.20911E-05,0.0391153,-0.00004047,0.1763162,9.19648E-05,-2.0172E-05,1.27657E-05,4.41286E-05,-1.13473E-06,4.80888E-05
0.0025293,1.7784,0.67,5.6666,0.20461,0.00083368,0.93419,0.0026329,-0.00057636,0.00034425,0.0013126,6.43E-06,0.0011132,0.213408,0.0804,0.679992,9.13077E-05,0.0388759,0.000158399,0.1774961,9.50477E-05,-2.08066E-05,1.24274E-05,4.73849E-05,2.32188E-07,4.01865E-05
0.0025486,1.7866,0.67,5.6666,0.20314,0.0029059,0.93982,0.002675,-0.0006062,0.00031808,0.0014145,2.82E-05,0.0010076,0.214392,0.0804,0.679992,9.20045E-05,0.0385966,0.000552121,0.1785658,9.65675E-05,-2.18838E-05,1.14827E-05,5.10635E-05,1.01972E-06,3.63744E-05
0.002551,1.7949,0.67,5.6666,0.20134,0.0055235,0.94504,0.0026625,-0.00064445,0.00027008,0.001511,4.81E-05,0.00092862,0.215388,0.0804,0.679992,9.20911E-05,0.0382546,0.001049465,0.1795576,9.61163E-05,-2.32646E-05,9.74989E-06,5.45471E-05,1.73695E-06,3.35232E-05
0.0025287,1.8032,0.67,5.6666,0.19923,0.0074727,0.95023,0.0026227,-0.00067752,0.00020641,0.0015981,5.81E-05,0.00083663,0.216384,0.0804,0.679992,9.12861E-05,0.0378537,0.001419813,0.1805437,9.46795E-05,-2.44585E-05,7.4514E-06,5.76914E-05,2.0968E-06,3.02023E-05
0.0024935,1.8114,0.67,5.6666,0.19691,0.0080331,0.95515,0.0025824,-0.00069649,0.00014396,0.0016525,4.92E-05,0.00075215,0.217368,0.0804,0.679992,9.00154E-05,0.0374129,0.001526289,0.1814785,9.32246E-05,-2.51433E-05,5.19696E-06,5.96553E-05,1.77507E-06,2.71526E-05
0.0024636,1.8197,0.67,5.6666,0.19457,0.007263,0.95984,0.0025556,-0.00069975,9.99E-05,0.0016539,9.62E-06,0.0007178,0.218364,0.0804,0.679992,8.8936E-05,0.0369683,0.00137997,0.1823696,9.22572E-05,-2.5261E-05,3.60686E-06,5.97058E-05,3.4717E-07,2.59126E-05
0.0024502,1.8279,0.67,5.6666,0.19233,0.0056301,0.96491,0.002529,-0.00069887,7.21E-05,0.00163,-2.42E-05,0.00074144,0.219348,0.0804,0.679992,8.84522E-05,0.0365427,0.001069719,0.1833329,9.12969E-05,-2.52292E-05,2.60339E-06,0.000058843,-8.72393E-07,2.6766E-05
0.0024607,1.8362,0.67,5.6666,0.19006,0.0039701,0.97037,0.0024832,-0.00068914,7.45E-05,0.0016026,-6.28E-05,0.00083561,0.220344,0.0804,0.679992,8.88313E-05,0.0361114,0.000754319,0.1843703,8.96435E-05,-2.4878E-05,2.68967E-06,5.78539E-05,-2.26585E-06,3.01655E-05
0.0024698,1.8446,0.67,5.6666,0.18758,0.0029325,0.97597,0.0024112,-0.00067608,0.00012108,0.0015902,-0.00010101,0.00093808,0.221352,0.0804,0.679992,8.91598E-05,0.0356402,0.000557175,0.1854343,8.70443E-05,-2.44065E-05,4.37099E-06,5.74062E-05,-3.64646E-06,3.38647E-05
0.0024654,1.8534,0.67,5.6666,0.1848,0.0029967,0.98173,0.0023121,-0.00067011,0.0002256,0.0015968,-0.00018191,0.0010218,0.222408,0.0804,0.679992,8.90009E-05,0.035112,0.000569373,0.1865287,8.34668E-05,-2.4191E-05,8.14416E-06,5.76445E-05,-6.56695E-06,3.6887E-05
0.002458,1.8626,0.67,5.6666,0.18173,0.0041965,0.98724,0.0021907,-0.0006625,0.00036731,0.0015901,-0.0003048,0.0011352,0.223512,0.0804,0.679992,8.87338E-05,0.0345287,0.000797335,0.1875756,7.90843E-05,-2.39163E-05,1.32599E-05,5.74026E-05,-1.10033E-05,4.09807E-05
0.002477,1.8723,0.67,5.6666,0.17851,0.0057886,0.99206,0.0020734,-0.00064619,0.0005026,0.0015943,-0.00043453,0.0012863,0.224676,0.0804,0.679992,8.94197E-05,0.0339169,0.001099834,0.1884914,7.48497E-05,-2.33275E-05,1.81439E-05,5.75542E-05,-1.56865E-05,4.64354E-05
0.0025225,1.8824,0.67,5.6666,0.17524,0.0071672,0.99645,0.0019638,-0.00061508,0.00061266,0.0016058,-0.00058971,0.0014754,0.225888,0.0804,0.679992,9.10623E-05,0.0332956,0.001361768,0.1893255,7.08932E-05,-2.22044E-05,2.2117E-05,5.79694E-05,-2.12885E-05,5.32619E-05
0.0025297,1.8931,0.67,5.6666,0.1719,0.0085177,1.0001,0.0018605,-0.00057697,0.00065574,0.0015833,-0.00072162,0.0016155,0.227172,0.0804,0.679992,9.13222E-05,0.032661,0.001618363,0.190019,6.71641E-05,-2.08286E-05,2.36722E-05,5.71571E-05,-2.60505E-05,5.83196E-05
0.0025083,1.9042,0.67,5.6666,0.16835,0.0088497,1.0033,0.0017711,-0.00057569,0.0005604,0.0015612,-0.00079666,0.0016844,0.228504,0.0804,0.679992,9.05496E-05,0.0319865,0.001681443,0.190627,6.39367E-05,-2.07824E-05,2.02304E-05,5.63593E-05,-2.87594E-05,6.08068E-05
0.0025266,1.9159,0.67,5.6666,0.16457,0.008614,1.0071,0.0017163,-0.00063085,0.0004197,0.0015999,-0.00077295,0.0017371,0.229908,0.0804,0.679992,9.12103E-05,0.0312683,0.00163666,0.191349,6.19584E-05,-2.27737E-05,1.51512E-05,5.77564E-05,-2.79035E-05,6.27093E-05
0.0026069,1.9282,0.67,5.6666,0.16045,0.0091156,1.0127,0.0017318,-0.00067917,0.0002903,0.001666,-0.00079766,0.0018159,0.231384,0.0804,0.679992,9.41091E-05,0.0304855,0.001731964,0.192413,6.2518E-05,-2.4518E-05,1.04798E-05,6.01426E-05,-2.87955E-05,6.5554E-05
0.002749,1.941,0.67,5.6666,0.15587,0.010078,1.0161,0.0017962,-0.00069752,0.00027629,0.0016385,-0.00082669,0.0020633,0.23292,0.0804,0.679992,9.92389E-05,0.0296153,0.00191482,0.193059,6.48428E-05,-2.51805E-05,9.97407E-06,5.91499E-05,-2.98435E-05,7.44851E-05
0.0028663,1.9545,0.67,5.6666,0.15112,0.0094481,1.0169,0.0018498,-0.00065168,0.00032106,0.0015368,-0.00079149,0.0023461,0.23454,0.0804,0.679992,0.000103473,0.0287128,0.001795139,0.193211,6.67778E-05,-2.35256E-05,1.15903E-05,5.54785E-05,-2.85728E-05,8.46942E-05
0.0028321,1.9686,0.67,5.6666,0.14646,0.0091186,1.0177,0.0018657,-0.00048629,0.00017042,0.0014325,-0.00079376,0.0023659,0.236232,0.0804,0.679992,0.000102239,0.0278274,0.001732534,0.193363,6.73518E-05,-1.75551E-05,6.15216E-06,5.17133E-05,-2.86547E-05,8.5409E-05
0.0027071,1.9833,0.67,5.6666,0.14156,0.0095677,1.0236,0.0018405,-0.00024395,8.69E-05,0.0012121,-0.00069139,0.0023615,0.237996,0.0804,0.679992,9.77263E-05,0.0268964,0.001817863,0.194484,6.64421E-05,-8.8066E-06,3.13633E-06,4.37568E-05,-2.49592E-05,8.52502E-05
0.0025162,1.9988,0.67,5.6666,0.1362,0.012128,1.0252,0.0017936,-4.29E-05,-4.72E-05,0.0011972,-0.00056979,0.0020416,0.239856,0.0804,0.679992,9.08348E-05,0.025878,0.00230432,0.194788,6.4749E-05,-1.54898E-06,-1.70244E-06,4.32189E-05,-2.05694E-05,7.37018E-05
0.0024871,2.0149,0.67,5.6666,0.13129,0.01258,1.025,0.0017131,5.10E-05,-8.69E-05,0.0012652,-0.00056522,0.0019959,0.241788,0.0804,0.679992,8.97843E-05,0.0249451,0.0023902,0.19475,6.18429E-05,1.8402E-06,-3.13781E-06,4.56737E-05,-2.04044E-05,7.2052E-05
0.0025911,2.0319,0.67,5.6666,0.12685,0.012313,1.0213,0.0015704,7.61E-05,-0.00015149,0.001302,-0.00039924,0.0023098,0.243828,0.0804,0.679992,9.35387E-05,0.0241015,0.00233947,0.194047,5.66914E-05,2.74775E-06,-5.46879E-06,4.70022E-05,-1.44126E-05,8.33838E-05
0.0025272,2.0496,0.67,5.6666,0.12206,0.007966,1.0168,0.0014436,7.14E-05,-9.91E-05,0.0010743,-0.00013177,0.0025364,0.245952,0.0804,0.679992,9.12319E-05,0.0231914,0.00151354,0.193192,5.2114E-05,2.57574E-06,-3.57592E-06,3.87822E-05,-4.7569E-06,9.1564E-05
0.0029984,2.0681,0.67,5.6666,0.11646,0.0044578,1.0153,0.0014605,7.07E-05,0.00040897,0.00081325,0.00019019,0.003723,0.248172,0.0804,0.679992,0.000108242,0.0221274,0.000846982,0.192907,5.27241E-05,2.55296E-06,1.47638E-05,2.93583E-05,6.86586E-06,0.0001344
0.0037515,2.0875,0.67,5.6666,0.10997,0.0041988,1.0054,0.0016383,-3.89E-05,0.00090279,0.0007937,4.76E-05,0.0050709,0.2505,0.0804,0.679992,0.000135429,0.0208943,0.000797772,0.191026,5.91426E-05,-1.40321E-06,3.25907E-05,2.86526E-05,1.71757E-06,0.000183059
0.0045325,2.1078,0.67,5.6666,0.10329,0.0038662,1.001,0.001894,-0.00020568,0.0016626,0.00068746,-0.0002785,0.0064835,0.252936,0.0804,0.679992,0.000163623,0.0196251,0.000734578,0.19019,6.83734E-05,-7.42505E-06,6.00199E-05,2.48173E-05,-1.00539E-05,0.000234054
0.0051507,2.129,0.67,5.6666,0.097153,0.011125,0.99802,0.0021248,-0.00027593,0.0023506,0.00073604,-0.0002799,0.0074406,0.25548,0.0804,0.679992,0.00018594,0.01845907,0.00211375,0.1896238,7.67053E-05,-9.96107E-06,8.48567E-05,2.6571E-05,-1.01044E-05,0.000268606
0.0047988,2.1511,0.67,5.6666,0.093085,0.016504,0.99101,0.0022038,-0.0001208,0.0022538,0.00086804,-3.40E-05,0.0065257,0.258132,0.0804,0.679992,0.000173237,0.01768615,0.00313576,0.1882919,7.95572E-05,-4.36088E-06,8.13622E-05,3.13362E-05,-1.22733E-06,0.000235578
0.0039447,2.1743,0.67,5.6666,0.09027,0.019533,0.99373,0.0021127,7.26E-05,0.0017855,0.0010183,0.00014659,0.0047584,0.260916,0.0804,0.679992,0.000142404,0.0171513,0.00371127,0.1888087,7.62685E-05,2.6192E-06,6.44566E-05,3.67606E-05,5.2919E-06,0.000171778
0.0036026,2.1984,0.67,5.6666,0.084591,0.021683,0.99813,0.0019086,0.00012164,0.0016914,0.0010119,3.41E-05,0.0042848,0.263808,0.0804,0.679992,0.000130054,0.01607229,0.00411977,0.1896447,6.89005E-05,4.3912E-06,6.10595E-05,3.65296E-05,1.23249E-06,0.000154681
0.0039249,2.2237,0.67,5.6666,0.076671,0.025855,0.97803,0.0017188,0.00039582,0.0016698,0.0016296,0.00067125,0.0045015,0.266844,0.0804,0.679992,0.000141689,0.01456749,0.00491245,0.1858257,6.20487E-05,1.42891E-05,6.02798E-05,5.88286E-05,2.42321E-05,0.000162504
0.0050072,2.2501,0.67,5.6666,0.069709,0.032246,0.95761,0.0017892,0.00061788,0.0015739,0.0022229,0.0013183,0.0060024,0.270012,0.0804,0.679992,0.00018076,0.01324471,0.00612674,0.1819459,6.45901E-05,2.23055E-05,5.68178E-05,8.02467E-05,4.75906E-05,0.000216687
0.0050919,2.2776,0.67,5.6666,0.062611,0.0345,0.95256,0.0020216,0.00048218,0.0015544,0.0019487,0.00067273,0.0062136,0.273312,0.0804,0.679992,0.000183818,0.01189609,0.006555,0.1809864,7.29798E-05,1.74067E-05,5.61138E-05,7.03481E-05,2.42856E-05,0.000224311
0.0049789,2.3063,0.67,5.6666,0.0551,0.037994,0.93944,0.0021982,0.00027668,0.0012529,0.001679,-0.00048962,0.0060806,0.276756,0.0804,0.679992,0.000179738,0.010469,0.00721886,0.1784936,7.9355E-05,9.98815E-06,4.52297E-05,6.06119E-05,-1.76753E-05,0.00021951
0.0059456,2.3362,0.67,5.6666,0.045154,0.049924,0.92536,0.0023736,0.00038688,0.0014553,0.0018526,-0.00053798,0.007665,0.280344,0.0804,0.679992,0.000214636,0.00857926,0.00948556,0.1758184,8.5687E-05,1.39664E-05,5.25363E-05,6.68789E-05,-1.94211E-05,0.000276707
0.0055767,2.3674,0.67,5.6666,0.03372,0.060125,0.89924,0.0024138,0.00058924,0.0016627,0.002533,0.0001645,0.0062065,0.284088,0.0804,0.679992,0.000201319,0.0064068,0.01142375,0.1708556,8.71382E-05,2.12716E-05,6.00235E-05,9.14413E-05,5.93845E-06,0.000224055
0.0053937,2.3999,0.67,5.6666,0.02474,0.066938,0.86952,0.0019522,0.00068925,0.0014425,0.00384,0.0003024,0.0049953,0.287988,0.0804,0.679992,0.000194713,0.0047006,0.01271822,0.1652088,7.04744E-05,2.48819E-05,5.20743E-05,0.000138624,1.09166E-05,0.00018033
0.0052093,2.4338,0.67,5.6666,0.015178,0.075528,0.83264,0.0011054,0.00045537,0.0012457,0.0036892,0.00056505,0.005624,0.292056,0.0804,0.679992,0.000188056,0.00288382,0.01435032,0.1582016,3.99049E-05,1.64389E-05,4.49698E-05,0.00013318,2.03983E-05,0.000203026
0.0036743,2.4691,0.67,5.6666,0.0060305,0.070892,0.71764,0.00035243,7.35E-05,0.00062602,0.0021416,0.00078558,0.0048545,0.296292,0.0804,0.679992,0.000132642,0.001145795,0.01346948,0.1363516,1.27227E-05,2.6536E-06,2.25993E-05,7.73118E-05,2.83594E-05,0.000175247
0.0013982,2.5058,0.67,5.6666,0.0018183,0.031201,0.31578,2.22E-05,1.27E-05,0.00010974,0.00081828,0.00031344,0.0019559,0.300696,0.0804,0.679992,5.0475E-05,0.000345477,0.00592819,0.0599982,8.02286E-07,4.58145E-07,3.96161E-06,2.95399E-05,1.13152E-05,7.0608E-05
6.98E-08,2.544,0.67,5.6666,0.0005793,1.13E-13,3.93E-18,1.40E-07,2.72E-17,7.43E-22,5.29E-27,1.45E-31,1.34E-34,0.30528,0.0804,0.679992,2.52137E-09,0.000110067,2.14415E-14,7.45807E-19,5.04281E-09,9.81523E-19,2.68129E-23,1.91041E-28,5.24425E-33,4.82801E-36
0,2.5837,0.67,5.6666,0,0,0,0,0,0,0,0,0,0.310044,0.0804,0.679992,0,0,0,0,0,0,0,0,0,0
0,2.625,0.67,5.6666,0,0,0,0,0,0,0,0,0,0.315,0.0804,0.679992,0,0,0,0,0,0,0,0,0,0
0,-0.125,0.67,5.675,0,0,0,0,0,0,0,0,0,-0.015,0.0804,0.681,0,0,0,0,0,0,0,0,0,0
0,-0.083719,0.67,5.675,0,0,0,0,0,0,0,0,0,-0.01004628,0.0804,0.681,0,0,0,0,0,0,0,0,0,0
1.89E-08,-0.044001,0.67,5.675,-0.00022854,-6.06E-14,8.61E-18,3.78E-08,9.89E-18,-1.90E-21,2.59E-27,-4.95E-31,1.17E-34,-0.00528012,0.0804,0.681,6.82651E-10,-4.34226E-05,-1.15094E-14,1.63594E-18,1.3653E-09,3.5709E-19,-6.84203E-23,9.34629E-29,-1.78579E-32,4.23489E-36
0.00097384,-0.0058053,0.67,5.675,-0.0025116,0.025332,0.39616,1.09E-05,-2.53E-05,-3.41E-05,0.00080633,-0.00020208,0.0011304,-0.000696636,0.0804,0.681,3.51556E-05,-0.000477204,0.00481308,0.0752704,3.94104E-07,-9.14088E-07,-1.22985E-06,2.91085E-05,-7.29509E-06,4.08074E-05
0.0025419,0.030909,0.67,5.675,-0.011113,0.057327,0.89633,0.00017363,-0.00014868,-0.00019479,0.0020935,-0.00051837,0.0028166,0.00370908,0.0804,0.681,9.17626E-05,-0.00211147,0.01089213,0.1703027,6.26804E-06,-5.36735E-06,-7.03192E-06,7.55754E-05,-1.87132E-05,0.000101679
0.0026137,0.066184,0.67,5.675,-0.024771,0.051993,1.0133,0.00044253,-0.00023048,-9.28E-05,0.0018216,-0.00058447,0.0029632,0.00794208,0.0804,0.681,9.43546E-05,-0.00470649,0.00987867,0.192527,1.59753E-05,-8.32033E-06,-3.34907E-06,6.57598E-05,-2.10994E-05,0.000106972
0.0024756,0.10006,0.67,5.675,-0.03981,0.038462,1.0476,0.0005534,-0.00023382,3.17E-05,0.0014619,-0.00068531,0.0029359,0.0120072,0.0804,0.681,8.93692E-05,-0.0075639,0.00730778,0.199044,1.99777E-05,-8.4409E-06,1.14278E-06,5.27746E-05,-2.47397E-05,0.000105986
0.0030468,0.13258,0.67,5.675,-0.050364,0.031127,1.0657,0.00054427,-0.00015579,-3.81E-05,0.0013838,-0.00087376,0.0041655,0.0159096,0.0804,0.681,0.000109989,-0.00956916,0.00591413,0.202483,1.96481E-05,-5.62402E-06,-1.37454E-06,4.99552E-05,-3.15427E-05,0.000150375
0.002723,0.16379,0.67,5.675,-0.053074,0.019693,1.0814,0.00062122,-5.49E-05,-0.0001876,0.00096803,-0.0006765,0.0038568,0.0196548,0.0804,0.681,9.83003E-05,-0.01008406,0.00374167,0.205466,2.2426E-05,-1.98265E-06,-6.77236E-06,3.49459E-05,-2.44217E-05,0.00013923
0.0025052,0.19372,0.67,5.675,-0.054433,0.019087,1.0916,0.00082114,1.90E-06,-0.00037628,0.0010772,-0.00061622,0.0031121,0.0232464,0.0804,0.681,9.04377E-05,-0.01034227,0.00362653,0.207404,2.96432E-05,6.86044E-08,-1.35837E-05,3.88869E-05,-2.22455E-05,0.000112347
0.0035064,0.22242,0.67,5.675,-0.057401,0.026112,1.0936,0.001129,5.23E-05,-0.00077279,0.0011072,-0.00064322,0.0047766,0.0266904,0.0804,0.681,0.000126581,-0.01090619,0.00496128,0.207784,4.07569E-05,1.88641E-06,-2.78977E-05,3.99699E-05,-2.32202E-05,0.000172435
0.0031005,0.24993,0.67,5.675,-0.062848,0.027226,1.0984,0.0013282,0.00015298,-0.0008756,0.0010918,-0.00018179,0.0037809,0.0299916,0.0804,0.681,0.000111928,-0.01194112,0.00517294,0.208696,4.7948E-05,5.52258E-06,-3.16092E-05,3.9414E-05,-6.56262E-06,0.00013649
0.0024194,0.27629,0.67,5.675,-0.069963,0.026682,1.0999,0.0013142,0.00012928,-0.00084911,0.0013424,-0.00028967,0.0021821,0.0331548,0.0804,0.681,8.73403E-05,-0.01329297,0.00506958,0.208981,4.74426E-05,4.66701E-06,-3.06529E-05,4.84606E-05,-1.04571E-05,7.87738E-05
0.0032286,0.30154,0.67,5.675,-0.076635,0.022668,1.1019,0.0014015,4.29E-05,-0.0009621,0.0018888,-0.0010768,0.0031667,0.0361848,0.0804,0.681,0.000116552,-0.01456065,0.00430692,0.209361,5.05942E-05,1.54696E-06,-3.47318E-05,6.81857E-05,-3.88725E-05,0.000114318
0.0034346,0.32572,0.67,5.675,-0.082894,0.016201,1.1033,0.0015449,0.00010087,-0.00083832,0.0016753,-0.0012854,0.0036491,0.0390864,0.0804,0.681,0.000123989,-0.01574986,0.00307819,0.209627,5.57709E-05,3.64141E-06,-3.02634E-05,6.04783E-05,-4.64029E-05,0.000131733
0.0027536,0.34887,0.67,5.675,-0.087779,0.018002,1.1014,0.0015339,8.94E-05,-0.00029655,0.0011067,-0.00066529,0.0028667,0.0418644,0.0804,0.681,9.9405E-05,-0.01667801,0.00342038,0.209266,5.53738E-05,3.22813E-06,-1.07055E-05,3.99519E-05,-2.4017E-05,0.000103488
0.0023013,0.37102,0.67,5.675,-0.092659,0.025835,1.1026,0.0014741,0.00013163,-0.00015566,0.001123,-0.0004301,0.0020056,0.0445224,0.0804,0.681,8.30769E-05,-0.01760521,0.00490865,0.209494,5.3215E-05,4.75184E-06,-5.61933E-06,4.05403E-05,-1.55266E-05,7.24022E-05
0.0024726,0.39221,0.67,5.675,-0.099277,0.033607,1.103,0.0015106,0.00022975,-0.00044524,0.0012061,-0.00074751,0.0022286,0.0470652,0.0804,0.681,8.92609E-05,-0.01886263,0.00638533,0.20957,5.45327E-05,8.29398E-06,-1.60732E-05,4.35402E-05,-2.69851E-05,8.04525E-05
0.0029354,0.41248,0.67,5.675,-0.10492,0.037416,1.0944,0.0017014,0.00041942,-0.00066756,0.0013066,-0.0010672,0.0028628,0.0494976,0.0804,0.681,0.000105968,-0.0199348,0.00710904,0.207936,6.14205E-05,1.51411E-05,-2.40989E-05,4.71683E-05,-3.85259E-05,0.000103347
0.0036402,0.43187,0.67,5.675,-0.10845,0.039335,1.0896,0.0019579,0.00060035,-0.00099431,0.0015224,-0.0013622,0.0038001,0.0518244,0.0804,0.681,0.000131411,-0.0206055,0.00747365,0.207024,7.06802E-05,2.16726E-05,-3.58946E-05,5.49586E-05,-4.91754E-05,0.000137184
0.004015,0.4504,0.67,5.675,-0.11253,0.039494,1.0849,0.0020774,0.00054171,-0.0006532,0.0016801,-0.0015053,0.0042723,0.054048,0.0804,0.681,0.000144942,-0.0213807,0.00750386,0.206131,7.49941E-05,1.95557E-05,-2.35805E-05,6.06516E-05,-5.43413E-05,0.00015423
0.0037346,0.46812,0.67,5.675,-0.1186,0.03671,1.0873,0.0019539,0.00027951,-0.00030795,0.0016132,-0.001418,0.0039021,0.0561744,0.0804,0.681,0.000134819,-0.022534,0.0069749,0.206587,7.05358E-05,1.00903E-05,-1.1117E-05,5.82365E-05,-5.11898E-05,0.000140866
0.0029801,0.48504,0.67,5.675,-0.1261,0.032924,1.0875,0.0016862,-1.39E-05,-0.00012132,0.0014096,-0.001045,0.0028644,0.0582048,0.0804,0.681,0.000107582,-0.023959,0.00625556,0.206625,6.08718E-05,-5.0262E-07,-4.37965E-06,5.08866E-05,-3.77245E-05,0.000103405
0.0026346,0.50122,0.67,5.675,-0.13356,0.029137,1.091,0.0014453,-0.00019344,-0.00012844,0.0013132,-0.00087026,0.0025106,0.0601464,0.0804,0.681,9.51091E-05,-0.0253764,0.00553603,0.20729,5.21753E-05,-6.98318E-06,-4.63668E-06,4.74065E-05,-3.14164E-05,9.06327E-05
0.0026456,0.51667,0.67,5.675,-0.13998,0.026859,1.0961,0.0013028,-0.00026018,-0.00028945,0.0013043,-0.00067247,0.0026841,0.0620004,0.0804,0.681,9.55062E-05,-0.0265962,0.00510321,0.208259,4.70311E-05,-9.3925E-06,-1.04491E-05,4.70852E-05,-2.42762E-05,9.6896E-05
0.0024823,0.53142,0.67,5.675,-0.14548,0.02293,1.0993,0.0012742,-0.00019428,-0.00041038,0.0012666,-0.00030716,0.0024238,0.0637704,0.0804,0.681,8.9611E-05,-0.0276412,0.0043567,0.208867,4.59986E-05,-7.01351E-06,-1.48147E-05,4.57243E-05,-1.10885E-05,8.74992E-05
0.0023558,0.54551,0.67,5.675,-0.15014,0.018756,1.0994,0.0013866,-0.00011676,-0.00059041,0.0013377,-7.89E-05,0.0019874,0.0654612,0.0804,0.681,8.50444E-05,-0.0285266,0.00356364,0.208886,5.00563E-05,-4.21504E-06,-2.13138E-05,4.8291E-05,-2.84692E-06,7.17451E-05
0.0024481,0.55896,0.67,5.675,-0.15368,0.014618,1.0987,0.0016198,1.11E-05,-0.00080893,0.001485,-9.66E-05,0.0017914,0.0670752,0.0804,0.681,8.83764E-05,-0.0291992,0.00277742,0.208753,5.84748E-05,4.02226E-07,-2.92024E-05,5.36085E-05,-3.48726E-06,6.46695E-05
0.002739,0.5718,0.67,5.675,-0.15662,0.011545,1.0969,0.0019299,0.00023859,-0.0010733,0.0016034,-0.00022713,0.0019448,0.068616,0.0804,0.681,9.88779E-05,-0.0297578,0.00219355,0.208411,6.96694E-05,8.6131E-06,-3.87461E-05,5.78827E-05,-8.19939E-06,7.02073E-05
0.0030297,0.58405,0.67,5.675,-0.16009,0.008732,1.0931,0.0022294,0.00044534,-0.0012675,0.0017002,-0.00029649,0.0021298,0.070086,0.0804,0.681,0.000109372,-0.0304171,0.00165908,0.207689,8.04813E-05,1.60768E-05,-4.57568E-05,6.13772E-05,-1.07033E-05,7.68858E-05
0.0031502,0.59575,0.67,5.675,-0.16451,0.003609,1.0922,0.0023822,0.00054927,-0.001303,0.0016966,-0.00034928,0.0022216,0.07149,0.0804,0.681,0.000113722,-0.0312569,0.00068571,0.207518,8.59974E-05,1.98286E-05,-4.70383E-05,6.12473E-05,-1.2609E-05,8.01998E-05
0.0030641,0.6069,0.67,5.675,-0.16964,-0.0016833,1.094,0.0023548,0.00052074,-0.0012283,0.0015562,-0.00041528,0.0022171,0.072828,0.0804,0.681,0.000110614,-0.0322316,-0.000319827,0.20786,8.50083E-05,1.87987E-05,-4.43416E-05,5.61788E-05,-1.49916E-05,8.00373E-05
0.0029544,0.61755,0.67,5.675,-0.17511,-0.0060682,1.0999,0.0022339,0.0004113,-0.0011349,0.0013799,-0.00052502,0.0022949,0.074106,0.0804,0.681,0.000106654,-0.0332709,-0.001152958,0.208981,8.06438E-05,1.48479E-05,-4.09699E-05,4.98144E-05,-1.89532E-05,8.28459E-05
0.0028024,0.6277,0.67,5.675,-0.18057,-0.0092557,1.1048,0.0020773,0.00026531,-0.00098058,0.0012199,-0.00058623,0.0023077,0.075324,0.0804,0.681,0.000101167,-0.0343083,-0.001758583,0.209912,7.49905E-05,9.57769E-06,-3.53989E-05,4.40384E-05,-2.11629E-05,8.3308E-05
0.0026276,0.63738,0.67,5.675,-0.18586,-0.011484,1.1072,0.0018896,0.00010782,-0.00081119,0.0011073,-0.00061263,0.0022583,0.0764856,0.0804,0.681,9.48564E-05,-0.0353134,-0.00218196,0.210368,6.82146E-05,3.8923E-06,-2.9284E-05,3.99735E-05,-2.21159E-05,8.15246E-05
0.002445,0.64661,0.67,5.675,-0.19112,-0.013299,1.1089,0.0016907,-2.09E-05,-0.0005993,0.0010408,-0.00065821,0.0021585,0.0775932,0.0804,0.681,8.82645E-05,-0.0363128,-0.00252681,0.210691,6.10343E-05,-7.54887E-07,-2.16347E-05,3.75729E-05,-2.37614E-05,7.79219E-05
0.0022647,0.65542,0.67,5.675,-0.19636,-0.014813,1.1112,0.0015117,-0.00010077,-0.00037119,0.00098966,-0.00070144,0.002028,0.0786504,0.0804,0.681,8.17557E-05,-0.0373084,-0.00281447,0.211128,5.45724E-05,-3.6378E-06,-1.34E-05,3.57267E-05,-2.5322E-05,7.32108E-05
0.0021589,0.66381,0.67,5.675,-0.20134,-0.015954,1.1144,0.0013803,-0.00014984,-0.00015813,0.00094303,-0.00074326,0.0019944,0.0796572,0.0804,0.681,7.79363E-05,-0.0382546,-0.00303126,0.211736,4.98288E-05,-5.40922E-06,-5.70849E-06,3.40434E-05,-2.68317E-05,7.19978E-05
0.002115,0.67207,0.67,5.675,-0.20573,-0.017027,1.1159,0.0013148,-0.00018146,1.60E-05,0.00089392,-0.00076357,0.0020213,0.0806484,0.0804,0.681,7.63515E-05,-0.0390887,-0.00323513,0.212021,4.74643E-05,-6.55071E-06,5.77853E-07,3.22705E-05,-2.75649E-05,7.29689E-05
0.0021518,0.68032,0.67,5.675,-0.20953,-0.018247,1.1149,0.0013128,-0.00019983,0.00011987,0.00088032,-0.00076531,0.0021105,0.0816384,0.0804,0.681,7.768E-05,-0.0398107,-0.00346693,0.211831,4.73921E-05,-7.21386E-06,4.32731E-06,3.17796E-05,-2.76277E-05,7.61891E-05
0.0022473,0.68858,0.67,5.675,-0.21285,-0.019419,1.1123,0.0013668,-0.00021608,0.00017297,0.0009263,-0.00077063,0.0022016,0.0826296,0.0804,0.681,8.11275E-05,-0.0404415,-0.00368961,0.211337,4.93415E-05,-7.80049E-06,6.24422E-06,3.34394E-05,-2.78197E-05,7.94778E-05
0.002375,0.69683,0.67,5.675,-0.2158,-0.019931,1.108,0.0014623,-0.00023469,0.0002047,0.0010248,-0.00078079,0.002263,0.0836196,0.0804,0.681,8.57375E-05,-0.041002,-0.00378689,0.21052,5.2789E-05,-8.47231E-06,7.38967E-06,3.69953E-05,-2.81865E-05,8.16943E-05
0.0025041,0.70509,0.67,5.675,-0.2185,-0.019462,1.1026,0.0015635,-0.00024019,0.00021912,0.0011381,-0.0007909,0.0023065,0.0846108,0.0804,0.681,9.0398E-05,-0.041515,-0.00369778,0.209494,5.64424E-05,-8.67086E-06,7.91023E-06,4.10854E-05,-2.85515E-05,8.32647E-05
0.0026536,0.71335,0.67,5.675,-0.22107,-0.017996,1.0963,0.0016764,-0.00024436,0.00019065,0.0012555,-0.0007994,0.0023753,0.085602,0.0804,0.681,9.5795E-05,-0.0420033,-0.00341924,0.208297,6.0518E-05,-8.8214E-06,6.88247E-06,4.53236E-05,-2.88583E-05,8.57483E-05
0.0028823,0.7216,0.67,5.675,-0.22333,-0.015628,1.0892,0.0018516,-0.00025344,0.00013566,0.0013756,-0.00082089,0.0025374,0.086592,0.0804,0.681,0.000104051,-0.0424327,-0.00296932,0.206948,6.68428E-05,-9.14918E-06,4.89733E-06,4.96592E-05,-2.96341E-05,9.16001E-05
0.0031476,0.72986,0.67,5.675,-0.22517,-0.012617,1.0808,0.0020125,-0.00025523,9.33E-05,0.0015147,-0.00085926,0.0027679,0.0875832,0.0804,0.681,0.000113628,-0.0427823,-0.00239723,0.205352,7.26513E-05,-9.2138E-06,3.36762E-06,5.46807E-05,-3.10193E-05,9.99212E-05
0.0034233,0.73811,0.67,5.675,-0.22692,-0.0092722,1.0712,0.0020762,-0.00025402,9.74E-05,0.0016909,-0.00094135,0.0030794,0.0885732,0.0804,0.681,0.000123581,-0.0431148,-0.001761718,0.203528,7.49508E-05,-9.17012E-06,3.51711E-06,6.10415E-05,-3.39827E-05,0.000111166
0.0037067,0.74637,0.67,5.675,-0.22884,-0.0059143,1.0617,0.002123,-0.00025536,0.00012453,0.0018924,-0.0010718,0.0033979,0.0895644,0.0804,0.681,0.000133812,-0.0434796,-0.001123717,0.201723,7.66403E-05,-9.2185E-06,4.49553E-06,6.83156E-05,-3.8692E-05,0.000122664
0.0039452,0.75463,0.67,5.675,-0.23089,-0.0030037,1.0533,0.0021869,-0.00026555,0.00017123,0.0020698,-0.0012144,0.0036337,0.0905556,0.0804,0.681,0.000142422,-0.0438691,-0.000570703,0.200127,7.89471E-05,-9.58636E-06,6.1814E-06,7.47198E-05,-4.38398E-05,0.000131177
0.0041281,0.76288,0.67,5.675,-0.23343,-0.00071048,1.0463,0.0022676,-0.0003124,0.00024948,0.0021891,-0.0013131,0.0037995,0.0915456,0.0804,0.681,0.000149024,-0.0443517,-0.000134991,0.198797,8.18604E-05,-1.12776E-05,9.00623E-06,7.90265E-05,-4.74029E-05,0.000137162
0.004269,0.77114,0.67,5.675,-0.23678,0.0011376,1.0402,0.0023673,-0.00039479,0.00035148,0.002268,-0.0013392,0.0039025,0.0925368,0.0804,0.681,0.000154111,-0.0449882,0.000216144,0.197638,8.54595E-05,-1.42519E-05,1.26884E-05,8.18748E-05,-4.83451E-05,0.00014088
0.004345,0.7794,0.67,5.675,-0.24037,0.0025398,1.0346,0.0024661,-0.00047777,0.00046733,0.0023158,-0.0012752,0.0039081,0.093528,0.0804,0.681,0.000156855,-0.0456703,0.000482562,0.196574,8.90262E-05,-1.72475E-05,1.68706E-05,8.36004E-05,-4.60347E-05,0.000141082
0.0044018,0.78765,0.67,5.675,-0.24391,0.0034228,1.0291,0.0025711,-0.00054204,0.00057694,0.0023109,-0.0011834,0.0039217,0.094518,0.0804,0.681,0.000158905,-0.0463429,0.000650332,0.195529,9.28167E-05,-1.95676E-05,2.08275E-05,8.34235E-05,-4.27207E-05,0.000141573
0.0044525,0.79591,0.67,5.675,-0.24759,0.003849,1.0232,0.0026538,-0.00056533,0.00067166,0.0022299,-0.0011246,0.0040214,0.0955092,0.0804,0.681,0.000160735,-0.0470421,0.00073131,0.194408,9.58022E-05,-2.04084E-05,2.42469E-05,8.04994E-05,-4.05981E-05,0.000145173
0.0045414,0.80416,0.67,5.675,-0.25097,0.0041688,1.0164,0.0027621,-0.00055359,0.00071987,0.0020945,-0.001095,0.0042262,0.0964992,0.0804,0.681,0.000163945,-0.0476843,0.000792072,0.193116,9.97118E-05,-1.99846E-05,2.59873E-05,7.56115E-05,-3.95295E-05,0.000152566
0.0046591,0.81242,0.67,5.675,-0.25382,0.0046125,1.0086,0.0029384,-0.00053708,0.00071956,0.0019436,-0.0010632,0.0044362,0.0974904,0.0804,0.681,0.000168194,-0.0482258,0.000876375,0.191634,0.000106076,-1.93886E-05,2.59761E-05,7.0164E-05,-3.83815E-05,0.000160147
0.0047327,0.82068,0.67,5.675,-0.25646,0.0048743,0.99983,0.0031061,-0.00050317,0.00069629,0.0017895,-0.001012,0.0045698,0.0984816,0.0804,0.681,0.00017085,-0.0487274,0.000926117,0.1899677,0.00011213,-1.81644E-05,2.51361E-05,6.4601E-05,-3.65332E-05,0.00016497
0.0047761,0.82893,0.67,5.675,-0.25896,0.0046199,0.99071,0.0033083,-0.00044668,0.00064103,0.0016414,-0.00095523,0.0046024,0.0994716,0.0804,0.681,0.000172417,-0.0492024,0.000877781,0.1882349,0.00011943,-1.61251E-05,2.31412E-05,5.92545E-05,-3.44838E-05,0.000166147
0.004812,0.83719,0.67,5.675,-0.26139,0.0039665,0.98226,0.0035382,-0.00037889,0.0006476,0.0015278,-0.00091004,0.0045579,0.1004628,0.0804,0.681,0.000173713,-0.0496641,0.000753635,0.1866294,0.000127729,-1.36779E-05,2.33784E-05,5.51536E-05,-3.28524E-05,0.00016454
0.0048928,0.84544,0.67,5.675,-0.26382,0.0032858,0.97488,0.0037469,-0.00032298,0.0007129,0.0014493,-0.00085708,0.0045894,0.1014528,0.0804,0.681,0.00017663,-0.0501258,0.000624302,0.1852272,0.000135263,-1.16596E-05,2.57357E-05,5.23197E-05,-3.09406E-05,0.000165677
0.0050768,0.8537,0.67,5.675,-0.26632,0.0027602,0.96784,0.0040122,-0.00028846,0.00078026,0.0013692,-0.00080908,0.0047721,0.102444,0.0804,0.681,0.000183272,-0.0506008,0.000524438,0.1838896,0.00014484,-1.04134E-05,2.81674E-05,4.94281E-05,-2.92078E-05,0.000172273
0.0053417,0.86196,0.67,5.675,-0.26881,0.0019161,0.96017,0.0043293,-0.00023985,0.00084641,0.0012761,-0.00075615,0.0050779,0.1034352,0.0804,0.681,0.000192835,-0.0510739,0.000364059,0.1824323,0.000156288,-8.65859E-06,3.05554E-05,4.60672E-05,-2.7297E-05,0.000183312
0.0055886,0.87021,0.67,5.675,-0.27087,0.0002666,0.95173,0.0046122,-0.00017999,0.00092882,0.0011958,-0.00067641,0.0053692,0.1044252,0.0804,0.681,0.000201748,-0.0514653,0.000050654,0.1808287,0.0001665,-6.49764E-06,3.35304E-05,4.31684E-05,-2.44184E-05,0.000193828
0.0058861,0.87847,0.67,5.675,-0.27287,-0.0022443,0.94312,0.004925,-0.00012114,0.00096229,0.0011391,-0.00060448,0.005708,0.1054164,0.0804,0.681,0.000212488,-0.0518453,-0.000426417,0.1791928,0.000177793,-4.37315E-06,3.47387E-05,4.11215E-05,-2.18217E-05,0.000206059
0.0062425,0.88672,0.67,5.675,-0.27502,-0.0054695,0.93462,0.0053,-6.29E-05,0.00099749,0.0011039,-0.0005402,0.006081,0.1064064,0.0804,0.681,0.000225354,-0.0522538,-0.001039205,0.1775778,0.00019133,-2.27083E-06,3.60094E-05,3.98508E-05,-1.95012E-05,0.000219524
0.0066444,0.89498,0.67,5.675,-0.27657,-0.00898,0.92551,0.0056851,-1.15E-05,0.0010259,0.0010948,-0.00044875,0.0065089,0.1073976,0.0804,0.681,0.000239863,-0.0525483,-0.0017062,0.1758469,0.000205232,-4.14789E-07,3.7035E-05,3.95223E-05,-1.61999E-05,0.000234971
0.0070257,0.90324,0.67,5.675,-0.2777,-0.012189,0.91528,0.0060634,2.63E-05,0.0010961,0.001102,-0.00032477,0.006886,0.1083888,0.0804,0.681,0.000253628,-0.052763,-0.00231591,0.1739032,0.000218889,9.48203E-07,3.95692E-05,3.97822E-05,-1.17242E-05,0.000248585
0.0073979,0.91149,0.67,5.675,-0.27876,-0.0145,0.90375,0.0064341,5.67E-05,0.0011664,0.0010937,-0.00018972,0.0072678,0.1093788,0.0804,0.681,0.000267064,-0.0529644,-0.002755,0.1717125,0.000232271,2.04752E-06,4.2107E-05,3.94826E-05,-6.84889E-06,0.000262368
0.0077207,0.91975,0.67,5.675,-0.27957,-0.015693,0.8913,0.0068021,0.00010091,0.0012694,0.0010482,-6.33E-05,0.0075912,0.11037,0.0804,0.681,0.000278717,-0.0531183,-0.00298167,0.169347,0.000245556,3.64285E-06,4.58253E-05,3.784E-05,-2.28455E-06,0.000274042
0.0079338,0.92801,0.67,5.675,-0.28046,-0.016158,0.87865,0.007139,0.00018099,0.0013303,0.00099595,6.11E-05,0.0077326,0.1113612,0.0804,0.681,0.00028641,-0.0532874,-0.00307002,0.1669435,0.000257718,6.53374E-06,4.80238E-05,3.59538E-05,2.20607E-06,0.000279147
0.0081518,0.93626,0.67,5.675,-0.28127,-0.016381,0.86611,0.0075445,0.00029811,0.0013026,0.00098676,0.0002178,0.0077722,0.1123512,0.0804,0.681,0.00029428,-0.0534413,-0.00311239,0.1645609,0.000272356,1.07618E-05,4.70239E-05,3.5622E-05,7.86258E-06,0.000280576
0.0083937,0.94452,0.67,5.675,-0.28191,-0.016385,0.85374,0.0080231,0.00041378,0.001197,0.0010268,0.00037814,0.0077375,0.1133424,0.0804,0.681,0.000303013,-0.0535629,-0.00311315,0.1622106,0.000289634,1.49375E-05,4.32117E-05,3.70675E-05,1.36509E-05,0.000279324
0.0087403,0.95277,0.67,5.675,-0.28294,-0.015997,0.84147,0.0085364,0.00051299,0.00099925,0.0011188,0.00048993,0.0078253,0.1143324,0.0804,0.681,0.000315525,-0.0537586,-0.00303943,0.1598793,0.000308164,1.85189E-05,3.60729E-05,4.03887E-05,1.76865E-05,0.000282493
0.0091398,0.96103,0.67,5.675,-0.2831,-0.015235,0.82937,0.0090173,0.00060987,0.00083306,0.0012881,0.00053605,0.0079741,0.1153236,0.0804,0.681,0.000329947,-0.053789,-0.00289465,0.1575803,0.000325525,2.20163E-05,3.00735E-05,4.65004E-05,1.93514E-05,0.000287865
0.0096147,0.96929,0.67,5.675,-0.28282,-0.0141,0.81827,0.0094474,0.00069469,0.0006226,0.0015279,0.00052158,0.0082541,0.1163148,0.0804,0.681,0.000347091,-0.0537358,-0.002679,0.1554713,0.000341051,2.50783E-05,2.24759E-05,5.51572E-05,1.8829E-05,0.000297973
0.010232,0.97754,0.67,5.675,-0.28338,-0.012831,0.80807,0.0099419,0.0007374,0.00049239,0.0017734,0.00048557,0.0087493,0.1173048,0.0804,0.681,0.000369375,-0.0538422,-0.00243789,0.1535333,0.000358903,2.66201E-05,1.77753E-05,6.40197E-05,1.75291E-05,0.00031585
0.010877,0.9858,0.67,5.675,-0.28313,-0.011894,0.79758,0.01041,0.00074321,0.00037282,0.001944,0.00045531,0.0094008,0.118296,0.0804,0.681,0.00039266,-0.0537947,-0.00225986,0.1515402,0.000375801,2.68299E-05,1.34588E-05,7.01784E-05,1.64367E-05,0.000339369
0.011574,0.99405,0.67,5.675,-0.28222,-0.011617,0.78659,0.010869,0.00071635,0.00037018,0.0019788,0.00042228,0.010299,0.119286,0.0804,0.681,0.000417821,-0.0536218,-0.00220723,0.1494521,0.000392371,2.58602E-05,1.33635E-05,7.14347E-05,1.52443E-05,0.000371794
0.01216,1.0023,0.67,5.675,-0.28195,-0.012092,0.7749,0.011233,0.00063893,0.00037952,0.0018852,0.00031855,0.011202,0.120276,0.0804,0.681,0.000438976,-0.0535705,-0.00229748,0.147231,0.000405511,2.30654E-05,1.37007E-05,6.80557E-05,1.14997E-05,0.000404392
0.012669,1.0106,0.67,5.675,-0.28186,-0.013244,0.76231,0.011502,0.00053621,0.00032555,0.0017308,0.00012163,0.012105,0.121272,0.0804,0.681,0.000457351,-0.0535534,-0.00251636,0.1448389,0.000415222,1.93572E-05,1.17524E-05,6.24819E-05,4.39084E-06,0.000436991
0.013134,1.0188,0.67,5.675,-0.28156,-0.015005,0.74965,0.011838,0.00040522,0.00028688,0.0015705,-0.00011293,0.01286,0.122256,0.0804,0.681,0.000474137,-0.0534964,-0.00285095,0.1424335,0.000427352,1.46284E-05,1.03564E-05,5.66951E-05,-4.07677E-06,0.000464246
0.013574,1.0271,0.67,5.675,-0.28118,-0.017004,0.73721,0.012192,0.00023907,0.00022665,0.0014334,-0.00032238,0.013523,0.123252,0.0804,0.681,0.000490021,-0.0534242,-0.00323076,0.1400699,0.000440131,8.63043E-06,8.18207E-06,5.17457E-05,-1.16379E-05,0.00048818
0.014092,1.0353,0.67,5.675,-0.28077,-0.018922,0.72483,0.012574,8.96E-05,0.00021057,0.0013249,-0.00051185,0.014286,0.124236,0.0804,0.681,0.000508721,-0.0533463,-0.00359518,0.1377177,0.000453921,3.2342E-06,7.60158E-06,4.78289E-05,-1.84778E-05,0.000515725
0.014585,1.0436,0.67,5.675,-0.28061,-0.020743,0.71229,0.01285,2.16E-05,7.34E-05,0.0012512,-0.00065808,0.01507,0.125232,0.0804,0.681,0.000526519,-0.0533159,-0.00394117,0.1353351,0.000463885,7.79796E-07,2.65071E-06,4.51683E-05,-2.37567E-05,0.000544027
0.015101,1.0518,0.67,5.675,-0.28039,-0.022201,0.69941,0.013098,4.37E-05,-4.41E-05,0.0012156,-0.00073694,0.015889,0.126216,0.0804,0.681,0.000545146,-0.0532741,-0.00421819,0.1328879,0.000472838,1.57836E-06,-1.59317E-06,4.38832E-05,-2.66035E-05,0.000573593
0.015581,1.0601,0.67,5.675,-0.27926,-0.022901,0.68604,0.013468,6.86E-05,-0.00014211,0.0012047,-0.00080112,0.01649,0.127212,0.0804,0.681,0.000562474,-0.0530594,-0.00435119,0.1303476,0.000486195,2.47675E-06,-5.13017E-06,4.34897E-05,-2.89204E-05,0.000595289
0.016053,1.0684,0.67,5.675,-0.27749,-0.02265,0.67253,0.013877,5.77E-05,-0.00030388,0.0012228,-0.00085906,0.017007,0.128208,0.0804,0.681,0.000579513,-0.0527231,-0.0043035,0.1277807,0.00050096,2.08181E-06,-1.09701E-05,4.41431E-05,-3.10121E-05,0.000613953
0.016435,1.0766,0.67,5.675,-0.27516,-0.021619,0.65946,0.014228,4.03E-05,-0.00040847,0.0012777,-0.00090223,0.017365,0.129192,0.0804,0.681,0.000593304,-0.0522804,-0.00410761,0.1252974,0.000513631,1.45497E-06,-1.47458E-05,4.6125E-05,-3.25705E-05,0.000626877
0.016809,1.0849,0.67,5.675,-0.27275,-0.020496,0.64681,0.01464,5.29E-06,-0.00048508,0.0013739,-0.00088958,0.017604,0.130188,0.0804,0.681,0.000606805,-0.0518225,-0.00389424,0.1228939,0.000528504,1.91103E-07,-1.75114E-05,4.95978E-05,-3.21138E-05,0.000635504
0.017216,1.0931,0.67,5.675,-0.27036,-0.019967,0.63451,0.015196,-9.72E-06,-0.00047997,0.0014927,-0.00078774,0.017744,0.131172,0.0804,0.681,0.000621498,-0.0513684,-0.00379373,0.1205569,0.000548576,-3.50878E-07,-1.73269E-05,5.38865E-05,-2.84374E-05,0.000640558
0.017548,1.1014,0.67,5.675,-0.2675,-0.020434,0.62284,0.015711,4.02E-05,-0.00043682,0.001605,-0.0006649,0.01778,0.132168,0.0804,0.681,0.000633483,-0.050825,-0.00388246,0.1183396,0.000567167,1.45068E-06,-1.57692E-05,5.79405E-05,-2.40029E-05,0.000641858
0.017723,1.1096,0.67,5.675,-0.26481,-0.021919,0.61252,0.016142,0.00011331,-0.00026153,0.0016986,-0.0005621,0.017605,0.133152,0.0804,0.681,0.0006398,-0.0503139,-0.00416461,0.1163788,0.000582726,4.09049E-06,-9.44123E-06,6.13195E-05,-2.02918E-05,0.000635541
0.017929,1.1179,0.67,5.675,-0.26202,-0.023509,0.60376,0.01664,0.00015367,2.17E-05,0.0017657,-0.00044014,0.017452,0.134148,0.0804,0.681,0.000647237,-0.0497838,-0.00446671,0.1147144,0.000600704,5.54749E-06,7.85103E-07,6.37418E-05,-1.58891E-05,0.000630017
0.018076,1.1262,0.67,5.675,-0.25877,-0.024833,0.59607,0.017139,0.0001685,0.00026563,0.0017903,-0.00028481,0.017224,0.135144,0.0804,0.681,0.000652544,-0.0491663,-0.00471827,0.1132533,0.000618718,6.08285E-06,9.58924E-06,6.46298E-05,-1.02816E-05,0.000621786
0.018185,1.1344,0.67,5.675,-0.25478,-0.026287,0.58846,0.017461,0.00017376,0.00053033,0.0017572,-0.00010323,0.017153,0.136128,0.0804,0.681,0.000656479,-0.0484082,-0.00499453,0.1118074,0.000630342,6.27274E-06,1.91449E-05,6.34349E-05,-3.7266E-06,0.000619223
0.018427,1.1427,0.67,5.675,-0.25019,-0.027248,0.5811,0.017843,0.00021036,0.00076897,0.0017148,9.65E-05,0.017297,0.137124,0.0804,0.681,0.000665215,-0.0475361,-0.00517712,0.110409,0.000644132,7.594E-06,2.77598E-05,6.19043E-05,3.48437E-06,0.000624422
0.018708,1.1509,0.67,5.675,-0.24499,-0.027689,0.57343,0.018171,0.00027807,0.00086211,0.0016953,0.00028232,0.01755,0.138108,0.0804,0.681,0.000675359,-0.0465481,-0.00526091,0.1089517,0.000655973,1.00383E-05,3.11222E-05,6.12003E-05,1.01918E-05,0.000633555
0.018888,1.1592,0.67,5.675,-0.23886,-0.028399,0.56566,0.018231,0.00027927,0.00079168,0.0016583,0.00039728,0.017886,0.139104,0.0804,0.681,0.000681857,-0.0453834,-0.00539581,0.1074754,0.000658139,1.00816E-05,2.85796E-05,5.98646E-05,1.43418E-05,0.000645685
0.019111,1.1674,0.67,5.675,-0.23225,-0.029081,0.55791,0.018377,0.00022586,0.00084636,0.0016133,0.00047838,0.018231,0.140088,0.0804,0.681,0.000689907,-0.0441275,-0.00552539,0.1060029,0.00066341,8.15355E-06,3.05536E-05,5.82401E-05,1.72695E-05,0.000658139
0.019377,1.1757,0.67,5.675,-0.22541,-0.029986,0.55064,0.018661,0.00019827,0.000883,0.0015769,0.00053631,0.018516,0.141084,0.0804,0.681,0.00069951,-0.0428279,-0.00569734,0.1046216,0.000673662,7.15755E-06,3.18763E-05,5.69261E-05,1.93608E-05,0.000668428
0.019504,1.1839,0.67,5.675,-0.21855,-0.03128,0.54497,0.018863,0.00019019,0.00094265,0.0015473,0.00058981,0.018599,0.142068,0.0804,0.681,0.000704094,-0.0415245,-0.0059432,0.1035443,0.000680954,6.86586E-06,3.40297E-05,5.58575E-05,2.12921E-05,0.000671424
0.019626,1.1922,0.67,5.675,-0.21165,-0.032633,0.54093,0.019151,0.00016869,0.0012327,0.0015356,0.00068337,0.018566,0.143064,0.0804,0.681,0.000708499,-0.0402135,-0.00620027,0.1027767,0.000691351,6.08971E-06,4.45005E-05,5.54352E-05,2.46697E-05,0.000670233
0.019719,1.2005,0.67,5.675,-0.20512,-0.033992,0.53867,0.019504,0.00012407,0.0014698,0.0015362,0.00081923,0.018397,0.14406,0.0804,0.681,0.000711856,-0.0389728,-0.00645848,0.1023473,0.000704094,4.47893E-06,5.30598E-05,5.54568E-05,2.95742E-05,0.000664132
0.019869,1.2087,0.67,5.675,-0.19884,-0.035494,0.53786,0.019834,8.44E-05,0.0017357,0.0015423,0.00098975,0.018361,0.145044,0.0804,0.681,0.000717271,-0.0377796,-0.00674386,0.1021934,0.000716007,3.04832E-06,6.26588E-05,5.5677E-05,3.573E-05,0.000662832
0.019968,1.217,0.67,5.675,-0.19214,-0.036784,0.53744,0.020073,8.05E-05,0.0019007,0.001557,0.0011649,0.018307,0.14604,0.0804,0.681,0.000720845,-0.0365066,-0.00698896,0.1021136,0.000724635,2.90616E-06,6.86153E-05,5.62077E-05,4.20529E-05,0.000660883
0.020027,1.2252,0.67,5.675,-0.18492,-0.037903,0.53645,0.019921,9.65E-05,0.0019845,0.0015916,0.001365,0.018542,0.147024,0.0804,0.681,0.000722975,-0.0351348,-0.00720157,0.1019255,0.000719148,3.483E-06,7.16405E-05,5.74568E-05,4.92765E-05,0.000669366
0.019935,1.2335,0.67,5.675,-0.17685,-0.039032,0.53484,0.019378,0.0001318,0.0020145,0.0016366,0.0015656,0.018855,0.14802,0.0804,0.681,0.000719654,-0.0336015,-0.00741608,0.1016196,0.000699546,4.75798E-06,7.27235E-05,5.90813E-05,5.65182E-05,0.000680666
0.019649,1.2417,0.67,5.675,-0.16759,-0.040101,0.532,0.018558,0.00014702,0.0018844,0.0016826,0.0017139,0.019057,0.149004,0.0804,0.681,0.000709329,-0.0318421,-0.00761919,0.10108,0.000669944,5.30742E-06,6.80268E-05,6.07419E-05,6.18718E-05,0.000687958
0.019254,1.25,0.67,5.675,-0.15727,-0.041321,0.52812,0.017621,0.00012077,0.0016716,0.0017264,0.0017872,0.019161,0.15,0.0804,0.681,0.000695069,-0.0298813,-0.00785099,0.1003428,0.000636118,4.3598E-06,6.03448E-05,6.2323E-05,6.45179E-05,0.000691712
0.01904,1.2583,0.67,5.675,-0.14613,-0.042322,0.52362,0.016893,5.57E-05,0.0014951,0.0017776,0.0018161,0.019408,0.150996,0.0804,0.681,0.000687344,-0.0277647,-0.00804118,0.0994878,0.000609837,2.01149E-06,5.39731E-05,6.41714E-05,6.55612E-05,0.000700629
0.018904,1.2665,0.67,5.675,-0.13401,-0.042765,0.51905,0.016315,-9.16E-05,0.0012872,0.0018455,0.0018239,0.019648,0.15198,0.0804,0.681,0.000682434,-0.0254619,-0.00812535,0.0986195,0.000588972,-3.30542E-06,4.64679E-05,6.66226E-05,6.58428E-05,0.000709293
0.018736,1.2748,0.67,5.675,-0.12128,-0.04264,0.51411,0.015698,-0.00026262,0.00094954,0.001931,0.0018714,0.019842,0.152976,0.0804,0.681,0.00067637,-0.0230432,-0.0081016,0.0976809,0.000566698,-9.48058E-06,3.42784E-05,6.97091E-05,6.75575E-05,0.000716296
0.018592,1.283,0.67,5.675,-0.10811,-0.042326,0.50871,0.015209,-0.00039713,0.00068467,0.0020084,0.0019471,0.019967,0.15396,0.0804,0.681,0.000671171,-0.0205409,-0.00804194,0.0966549,0.000549045,-1.43364E-05,2.47166E-05,7.25032E-05,7.02903E-05,0.000720809
0.018254,1.2913,0.67,5.675,-0.094316,-0.041927,0.50331,0.014705,-0.000505,0.0004107,0.0020366,0.0020027,0.019766,0.154956,0.0804,0.681,0.000658969,-0.01792004,-0.00796613,0.0956289,0.000530851,-1.82305E-05,1.48263E-05,7.35213E-05,7.22975E-05,0.000713553
0.017825,1.2995,0.67,5.675,-0.080179,-0.041688,0.49805,0.014133,-0.00058113,0.00010621,0.0019933,0.0020295,0.019523,0.15594,0.0804,0.681,0.000643483,-0.01523401,-0.00792072,0.0946295,0.000510201,-2.09788E-05,3.83418E-06,7.19581E-05,7.3265E-05,0.00070478
0.017419,1.3078,0.67,5.675,-0.066234,-0.041511,0.49316,0.013782,-0.00064624,-0.00019131,0.0019003,0.0019786,0.019156,0.156936,0.0804,0.681,0.000628826,-0.01258446,-0.00788709,0.0937004,0.00049753,-2.33293E-05,-6.90629E-06,6.86008E-05,7.14275E-05,0.000691532
0.01702,1.316,0.67,5.675,-0.052886,-0.041272,0.48858,0.013598,-0.00069281,-0.00042426,0.0017805,0.0018739,0.018662,0.15792,0.0804,0.681,0.000614422,-0.01004834,-0.00784168,0.0928302,0.000490888,-2.50104E-05,-1.53158E-05,6.42761E-05,6.76478E-05,0.000673698
0.016522,1.3243,0.67,5.675,-0.03961,-0.040963,0.48422,0.013318,-0.00070482,-0.00054044,0.0016364,0.0016988,0.01809,0.158916,0.0804,0.681,0.000596444,-0.0075259,-0.00778297,0.0920018,0.00048078,-2.5444E-05,-1.95099E-05,5.9074E-05,6.13267E-05,0.000653049
0.015795,1.3326,0.67,5.675,-0.025543,-0.040536,0.48026,0.012755,-0.00068108,-0.00062541,0.0014872,0.0015286,0.017348,0.159912,0.0804,0.681,0.0005702,-0.00485317,-0.00770184,0.0912494,0.000460456,-2.4587E-05,-2.25773E-05,5.36879E-05,5.51825E-05,0.000626263
0.014898,1.3408,0.67,5.675,-0.011179,-0.04061,0.47703,0.01196,-0.0006758,-0.00081115,0.0013592,0.0013924,0.016477,0.160896,0.0804,0.681,0.000537818,-0.00212401,-0.0077159,0.0906357,0.000431756,-2.43964E-05,-2.92825E-05,4.90671E-05,5.02656E-05,0.00059482
0.014291,1.3491,0.67,5.675,0.0026472,-0.040274,0.47461,0.011482,-0.00065834,-0.00099472,0.0012354,0.0012379,0.015864,0.161892,0.0804,0.681,0.000515905,0.000502968,-0.00765206,0.0901759,0.0004145,-2.37661E-05,-3.59094E-05,4.45979E-05,4.46882E-05,0.00057269
0.013695,1.3573,0.67,5.675,0.015906,-0.040171,0.47401,0.011279,-0.00059939,-0.0011108,0.0011291,0.001146,0.014982,0.162876,0.0804,0.681,0.00049439,0.00302214,-0.00763249,0.0900619,0.000407172,-2.1638E-05,-4.00999E-05,4.07605E-05,4.13706E-05,0.00054085
0.012966,1.3656,0.67,5.675,0.029069,-0.039984,0.47442,0.010763,-0.00056334,-0.0010232,0.0010488,0.0010001,0.014121,0.163872,0.0804,0.681,0.000468073,0.00552311,-0.00759696,0.0901398,0.000388544,-2.03366E-05,-3.69375E-05,3.78617E-05,3.61036E-05,0.000509768
0.012169,1.3738,0.67,5.675,0.042519,-0.039446,0.47656,0.010137,-0.00049441,-0.00099774,0.00098227,0.00087166,0.01322,0.164856,0.0804,0.681,0.000439301,0.00807861,-0.00749474,0.0905464,0.000365946,-1.78482E-05,-3.60184E-05,3.54599E-05,3.14669E-05,0.000477242
0.011553,1.3821,0.67,5.675,0.055484,-0.039263,0.47936,0.0096414,-0.00043516,-0.0012074,0.00093599,0.00076933,0.012528,0.165852,0.0804,0.681,0.000417063,0.01054196,-0.00745997,0.0910784,0.000348055,-1.57093E-05,-4.35871E-05,3.37892E-05,2.77728E-05,0.000452261
0.01103,1.3903,0.67,5.675,0.068278,-0.038922,0.48308,0.0091698,-0.00038286,-0.0012404,0.00090263,0.00071806,0.011988,0.166836,0.0804,0.681,0.000398183,0.01297282,-0.00739518,0.0917852,0.00033103,-1.38212E-05,-4.47784E-05,3.25849E-05,2.5922E-05,0.000432767
0.010561,1.3986,0.67,5.675,0.080553,-0.038965,0.48965,0.0090835,-0.00037945,-0.0015603,0.00089979,0.00067915,0.011139,0.167832,0.0804,0.681,0.000381252,0.01530507,-0.00740335,0.0930335,0.000327914,-1.36981E-05,-5.63268E-05,3.24824E-05,2.45173E-05,0.000402118
0.010117,1.4069,0.67,5.675,0.092143,-0.03829,0.49745,0.0088688,-0.00037332,-0.0016938,0.00092135,0.00055405,0.010445,0.168828,0.0804,0.681,0.000365224,0.01750717,-0.0072751,0.0945155,0.000320164,-1.34769E-05,-6.11462E-05,3.32607E-05,2.00012E-05,0.000377065
0.0093522,1.4151,0.67,5.675,0.10414,-0.037725,0.50556,0.0081127,-0.00026143,-0.0014994,0.00098667,0.00050645,0.009605,0.169812,0.0804,0.681,0.000337614,0.0197866,-0.00716775,0.0960564,0.000292868,-9.43762E-06,-5.41283E-05,3.56188E-05,1.82828E-05,0.000346741
0.0090795,1.4234,0.67,5.675,0.11571,-0.037098,0.51421,0.0077561,-0.00029674,-0.0015679,0.0010823,0.00042117,0.0093206,0.170808,0.0804,0.681,0.00032777,0.0219849,-0.00704862,0.0976999,0.000279995,-1.07123E-05,-5.66012E-05,3.9071E-05,1.52042E-05,0.000336474
0.0085955,1.4316,0.67,5.675,0.12653,-0.036033,0.524,0.007407,-0.00030401,-0.0015476,0.0011752,0.00033248,0.0086087,0.171792,0.0804,0.681,0.000310298,0.0240407,-0.00684627,0.09956,0.000267393,-1.09748E-05,-5.58684E-05,4.24247E-05,1.20025E-05,0.000310774
0.0081658,1.4399,0.67,5.675,0.13653,-0.035615,0.53404,0.0068696,-0.00025073,-0.0015283,0.0013048,0.00037255,0.0081572,0.172788,0.0804,0.681,0.000294785,0.0259407,-0.00676685,0.1014676,0.000247993,-9.05135E-06,-5.51716E-05,4.71033E-05,1.34491E-05,0.000294475
0.0080427,1.4481,0.67,5.675,0.14575,-0.034649,0.54502,0.0068292,-0.00029183,-0.0016741,0.0014444,0.00036821,0.0078118,0.173772,0.0804,0.681,0.000290341,0.0276925,-0.00658331,0.1035538,0.000246534,-1.05351E-05,-6.0435E-05,5.21428E-05,1.32924E-05,0.000282006
0.0076318,1.4564,0.67,5.675,0.15521,-0.033805,0.55712,0.0066012,-0.00031704,-0.0016529,0.0015529,0.00034355,0.0071094,0.174768,0.0804,0.681,0.000275508,0.0294899,-0.00642295,0.1058528,0.000238303,-1.14451E-05,-5.96697E-05,5.60597E-05,1.24022E-05,0.000256649
0.0075618,1.4647,0.67,5.675,0.16441,-0.033457,0.56987,0.006526,-0.00035245,-0.0019711,0.00166,0.00035831,0.0069375,0.175764,0.0804,0.681,0.000272981,0.0312379,-0.00635683,0.1082753,0.000235589,-1.27234E-05,-7.11567E-05,0.000059926,1.2935E-05,0.000250444
0.0070852,1.4729,0.67,5.675,0.1729,-0.033319,0.58314,0.0061443,-0.00036842,-0.0019626,0.0017421,0.00033006,0.0062841,0.176748,0.0804,0.681,0.000255776,0.032851,-0.00633061,0.1107966,0.000221809,-1.33E-05,-7.08499E-05,6.28898E-05,1.19152E-05,0.000226856
0.0065904,1.4812,0.67,5.675,0.18121,-0.033691,0.59654,0.0053974,-0.00038197,-0.0018126,0.0017726,0.0002654,0.0060107,0.177744,0.0804,0.681,0.000237913,0.0344299,-0.00640129,0.1133426,0.000194846,-1.37891E-05,-6.54349E-05,6.39909E-05,9.58094E-06,0.000216986
0.0062952,1.4894,0.67,5.675,0.18852,-0.034231,0.61067,0.0051765,-0.00041497,-0.0018916,0.0017613,0.00017209,0.0056526,0.178728,0.0804,0.681,0.000227257,0.0358188,-0.00650389,0.1160273,0.000186872,-1.49804E-05,-6.82868E-05,6.35829E-05,6.21245E-06,0.000204059
0.0059128,1.4977,0.67,5.675,0.19523,-0.034937,0.62505,0.0048741,-0.00043654,-0.0017107,0.0017318,8.76E-05,0.0052196,0.179724,0.0804,0.681,0.000213452,0.0370937,-0.00663803,0.1187595,0.000175955,-1.57591E-05,-6.17563E-05,6.2518E-05,3.16175E-06,0.000188428
0.0056457,1.5059,0.67,5.675,0.20169,-0.035526,0.63954,0.0046286,-0.00043453,-0.001618,0.0017054,-7.64E-06,0.0049574,0.180708,0.0804,0.681,0.00020381,0.0383211,-0.00674994,0.1215126,0.000167092,-1.56865E-05,-5.84098E-05,6.15649E-05,-2.75873E-07,0.000178962
0.0053216,1.5142,0.67,5.675,0.20755,-0.035893,0.65382,0.0043876,-0.00042989,-0.00145,0.0016846,-8.54E-05,0.004571,0.181704,0.0804,0.681,0.00019211,0.0394345,-0.00681967,0.1242258,0.000158392,-1.5519E-05,-0.000052345,6.08141E-05,-3.08117E-06,0.000165013
0.0050579,1.5224,0.67,5.675,0.21359,-0.036157,0.66745,0.0041026,-0.00041528,-0.001339,0.0016687,-0.00015974,0.0043444,0.182688,0.0804,0.681,0.00018259,0.0405821,-0.00686983,0.1268155,0.000148104,-1.49916E-05,-4.83379E-05,6.02401E-05,-5.76661E-06,0.000156833
0.0048347,1.5307,0.67,5.675,0.21951,-0.036522,0.68074,0.0038601,-0.00039682,-0.0012619,0.0016483,-0.00024045,0.0041611,0.183684,0.0804,0.681,0.000174533,0.0417069,-0.00693918,0.1293406,0.00013935,-1.43252E-05,-4.55546E-05,5.95036E-05,-8.68025E-06,0.000150216
0.0046652,1.539,0.67,5.675,0.22427,-0.037056,0.69346,0.003602,-0.00039597,-0.0011526,0.0016213,-0.00035931,0.0041071,0.18468,0.0804,0.681,0.000168414,0.0426113,-0.00704064,0.1317574,0.000130032,-1.42945E-05,-4.16089E-05,5.85289E-05,-1.29711E-05,0.000148266
0.0045454,1.5472,0.67,5.675,0.22776,-0.037465,0.70598,0.0034095,-0.0003893,-0.001067,0.0015824,-0.00053671,0.0040988,0.185664,0.0804,0.681,0.000164089,0.0432744,-0.00711835,0.1341362,0.000123083,-1.40537E-05,-3.85187E-05,5.71246E-05,-1.93752E-05,0.000147967
0.0044509,1.5555,0.67,5.675,0.23141,-0.037308,0.71879,0.0032703,-0.00037835,-0.0010011,0.001542,-0.00072095,0.0040894,0.18666,0.0804,0.681,0.000160677,0.0439679,-0.00708852,0.1365701,0.000118058,-1.36584E-05,-3.61397E-05,5.56662E-05,-2.60263E-05,0.000147627
0.0043684,1.5637,0.67,5.675,0.23578,-0.036215,0.73231,0.0031439,-0.00037956,-0.00091015,0.001527,-0.00086475,0.0040659,0.187644,0.0804,0.681,0.000157699,0.0447982,-0.00688085,0.1391389,0.000113495,-1.37021E-05,-3.28564E-05,5.51247E-05,-3.12175E-05,0.000146779
0.0043074,1.572,0.67,5.675,0.23946,-0.034368,0.74643,0.0030307,-0.00039467,-0.00078784,0.001537,-0.00095816,0.0040471,0.18864,0.0804,0.681,0.000155497,0.0454974,-0.00652992,0.1418217,0.000109408,-1.42476E-05,-2.8441E-05,5.54857E-05,-3.45896E-05,0.0001461
0.0042418,1.5802,0.67,5.675,0.24249,-0.032364,0.76057,0.002948,-0.0004236,-0.00061542,0.0015515,-0.0010107,0.003984,0.189624,0.0804,0.681,0.000153129,0.0460731,-0.00614916,0.1445083,0.000106423,-1.5292E-05,-2.22167E-05,5.60092E-05,-3.64863E-05,0.000143822
0.0041609,1.5885,0.67,5.675,0.24589,-0.030584,0.77434,0.0029144,-0.00045532,-0.00046946,0.0015549,-0.0010247,0.0038526,0.19062,0.0804,0.681,0.000150208,0.0467191,-0.00581096,0.1471246,0.00010521,-1.64371E-05,-1.69475E-05,5.61319E-05,-3.69917E-05,0.000139079
0.0040152,1.5968,0.67,5.675,0.24893,-0.029189,0.78735,0.0028798,-0.00047795,-0.00033608,0.0015386,-0.0010061,0.003612,0.191616,0.0804,0.681,0.000144949,0.0472967,-0.00554591,0.1495965,0.000103961,-1.7254E-05,-1.21325E-05,5.55435E-05,-3.63202E-05,0.000130393
0.0038362,1.605,0.67,5.675,0.25081,-0.02812,0.79909,0.0028292,-0.00048323,-0.00023682,0.0014899,-0.00096608,0.0033532,0.1926,0.0804,0.681,0.000138487,0.0476539,-0.0053428,0.1518271,0.000102134,-1.74446E-05,-8.5492E-06,5.37854E-05,-3.48755E-05,0.000121051
0.003633,1.6133,0.67,5.675,0.25191,-0.027339,0.80943,0.0027554,-0.00047432,-0.0001564,0.001408,-0.00091513,0.0031026,0.193596,0.0804,0.681,0.000131151,0.0478629,-0.00519441,0.1537917,9.94699E-05,-1.7123E-05,-5.64604E-06,5.08288E-05,-3.30362E-05,0.000112004
0.0034436,1.6215,0.67,5.675,0.25238,-0.026753,0.81834,0.0026687,-0.000473,-0.00010047,0.0013114,-0.00085798,0.0029071,0.19458,0.0804,0.681,0.000124314,0.0479522,-0.00508307,0.1554846,9.63401E-05,-1.70753E-05,-3.62697E-06,4.73415E-05,-3.09731E-05,0.000104946
0.0032842,1.6298,0.67,5.675,0.25234,-0.026122,0.82608,0.0025982,-0.00048836,-6.61E-05,0.0012265,-0.00080708,0.0027436,0.195576,0.0804,0.681,0.00011856,0.0479446,-0.00496318,0.1569552,9.3795E-05,-1.76298E-05,-2.38524E-06,4.42767E-05,-2.91356E-05,9.9044E-05
0.0031477,1.638,0.67,5.675,0.25189,-0.025112,0.83287,0.0025418,-0.00050483,-6.91E-05,0.0011802,-0.00075765,0.0025735,0.19656,0.0804,0.681,0.000113632,0.0478591,-0.00477128,0.1582453,9.1759E-05,-1.82244E-05,-2.49483E-06,4.26052E-05,-2.73512E-05,9.29034E-05
0.002999,1.6463,0.67,5.675,0.25076,-0.023688,0.83885,0.0024606,-0.00050722,-6.27E-05,0.0011722,-0.0006947,0.0023651,0.197556,0.0804,0.681,0.000108264,0.0476444,-0.00450072,0.1593815,8.88277E-05,-1.83106E-05,-2.26376E-06,4.23164E-05,-2.50787E-05,8.53801E-05
0.002836,1.6545,0.67,5.675,0.24908,-0.022197,0.84432,0.0023228,-0.00049207,-5.76E-05,0.0011852,-0.00060439,0.0021639,0.19854,0.0804,0.681,0.00010238,0.0473252,-0.00421743,0.1604208,8.38531E-05,-1.77637E-05,-2.08062E-06,4.27857E-05,-2.18185E-05,7.81168E-05
0.0026722,1.6628,0.67,5.675,0.2471,-0.020688,0.8492,0.0022219,-0.00045702,-8.64E-05,0.0012202,-0.00048021,0.0019023,0.199536,0.0804,0.681,9.64664E-05,0.046949,-0.00393072,0.161348,8.02106E-05,-1.64984E-05,-3.11828E-06,4.40492E-05,-1.73356E-05,6.8673E-05
0.0025163,1.6711,0.67,5.675,0.2448,-0.018831,0.85378,0.0021806,-0.00041485,-0.00016592,0.0012701,-0.00033267,0.0015819,0.200532,0.0804,0.681,9.08384E-05,0.046512,-0.00357789,0.1622182,7.87197E-05,-1.49761E-05,-5.98971E-06,4.58506E-05,-1.20094E-05,5.71066E-05
0.0023888,1.6793,0.67,5.675,0.24217,-0.016497,0.85873,0.002131,-0.00037265,-0.00025217,0.0012952,-0.00020509,0.0013514,0.201516,0.0804,0.681,8.62357E-05,0.0460123,-0.00313443,0.1631587,7.69291E-05,-1.34527E-05,-9.10334E-06,4.67567E-05,-7.40375E-06,4.87855E-05
0.0022742,1.6876,0.67,5.675,0.23932,-0.013783,0.86441,0.0020628,-0.0003382,-0.00030642,0.0012671,-0.00013785,0.0012185,0.202512,0.0804,0.681,8.20986E-05,0.0454708,-0.00261877,0.1642379,7.44671E-05,-1.2209E-05,-1.10618E-05,4.57423E-05,-4.97639E-06,4.39879E-05
0.0021999,1.6958,0.67,5.675,0.2365,-0.011086,0.87159,0.0020403,-0.00031411,-0.00031755,0.0011935,-0.00012325,0.001166,0.203496,0.0804,0.681,7.94164E-05,0.044935,-0.00210634,0.1656021,7.36548E-05,-1.13394E-05,-1.14636E-05,4.30854E-05,-4.44933E-06,4.20926E-05
0.0021779,1.7041,0.67,5.675,0.2337,-0.0089785,0.87987,0.0020981,-0.00030565,-0.00029097,0.0011082,-0.0001425,0.0011495,0.204492,0.0804,0.681,7.86222E-05,0.044403,-0.001705915,0.1671753,7.57414E-05,-1.1034E-05,-1.0504E-05,4.0006E-05,-5.14425E-06,4.1497E-05
0.0021635,1.7123,0.67,5.675,0.23074,-0.0076066,0.88752,0.0021447,-0.00032592,-0.00026652,0.0010424,-0.00017138,0.0011399,0.205476,0.0804,0.681,7.81024E-05,0.0438406,-0.001445254,0.1686288,7.74237E-05,-1.17657E-05,-9.62137E-06,3.76306E-05,-6.18682E-06,4.11504E-05
0.0021744,1.7206,0.67,5.675,0.22765,-0.006542,0.8945,0.002158,-0.00035171,-0.00023986,0.0010154,-0.00016682,0.0011753,0.206472,0.0804,0.681,7.84958E-05,0.0432535,-0.00124298,0.169955,7.79038E-05,-1.26967E-05,-8.65895E-06,3.66559E-05,-6.0222E-06,4.24283E-05
0.0022319,1.7289,0.67,5.675,0.22458,-0.0053658,0.90157,0.0021618,-0.00037686,-0.0001924,0.0010352,-0.00013306,0.0012667,0.207468,0.0804,0.681,8.05716E-05,0.0426702,-0.001019502,0.1712983,7.8041E-05,-1.36046E-05,-6.94564E-06,3.73707E-05,-4.80347E-06,4.57279E-05
0.0023321,1.7371,0.67,5.675,0.22158,-0.0040635,0.90797,0.0021894,-0.00041634,-0.00010035,0.0010721,-0.00012252,0.0014028,0.208452,0.0804,0.681,8.41888E-05,0.0421002,-0.000772065,0.1725143,7.90373E-05,-1.50299E-05,-3.62264E-06,3.87028E-05,-4.42297E-06,5.06411E-05
0.0024754,1.7454,0.67,5.675,0.21868,-0.0028543,0.91266,0.0022833,-0.00046271,5.09E-05,0.0011016,-0.00014791,0.001566,0.209448,0.0804,0.681,8.93619E-05,0.0415492,-0.000542317,0.1734054,8.24271E-05,-1.67038E-05,1.83615E-06,3.97678E-05,-5.33955E-06,5.65326E-05
0.0026114,1.7536,0.67,5.675,0.21593,-0.001963,0.91642,0.002396,-0.00050669,0.00022065,0.0011308,-0.00015582,0.0016961,0.210432,0.0804,0.681,9.42715E-05,0.0410267,-0.00037297,0.1741198,8.64956E-05,-1.82915E-05,7.96547E-06,4.08219E-05,-5.6251E-06,6.12292E-05
0.0026421,1.7619,0.67,5.675,0.21362,-0.0013545,0.9209,0.0024814,-0.00054485,0.00033028,0.001161,-0.00011202,0.0016418,0.211428,0.0804,0.681,9.53798E-05,0.0405878,-0.000257355,0.174971,8.95785E-05,-1.96691E-05,1.19231E-05,4.19121E-05,-4.04392E-06,5.9269E-05
0.0025866,1.7701,0.67,5.675,0.2119,-0.00079861,0.92702,0.0025634,-0.00056938,0.00036453,0.0012134,-3.86E-05,0.0013963,0.212412,0.0804,0.681,9.33763E-05,0.040261,-0.000151736,0.1761338,9.25387E-05,-2.05546E-05,1.31595E-05,4.38037E-05,-1.39191E-06,5.04064E-05
0.0025624,1.7784,0.67,5.675,0.21046,0.00014199,0.93345,0.0026638,-0.00058458,0.00036316,0.0013021,7.58E-06,0.001159,0.213408,0.0804,0.681,9.25026E-05,0.0399874,2.69781E-05,0.1773555,9.61632E-05,-2.11033E-05,1.31101E-05,4.70058E-05,2.73526E-07,4.18399E-05
0.0025765,1.7866,0.67,5.675,0.20883,0.0020144,0.93935,0.0027168,-0.00061177,0.00034414,0.0014036,3.37E-05,0.0010327,0.214392,0.0804,0.681,9.30117E-05,0.0396777,0.000382736,0.1784765,9.80765E-05,-2.20849E-05,1.24235E-05,5.067E-05,1.21773E-06,3.72805E-05
0.0025619,1.7949,0.67,5.675,0.20681,0.0046119,0.94472,0.0026792,-0.00065305,0.00028853,0.0014954,5.45E-05,0.00094933,0.215388,0.0804,0.681,9.24846E-05,0.0392939,0.000876261,0.1794968,9.67191E-05,-2.35751E-05,1.04159E-05,5.39839E-05,1.96611E-06,3.42708E-05
0.0025321,1.8032,0.67,5.675,0.2045,0.0068213,0.95,0.0026243,-0.00068639,0.00022233,0.0015794,6.61E-05,0.00086059,0.216384,0.0804,0.681,9.14088E-05,0.038855,0.001296047,0.1805,9.47372E-05,-2.47787E-05,8.02611E-06,5.70163E-05,2.38625E-06,3.10673E-05
0.0025053,1.8114,0.67,5.675,0.20207,0.0077421,0.95506,0.002597,-0.00070697,0.00016065,0.0016401,6.25E-05,0.00077344,0.217368,0.0804,0.681,9.04413E-05,0.0383933,0.001470999,0.1814614,9.37517E-05,-2.55216E-05,5.79947E-06,5.92076E-05,2.25632E-06,2.79212E-05
0.002477,1.8197,0.67,5.675,0.19963,0.0072404,0.95981,0.0025778,-0.00071505,0.00010718,0.0016521,2.57E-05,0.00072402,0.218364,0.0804,0.681,8.94197E-05,0.0379297,0.001375676,0.1823639,9.30586E-05,-2.58133E-05,3.8692E-06,5.96408E-05,9.28781E-07,2.61371E-05
0.0024551,1.8279,0.67,5.675,0.19725,0.0057124,0.96481,0.002547,-0.00071144,7.12E-05,0.0016312,-1.04E-05,0.00073209,0.219348,0.0804,0.681,8.86291E-05,0.0374775,0.001085356,0.1833139,9.19467E-05,-2.5683E-05,2.56909E-06,5.88863E-05,-3.75837E-07,2.64284E-05
0.0024606,1.8362,0.67,5.675,0.19484,0.0039945,0.97025,0.0024989,-0.00069787,6.72E-05,0.0016022,-5.01E-05,0.00082013,0.220344,0.0804,0.681,8.88277E-05,0.0370196,0.000758955,0.1843475,9.02103E-05,-2.51931E-05,2.42599E-06,5.78394E-05,-1.80832E-06,2.96067E-05
0.0024685,1.8446,0.67,5.675,0.19223,0.0027809,0.97586,0.0024304,-0.0006841,0.00010086,0.0015853,-8.45E-05,0.00092133,0.221352,0.0804,0.681,8.91129E-05,0.0365237,0.000528371,0.1854134,8.77374E-05,-2.4696E-05,3.64105E-06,5.72293E-05,-3.05164E-06,3.326E-05
0.0024686,1.8534,0.67,5.675,0.18934,0.0026079,0.98167,0.0023412,-0.00067778,0.00019334,0.0015894,-0.00015693,0.0010066,0.222408,0.0804,0.681,8.91165E-05,0.0359746,0.000495501,0.1865173,8.45173E-05,-2.44679E-05,6.97957E-06,5.73773E-05,-5.66517E-06,3.63383E-05
0.002459,1.8626,0.67,5.675,0.18614,0.0036546,0.98734,0.0022267,-0.00067074,0.00033305,0.0015834,-0.00027708,0.0011077,0.223512,0.0804,0.681,8.87699E-05,0.0353666,0.000694374,0.1875946,8.03839E-05,-2.42137E-05,1.20231E-05,5.71607E-05,-1.00026E-05,3.9988E-05
0.0024664,1.8723,0.67,5.675,0.18275,0.0052652,0.99232,0.0020975,-0.00065286,0.00047302,0.0015853,-0.00040659,0.00125,0.224676,0.0804,0.681,8.9037E-05,0.0347225,0.001000388,0.1885408,7.57198E-05,-2.35682E-05,1.7076E-05,5.72293E-05,-1.46779E-05,0.000045125
0.0025122,1.8824,0.67,5.675,0.17931,0.0066957,0.99686,0.0019819,-0.00061713,0.00059447,0.0015958,-0.00056014,0.0014467,0.225888,0.0804,0.681,9.06904E-05,0.0340689,0.001272183,0.1894034,7.15466E-05,-2.22784E-05,2.14604E-05,5.76084E-05,-2.02211E-05,5.22259E-05
0.002529,1.8931,0.67,5.675,0.17578,0.0081602,1.0007,0.0018764,-0.0005752,0.00065759,0.0015752,-0.00069811,0.0016064,0.227172,0.0804,0.681,9.12969E-05,0.0333982,0.001550438,0.190133,6.7738E-05,-2.07647E-05,2.3739E-05,5.68647E-05,-2.52018E-05,5.7991E-05
0.0025094,1.9042,0.67,5.675,0.17206,0.00868,1.004,0.001781,-0.00056784,0.00057814,0.0015512,-0.00078808,0.0016867,0.228504,0.0804,0.681,9.05893E-05,0.0326914,0.0016492,0.19076,6.42941E-05,-2.0499E-05,2.08709E-05,5.59983E-05,-2.84497E-05,6.08899E-05
0.0025242,1.9159,0.67,5.675,0.16812,0.0084566,1.0077,0.0017211,-0.00061915,0.00043987,0.0015859,-0.00076912,0.0017413,0.229908,0.0804,0.681,9.11236E-05,0.0319428,0.001606754,0.191463,6.21317E-05,-2.23513E-05,1.58793E-05,5.7251E-05,-2.77652E-05,6.28609E-05
0.0025964,1.9282,0.67,5.675,0.16386,0.0088475,1.0133,0.0017264,-0.00067174,0.00029808,0.0016574,-0.00078647,0.001809,0.231384,0.0804,0.681,9.373E-05,0.0311334,0.001681025,0.192527,6.2323E-05,-2.42498E-05,1.07607E-05,5.98321E-05,-2.83916E-05,6.53049E-05
0.0027316,1.941,0.67,5.675,0.15914,0.0098856,1.017,0.0017913,-0.00069493,0.00027332,0.0016422,-0.00081683,0.0020296,0.23292,0.0804,0.681,9.86108E-05,0.0302366,0.001878264,0.19323,6.46659E-05,-2.5087E-05,9.86685E-06,5.92834E-05,-2.94876E-05,7.32686E-05
0.0028633,1.9545,0.67,5.675,0.15421,0.0093646,1.0181,0.0018522,-0.00065781,0.00032625,0.0015471,-0.00078939,0.0023273,0.23454,0.0804,0.681,0.000103365,0.0292999,0.001779274,0.193439,6.68644E-05,-2.37469E-05,1.17776E-05,5.58503E-05,-2.8497E-05,8.40155E-05
0.0028452,1.9686,0.67,5.675,0.14937,0.0089856,1.0186,0.0018673,-0.00050376,0.0001793,0.0014496,-0.00079494,0.0023735,0.236232,0.0804,0.681,0.000102712,0.0283803,0.001707264,0.193534,6.74095E-05,-1.81857E-05,6.47273E-06,5.23306E-05,-2.86973E-05,8.56834E-05
0.0027314,1.9833,0.67,5.675,0.14432,0.0093277,1.0242,0.0018448,-0.00026288,9.66E-05,0.0012284,-0.00070115,0.0023897,0.237996,0.0804,0.681,9.86035E-05,0.0274208,0.001772263,0.194598,6.65973E-05,-9.48997E-06,3.48546E-06,4.43452E-05,-2.53115E-05,8.62682E-05
0.0025325,1.9988,0.67,5.675,0.1388,0.011944,1.0261,0.001795,-5.70E-05,-3.54E-05,0.001201,-0.00058194,0.0020691,0.239856,0.0804,0.681,9.14233E-05,0.026372,0.00226936,0.194959,6.47995E-05,-2.05795E-06,-1.27888E-06,4.33561E-05,-2.1008E-05,7.46945E-05
0.0024946,2.0149,0.67,5.675,0.1337,0.012586,1.026,0.0017127,4.52E-05,-7.60E-05,0.0012698,-0.00057543,0.0020067,0.241788,0.0804,0.681,9.00551E-05,0.025403,0.00239134,0.19494,6.18285E-05,1.63176E-06,-2.74295E-06,4.58398E-05,-2.0773E-05,7.24419E-05
0.0026017,2.0319,0.67,5.675,0.1291,0.012532,1.0226,0.0015762,7.40E-05,-0.00014182,0.001321,-0.00041766,0.0023062,0.243828,0.0804,0.681,9.39214E-05,0.024529,0.00238108,0.194294,5.69008E-05,2.67266E-06,-5.1197E-06,4.76881E-05,-1.50775E-05,8.32538E-05
0.0025128,2.0496,0.67,5.675,0.12417,0.0083273,1.0179,0.0014414,6.93E-05,-0.00011175,0.0010965,-0.00015335,0.0024878,0.245952,0.0804,0.681,9.07121E-05,0.0235923,0.001582187,0.193401,5.20345E-05,2.50119E-06,-4.03418E-06,3.95837E-05,-5.53594E-06,8.98096E-05
0.0029644,2.0681,0.67,5.675,0.11847,0.0046768,1.0165,0.0014493,7.21E-05,0.00038088,0.00082464,0.00017556,0.0036549,0.248172,0.0804,0.681,0.000107015,0.0225093,0.000888592,0.193135,5.23197E-05,2.60147E-06,1.37498E-05,2.97695E-05,6.33772E-06,0.000131942
0.0037101,2.0875,0.67,5.675,0.11188,0.0043459,1.0068,0.0016212,-3.11E-05,0.00086989,0.00079928,5.87E-05,0.0049997,0.2505,0.0804,0.681,0.000133935,0.0212572,0.000825721,0.191292,5.85253E-05,-1.12278E-06,3.1403E-05,2.8854E-05,2.11741E-06,0.000180489
0.0044777,2.1078,0.67,5.675,0.1051,0.003846,1.0021,0.0018749,-0.00020019,0.0016175,0.00068805,-0.00026261,0.0063925,0.252936,0.0804,0.681,0.000161645,0.019969,0.00073074,0.190399,6.76839E-05,-7.22686E-06,5.83918E-05,2.48386E-05,-9.48022E-06,0.000230769
0.0051211,2.129,0.67,5.675,0.098801,0.010906,0.99925,0.0021142,-0.00028087,0.002322,0.00073169,-0.00028488,0.0073963,0.25548,0.0804,0.681,0.000184872,0.01877219,0.00207214,0.1898575,7.63226E-05,-1.01394E-05,8.38242E-05,2.6414E-05,-1.02842E-05,0.000267006
0.0048125,2.1511,0.67,5.675,0.094518,0.016372,0.99221,0.0022028,-0.00012923,0.0022542,0.00086769,-3.98E-05,0.0065546,0.258132,0.0804,0.681,0.000173731,0.01795842,0.00311068,0.1885199,7.95211E-05,-4.6652E-06,8.13766E-05,3.13236E-05,-1.43526E-06,0.000236621
0.0039537,2.1743,0.67,5.675,0.091596,0.019515,0.99449,0.0021168,7.05E-05,0.0017814,0.0010155,0.00014792,0.0047751,0.260916,0.0804,0.681,0.000142729,0.01740324,0.00370785,0.1889531,7.64165E-05,2.54592E-06,6.43085E-05,3.66596E-05,5.33991E-06,0.000172381
0.0036007,2.1984,0.67,5.675,0.085937,0.021633,0.99911,0.0019123,0.00011954,0.0016843,0.0010061,2.60E-05,0.0042829,0.263808,0.0804,0.681,0.000129985,0.01632803,0.00411027,0.1898309,6.9034E-05,4.31539E-06,6.08032E-05,3.63202E-05,9.386E-07,0.000154613
0.0039205,2.2237,0.67,5.675,0.077914,0.025739,0.97958,0.0017241,0.00038714,0.0016719,0.0016186,0.00065245,0.0044983,0.266844,0.0804,0.681,0.00014153,0.01480366,0.00489041,0.1861202,6.224E-05,1.39758E-05,6.03556E-05,5.84315E-05,2.35534E-05,0.000162389
0.004989,2.2501,0.67,5.675,0.070721,0.032271,0.95904,0.0017991,0.00061723,0.0015677,0.002217,0.0013153,0.0059618,0.270012,0.0804,0.681,0.000180103,0.01343699,0.00613149,0.1822176,6.49475E-05,2.2282E-05,5.6594E-05,8.00337E-05,4.74823E-05,0.000215221
0.00509,2.2776,0.67,5.675,0.063454,0.034645,0.95388,0.0020324,0.00049206,0.0015537,0.0019582,0.00069029,0.0061894,0.273312,0.0804,0.681,0.000183749,0.01205626,0.00658255,0.1812372,7.33696E-05,1.77634E-05,5.60886E-05,7.0691E-05,2.49195E-05,0.000223437
0.0049771,2.3063,0.67,5.675,0.055888,0.03809,0.9407,0.0022064,0.00028505,0.0012604,0.0016902,-0.00047748,0.0060575,0.276756,0.0804,0.681,0.000179673,0.01061872,0.0072371,0.178733,7.9651E-05,1.02903E-05,4.55004E-05,6.10162E-05,-1.7237E-05,0.000218676
0.0059375,2.3362,0.67,5.675,0.045904,0.049869,0.9266,0.0023762,0.00038645,0.0014606,0.0018549,-0.00053943,0.007644,0.280344,0.0804,0.681,0.000214344,0.00872176,0.00947511,0.176054,8.57808E-05,1.39508E-05,5.27277E-05,6.69619E-05,-1.94734E-05,0.000275948
0.005583,2.3674,0.67,5.675,0.034337,0.06012,0.90037,0.0024078,0.00058954,0.0016713,0.0025248,0.00016527,0.0062335,0.284088,0.0804,0.681,0.000201546,0.00652403,0.0114228,0.1710703,8.69216E-05,2.12824E-05,6.03339E-05,9.11453E-05,5.96625E-06,0.000225029
0.0053935,2.3999,0.67,5.675,0.025213,0.067042,0.87061,0.0019449,0.00068524,0.0014505,0.0038252,0.0002983,0.0050169,0.287988,0.0804,0.681,0.000194705,0.00479047,0.01273798,0.1654159,7.02109E-05,2.47372E-05,5.23631E-05,0.00013809,1.07686E-05,0.00018111
0.0051998,2.4338,0.67,5.675,0.015549,0.075724,0.83397,0.0011025,0.00044893,0.0012468,0.0036763,0.00055426,0.0056208,0.292056,0.0804,0.681,0.000187713,0.00295431,0.01438756,0.1584543,3.98003E-05,1.62064E-05,4.50095E-05,0.000132714,2.00088E-05,0.000202911
0.0036623,2.4691,0.67,5.675,0.006229,0.071185,0.71882,0.0003516,7.35E-05,0.00062319,0.0021372,0.0007799,0.0048357,0.296292,0.0804,0.681,0.000132209,0.00118351,0.01352515,0.1365758,1.26928E-05,2.65389E-06,2.24972E-05,7.71529E-05,2.81544E-05,0.000174569
0.001393,2.5058,0.67,5.675,0.0018776,0.031331,0.31632,2.22E-05,1.27E-05,0.0001092,0.00081665,0.00031111,0.0019472,0.300696,0.0804,0.681,5.02873E-05,0.000356744,0.00595289,0.0601008,7.99723E-07,4.57929E-07,3.94212E-06,2.94811E-05,1.12311E-05,7.02939E-05
6.06E-08,2.544,0.67,5.675,0.0005978,1.22E-13,1.27E-18,1.21E-07,2.58E-17,9.63E-23,5.50E-27,1.61E-32,3.12E-35,0.30528,0.0804,0.681,2.18665E-09,0.000113582,2.32066E-14,2.40692E-19,4.37315E-09,9.31705E-19,3.47488E-24,1.98698E-28,5.80669E-34,1.12563E-36
0,2.5837,0.67,5.675,0,0,0,0,0,0,0,0,0,0.310044,0.0804,0.681,0,0,0,0,0,0,0,0,0,0
0,2.625,0.67,5.675,0,0,0,0,0,0,0,0,0,0.315,0.0804,0.681,0,0,0,0,0,0,0,0,0,0
0,-0.125,0.67,5.6833,0,0,0,0,0,0,0,0,0,-0.015,0.0804,0.681996,0,0,0,0,0,0,0,0,0,0
0,-0.083719,0.67,5.6833,0,0,0,0,0,0,0,0,0,-0.01004628,0.0804,0.681996,0,0,0,0,0,0,0,0,0,0
2.95E-08,-0.044001,0.67,5.6833,-0.00018819,-5.26E-14,8.92E-18,5.90E-08,1.65E-17,-3.67E-21,4.62E-27,-1.03E-30,2.49E-34,-0.00528012,0.0804,0.681996,1.06571E-09,-3.57561E-05,-1.0001E-14,1.69569E-18,2.13142E-09,5.963E-19,-1.32642E-22,1.66833E-28,-3.71289E-32,8.98276E-36
0.00097679,-0.0058053,0.67,5.6833,-0.0024957,0.025331,0.39676,1.08E-05,-2.57E-05,-3.37E-05,0.00080663,-0.00020263,0.0011362,-0.000696636,0.0804,0.681996,3.52621E-05,-0.000474183,0.00481289,0.0753844,3.88472E-07,-9.28889E-07,-1.21516E-06,2.91193E-05,-7.31494E-06,4.10168E-05
0.0025479,0.030909,0.67,5.6833,-0.011232,0.057324,0.89765,0.00017079,-0.0001511,-0.00019246,0.0020942,-0.00051974,0.0028308,0.00370908,0.0804,0.681996,9.19792E-05,-0.00213408,0.01089156,0.1705535,6.16552E-06,-5.45471E-06,-6.94781E-06,7.56006E-05,-1.87626E-05,0.000102192
0.0026158,0.066184,0.67,5.6833,-0.025009,0.051973,1.0148,0.00043914,-0.0002322,-9.30E-05,0.0018257,-0.00058976,0.0029668,0.00794208,0.0804,0.681996,9.44304E-05,-0.00475171,0.00987487,0.192812,1.5853E-05,-8.38242E-06,-3.3586E-06,6.59078E-05,-2.12903E-05,0.000107101
0.002469,0.10006,0.67,5.6833,-0.040113,0.038419,1.0491,0.00055293,-0.00023212,2.69E-05,0.0014641,-0.00069323,0.0029209,0.0120072,0.0804,0.681996,8.91309E-05,-0.00762147,0.00729961,0.199329,1.99608E-05,-8.37953E-06,9.72859E-07,5.2854E-05,-2.50256E-05,0.000105444
0.0030385,0.13258,0.67,5.6833,-0.05069,0.031113,1.067,0.00054644,-0.00015379,-4.61E-05,0.0013826,-0.00087841,0.0041481,0.0159096,0.0804,0.681996,0.00010969,-0.0096311,0.00591147,0.20273,1.97265E-05,-5.55182E-06,-1.66374E-06,4.99119E-05,-3.17106E-05,0.000149746
0.0027243,0.16379,0.67,5.6833,-0.053445,0.019743,1.0828,0.00062323,-5.40E-05,-0.00019457,0.00097102,-0.00068311,0.0038544,0.0196548,0.0804,0.681996,9.83472E-05,-0.01015455,0.00375117,0.205732,2.24986E-05,-1.95084E-06,-7.02398E-06,3.50538E-05,-2.46603E-05,0.000139144
0.0025124,0.19372,0.67,5.6833,-0.054902,0.019251,1.0931,0.00082296,1.52E-06,-0.00038058,0.0010817,-0.00062538,0.0031201,0.0232464,0.0804,0.681996,9.06976E-05,-0.01043138,0.00365769,0.207689,2.97089E-05,5.47601E-08,-1.37389E-05,3.90494E-05,-2.25762E-05,0.000112636
0.0035002,0.22242,0.67,5.6833,-0.057983,0.026261,1.095,0.0011314,5.30E-05,-0.00076868,0.0011064,-0.00064327,0.0047626,0.0266904,0.0804,0.681996,0.000126357,-0.01101677,0.00498959,0.20805,4.08435E-05,1.91489E-06,-2.77493E-05,3.9941E-05,-2.3222E-05,0.00017193
0.0030905,0.24993,0.67,5.6833,-0.063534,0.027274,1.0998,0.0013295,0.00015354,-0.00086606,0.0010915,-0.00018027,0.0037599,0.0299916,0.0804,0.681996,0.000111567,-0.01207146,0.00518206,0.208962,4.7995E-05,5.54279E-06,-3.12648E-05,3.94032E-05,-6.50775E-06,0.000135732
0.0024306,0.27629,0.67,5.6833,-0.070744,0.026675,1.1014,0.001318,0.00012653,-0.00084882,0.0013545,-0.00029476,0.0021887,0.0331548,0.0804,0.681996,8.77447E-05,-0.01344136,0.00506825,0.209266,4.75798E-05,4.56773E-06,-3.06424E-05,4.88975E-05,-1.06408E-05,7.90121E-05
0.0032361,0.30154,0.67,5.6833,-0.077517,0.022554,1.1034,0.0014068,4.42E-05,-0.00096685,0.0018909,-0.00108,0.0031746,0.0361848,0.0804,0.681996,0.000116823,-0.01472823,0.00428526,0.209646,5.07855E-05,1.59548E-06,-3.49033E-05,6.82615E-05,-0.000038988,0.000114603
0.0034083,0.32572,0.67,5.6833,-0.083854,0.016203,1.1046,0.0015463,0.00010436,-0.00082818,0.0016581,-0.0012725,0.0036123,0.0390864,0.0804,0.681996,0.00012304,-0.01593226,0.00307857,0.209874,5.58214E-05,3.7674E-06,-2.98973E-05,5.98574E-05,-4.59373E-05,0.000130404
0.0027234,0.34887,0.67,5.6833,-0.088791,0.018226,1.1026,0.0015312,9.02E-05,-0.00028704,0.0010979,-0.00064782,0.0028178,0.0418644,0.0804,0.681996,9.83147E-05,-0.01687029,0.00346294,0.209494,5.52763E-05,3.25481E-06,-1.03621E-05,3.96342E-05,-2.33863E-05,0.000101723
0.0023023,0.37102,0.67,5.6833,-0.093786,0.026077,1.1041,0.0014769,0.00013284,-0.00016181,0.0011252,-0.00043506,0.0020026,0.0445224,0.0804,0.681996,8.3113E-05,-0.01781934,0.00495463,0.209779,5.33161E-05,4.79552E-06,-5.84134E-06,4.06197E-05,-1.57057E-05,7.22939E-05
0.0024949,0.39221,0.67,5.6833,-0.10051,0.033756,1.1043,0.0015274,0.00023898,-0.00045552,0.001211,-0.00076555,0.0022516,0.0470652,0.0804,0.681996,9.00659E-05,-0.0190969,0.00641364,0.209817,5.51391E-05,8.62718E-06,-1.64443E-05,4.37171E-05,-2.76364E-05,8.12828E-05
0.0029778,0.41248,0.67,5.6833,-0.10616,0.03751,1.0956,0.0017219,0.00043671,-0.00069052,0.001318,-0.0010854,0.0029158,0.0494976,0.0804,0.681996,0.000107499,-0.0201704,0.0071269,0.208164,6.21606E-05,1.57652E-05,-2.49278E-05,4.75798E-05,-3.91829E-05,0.00010526
0.0036772,0.43187,0.67,5.6833,-0.10977,0.0394,1.0908,0.0019803,0.00060934,-0.00099882,0.0015355,-0.0013714,0.0038386,0.0518244,0.0804,0.681996,0.000132747,-0.0208563,0.007486,0.207252,7.14888E-05,2.19972E-05,-3.60574E-05,5.54316E-05,-4.95075E-05,0.000138573
0.0040189,0.4504,0.67,5.6833,-0.11406,0.03942,1.0864,0.002093,0.0005347,-0.00063454,0.0016795,-0.0014956,0.0042653,0.054048,0.0804,0.681996,0.000145082,-0.0216714,0.0074898,0.206416,7.55573E-05,1.93027E-05,-2.29069E-05,6.063E-05,-5.39912E-05,0.000153977
0.0037025,0.46812,0.67,5.6833,-0.12035,0.036461,1.0888,0.0019536,0.0002659,-0.00029797,0.0015948,-0.0013893,0.0038566,0.0561744,0.0804,0.681996,0.00013366,-0.0228665,0.00692759,0.206872,7.0525E-05,9.59899E-06,-1.07567E-05,5.75723E-05,-5.01537E-05,0.000139223
0.0029508,0.48504,0.67,5.6833,-0.12804,0.032585,1.089,0.0016884,-2.43E-05,-0.00012728,0.0013888,-0.0010204,0.0028244,0.0582048,0.0804,0.681996,0.000106524,-0.0243276,0.00619115,0.20691,6.09512E-05,-8.78169E-07,-4.59481E-06,5.01357E-05,-3.68364E-05,0.000101961
0.0026305,0.50122,0.67,5.6833,-0.13563,0.028864,1.0929,0.0014425,-0.0001992,-0.0001426,0.0013027,-0.00084943,0.0025157,0.0601464,0.0804,0.681996,9.49611E-05,-0.0257697,0.00548416,0.207651,5.20743E-05,-7.19112E-06,-5.14786E-06,4.70275E-05,-3.06644E-05,9.08168E-05
0.0026463,0.51667,0.67,5.6833,-0.14216,0.026561,1.0979,0.0012973,-0.00025629,-0.00029986,0.0012996,-0.00064684,0.0026956,0.0620004,0.0804,0.681996,9.55314E-05,-0.0270104,0.00504659,0.208601,4.68325E-05,-9.25207E-06,-1.08249E-05,4.69156E-05,-2.33509E-05,9.73112E-05
0.0024785,0.53142,0.67,5.6833,-0.14776,0.022541,1.1009,0.0012858,-0.00018535,-0.00041891,0.001266,-0.00028628,0.0024053,0.0637704,0.0804,0.681996,8.94739E-05,-0.0280744,0.00428279,0.209171,4.64174E-05,-6.69114E-06,-1.51227E-05,4.57026E-05,-1.03347E-05,8.68313E-05
0.0023502,0.54551,0.67,5.6833,-0.15248,0.018365,1.101,0.001401,-0.00010944,-0.00059576,0.0013455,-7.33E-05,0.0019539,0.0654612,0.0804,0.681996,8.48422E-05,-0.0289712,0.00348935,0.20919,5.05761E-05,-3.95078E-06,-2.15069E-05,4.85726E-05,-2.64541E-06,7.05358E-05
0.0024606,0.55896,0.67,5.6833,-0.15605,0.014213,1.1001,0.00164,2.40E-05,-0.00082113,0.0014927,-0.00010508,0.0017885,0.0670752,0.0804,0.681996,8.88277E-05,-0.0296495,0.00270047,0.209019,0.000059204,8.66617E-07,-2.96428E-05,5.38865E-05,-3.79339E-06,6.45649E-05
0.0027666,0.5718,0.67,5.6833,-0.15913,0.01115,1.0982,0.0019683,0.00025577,-0.0010833,0.001608,-0.00023258,0.001957,0.068616,0.0804,0.681996,9.98743E-05,-0.0302347,0.0021185,0.208658,7.10556E-05,9.2333E-06,-3.91071E-05,5.80488E-05,-8.39614E-06,7.06477E-05
0.0030488,0.58405,0.67,5.6833,-0.1628,0.0081802,1.0944,0.0022561,0.00045767,-0.0012628,0.0017005,-0.00030132,0.0021409,0.070086,0.0804,0.681996,0.000110062,-0.030932,0.001554238,0.207936,8.14452E-05,1.65219E-05,-4.55871E-05,6.13881E-05,-1.08777E-05,7.72865E-05
0.0031454,0.59575,0.67,5.6833,-0.16742,0.0029074,1.0937,0.0023792,0.00055111,-0.0012871,0.0016854,-0.00035674,0.0022261,0.07149,0.0804,0.681996,0.000113549,-0.0318098,0.000552406,0.207803,8.58891E-05,1.98951E-05,-4.64643E-05,6.08429E-05,-1.28783E-05,8.03622E-05
0.0030599,0.6069,0.67,5.6833,-0.17276,-0.0023244,1.096,0.0023438,0.00051288,-0.0012046,0.0015371,-0.00043112,0.0022388,0.072828,0.0804,0.681996,0.000110462,-0.0328244,-0.000441636,0.20824,8.46112E-05,1.8515E-05,-4.34861E-05,5.54893E-05,-1.55634E-05,8.08207E-05
0.002955,0.61755,0.67,5.6833,-0.17841,-0.0065931,1.102,0.0022205,0.00039812,-0.0011086,0.0013599,-0.00054148,0.0023296,0.074106,0.0804,0.681996,0.000106676,-0.0338979,-0.001252689,0.20938,8.01601E-05,1.43721E-05,-4.00205E-05,4.90924E-05,-1.95474E-05,8.40986E-05
0.0027966,0.6277,0.67,5.6833,-0.18397,-0.0096672,1.1066,0.0020465,0.00024887,-0.00095706,0.0012037,-0.00059372,0.0023431,0.075324,0.0804,0.681996,0.000100957,-0.0349543,-0.001836768,0.210254,7.38787E-05,8.98421E-06,-3.45499E-05,4.34536E-05,-2.14333E-05,8.45859E-05
0.0026225,0.63738,0.67,5.6833,-0.18938,-0.011851,1.1088,0.0018597,9.04E-05,-0.00078837,0.0010973,-0.0006194,0.0022881,0.0764856,0.0804,0.681996,9.46723E-05,-0.0359822,-0.00225169,0.210672,6.71352E-05,3.26366E-06,-2.84602E-05,3.96125E-05,-2.23603E-05,8.26004E-05
0.0024371,0.64661,0.67,5.6833,-0.19481,-0.013672,1.1105,0.0016707,-3.41E-05,-0.00056291,0.0010342,-0.00066473,0.0021693,0.0775932,0.0804,0.681996,8.79793E-05,-0.0370139,-0.00259768,0.210995,6.03123E-05,-1.23263E-06,-2.03211E-05,3.73346E-05,-2.39968E-05,7.83117E-05
0.0022633,0.65542,0.67,5.6833,-0.20016,-0.015161,1.113,0.0014899,-0.00010736,-0.00033883,0.00098399,-0.00070906,0.0020528,0.0786504,0.0804,0.681996,8.17051E-05,-0.0380304,-0.00288059,0.21147,5.37854E-05,-3.8757E-06,-1.22318E-05,3.5522E-05,-2.55971E-05,7.41061E-05
0.0021699,0.66381,0.67,5.6833,-0.20521,-0.016276,1.116,0.001374,-0.00015237,-0.00013813,0.00093767,-0.00075176,0.0020281,0.0796572,0.0804,0.681996,7.83334E-05,-0.0389899,-0.00309244,0.21204,4.96014E-05,-5.50056E-06,-4.98649E-06,3.38499E-05,-2.71385E-05,7.32144E-05
0.0021347,0.67207,0.67,5.6833,-0.20964,-0.01738,1.1171,0.0013265,-0.0001809,3.56E-05,0.00089315,-0.00076826,0.0020497,0.0806484,0.0804,0.681996,7.70627E-05,-0.0398316,-0.0033022,0.212249,4.78867E-05,-6.53049E-06,1.28613E-06,3.22427E-05,-2.77342E-05,7.39942E-05
0.002191,0.68032,0.67,5.6833,-0.21342,-0.018623,1.1158,0.0013463,-0.00019938,0.0001368,0.00088956,-0.00076878,0.0021462,0.0816384,0.0804,0.681996,7.90951E-05,-0.0405498,-0.00353837,0.212002,4.86014E-05,-7.19762E-06,4.93848E-06,3.21131E-05,-2.7753E-05,7.74778E-05
0.0023045,0.68858,0.67,5.6833,-0.21674,-0.019705,1.1129,0.0014232,-0.00021679,0.00019515,0.0009462,-0.00077681,0.0022395,0.0826296,0.0804,0.681996,8.31925E-05,-0.0411806,-0.00374395,0.211451,5.13775E-05,-7.82612E-06,7.04492E-06,3.41578E-05,-2.80428E-05,8.0846E-05
0.0024264,0.69683,0.67,5.6833,-0.21974,-0.020033,1.1083,0.0015085,-0.00023029,0.0002318,0.00105,-0.00078672,0.0022942,0.0836196,0.0804,0.681996,8.7593E-05,-0.0417506,-0.00380627,0.210577,5.44569E-05,-8.31347E-06,8.36798E-06,0.000037905,-2.84006E-05,8.28206E-05
0.0025576,0.70509,0.67,5.6833,-0.22248,-0.019357,1.1027,0.0016022,-0.0002358,0.00023567,0.0011631,-0.00079339,0.0023499,0.0846108,0.0804,0.681996,9.23294E-05,-0.0422712,-0.00367783,0.209513,5.78394E-05,-8.51238E-06,8.50769E-06,4.19879E-05,-2.86414E-05,8.48314E-05
0.002733,0.71335,0.67,5.6833,-0.22505,-0.017681,1.0963,0.0017352,-0.0002429,0.00019758,0.0012782,-0.00080357,0.0024528,0.085602,0.0804,0.681996,9.86613E-05,-0.0427595,-0.00335939,0.208297,6.26407E-05,-8.76869E-06,7.13264E-06,4.6143E-05,-2.90089E-05,8.85461E-05
0.0029575,0.7216,0.67,5.6833,-0.22748,-0.01513,1.0889,0.001885,-0.00025026,0.00015925,0.0013995,-0.00082807,0.0026304,0.086592,0.0804,0.681996,0.000106766,-0.0432212,-0.0028747,0.206891,6.80485E-05,-9.03439E-06,5.74893E-06,5.0522E-05,-2.98933E-05,9.49574E-05
0.0032266,0.72986,0.67,5.6833,-0.22968,-0.011982,1.0801,0.0020059,-0.0002539,0.00012457,0.001548,-0.00087406,0.0028993,0.0875832,0.0804,0.681996,0.00011648,-0.0436392,-0.00227658,0.205219,7.2413E-05,-9.16579E-06,4.49698E-06,5.58828E-05,-3.15536E-05,0.000104665
0.0035325,0.73811,0.67,5.6833,-0.23149,-0.0085813,1.0703,0.002091,-0.00025355,0.0001217,0.0017335,-0.00097026,0.0032406,0.0885732,0.0804,0.681996,0.000127523,-0.0439831,-0.001630447,0.203357,7.54851E-05,-9.15316E-06,4.39337E-06,6.25794E-05,-3.50264E-05,0.000116986
0.0038133,0.74637,0.67,5.6833,-0.23321,-0.0052938,1.0609,0.0021599,-0.00025248,0.0001625,0.0019305,-0.0011076,0.0035361,0.0895644,0.0804,0.681996,0.00013766,-0.0443099,-0.001005822,0.201571,7.79724E-05,-9.11453E-06,5.86625E-06,6.96911E-05,-3.99844E-05,0.000127653
0.0040459,0.75463,0.67,5.6833,-0.23559,-0.0025364,1.0528,0.0022412,-0.00026625,0.00021479,0.0020934,-0.001242,0.0037573,0.0905556,0.0804,0.681996,0.000146057,-0.0447621,-0.000481916,0.200032,8.09073E-05,-9.61163E-06,7.75392E-06,7.55717E-05,-4.48362E-05,0.000135639
0.0042354,0.76288,0.67,5.6833,-0.23868,-0.00039495,1.0461,0.0023646,-0.00031862,0.00028644,0.0022017,-0.0013233,0.0039045,0.0915456,0.0804,0.681996,0.000152898,-0.0453492,-7.50405E-05,0.198759,8.53621E-05,-1.15022E-05,1.03405E-05,7.94814E-05,-4.77711E-05,0.000140952
0.0043564,0.77114,0.67,5.6833,-0.24197,0.0012863,1.0401,0.0024702,-0.00040192,0.00039846,0.0022701,-0.0013252,0.0039726,0.0925368,0.0804,0.681996,0.000157266,-0.0459743,0.000244397,0.197619,8.91742E-05,-1.45093E-05,1.43844E-05,8.19506E-05,-4.78397E-05,0.000143411
0.0044199,0.7794,0.67,5.6833,-0.24563,0.0025039,1.0345,0.0025554,-0.0004801,0.00051516,0.0023026,-0.0012438,0.0039818,0.093528,0.0804,0.681996,0.000159558,-0.0466697,0.000475741,0.196555,9.22499E-05,-1.73316E-05,1.85973E-05,8.31239E-05,-4.49012E-05,0.000143743
0.004482,0.78765,0.67,5.6833,-0.2496,0.003236,1.0288,0.0026654,-0.0005299,0.00062141,0.0022796,-0.001157,0.0040191,0.094518,0.0804,0.681996,0.0001618,-0.047424,0.00061484,0.195472,9.62209E-05,-1.91294E-05,2.24329E-05,8.22936E-05,-4.17677E-05,0.00014509
0.0045623,0.79591,0.67,5.6833,-0.25318,0.0036021,1.0227,0.0027763,-0.0005362,0.00070927,0.0021828,-0.0011131,0.0041655,0.0955092,0.0804,0.681996,0.000164699,-0.0481042,0.000684399,0.194313,0.000100224,-1.93568E-05,2.56046E-05,7.87991E-05,-4.01829E-05,0.000150375
0.0046739,0.80416,0.67,5.6833,-0.25642,0.003956,1.0156,0.0029167,-0.00052161,0.00074044,0.0020405,-0.0010898,0.0043905,0.0964992,0.0804,0.681996,0.000168728,-0.0487198,0.00075164,0.192964,0.000105293,-1.88301E-05,2.67299E-05,7.36621E-05,-3.93418E-05,0.000158497
0.0047853,0.81242,0.67,5.6833,-0.25956,0.0043815,1.0075,0.0030841,-0.00050371,0.00072718,0.0018898,-0.0010549,0.0045967,0.0974904,0.0804,0.681996,0.000172749,-0.0493164,0.000832485,0.191425,0.000111336,-1.81839E-05,2.62512E-05,6.82218E-05,-3.80819E-05,0.000165941
0.0048827,0.82068,0.67,5.6833,-0.2623,0.0045125,0.9985,0.0032854,-0.00046427,0.00067613,0.0017373,-0.0010062,0.0047428,0.0984816,0.0804,0.681996,0.000176265,-0.049837,0.000857375,0.189715,0.000118603,-1.67601E-05,2.44083E-05,6.27165E-05,-3.63238E-05,0.000171215
0.0049212,0.82893,0.67,5.6833,-0.26481,0.0041115,0.98939,0.0035045,-0.00040069,0.00065668,0.0015968,-0.00095588,0.0047412,0.0994716,0.0804,0.681996,0.000177655,-0.0503139,0.000781185,0.1879841,0.000126512,-1.44649E-05,2.37061E-05,5.76445E-05,-3.45073E-05,0.000171157
0.0049783,0.83719,0.67,5.6833,-0.26739,0.0033884,0.98109,0.0037325,-0.00033657,0.0006826,0.0014949,-0.00090089,0.0047292,0.1004628,0.0804,0.681996,0.000179717,-0.0508041,0.000643796,0.1864071,0.000134743,-1.21502E-05,2.46419E-05,5.39659E-05,-3.25221E-05,0.000170724
0.0051168,0.84544,0.67,5.6833,-0.27013,0.0027327,0.9738,0.0040064,-0.00029675,0.00072929,0.0014149,-0.00084912,0.0048123,0.1014528,0.0804,0.681996,0.000184716,-0.0513247,0.000519213,0.185022,0.000144631,-1.07127E-05,2.63274E-05,5.10779E-05,-3.06532E-05,0.000173724
0.0053474,0.8537,0.67,5.6833,-0.27283,0.0021294,0.96653,0.0042964,-0.00025324,0.00080986,0.0013259,-0.00080927,0.0050724,0.102444,0.0804,0.681996,0.000193041,-0.0518377,0.000404586,0.1836407,0.0001551,-9.14196E-06,2.92359E-05,4.7865E-05,-2.92146E-05,0.000183114
0.0055948,0.86196,0.67,5.6833,-0.27518,0.0010339,0.95848,0.0045668,-0.00019631,0.00089213,0.0012328,-0.0007381,0.00539,0.1034352,0.0804,0.681996,0.000201972,-0.0522842,0.000196441,0.1821112,0.000164861,-7.08679E-06,3.22059E-05,4.45041E-05,-2.66454E-05,0.000194579
0.0059089,0.87021,0.67,5.6833,-0.27757,-0.00091373,0.94987,0.0048979,-0.00014192,0.0009346,0.0011585,-0.00065297,0.0057613,0.1044252,0.0804,0.681996,0.000213311,-0.0527383,-0.000173609,0.1804753,0.000176814,-5.12331E-06,3.37391E-05,4.18219E-05,-2.35722E-05,0.000207983
0.0062279,0.87847,0.67,5.6833,-0.27988,-0.0037071,0.94126,0.0052611,-7.75E-05,0.00097975,0.0011105,-0.00058461,0.0060843,0.1054164,0.0804,0.681996,0.000224827,-0.0531772,-0.000704349,0.1788394,0.000189926,-2.79923E-06,3.5369E-05,4.00891E-05,-2.11044E-05,0.000219643
0.0066258,0.88672,0.67,5.6833,-0.28171,-0.007084,0.9325,0.0056304,-2.24E-05,0.0010151,0.001086,-0.00049322,0.0065353,0.1064064,0.0804,0.681996,0.000239191,-0.0535249,-0.00134596,0.177175,0.000203257,-8.0994E-07,3.66451E-05,3.92046E-05,-1.78052E-05,0.000235924
0.0070478,0.89498,0.67,5.6833,-0.28349,-0.010604,0.92302,0.0060429,1.89E-05,0.0010366,0.0010854,-0.00037584,0.0069672,0.1073976,0.0804,0.681996,0.000254426,-0.0538631,-0.00201476,0.1753738,0.000218149,6.8359E-07,3.74213E-05,3.91829E-05,-1.35678E-05,0.000251516
0.0074927,0.90324,0.67,5.6833,-0.28495,-0.013665,0.91221,0.0064643,6.21E-05,0.0010992,0.0010922,-0.00023399,0.007429,0.1083888,0.0804,0.681996,0.000270486,-0.0541405,-0.00259635,0.1733199,0.000233361,2.24033E-06,3.96811E-05,3.94284E-05,-8.44704E-06,0.000268187
0.0078725,0.91149,0.67,5.6833,-0.28581,-0.015645,0.90016,0.0068393,9.81E-05,0.0011997,0.0010682,-9.66E-05,0.0078374,0.1093788,0.0804,0.681996,0.000284197,-0.0543039,-0.00297255,0.1710304,0.000246899,3.5426E-06,4.33092E-05,3.8562E-05,-3.48643E-06,0.00028293
0.0081865,0.91975,0.67,5.6833,-0.28672,-0.016596,0.88748,0.0071852,0.00015035,0.0012765,0.0010151,1.95E-05,0.0081726,0.11037,0.0804,0.681996,0.000295533,-0.0544768,-0.00315324,0.1686212,0.000259386,5.42764E-06,4.60817E-05,3.66451E-05,7.0395E-07,0.000295031
0.0084956,0.92801,0.67,5.6833,-0.28771,-0.017051,0.8748,0.0076662,0.00025037,0.0013055,0.00098027,0.00015998,0.0083447,0.1113612,0.0804,0.681996,0.000306691,-0.0546649,-0.00323969,0.166212,0.00027675,9.03836E-06,4.71286E-05,3.53877E-05,5.77528E-06,0.000301244
0.0087364,0.93626,0.67,5.6833,-0.2889,-0.017235,0.86233,0.0081608,0.00036595,0.0012659,0.00098817,0.00032184,0.0083239,0.1123512,0.0804,0.681996,0.000315384,-0.054891,-0.00327465,0.1638427,0.000294605,1.32108E-05,4.5699E-05,3.56729E-05,1.16184E-05,0.000300493
0.0090555,0.94452,0.67,5.6833,-0.29011,-0.017125,0.84994,0.0086475,0.0004615,0.001153,0.0010415,0.00046517,0.0084219,0.1133424,0.0804,0.681996,0.000326904,-0.0551209,-0.00325375,0.1614886,0.000312175,1.66602E-05,4.16233E-05,3.75982E-05,1.67926E-05,0.000304031
0.0093891,0.95277,0.67,5.6833,-0.29031,-0.016635,0.83741,0.0091394,0.00055184,0.00096641,0.00116,0.00055304,0.0084788,0.1143324,0.0804,0.681996,0.000338947,-0.0551589,-0.00316065,0.1591079,0.000329932,1.99214E-05,3.48874E-05,0.000041876,1.99647E-05,0.000306085
0.0099124,0.96103,0.67,5.6833,-0.2908,-0.015704,0.82542,0.0097109,0.00064649,0.0007284,0.0013576,0.0005764,0.0087563,0.1153236,0.0804,0.681996,0.000357838,-0.055252,-0.00298376,0.1568298,0.000350563,2.33383E-05,2.62952E-05,4.90094E-05,2.0808E-05,0.000316102
0.010488,0.96929,0.67,5.6833,-0.29171,-0.014456,0.8146,0.010308,0.00070984,0.00056104,0.0016055,0.00054439,0.0090618,0.1163148,0.0804,0.681996,0.000378617,-0.0554249,-0.00274664,0.154774,0.000372119,2.56252E-05,2.02535E-05,5.79586E-05,1.96525E-05,0.000327131
0.011145,0.97754,0.67,5.6833,-0.29135,-0.013268,0.80387,0.01079,0.00074137,0.00046863,0.0018361,0.00050564,0.0096633,0.1173048,0.0804,0.681996,0.000402335,-0.0553565,-0.00252092,0.1527353,0.000389519,2.67635E-05,1.69175E-05,6.62832E-05,1.82536E-05,0.000348845
0.011863,0.9858,0.67,5.6833,-0.29111,-0.012542,0.79295,0.011261,0.00074047,0.00043816,0.0019708,0.00047683,0.010495,0.118296,0.0804,0.681996,0.000428254,-0.0553109,-0.00238298,0.1506605,0.000406522,2.6731E-05,1.58176E-05,7.11459E-05,1.72136E-05,0.00037887
0.012543,0.99405,0.67,5.6833,-0.2914,-0.012545,0.78151,0.011662,0.00068158,0.0003314,0.0019676,0.00041931,0.011457,0.119286,0.0804,0.681996,0.000452802,-0.055366,-0.00238355,0.1484869,0.000420998,2.4605E-05,1.19635E-05,7.10304E-05,1.51371E-05,0.000413598
0.013258,1.0023,0.67,5.6833,-0.29094,-0.013354,0.76908,0.012109,0.00058756,0.00028376,0.0018574,0.0002905,0.012549,0.120276,0.0804,0.681996,0.000478614,-0.0552786,-0.00253726,0.1461252,0.000437135,2.12109E-05,1.02437E-05,6.70521E-05,1.04871E-05,0.000453019
0.013799,1.0106,0.67,5.6833,-0.2904,-0.014868,0.75621,0.012541,0.00048065,0.00028175,0.0016995,8.30E-05,0.013358,0.121272,0.0804,0.681996,0.000498144,-0.055176,-0.00282492,0.1436799,0.00045273,1.73515E-05,1.01712E-05,6.1352E-05,2.99457E-06,0.000482224
0.014326,1.0188,0.67,5.6833,-0.29059,-0.016769,0.74342,0.012954,0.00035025,0.00031974,0.0015394,-0.00014315,0.014159,0.122256,0.0804,0.681996,0.000517169,-0.0552121,-0.00318611,0.1412498,0.000467639,1.2644E-05,1.15426E-05,5.55723E-05,-5.16772E-06,0.00051114
0.014818,1.0271,0.67,5.6833,-0.29112,-0.018699,0.73086,0.013343,0.00021974,0.00030989,0.0014043,-0.00036641,0.014889,0.123252,0.0804,0.681996,0.00053493,-0.0553128,-0.00355281,0.1388634,0.000481682,7.93261E-06,1.1187E-05,5.06952E-05,-1.32274E-05,0.000537493
0.01533,1.0353,0.67,5.6833,-0.29149,-0.020734,0.71816,0.013627,0.00015,0.00015201,0.0013033,-0.00053852,0.015729,0.124236,0.0804,0.681996,0.000553413,-0.0553831,-0.00393946,0.1364504,0.000491935,0.000005415,5.48756E-06,4.70491E-05,-1.94406E-05,0.000567817
0.015941,1.0436,0.67,5.6833,-0.2909,-0.022719,0.70512,0.014008,0.00013437,1.73E-05,0.0012433,-0.00062015,0.01663,0.125232,0.0804,0.681996,0.00057547,-0.055271,-0.00431661,0.1339728,0.000505689,4.85076E-06,6.22942E-07,4.48831E-05,-2.23874E-05,0.000600343
0.016467,1.0518,0.67,5.6833,-0.28954,-0.02399,0.69177,0.014368,0.00013115,-0.00014135,0.001217,-0.0006743,0.01735,0.126216,0.0804,0.681996,0.000594459,-0.0550126,-0.0045581,0.1314363,0.000518685,4.73452E-06,-5.10274E-06,4.39337E-05,-2.43422E-05,0.000626335
0.017014,1.0601,0.67,5.6833,-0.28825,-0.02426,0.67801,0.01474,0.00011305,-0.00028006,0.0012155,-0.00076481,0.018074,0.127212,0.0804,0.681996,0.000614205,-0.0547675,-0.0046094,0.1288219,0.000532114,4.08111E-06,-1.01102E-05,4.38796E-05,-2.76096E-05,0.000652471
0.017469,1.0684,0.67,5.6833,-0.28696,-0.023637,0.66439,0.015174,8.86E-05,-0.0003842,0.0012518,-0.00085844,0.018513,0.128208,0.0804,0.681996,0.000630631,-0.0545224,-0.00449103,0.1262341,0.000547781,3.19958E-06,-1.38696E-05,4.519E-05,-3.09897E-05,0.000668319
0.017988,1.0766,0.67,5.6833,-0.2858,-0.022502,0.65131,0.015748,7.19E-05,-0.00044577,0.0013248,-0.00089144,0.018904,0.129192,0.0804,0.681996,0.000649367,-0.054302,-0.00427538,0.1237489,0.000568503,2.59422E-06,-1.60923E-05,4.78253E-05,-3.2181E-05,0.000682434
0.018525,1.0849,0.67,5.6833,-0.28413,-0.021715,0.6385,0.016529,5.87E-05,-0.00049606,0.0014269,-0.00082121,0.019094,0.130188,0.0804,0.681996,0.000668753,-0.0539847,-0.00412585,0.121315,0.000596697,2.11932E-06,-1.79078E-05,5.15111E-05,-2.96457E-05,0.000689293
0.018938,1.0931,0.67,5.6833,-0.28151,-0.021784,0.62592,0.017169,0.00011052,-0.00047931,0.0015409,-0.00065075,0.019165,0.131172,0.0804,0.681996,0.000683662,-0.0534869,-0.00413896,0.1189248,0.000619801,3.98977E-06,-1.73031E-05,5.56265E-05,-2.34921E-05,0.000691857
0.019303,1.1014,0.67,5.6833,-0.27884,-0.022829,0.6144,0.017781,0.00020252,-0.00033445,0.0016544,-0.00048926,0.019172,0.132168,0.0804,0.681996,0.000696838,-0.0529796,-0.00433751,0.116736,0.000641894,7.31097E-06,-1.20736E-05,5.97238E-05,-1.76623E-05,0.000692109
0.019569,1.1096,0.67,5.6833,-0.27593,-0.024699,0.60418,0.018341,0.00023623,-9.91E-05,0.0017399,-0.00033951,0.019057,0.133152,0.0804,0.681996,0.000706441,-0.0524267,-0.00469281,0.1147942,0.00066211,8.5279E-06,-3.57885E-06,6.28104E-05,-1.22563E-05,0.000687958
0.019676,1.1179,0.67,5.6833,-0.27289,-0.026379,0.59531,0.018648,0.00023779,8.17E-05,0.001765,-0.00018054,0.018939,0.134148,0.0804,0.681996,0.000710304,-0.0518491,-0.00501201,0.1131089,0.000673193,8.58422E-06,2.94775E-06,6.37165E-05,-6.51749E-06,0.000683698
0.019859,1.1262,0.67,5.6833,-0.26941,-0.027694,0.58696,0.019023,0.00025114,0.00042966,0.001755,6.86E-06,0.018941,0.135144,0.0804,0.681996,0.00071691,-0.0511879,-0.00526186,0.1115224,0.00068673,9.06615E-06,1.55107E-05,6.33555E-05,2.47549E-07,0.00068377
0.020147,1.1344,0.67,5.6833,-0.26548,-0.029004,0.57893,0.019487,0.0002514,0.00063441,0.0017334,0.00021112,0.019073,0.136128,0.0804,0.681996,0.000727307,-0.0504412,-0.00551076,0.1099967,0.000703481,9.07554E-06,2.29022E-05,6.25757E-05,7.62143E-06,0.000688535
0.020476,1.1427,0.67,5.6833,-0.261,-0.02983,0.57088,0.019879,0.00024578,0.00074807,0.0017217,0.00038837,0.019352,0.137124,0.0804,0.681996,0.000739184,-0.04959,-0.0056677,0.1084672,0.000717632,8.87266E-06,2.70053E-05,6.21534E-05,1.40202E-05,0.000698607
0.021,1.1509,0.67,5.6833,-0.25554,-0.030332,0.56242,0.020359,0.00026718,0.00089166,0.0017118,0.00055291,0.019929,0.138108,0.0804,0.681996,0.0007581,-0.0485526,-0.00576308,0.1068598,0.00073496,9.6452E-06,3.21889E-05,6.1796E-05,1.99601E-05,0.000719437
0.021361,1.1592,0.67,5.6833,-0.24961,-0.031044,0.55436,0.020736,0.0002718,0.00090759,0.0016759,0.00066278,0.020311,0.139104,0.0804,0.681996,0.000771132,-0.0474259,-0.00589836,0.1053284,0.00074857,9.81198E-06,3.2764E-05,6.05E-05,2.39264E-05,0.000733227
0.02157,1.1674,0.67,5.6833,-0.24309,-0.031989,0.54624,0.020907,0.00026296,0.00089464,0.0016375,0.00076001,0.020594,0.140088,0.0804,0.681996,0.000778677,-0.0461871,-0.00607791,0.1037856,0.000754743,9.49286E-06,3.22965E-05,5.91138E-05,2.74364E-05,0.000743443
0.021842,1.1757,0.67,5.6833,-0.23597,-0.033388,0.53904,0.021201,0.00025942,0.00095961,0.001608,0.00084603,0.020875,0.141084,0.0804,0.681996,0.000788496,-0.0448343,-0.00634372,0.1024176,0.000765356,9.36506E-06,3.46419E-05,5.80488E-05,3.05417E-05,0.000753588
0.022025,1.1839,0.67,5.6833,-0.22872,-0.034806,0.53356,0.021587,0.0002284,0.0011165,0.0015863,0.00094448,0.020877,0.142068,0.0804,0.681996,0.000795103,-0.0434568,-0.00661314,0.1013764,0.000779291,8.24524E-06,4.03057E-05,5.72654E-05,3.40957E-05,0.00075366
0.022264,1.1922,0.67,5.6833,-0.22184,-0.036143,0.52976,0.022134,0.0001772,0.0013188,0.001569,0.0010763,0.020825,0.143064,0.0804,0.681996,0.00080373,-0.0421496,-0.00686717,0.1006544,0.000799037,6.39692E-06,4.76087E-05,5.66409E-05,3.88544E-05,0.000751783
0.022503,1.2005,0.67,5.6833,-0.21517,-0.037708,0.52779,0.022756,0.00012064,0.0016416,0.0015616,0.0012188,0.020689,0.14406,0.0804,0.681996,0.000812358,-0.0408823,-0.00716452,0.1002801,0.000821492,4.3551E-06,5.92618E-05,5.63738E-05,4.39987E-05,0.000746873
0.022682,1.2087,0.67,5.6833,-0.20855,-0.039344,0.52682,0.023125,0.00010527,0.0018908,0.0015765,0.0013873,0.020662,0.145044,0.0804,0.681996,0.00081882,-0.0396245,-0.00747536,0.1000958,0.000834813,3.80025E-06,6.82579E-05,5.69117E-05,5.00815E-05,0.000745898
0.022887,1.217,0.67,5.6833,-0.20172,-0.040689,0.52564,0.023295,0.00011253,0.0021832,0.001611,0.0015692,0.020868,0.14604,0.0804,0.681996,0.000826221,-0.0383268,-0.00773091,0.0998716,0.00084095,4.06233E-06,7.88135E-05,5.81571E-05,5.66481E-05,0.000753335
0.022989,1.2252,0.67,5.6833,-0.1942,-0.04182,0.52382,0.02311,0.00011616,0.0022834,0.0016602,0.0017738,0.021209,0.147024,0.0804,0.681996,0.000829903,-0.036898,-0.0079458,0.0995258,0.000834271,4.19338E-06,8.24307E-05,5.99332E-05,6.40342E-05,0.000765645
0.022828,1.2335,0.67,5.6833,-0.18588,-0.042724,0.52094,0.022352,0.00010676,0.0022158,0.0017133,0.0019541,0.021592,0.14802,0.0804,0.681996,0.000824091,-0.0353172,-0.00811756,0.0989786,0.000806907,3.85404E-06,7.99904E-05,6.18501E-05,7.0543E-05,0.000779471
0.022496,1.2417,0.67,5.6833,-0.17644,-0.043566,0.51668,0.021333,6.69E-05,0.002046,0.0017642,0.0020563,0.021894,0.149004,0.0804,0.681996,0.000812106,-0.0335236,-0.00827754,0.0981692,0.000770121,2.41451E-06,7.38606E-05,6.36876E-05,7.42324E-05,0.000790373
0.022118,1.25,0.67,5.6833,-0.16572,-0.044547,0.51157,0.020336,-4.14E-06,0.0018009,0.0018065,0.0020503,0.022093,0.15,0.0804,0.681996,0.00079846,-0.0314868,-0.00846393,0.0971983,0.00073413,-1.49425E-07,6.50125E-05,6.52147E-05,7.40158E-05,0.000797557
0.021703,1.2583,0.67,5.6833,-0.1539,-0.045174,0.50601,0.01931,-0.00010356,0.0014781,0.0018556,0.0019977,0.02224,0.150996,0.0804,0.681996,0.000783478,-0.029241,-0.00858306,0.0961419,0.000697091,-3.73852E-06,5.33594E-05,6.69872E-05,7.2117E-05,0.000802864
0.021558,1.2665,0.67,5.6833,-0.14121,-0.045331,0.50028,0.0185,-0.0002231,0.0012051,0.0019245,0.0019849,0.022691,0.15198,0.0804,0.681996,0.000778244,-0.0268299,-0.00861289,0.0950532,0.00066785,-8.05391E-06,4.35041E-05,6.94745E-05,7.16549E-05,0.000819145
0.021406,1.2748,0.67,5.6833,-0.12748,-0.045101,0.49463,0.017937,-0.00036601,0.00090159,0.0020173,0.0020395,0.022857,0.152976,0.0804,0.681996,0.000772757,-0.0242212,-0.00856919,0.0939797,0.000647526,-1.3213E-05,3.25474E-05,7.28245E-05,7.3626E-05,0.000825138
0.021087,1.283,0.67,5.6833,-0.11298,-0.044781,0.48869,0.017327,-0.0004918,0.00052228,0.0020965,0.0021109,0.022751,0.15396,0.0804,0.681996,0.000761241,-0.0214662,-0.00850839,0.0928511,0.000625505,-1.7754E-05,1.88543E-05,7.56837E-05,7.62035E-05,0.000821311
0.020749,1.2913,0.67,5.6833,-0.098133,-0.044346,0.48289,0.016826,-0.00059499,0.00024776,0.0021159,0.0021411,0.022557,0.154956,0.0804,0.681996,0.000749039,-0.01864527,-0.00842574,0.0917491,0.000607419,-2.14791E-05,8.94414E-06,7.6384E-05,7.72937E-05,0.000814308
0.020365,1.2995,0.67,5.6833,-0.083434,-0.044006,0.47784,0.016559,-0.00068996,-1.68E-05,0.0020693,0.002119,0.022101,0.15594,0.0804,0.681996,0.000735177,-0.01585246,-0.00836114,0.0907896,0.00059778,-2.49076E-05,-6.06769E-07,7.47017E-05,7.64959E-05,0.000797846
0.019872,1.3078,0.67,5.6833,-0.068912,-0.043795,0.47305,0.01623,-0.00075528,-0.00018752,0.0019731,0.0020202,0.021541,0.156936,0.0804,0.681996,0.000717379,-0.01309328,-0.00832105,0.0898795,0.000585903,-2.72656E-05,-6.76947E-06,7.12289E-05,7.29292E-05,0.00077763
0.019199,1.316,0.67,5.6833,-0.05394,-0.043623,0.46842,0.015612,-0.00077101,-0.00033244,0.0018426,0.0018834,0.020943,0.15792,0.0804,0.681996,0.000693084,-0.0102486,-0.00828837,0.0889998,0.000563593,-2.78335E-05,-1.20011E-05,6.65179E-05,6.79907E-05,0.000756042
0.018428,1.3243,0.67,5.6833,-0.038828,-0.043335,0.46398,0.014894,-0.00076004,-0.00055591,0.0016948,0.0016825,0.020266,0.158916,0.0804,0.681996,0.000665251,-0.00737732,-0.00823365,0.0881562,0.000537673,-2.74374E-05,-2.00684E-05,6.11823E-05,6.07383E-05,0.000731603
0.01781,1.3326,0.67,5.6833,-0.024313,-0.042793,0.45995,0.014483,-0.00072819,-0.00080211,0.0015464,0.0015091,0.019591,0.159912,0.0804,0.681996,0.000642941,-0.00461947,-0.00813067,0.0873905,0.000522836,-2.62877E-05,-2.89562E-05,5.5825E-05,5.44785E-05,0.000707235
0.01709,1.3408,0.67,5.6833,-0.010378,-0.042715,0.4571,0.014145,-0.00073125,-0.00092773,0.0014123,0.0013605,0.018622,0.160896,0.0804,0.681996,0.000616949,-0.00197182,-0.00811585,0.086849,0.000510635,-2.63981E-05,-3.34911E-05,5.0984E-05,4.91141E-05,0.000672254
0.016215,1.3491,0.67,5.6833,0.0035027,-0.042367,0.45498,0.013501,-0.00069596,-0.0010551,0.00128,0.0011891,0.01765,0.161892,0.0804,0.681996,0.000585362,0.000665513,-0.00804973,0.0864462,0.000487386,-2.51242E-05,-3.80891E-05,0.000046208,4.29265E-05,0.000637165
0.015357,1.3573,0.67,5.6833,0.01815,-0.042362,0.45405,0.012752,-0.00060489,-0.0010819,0.001164,0.0011084,0.016797,0.162876,0.0804,0.681996,0.000554388,0.0034485,-0.00804878,0.0862695,0.000460347,-2.18365E-05,-3.90566E-05,4.20204E-05,4.00132E-05,0.000606372
0.014513,1.3656,0.67,5.6833,0.032935,-0.042154,0.45476,0.012138,-0.00058589,-0.0013774,0.00108,0.0009553,0.015808,0.163872,0.0804,0.681996,0.000523919,0.00625765,-0.00800926,0.0864044,0.000438182,-2.11506E-05,-4.97241E-05,0.000038988,3.44863E-05,0.000570669
0.01394,1.3738,0.67,5.6833,0.046877,-0.041508,0.45715,0.011851,-0.00051302,-0.0015784,0.0010088,0.00085017,0.015021,0.164856,0.0804,0.681996,0.000503234,0.00890663,-0.00788652,0.0868585,0.000427821,-1.852E-05,-5.69802E-05,3.64177E-05,3.06911E-05,0.000542258
0.013128,1.3821,0.67,5.6833,0.060149,-0.041316,0.46086,0.011416,-0.00046549,-0.0015483,0.00095561,0.0007494,0.013883,0.165852,0.0804,0.681996,0.000473921,0.01142831,-0.00785004,0.0875634,0.000412118,-1.68042E-05,-5.58936E-05,3.44975E-05,2.70533E-05,0.000501176
0.012447,1.3903,0.67,5.6833,0.072637,-0.040786,0.4646,0.010741,-0.00043842,-0.0015894,0.00092011,0.00068989,0.013233,0.166836,0.0804,0.681996,0.000449337,0.01380103,-0.00774934,0.088274,0.00038775,-1.5827E-05,-5.73773E-05,3.3216E-05,2.4905E-05,0.000477711
0.011857,1.3986,0.67,5.6833,0.085441,-0.040774,0.47132,0.010347,-0.00041501,-0.0014634,0.00092504,0.00067989,0.012442,0.167832,0.0804,0.681996,0.000428038,0.01623379,-0.00774706,0.0895508,0.000373527,-1.49819E-05,-5.28287E-05,3.33939E-05,2.4544E-05,0.000449156
0.0111,1.4069,0.67,5.6833,0.098247,-0.040467,0.47958,0.0097414,-0.00040177,-0.0015375,0.00095459,0.00061305,0.011504,0.168828,0.0804,0.681996,0.00040071,0.01866693,-0.00768873,0.0911202,0.000351665,-1.45039E-05,-5.55038E-05,3.44607E-05,2.21311E-05,0.000415294
0.010558,1.4151,0.67,5.6833,0.11015,-0.039985,0.48773,0.0092311,-0.00030852,-0.001547,0.0010177,0.00062055,0.010866,0.169812,0.0804,0.681996,0.000381144,0.0209285,-0.00759715,0.0926687,0.000333243,-1.11376E-05,-5.58467E-05,3.6739E-05,2.24019E-05,0.000392263
0.0099503,1.4234,0.67,5.6833,0.12151,-0.039289,0.4972,0.0087508,-0.00037275,-0.0015539,0.0011122,0.00054799,0.010038,0.170808,0.0804,0.681996,0.000359206,0.0230869,-0.00746491,0.094468,0.000315904,-1.34563E-05,-5.60958E-05,4.01504E-05,1.97824E-05,0.000362372
0.0096774,1.4316,0.67,5.6833,0.1328,-0.038249,0.50685,0.0084037,-0.00038054,-0.001703,0.0011997,0.00047562,0.0097514,0.171792,0.0804,0.681996,0.000349354,0.025232,-0.00726731,0.0963015,0.000303374,-1.37375E-05,-6.14783E-05,4.33092E-05,1.71699E-05,0.000352026
0.0094501,1.4399,0.67,5.6833,0.14401,-0.037736,0.51791,0.0084544,-0.00030628,-0.0019006,0.001319,0.0004765,0.0091267,0.172788,0.0804,0.681996,0.000341149,0.0273619,-0.00716984,0.0984029,0.000305204,-1.10567E-05,-6.86117E-05,4.76159E-05,1.72017E-05,0.000329474
0.0087358,1.4481,0.67,5.6833,0.15434,-0.036619,0.5293,0.0077243,-0.0003418,-0.001833,0.0014579,0.0004417,0.0082893,0.173772,0.0804,0.681996,0.000315362,0.0293246,-0.00695761,0.100567,0.000278847,-1.2339E-05,-6.61713E-05,5.26302E-05,1.59454E-05,0.000299244
0.0084042,1.4564,0.67,5.6833,0.16394,-0.035582,0.54118,0.007109,-0.00035281,-0.0019192,0.0015651,0.0004087,0.0081342,0.174768,0.0804,0.681996,0.000303392,0.0311486,-0.00676058,0.1028242,0.000256635,-1.27364E-05,-6.92831E-05,5.65001E-05,1.47541E-05,0.000293645
0.0080314,1.4647,0.67,5.6833,0.17307,-0.035214,0.55465,0.0069496,-0.00037606,-0.0019063,0.0016785,0.00042349,0.0074346,0.175764,0.0804,0.681996,0.000289934,0.0328833,-0.00669066,0.1053835,0.000250881,-1.35758E-05,-6.88174E-05,6.05939E-05,1.5288E-05,0.000268389
0.007667,1.4729,0.67,5.6833,0.1817,-0.034954,0.5682,0.0065279,-0.0003914,-0.001866,0.0017769,0.0004114,0.0070293,0.176748,0.0804,0.681996,0.000276779,0.034523,-0.00664126,0.107958,0.000235657,-1.41295E-05,-6.73626E-05,6.41461E-05,1.48515E-05,0.000253758
0.0073742,1.4812,0.67,5.6833,0.18941,-0.035077,0.58232,0.0063258,-0.00038582,-0.0019917,0.0018262,0.00036564,0.0065964,0.177744,0.0804,0.681996,0.000266209,0.0359879,-0.00666463,0.1106408,0.000228361,-1.39281E-05,-7.19004E-05,6.59258E-05,1.31996E-05,0.00023813
0.0069283,1.4894,0.67,5.6833,0.1971,-0.035493,0.59679,0.0060175,-0.00039268,-0.001838,0.0018295,0.00028434,0.0060095,0.178728,0.0804,0.681996,0.000250112,0.037449,-0.00674367,0.1133901,0.000217232,-1.41757E-05,-6.63518E-05,6.6045E-05,1.02647E-05,0.000216943
0.0065938,1.4977,0.67,5.6833,0.20473,-0.036155,0.61167,0.0056361,-0.00039731,-0.0018831,0.0017896,0.00016882,0.005762,0.179724,0.0804,0.681996,0.000238036,0.0388987,-0.00686945,0.1162173,0.000203463,-1.43429E-05,-6.79799E-05,6.46046E-05,6.0944E-06,0.000208008
0.0061356,1.5059,0.67,5.6833,0.21188,-0.036725,0.62678,0.0052729,-0.00039982,-0.0017926,0.0017419,5.04E-05,0.0052565,0.180708,0.0804,0.681996,0.000221495,0.0402572,-0.00697775,0.1190882,0.000190352,-1.44335E-05,-6.47129E-05,6.28826E-05,1.81839E-06,0.00018976
0.0057548,1.5142,0.67,5.6833,0.21879,-0.036883,0.64169,0.0048482,-0.0004081,-0.0016143,0.0017093,-5.05E-05,0.004952,0.181704,0.0804,0.681996,0.000207748,0.0415701,-0.00700777,0.1219211,0.00017502,-1.47324E-05,-5.82762E-05,6.17057E-05,-1.82222E-06,0.000178767
0.0054553,1.5224,0.67,5.6833,0.22438,-0.036942,0.65621,0.0045872,-0.00040476,-0.0014814,0.001687,-0.00012621,0.0046364,0.182688,0.0804,0.681996,0.000196936,0.0426322,-0.00701898,0.1246799,0.000165598,-1.46118E-05,-5.34785E-05,6.09007E-05,-4.55618E-06,0.000167374
0.0051906,1.5307,0.67,5.6833,0.22895,-0.037315,0.67004,0.0043091,-0.0003858,-0.0013397,0.0016663,-0.00019494,0.0044059,0.183684,0.0804,0.681996,0.000187381,0.0435005,-0.00708985,0.1273076,0.000155559,-1.39274E-05,-4.83632E-05,6.01534E-05,-7.03733E-06,0.000159053
0.0049867,1.539,0.67,5.6833,0.23365,-0.037972,0.68338,0.0040379,-0.00038005,-0.0012936,0.0016466,-0.00029321,0.004289,0.18468,0.0804,0.681996,0.00018002,0.0443935,-0.00721468,0.1298422,0.000145768,-1.37198E-05,-4.6699E-05,5.94423E-05,-1.05849E-05,0.000154833
0.0048205,1.5472,0.67,5.6833,0.23853,-0.038437,0.69652,0.0037908,-0.00038177,-0.0012184,0.0016139,-0.00044322,0.0042362,0.185664,0.0804,0.681996,0.00017402,0.0453207,-0.00730303,0.1323388,0.000136848,-1.37819E-05,-4.39842E-05,5.82618E-05,-1.60002E-05,0.000152927
0.0046755,1.5555,0.67,5.6833,0.24234,-0.038387,0.70981,0.0035777,-0.00037454,-0.0011135,0.0015759,-0.00062816,0.0041973,0.18666,0.0804,0.681996,0.000168786,0.0460446,-0.00729353,0.1348639,0.000129155,-1.35209E-05,-4.01974E-05,5.689E-05,-2.26766E-05,0.000151523
0.0045829,1.5637,0.67,5.6833,0.24524,-0.037615,0.72334,0.0034391,-0.00037271,-0.0010147,0.001551,-0.00079721,0.0041757,0.187644,0.0804,0.681996,0.000165443,0.0465956,-0.00714685,0.1374346,0.000124152,-1.34548E-05,-3.66307E-05,5.59911E-05,-2.87793E-05,0.000150743
0.0044869,1.572,0.67,5.6833,0.249,-0.036031,0.73768,0.0033321,-0.00038138,-0.00090629,0.001545,-0.00090869,0.0040968,0.18864,0.0804,0.681996,0.000161977,0.04731,-0.00684589,0.1401592,0.000120289,-1.37678E-05,-3.27171E-05,5.57745E-05,-3.28037E-05,0.000147894
0.0044198,1.5802,0.67,5.6833,0.25309,-0.03395,0.75238,0.0032583,-0.00040752,-0.00077542,0.0015525,-0.00096652,0.0040288,0.189624,0.0804,0.681996,0.000159555,0.0480871,-0.0064505,0.1429522,0.000117625,-1.47115E-05,-2.79927E-05,5.60453E-05,-3.48914E-05,0.00014544
0.0043242,1.5885,0.67,5.6833,0.25602,-0.031882,0.76664,0.0031939,-0.00044072,-0.00060246,0.0015585,-0.00099948,0.003896,0.19062,0.0804,0.681996,0.000156104,0.0486438,-0.00605758,0.1456616,0.0001153,-1.591E-05,-2.17488E-05,5.62619E-05,-3.60812E-05,0.000140646
0.0041797,1.5968,0.67,5.6833,0.25842,-0.030295,0.78018,0.0031011,-0.00045732,-0.00044779,0.001553,-0.0010049,0.0037052,0.191616,0.0804,0.681996,0.000150887,0.0490998,-0.00575605,0.1482342,0.00011195,-1.65093E-05,-1.61652E-05,5.60633E-05,-3.62769E-05,0.000133758
0.0039832,1.605,0.67,5.6833,0.26064,-0.029147,0.79275,0.0030128,-0.00046245,-0.00031807,0.0015213,-0.0009784,0.0034323,0.1926,0.0804,0.681996,0.000143794,0.0495216,-0.00553793,0.1506225,0.000108762,-1.66944E-05,-1.14823E-05,5.49189E-05,-3.53202E-05,0.000123906
0.0037972,1.6133,0.67,5.6833,0.26199,-0.028252,0.80396,0.0029651,-0.00046404,-0.00020935,0.0014464,-0.00092947,0.0031828,0.193596,0.0804,0.681996,0.000137079,0.0497781,-0.00536788,0.1527524,0.00010704,-1.67518E-05,-7.55754E-06,5.2215E-05,-3.35539E-05,0.000114899
0.0036071,1.6215,0.67,5.6833,0.26242,-0.027562,0.81368,0.0029232,-0.00046607,-0.00013587,0.0013466,-0.0008698,0.0029443,0.19458,0.0804,0.681996,0.000130216,0.0498598,-0.00523678,0.1545992,0.000105528,-1.68251E-05,-4.90491E-06,4.86123E-05,-3.13998E-05,0.000106289
0.0034117,1.6298,0.67,5.6833,0.26208,-0.026934,0.8221,0.0028021,-0.00047496,-8.89E-05,0.0012583,-0.00081836,0.002763,0.195576,0.0804,0.681996,0.000123162,0.0497952,-0.00511746,0.156199,0.000101156,-1.71461E-05,-3.2077E-06,4.54246E-05,-2.95428E-05,9.97443E-05
0.0032247,1.638,0.67,5.6833,0.26119,-0.026064,0.82941,0.0026524,-0.00049678,-5.67E-05,0.0012054,-0.00077291,0.0025915,0.19656,0.0804,0.681996,0.000116412,0.0496261,-0.00495216,0.1575879,9.57516E-05,-1.79338E-05,-2.04568E-06,4.35149E-05,-2.79021E-05,9.35532E-05
0.0030777,1.6463,0.67,5.6833,0.26013,-0.024832,0.83582,0.0025714,-0.00051249,-4.05E-05,0.0011804,-0.00070913,0.0024038,0.197556,0.0804,0.681996,0.000111105,0.0494247,-0.00471808,0.1588058,9.28275E-05,-1.85009E-05,-1.46133E-06,4.26124E-05,-2.55996E-05,8.67772E-05
0.0029485,1.6545,0.67,5.6833,0.25869,-0.023386,0.84176,0.0025189,-0.00050311,-4.22E-05,0.0011795,-0.00061948,0.0021987,0.19854,0.0804,0.681996,0.000106441,0.0491511,-0.00444334,0.1599344,9.09323E-05,-1.81623E-05,-1.52346E-06,4.258E-05,-2.23632E-05,7.93731E-05
0.0027877,1.6628,0.67,5.6833,0.25652,-0.02185,0.84707,0.0024107,-0.00047217,-8.18E-05,0.0012124,-0.0005013,0.0019523,0.199536,0.0804,0.681996,0.000100636,0.0487388,-0.0041515,0.1609433,8.70263E-05,-1.70453E-05,-2.95316E-06,4.37676E-05,-1.80969E-05,7.0478E-05
0.0025893,1.6711,0.67,5.6833,0.25384,-0.02007,0.85189,0.0022725,-0.00043105,-0.00014239,0.001261,-0.00035706,0.0016451,0.200532,0.0804,0.681996,9.34737E-05,0.0482296,-0.0038133,0.1618591,8.20373E-05,-1.55609E-05,-5.14028E-06,4.55221E-05,-1.28899E-05,5.93881E-05
0.0024271,1.6793,0.67,5.6833,0.25094,-0.017875,0.85693,0.0021747,-0.00038629,-0.00021388,0.00129,-0.00022255,0.0013895,0.201516,0.0804,0.681996,8.76183E-05,0.0476786,-0.00339625,0.1628167,7.85067E-05,-1.39451E-05,-7.72107E-06,0.000046569,-8.03406E-06,5.0161E-05
0.0023304,1.6876,0.67,5.6833,0.24799,-0.015273,0.86253,0.0021479,-0.00034359,-0.00027281,0.0012762,-0.000139,0.0012367,0.202512,0.0804,0.681996,8.41274E-05,0.0471181,-0.00290187,0.1638807,7.75392E-05,-1.24036E-05,-9.84844E-06,4.60708E-05,-5.0179E-06,4.46449E-05
0.0022582,1.6958,0.67,5.6833,0.24505,-0.012495,0.86944,0.0021454,-0.00031538,-0.00030684,0.0012156,-0.00011017,0.0011554,0.203496,0.0804,0.681996,8.1521E-05,0.0465595,-0.00237405,0.1651936,7.74489E-05,-1.13852E-05,-1.10769E-05,4.38832E-05,-3.97714E-06,4.17099E-05
0.0022114,1.7041,0.67,5.6833,0.24206,-0.01011,0.87773,0.0021543,-0.00030526,-0.00029872,0.0011332,-0.00012065,0.0011353,0.204492,0.0804,0.681996,7.98315E-05,0.0459914,-0.0019209,0.1667687,7.77702E-05,-1.10199E-05,-1.07838E-05,4.09085E-05,-4.35547E-06,4.09843E-05
0.002191,1.7123,0.67,5.6833,0.2388,-0.0085409,0.88577,0.0021949,-0.00031519,-0.00026496,0.0010611,-0.00015256,0.001126,0.205476,0.0804,0.681996,7.90951E-05,0.045372,-0.001622771,0.1682963,7.92359E-05,-1.13784E-05,-9.56506E-06,3.83057E-05,-5.50742E-06,4.06486E-05
0.0021945,1.7206,0.67,5.6833,0.2354,-0.0074595,0.89298,0.0022228,-0.0003379,-0.00024168,0.0010194,-0.00016273,0.0011467,0.206472,0.0804,0.681996,7.92215E-05,0.044726,-0.001417305,0.1696662,8.02431E-05,-1.21982E-05,-8.72465E-06,3.68003E-05,-5.87455E-06,4.13959E-05
0.0022261,1.7289,0.67,5.6833,0.23226,-0.0062957,0.90015,0.002203,-0.0003625,-0.00021231,0.0010238,-0.00013214,0.0012253,0.207468,0.0804,0.681996,8.03622E-05,0.0441294,-0.001196183,0.1710285,7.95283E-05,-1.30863E-05,-7.66439E-06,3.69592E-05,-4.77025E-06,4.42333E-05
0.0023107,1.7371,0.67,5.6833,0.22922,-0.0049729,0.90696,0.0022127,-0.00040331,-0.00013721,0.0010592,-0.00011179,0.0013496,0.208452,0.0804,0.681996,8.34163E-05,0.0435518,-0.000944851,0.1723224,7.98785E-05,-1.45595E-05,-4.95328E-06,3.82371E-05,-4.03562E-06,4.87206E-05
0.002449,1.7454,0.67,5.6833,0.22591,-0.0036916,0.91214,0.0022965,-0.00045864,4.01E-06,0.0010956,-0.00013334,0.001506,0.209448,0.0804,0.681996,8.84089E-05,0.0429229,-0.000701404,0.1733066,8.29037E-05,-1.65569E-05,1.44591E-07,3.95512E-05,-4.81357E-06,5.43666E-05
0.002588,1.7536,0.67,5.6833,0.22264,-0.0026618,0.91606,0.0023845,-0.00050663,0.00017904,0.0011288,-0.00015033,0.0016628,0.210432,0.0804,0.681996,9.34268E-05,0.0423016,-0.000505742,0.1740514,8.60805E-05,-1.82893E-05,6.46334E-06,4.07497E-05,-5.42691E-06,6.00271E-05
0.002647,1.7619,0.67,5.6833,0.2199,-0.0019644,0.92029,0.0024607,-0.00054504,0.00031301,0.0011597,-0.00011877,0.0016737,0.211428,0.0804,0.681996,9.55567E-05,0.041781,-0.000373236,0.1748551,8.88313E-05,-1.96759E-05,1.12997E-05,4.18652E-05,-4.2876E-06,6.04206E-05
0.0026226,1.7701,0.67,5.6833,0.21783,-0.0014522,0.92621,0.0025665,-0.00057432,0.00037325,0.0012091,-4.72E-05,0.0014695,0.212412,0.0804,0.681996,9.46759E-05,0.0413877,-0.000275918,0.1759799,9.26507E-05,-2.0733E-05,1.34743E-05,4.36485E-05,-1.70435E-06,5.3049E-05
0.0025862,1.7784,0.67,5.6833,0.21615,-0.00064607,0.93278,0.0026663,-0.00059622,0.0003755,0.0012945,2.48E-06,0.0012116,0.213408,0.0804,0.681996,9.33618E-05,0.0410685,-0.000122753,0.1772282,9.62534E-05,-2.15235E-05,1.35556E-05,4.67315E-05,8.93692E-08,4.37388E-05
0.0025834,1.7866,0.67,5.6833,0.21446,0.0011149,0.93894,0.0027062,-0.00062618,0.00035782,0.0013958,3.07E-05,0.0010649,0.214392,0.0804,0.681996,9.32607E-05,0.0407474,0.000211831,0.1783986,9.76938E-05,-2.26051E-05,1.29173E-05,5.03884E-05,1.10686E-06,3.84429E-05
0.0025783,1.7949,0.67,5.6833,0.21246,0.0037338,0.94451,0.0026909,-0.00066716,0.00031458,0.0014859,5.42E-05,0.00097978,0.215388,0.0804,0.681996,9.30766E-05,0.0403674,0.000709422,0.1794569,9.71415E-05,-2.40845E-05,1.13563E-05,5.3641E-05,1.95676E-06,3.53701E-05
0.0025544,1.8032,0.67,5.6833,0.21006,0.006139,0.94991,0.0026531,-0.00070082,0.00024696,0.0015693,6.75E-05,0.00088636,0.216384,0.0804,0.681996,9.22138E-05,0.0399114,0.00116641,0.1804829,9.57769E-05,-2.52996E-05,8.91526E-06,5.66517E-05,2.43726E-06,3.19976E-05
0.0025258,1.8114,0.67,5.6833,0.2074,0.0073665,0.95509,0.0026218,-0.00071799,0.00018035,0.0016343,6.96E-05,0.00079553,0.217368,0.0804,0.681996,9.11814E-05,0.039406,0.001399635,0.1814671,9.4647E-05,-2.59194E-05,6.51064E-06,5.89982E-05,2.51429E-06,2.87186E-05
0.0024946,1.8197,0.67,5.6833,0.20471,0.0071707,0.9599,0.0026001,-0.00072377,0.00012175,0.0016521,3.90E-05,0.00073701,0.218364,0.0804,0.681996,9.00551E-05,0.0388949,0.001362433,0.182381,9.38636E-05,-2.61281E-05,4.39518E-06,5.96408E-05,1.40772E-06,2.66061E-05
0.0024642,1.8279,0.67,5.6833,0.20214,0.0058102,0.96486,0.0025691,-0.00072559,7.56E-05,0.0016325,1.72E-06,0.00072678,0.219348,0.0804,0.681996,8.89576E-05,0.0384066,0.001103938,0.1833234,9.27445E-05,-2.61938E-05,2.73075E-06,5.89333E-05,6.19151E-08,2.62368E-05
0.0024594,1.8362,0.67,5.6833,0.19962,0.0040532,0.97026,0.0025172,-0.00071545,6.03E-05,0.0015999,-3.96E-05,0.00080176,0.220344,0.0804,0.681996,8.87843E-05,0.0379278,0.000770108,0.1843494,9.08709E-05,-2.58277E-05,2.17856E-06,5.77564E-05,-1.43064E-06,2.89435E-05
0.0024643,1.8446,0.67,5.6833,0.19693,0.0026659,0.97587,0.0024469,-0.00069904,7.93E-05,0.0015784,-7.27E-05,0.00090324,0.221352,0.0804,0.681996,8.89612E-05,0.0374167,0.000506521,0.1854153,8.83331E-05,-2.52353E-05,2.86385E-06,5.69802E-05,-2.6231E-06,3.2607E-05
0.002463,1.8534,0.67,5.6833,0.19394,0.0022581,0.9817,0.0023565,-0.00068916,0.00015901,0.0015814,-0.00013636,0.00098818,0.222408,0.0804,0.681996,8.89143E-05,0.0368486,0.000429039,0.186523,8.50697E-05,-2.48787E-05,5.74026E-06,5.70885E-05,-4.9226E-06,3.56733E-05
0.0024506,1.8626,0.67,5.6833,0.19062,0.0031262,0.9875,0.0022425,-0.00067999,0.00029664,0.0015754,-0.00025069,0.0010834,0.223512,0.0804,0.681996,8.84667E-05,0.0362178,0.000593978,0.187625,8.09543E-05,-2.45476E-05,1.07087E-05,5.68719E-05,-9.04991E-06,3.91107E-05
0.0024531,1.8723,0.67,5.6833,0.18705,0.0047255,0.99266,0.0021188,-0.00066018,0.00044203,0.0015741,-0.00037925,0.0012134,0.224676,0.0804,0.681996,8.85569E-05,0.0355395,0.000897845,0.1886054,7.64887E-05,-2.38325E-05,1.59573E-05,5.6825E-05,-1.36909E-05,4.38037E-05
0.0025008,1.8824,0.67,5.6833,0.18341,0.0061998,0.99734,0.0020017,-0.00062316,0.00057115,0.0015869,-0.00053155,0.001413,0.225888,0.0804,0.681996,9.02789E-05,0.0348479,0.001177962,0.1894946,7.22614E-05,-2.24961E-05,2.06185E-05,5.72871E-05,-1.9189E-05,5.10093E-05
0.0025295,1.8931,0.67,5.6833,0.1797,0.0077712,1.0014,0.0018934,-0.00057581,0.0006547,0.0015719,-0.00067363,0.0015937,0.227172,0.0804,0.681996,9.1315E-05,0.034143,0.001476528,0.190266,6.83517E-05,-2.07867E-05,2.36347E-05,5.67456E-05,-2.4318E-05,5.75326E-05
0.0025127,1.9042,0.67,5.6833,0.17581,0.008495,1.0048,0.0017921,-0.0005592,0.00059089,0.0015446,-0.00077821,0.0016886,0.228504,0.0804,0.681996,9.07085E-05,0.0334039,0.00161405,0.190912,6.46948E-05,-2.01871E-05,2.13311E-05,5.57601E-05,-2.80934E-05,6.09585E-05
0.0025218,1.9159,0.67,5.6833,0.17169,0.0083177,1.0084,0.001724,-0.00060858,0.0004564,0.0015719,-0.00076656,0.0017476,0.229908,0.0804,0.681996,9.1037E-05,0.0326211,0.001580363,0.191596,6.22364E-05,-2.19697E-05,1.6476E-05,5.67456E-05,-2.76728E-05,6.30884E-05
0.0025903,1.9282,0.67,5.6833,0.16729,0.0085903,1.0139,0.001727,-0.00066382,0.00030759,0.0016472,-0.00077661,0.0018064,0.231384,0.0804,0.681996,9.35098E-05,0.0317851,0.001632157,0.192641,6.23447E-05,-2.39639E-05,1.1104E-05,5.94639E-05,-2.80356E-05,6.5211E-05
0.0027143,1.941,0.67,5.6833,0.16242,0.009681,1.0179,0.001786,-0.00069039,0.00026765,0.0016449,-0.00080683,0.0019977,0.23292,0.0804,0.681996,9.79862E-05,0.0308598,0.00183939,0.193401,6.44746E-05,-2.49231E-05,9.66217E-06,5.93809E-05,-2.91266E-05,7.2117E-05
0.0028568,1.9545,0.67,5.6833,0.15732,0.0092769,1.0192,0.0018493,-0.00066282,0.00032766,0.0015569,-0.00078678,0.0023074,0.23454,0.0804,0.681996,0.00010313,0.0298908,0.001762611,0.193648,6.67597E-05,-2.39278E-05,1.18285E-05,5.62041E-05,-2.84028E-05,8.32971E-05
0.0028593,1.9686,0.67,5.6833,0.15229,0.0088599,1.0195,0.0018712,-0.00052137,0.00018749,0.0014665,-0.00079572,0.0023809,0.236232,0.0804,0.681996,0.000103221,0.0289351,0.001683381,0.193705,6.75503E-05,-1.88215E-05,6.76839E-06,5.29407E-05,-2.87255E-05,8.59505E-05
0.0027527,1.9833,0.67,5.6833,0.14708,0.0090874,1.0249,0.0018462,-0.00028199,0.00010425,0.0012456,-0.0007106,0.0024136,0.237996,0.0804,0.681996,9.93725E-05,0.0279452,0.001726606,0.194731,6.66478E-05,-1.01798E-05,3.76343E-06,4.49662E-05,-2.56527E-05,8.7131E-05
0.002551,1.9988,0.67,5.6833,0.14141,0.011745,1.027,0.0017986,-7.12E-05,-2.26E-05,0.0012056,-0.00059369,0.0020977,0.239856,0.0804,0.681996,9.20911E-05,0.0268679,0.00223155,0.19513,6.49295E-05,-2.57064E-06,-8.16582E-07,4.35222E-05,-2.14322E-05,7.5727E-05
0.0025047,2.0149,0.67,5.6833,0.13613,0.012571,1.0271,0.0017172,3.76E-05,-6.34E-05,0.0012736,-0.00058578,0.0020186,0.241788,0.0804,0.681996,9.04197E-05,0.0258647,0.00238849,0.195149,6.19909E-05,1.35787E-06,-2.28816E-06,4.5977E-05,-2.11467E-05,7.28715E-05
0.0026118,2.0319,0.67,5.6833,0.13135,0.012736,1.0239,0.0015803,7.15E-05,-0.00013147,0.0013394,-0.00043629,0.0023039,0.243828,0.0804,0.681996,9.4286E-05,0.0249565,0.00241984,0.194541,5.70488E-05,2.58147E-06,-4.74607E-06,4.83523E-05,-1.57501E-05,8.31708E-05
0.0025019,2.0496,0.67,5.6833,0.12628,0.0086876,1.019,0.001443,6.72E-05,-0.00012418,0.0011189,-0.00017507,0.0024419,0.245952,0.0804,0.681996,9.03186E-05,0.0239932,0.001650644,0.19361,5.20923E-05,2.42516E-06,-4.4829E-06,4.03923E-05,-6.32003E-06,8.81526E-05
0.0029306,2.0681,0.67,5.6833,0.12047,0.0049011,1.0177,0.0014397,7.42E-05,0.00035162,0.00083641,0.00015951,0.0035851,0.248172,0.0804,0.681996,0.000105795,0.0228893,0.000931209,0.193363,5.19732E-05,2.6792E-06,1.26935E-05,3.01944E-05,5.75831E-06,0.000129422
0.0036693,2.0875,0.67,5.6833,0.11379,0.0044992,1.0082,0.0016062,-2.17E-05,0.00083678,0.00080494,6.86E-05,0.0049274,0.2505,0.0804,0.681996,0.000132462,0.0216201,0.000854848,0.191558,5.79838E-05,-7.83406E-07,3.02078E-05,2.90583E-05,2.47668E-06,0.000177879
0.0044234,2.1078,0.67,5.6833,0.1069,0.0038363,1.0031,0.0018584,-0.00019382,0.0015704,0.00068878,-0.00024611,0.0062997,0.252936,0.0804,0.681996,0.000159685,0.020311,0.000728897,0.190589,6.70882E-05,-6.9969E-06,5.66914E-05,2.4865E-05,-8.88457E-06,0.000227419
0.0050896,2.129,0.67,5.6833,0.10045,0.010691,1.0005,0.0021032,-0.00028372,0.0022898,0.00072739,-0.00028883,0.0073486,0.25548,0.0804,0.681996,0.000183735,0.0190855,0.00203129,0.190095,7.59255E-05,-1.02423E-05,8.26618E-05,2.62588E-05,-1.04268E-05,0.000265284
0.0048273,2.1511,0.67,5.6833,0.095946,0.016235,0.99346,0.0022037,-0.00013785,0.0022541,0.00086762,-4.61E-05,0.0065833,0.258132,0.0804,0.681996,0.000174266,0.01822974,0.00308465,0.1887574,7.95536E-05,-4.97639E-06,8.1373E-05,3.13211E-05,-1.66269E-06,0.000237657
0.003964,2.1743,0.67,5.6833,0.092916,0.019496,0.99528,0.0021208,6.74E-05,0.0017784,0.0010131,0.00014859,0.0047941,0.260916,0.0804,0.681996,0.0001431,0.01765404,0.00370424,0.1891032,7.65609E-05,2.43419E-06,6.42002E-05,3.65729E-05,5.3641E-06,0.000173067
0.0036008,2.1984,0.67,5.6833,0.087275,0.021586,1.0001,0.0019201,0.00011759,0.0016771,0.0010004,1.84E-05,0.004281,0.263808,0.0804,0.681996,0.000129989,0.01658225,0.00410134,0.190019,6.93156E-05,4.245E-06,6.05433E-05,3.61144E-05,6.65106E-07,0.000154544
0.0039173,2.2237,0.67,5.6833,0.079158,0.025619,0.98116,0.0017341,0.00037904,0.0016739,0.0016067,0.00063321,0.0044938,0.266844,0.0804,0.681996,0.000141415,0.01504002,0.00486761,0.1864204,6.2601E-05,1.36833E-05,6.04278E-05,5.80019E-05,2.28589E-05,0.000162226
0.0049707,2.2501,0.67,5.6833,0.071738,0.032285,0.96049,0.0018092,0.00061781,0.0015619,0.0022104,0.001311,0.0059219,0.270012,0.0804,0.681996,0.000179442,0.01363022,0.00613415,0.1824931,6.53121E-05,2.23029E-05,5.63846E-05,7.97954E-05,4.73271E-05,0.000213781
0.00509,2.2776,0.67,5.6833,0.064297,0.034787,0.95521,0.0020459,0.00050172,0.0015537,0.0019679,0.00070738,0.0061663,0.273312,0.0804,0.681996,0.000183749,0.01221643,0.00660953,0.1814899,7.3857E-05,1.81121E-05,5.60886E-05,7.10412E-05,2.55364E-05,0.000222603
0.0049761,2.3063,0.67,5.6833,0.056672,0.038189,0.94198,0.0022155,0.00029206,0.0012687,0.0017018,-0.00046578,0.0060349,0.276756,0.0804,0.681996,0.000179637,0.01076768,0.00725591,0.1789762,7.99796E-05,1.05434E-05,4.58001E-05,6.1435E-05,-1.68147E-05,0.00021786
0.0059296,2.3362,0.67,5.6833,0.046649,0.049816,0.92786,0.0023784,0.0003853,0.0014663,0.0018573,-0.00054138,0.0076234,0.280344,0.0804,0.681996,0.000214059,0.00886331,0.00946504,0.1762934,8.58602E-05,1.39093E-05,5.29334E-05,6.70485E-05,-1.95438E-05,0.000275205
0.0055895,2.3674,0.67,5.6833,0.03495,0.060115,0.90153,0.0024016,0.00058856,0.0016799,0.0025167,0.00016538,0.0062608,0.284088,0.0804,0.681996,0.000201781,0.0066405,0.01142185,0.1712907,8.66978E-05,2.1247E-05,6.06444E-05,9.08529E-05,5.97022E-06,0.000226015
0.0053926,2.3999,0.67,5.6833,0.025682,0.067149,0.87173,0.0019361,0.0006801,0.0014583,0.0038107,0.00029413,0.0050383,0.287988,0.0804,0.681996,0.000194673,0.00487958,0.01275831,0.1656287,6.98932E-05,2.45516E-05,5.26446E-05,0.000137566,1.06181E-05,0.000181883
0.0051888,2.4338,0.67,5.6833,0.015916,0.075921,0.83531,0.0010971,0.00044166,0.0012498,0.0036634,0.00054387,0.0056171,0.292056,0.0804,0.681996,0.000187316,0.00302404,0.01442499,0.1587089,3.96053E-05,1.59439E-05,4.51178E-05,0.000132249,1.96337E-05,0.000202777
0.0036494,2.4691,0.67,5.6833,0.0064254,0.071474,0.72003,0.00034822,7.23E-05,0.00062311,0.0021328,0.00077417,0.0048179,0.296292,0.0804,0.681996,0.000131743,0.001220826,0.01358006,0.1368057,1.25707E-05,2.60942E-06,2.24943E-05,7.69941E-05,2.79475E-05,0.000173926
0.001388,2.5058,0.67,5.6833,0.0018267,0.03146,0.31686,2.20E-05,1.25E-05,0.00010914,0.00081502,0.00030875,0.0019389,0.300696,0.0804,0.681996,5.01068E-05,0.000347073,0.0059774,0.0602034,7.93695E-07,4.50275E-07,3.93995E-06,2.94222E-05,1.11459E-05,6.99943E-05
8.29E-08,2.544,0.67,5.6833,0.00050661,1.09E-13,6.15E-19,1.66E-07,3.57E-17,-1.87E-22,7.70E-27,-3.97E-32,2.44E-35,0.30528,0.0804,0.681996,2.99096E-09,9.62559E-05,2.07689E-14,1.16894E-19,5.98177E-09,1.28913E-18,-6.7637E-24,2.77818E-28,-1.4331E-33,8.81923E-37
0,2.5837,0.67,5.6833,0,0,0,0,0,0,0,0,0,0.310044,0.0804,0.681996,0,0,0,0,0,0,0,0,0,0
0,2.625,0.67,5.6833,0,0,0,0,0,0,0,0,0,0.315,0.0804,0.681996,0,0,0,0,0,0,0,0,0,0
0,-0.125,0.67,5.6916,0,0,0,0,0,0,0,0,0,-0.015,0.0804,0.682992,0,0,0,0,0,0,0,0,0,0
0,-0.083719,0.67,5.6916,0,0,0,0,0,0,0,0,0,-0.01004628,0.0804,0.682992,0,0,0,0,0,0,0,0,0,0
4.26E-08,-0.044001,0.67,5.6916,-0.00027706,-7.75E-14,2.07E-17,8.52E-08,2.39E-17,-5.81E-21,6.68E-27,-1.63E-30,4.09E-34,-0.00528012,0.0804,0.682992,1.53873E-09,-5.26414E-05,-1.4729E-14,3.92388E-18,3.07749E-09,8.6149E-19,-2.09665E-22,2.41162E-28,-5.87058E-32,1.47566E-35
0.00097959,-0.0058053,0.67,5.6916,-0.0026088,0.025329,0.39736,1.08E-05,-2.58E-05,-3.34E-05,0.00080677,-0.00020295,0.0011417,-0.000696636,0.0804,0.682992,3.53632E-05,-0.000495672,0.00481251,0.0754984,3.88364E-07,-9.30911E-07,-1.20733E-06,2.91244E-05,-7.3265E-06,4.12154E-05
0.0025545,0.030909,0.67,5.6916,-0.01135,0.057316,0.89899,0.00017032,-0.00015142,-0.00019121,0.0020944,-0.00052053,0.0028443,0.00370908,0.0804,0.682992,9.22175E-05,-0.0021565,0.01089004,0.1708081,6.14855E-06,-5.46626E-06,-6.90268E-06,7.56078E-05,-1.87911E-05,0.000102679
0.0026186,0.066184,0.67,5.6916,-0.025245,0.05195,1.0163,0.00043695,-0.00023268,-9.45E-05,0.0018293,-0.00059503,0.002971,0.00794208,0.0804,0.682992,9.45315E-05,-0.00479655,0.0098705,0.193097,1.57739E-05,-8.39975E-06,-3.41264E-06,6.60377E-05,-2.14806E-05,0.000107253
0.0024612,0.10006,0.67,5.6916,-0.040414,0.038375,1.0506,0.00055158,-0.000231,2.26E-05,0.0014655,-0.00070088,0.0029054,0.0120072,0.0804,0.682992,8.88493E-05,-0.00767866,0.00729125,0.199614,1.9912E-05,-8.3391E-06,8.16654E-07,5.29046E-05,-2.53018E-05,0.000104885
0.003029,0.13258,0.67,5.6916,-0.051012,0.031097,1.0683,0.00054788,-0.00015129,-5.39E-05,0.0013807,-0.00088267,0.0041295,0.0159096,0.0804,0.682992,0.000109347,-0.00969228,0.00590843,0.202977,1.97785E-05,-5.46157E-06,-1.94492E-06,4.98433E-05,-3.18644E-05,0.000149075
0.002725,0.16379,0.67,5.6916,-0.053815,0.019792,1.0841,0.00062442,-5.27E-05,-0.0002013,0.00097345,-0.00068963,0.0038521,0.0196548,0.0804,0.682992,9.83725E-05,-0.01022485,0.00376048,0.205979,2.25416E-05,-1.9033E-06,-7.26693E-06,3.51415E-05,-2.48956E-05,0.000139061
0.0025187,0.19372,0.67,5.6916,-0.055368,0.019413,1.0945,0.00082455,7.80E-07,-0.00038512,0.0010861,-0.00063407,0.0031267,0.0232464,0.0804,0.682992,9.09251E-05,-0.01051992,0.00368847,0.207955,2.97663E-05,2.81609E-08,-1.39028E-05,3.92082E-05,-2.28899E-05,0.000112874
0.0034937,0.22242,0.67,5.6916,-0.058562,0.026406,1.0964,0.001134,5.37E-05,-0.0007653,0.0011055,-0.00064288,0.0047479,0.0266904,0.0804,0.682992,0.000126123,-0.01112678,0.00501714,0.208316,4.09374E-05,1.93723E-06,-2.76273E-05,3.99086E-05,-2.3208E-05,0.000171399
0.0030799,0.24993,0.67,5.6916,-0.064221,0.027317,1.1013,0.001331,0.00015421,-0.00085645,0.0010911,-0.00017884,0.0037376,0.0299916,0.0804,0.682992,0.000111184,-0.01220199,0.00519023,0.209247,4.80491E-05,5.56698E-06,-3.09178E-05,3.93887E-05,-6.45612E-06,0.000134927
0.0024408,0.27629,0.67,5.6916,-0.071526,0.026663,1.1029,0.0013205,0.00012309,-0.00084813,0.001367,-0.00030017,0.0021941,0.0331548,0.0804,0.682992,8.81129E-05,-0.01358994,0.00506597,0.209551,4.76701E-05,4.44355E-06,-3.06175E-05,4.93487E-05,-1.08361E-05,7.9207E-05
0.0032438,0.30154,0.67,5.6916,-0.078395,0.022437,1.105,0.0014124,4.67E-05,-0.00097225,0.0018928,-0.0010832,0.0031825,0.0361848,0.0804,0.682992,0.000117101,-0.01489505,0.00426303,0.20995,5.09876E-05,1.68432E-06,-3.50982E-05,6.83301E-05,-3.91035E-05,0.000114888
0.0033821,0.32572,0.67,5.6916,-0.08481,0.016212,1.106,0.001549,0.00010844,-0.00081781,0.0016407,-0.0012593,0.0035743,0.0390864,0.0804,0.682992,0.000122094,-0.0161139,0.00308028,0.21014,5.59189E-05,3.91468E-06,-2.95229E-05,5.92293E-05,-4.54607E-05,0.000129032
0.0026949,0.34887,0.67,5.6916,-0.0898,0.018456,1.1038,0.0015295,8.92E-05,-0.0002784,0.0010896,-0.00063081,0.0027709,0.0418644,0.0804,0.682992,9.72859E-05,-0.017062,0.00350664,0.209722,5.5215E-05,3.219E-06,-1.00502E-05,3.93346E-05,-2.27722E-05,0.000100029
0.0023053,0.37102,0.67,5.6916,-0.094913,0.02632,1.1056,0.0014828,0.00013426,-0.00016945,0.0011276,-0.00044097,0.0020001,0.0445224,0.0804,0.682992,8.32213E-05,-0.01803347,0.0050008,0.210064,5.35291E-05,4.84679E-06,-6.11715E-06,4.07064E-05,-1.5919E-05,7.22036E-05
0.002516,0.39221,0.67,5.6916,-0.10174,0.033905,1.1057,0.0015422,0.00024963,-0.0004657,0.0012159,-0.00078387,0.0022739,0.0470652,0.0804,0.682992,9.08276E-05,-0.0193306,0.00644195,0.210083,5.56734E-05,9.01164E-06,-1.68118E-05,4.3894E-05,-2.82977E-05,8.20878E-05
0.0030237,0.41248,0.67,5.6916,-0.1074,0.037605,1.0967,0.0017472,0.00045445,-0.00071472,0.0013295,-0.0011032,0.0029706,0.0494976,0.0804,0.682992,0.000109156,-0.020406,0.00714495,0.208373,6.30739E-05,1.64056E-05,-2.58014E-05,4.7995E-05,-3.98255E-05,0.000107239
0.0037151,0.43187,0.67,5.6916,-0.11109,0.03946,1.0921,0.0020068,0.0006174,-0.0010017,0.0015482,-0.0013789,0.0038751,0.0518244,0.0804,0.682992,0.000134115,-0.0211071,0.0074974,0.207499,7.24455E-05,2.22881E-05,-3.61614E-05,5.589E-05,-4.97783E-05,0.000139891
0.0040211,0.4504,0.67,5.6916,-0.11559,0.039331,1.0879,0.0021067,0.00052836,-0.00061693,0.0016776,-0.0014848,0.0042579,0.054048,0.0804,0.682992,0.000145162,-0.0219621,0.00747289,0.206701,7.60519E-05,1.90738E-05,-2.22712E-05,6.05614E-05,-5.36013E-05,0.00015371
0.0036752,0.46812,0.67,5.6916,-0.12212,0.036197,1.0904,0.0019631,0.00025321,-0.00029128,0.0015759,-0.0013606,0.0038114,0.0561744,0.0804,0.682992,0.000132675,-0.0232028,0.00687743,0.207176,7.08679E-05,9.14088E-06,-1.05152E-05,5.689E-05,-4.91177E-05,0.000137592
0.0029182,0.48504,0.67,5.6916,-0.12999,0.032243,1.0906,0.0016861,-3.61E-05,-0.00012742,0.0013688,-0.00099591,0.0027816,0.0582048,0.0804,0.682992,0.000105347,-0.0246981,0.00612617,0.207214,6.08682E-05,-1.3027E-06,-4.59986E-06,4.94137E-05,-3.59524E-05,0.000100416
0.0026274,0.50122,0.67,5.6916,-0.13771,0.028592,1.0948,0.0014371,-0.00020333,-0.00015586,0.0012931,-0.00082903,0.0025244,0.0601464,0.0804,0.682992,9.48491E-05,-0.0261649,0.00543248,0.208012,5.18793E-05,-7.34021E-06,-5.62655E-06,4.66809E-05,-2.9928E-05,9.11308E-05
0.0026514,0.51667,0.67,5.6916,-0.14436,0.026253,1.0998,0.001302,-0.00025132,-0.00031029,0.0012947,-0.00062085,0.002706,0.0620004,0.0804,0.682992,9.57155E-05,-0.0274284,0.00498807,0.208962,4.70022E-05,-9.07265E-06,-1.12015E-05,4.67387E-05,-2.24127E-05,9.76866E-05
0.0024673,0.53142,0.67,5.6916,-0.15006,0.022143,1.1026,0.0012877,-0.00017913,-0.00042226,0.0012656,-0.00026589,0.0023813,0.0637704,0.0804,0.682992,8.90695E-05,-0.0285114,0.00420717,0.209494,4.6486E-05,-6.46659E-06,-1.52436E-05,4.56882E-05,-9.59863E-06,8.59649E-05
0.0023472,0.54551,0.67,5.6916,-0.15482,0.017966,1.1026,0.0014173,-0.00010174,-0.00060523,0.0013533,-6.91E-05,0.0019239,0.0654612,0.0804,0.682992,8.47339E-05,-0.0294158,0.00341354,0.209494,5.11645E-05,-3.67281E-06,-2.18488E-05,4.88541E-05,-2.49354E-06,6.94528E-05
0.0024798,0.55896,0.67,5.6916,-0.15845,0.013799,1.1016,0.0016729,3.78E-05,-0.00083226,0.0014996,-0.0001133,0.0017872,0.0670752,0.0804,0.682992,8.95208E-05,-0.0301055,0.00262181,0.209304,6.03917E-05,1.36617E-06,-3.00446E-05,5.41356E-05,-4.09013E-06,6.45179E-05
0.0027887,0.5718,0.67,5.6916,-0.16165,0.010743,1.0994,0.0019934,0.00026909,-0.0010911,0.001612,-0.00023689,0.001972,0.068616,0.0804,0.682992,0.000100672,-0.0307135,0.00204117,0.208886,7.19617E-05,9.71415E-06,-3.93887E-05,5.81932E-05,-8.55173E-06,7.11892E-05
0.0030636,0.58405,0.67,5.6916,-0.16552,0.0076056,1.0957,0.0022731,0.00046607,-0.0012608,0.0016999,-0.00030581,0.0021541,0.070086,0.0804,0.682992,0.000110596,-0.0314488,0.001445064,0.208183,8.20589E-05,1.68251E-05,-4.55149E-05,6.13664E-05,-1.10397E-05,7.7763E-05
0.0031474,0.59575,0.67,5.6916,-0.17038,0.0021989,1.0953,0.0023882,0.00055326,-0.0012711,0.0016725,-0.00036598,0.0022341,0.07149,0.0804,0.682992,0.000113621,-0.0323722,0.000417791,0.208107,8.6214E-05,1.99727E-05,-4.58867E-05,6.03773E-05,-1.32119E-05,8.0651E-05
0.0030613,0.6069,0.67,5.6916,-0.17592,-0.0029554,1.098,0.0023376,0.00050633,-0.0011883,0.0015171,-0.00044746,0.0022679,0.072828,0.0804,0.682992,0.000110513,-0.0334248,-0.000561526,0.20862,8.43874E-05,1.82785E-05,-4.28976E-05,5.47673E-05,-1.61533E-05,8.18712E-05
0.0029552,0.61755,0.67,5.6916,-0.18171,-0.0071067,1.1042,0.002199,0.00038408,-0.0010937,0.0013396,-0.0005568,0.0023719,0.074106,0.0804,0.682992,0.000106683,-0.0345249,-0.001350273,0.209798,7.93839E-05,1.38653E-05,-3.94826E-05,4.83596E-05,-2.01005E-05,8.56256E-05
0.0028014,0.6277,0.67,5.6916,-0.18743,-0.010073,1.1084,0.0020354,0.00022912,-0.00093053,0.0011874,-0.0005997,0.00238,0.075324,0.0804,0.682992,0.000101131,-0.0356117,-0.00191387,0.210596,7.34779E-05,8.27123E-06,-3.35921E-05,4.28651E-05,-2.16492E-05,0.000085918
0.0026222,0.63738,0.67,5.6916,-0.193,-0.012222,1.1104,0.0018502,7.13E-05,-0.00075212,0.0010873,-0.00062382,0.002307,0.0764856,0.0804,0.682992,9.46614E-05,-0.03667,-0.00232218,0.210976,6.67922E-05,2.57516E-06,-2.71515E-05,3.92515E-05,-2.25199E-05,8.32827E-05
0.0024367,0.64661,0.67,5.6916,-0.19854,-0.014046,1.1121,0.0016543,-4.42E-05,-0.00053256,0.0010279,-0.00067247,0.0021912,0.0775932,0.0804,0.682992,8.79649E-05,-0.0377226,-0.00266874,0.211299,5.97202E-05,-1.59562E-06,-1.92254E-05,3.71072E-05,-2.42762E-05,7.91023E-05
0.0022845,0.65542,0.67,5.6916,-0.20402,-0.015505,1.1148,0.0015099,-0.00011111,-0.00031368,0.00097836,-0.00071815,0.0020807,0.0786504,0.0804,0.682992,8.24705E-05,-0.0387638,-0.00294595,0.211812,5.45074E-05,-4.01107E-06,-1.13238E-05,3.53188E-05,-2.59252E-05,7.51133E-05
0.0022018,0.66381,0.67,5.6916,-0.20911,-0.016611,1.1177,0.0014176,-0.00015468,-0.00010123,0.00093189,-0.00075947,0.0020541,0.0796572,0.0804,0.682992,7.9485E-05,-0.0397309,-0.00315609,0.212363,5.11754E-05,-5.58395E-06,-3.6544E-06,3.36412E-05,-2.74169E-05,7.4153E-05
0.0021739,0.67207,0.67,5.6916,-0.21353,-0.017747,1.1183,0.0013706,-0.00018196,7.12E-05,0.00089322,-0.00077155,0.002084,0.0806484,0.0804,0.682992,7.84778E-05,-0.0405707,-0.00337193,0.212477,4.94787E-05,-6.56876E-06,2.57119E-06,3.22452E-05,-2.7853E-05,7.52324E-05
0.0022398,0.68032,0.67,5.6916,-0.21736,-0.018981,1.1167,0.0013924,-0.0001991,0.00016535,0.00090228,-0.00077379,0.0021848,0.0816384,0.0804,0.682992,8.08568E-05,-0.0412984,-0.00360639,0.212173,5.02656E-05,-7.18751E-06,5.96914E-06,3.25723E-05,-2.79338E-05,7.88713E-05
0.0023524,0.68858,0.67,5.6916,-0.22078,-0.019954,1.1135,0.0014594,-0.00021183,0.00021823,0.00096897,-0.00078219,0.0022764,0.0826296,0.0804,0.682992,8.49216E-05,-0.0419482,-0.00379126,0.211565,5.26843E-05,-7.64706E-06,7.8781E-06,3.49798E-05,-2.82371E-05,8.2178E-05
0.0024824,0.69683,0.67,5.6916,-0.22382,-0.02009,1.1086,0.0015576,-0.00022379,0.00023893,0.0010753,-0.00078836,0.0023319,0.0836196,0.0804,0.682992,8.96146E-05,-0.0425258,-0.0038171,0.210634,5.62294E-05,-8.07882E-06,8.62537E-06,3.88183E-05,-2.84598E-05,8.41816E-05
0.0026458,0.70509,0.67,5.6916,-0.22667,-0.019186,1.1029,0.0016971,-0.00023299,0.00023258,0.0011874,-0.00079603,0.0024072,0.0846108,0.0804,0.682992,9.55134E-05,-0.0430673,-0.00364534,0.209551,6.12653E-05,-8.41094E-06,8.39614E-06,4.28651E-05,-2.87367E-05,8.68999E-05
0.0028318,0.71335,0.67,5.6916,-0.22941,-0.017279,1.0963,0.0018358,-0.00024024,0.00019901,0.001302,-0.00080979,0.0025258,0.085602,0.0804,0.682992,0.000102228,-0.0435879,-0.00328301,0.208297,6.62724E-05,-8.67266E-06,7.18426E-06,4.70022E-05,-2.92334E-05,9.11814E-05
0.0030712,0.7216,0.67,5.6916,-0.23175,-0.014544,1.0885,0.0019681,-0.00024308,0.00015424,0.0014289,-0.00083885,0.0027454,0.086592,0.0804,0.682992,0.00011087,-0.0440325,-0.00276336,0.206815,7.10484E-05,-8.77519E-06,5.56806E-06,5.15833E-05,-3.02825E-05,9.91089E-05
0.0033895,0.72986,0.67,5.6916,-0.2336,-0.011295,1.0793,0.0021384,-0.00024459,0.00011705,0.001587,-0.00089224,0.0030536,0.0875832,0.0804,0.682992,0.000122361,-0.044384,-0.00214605,0.205067,7.71962E-05,-8.8297E-06,4.22551E-06,5.72907E-05,-3.22099E-05,0.000110235
0.0037109,0.73811,0.67,5.6916,-0.23546,-0.0078774,1.0694,0.0022483,-0.00024527,0.00014498,0.001777,-0.0010019,0.0033965,0.0885732,0.0804,0.682992,0.000133963,-0.0447374,-0.001496706,0.203186,8.11636E-05,-8.85425E-06,5.23378E-06,6.41497E-05,-3.61686E-05,0.000122614
0.0039721,0.74637,0.67,5.6916,-0.23775,-0.0046842,1.0602,0.0022879,-0.00024499,0.00018698,0.0019704,-0.0011437,0.003686,0.0895644,0.0804,0.682992,0.000143393,-0.0451725,-0.000889998,0.201438,8.25932E-05,-8.84414E-06,6.74998E-06,7.11314E-05,-4.12876E-05,0.000133065
0.0041868,0.75463,0.67,5.6916,-0.24037,-0.0021108,1.0525,0.0023722,-0.00026686,0.00023184,0.0021203,-0.001264,0.0038813,0.0905556,0.0804,0.682992,0.000151143,-0.0456703,-0.000401052,0.199975,8.56364E-05,-9.63365E-06,8.36942E-06,7.65428E-05,-4.56304E-05,0.000140115
0.0043422,0.76288,0.67,5.6916,-0.24345,-0.00014197,1.0459,0.0024737,-0.00032883,0.00033234,0.0022133,-0.0013255,0.0039974,0.0915456,0.0804,0.682992,0.000156753,-0.0462555,-2.69743E-05,0.198721,8.93006E-05,-1.18708E-05,1.19975E-05,7.99001E-05,-4.78506E-05,0.000144306
0.004449,0.77114,0.67,5.6916,-0.24724,0.0013797,1.04,0.0025663,-0.00040606,0.00044516,0.0022698,-0.0013023,0.0040618,0.0925368,0.0804,0.682992,0.000160609,-0.0469756,0.000262143,0.1976,9.26434E-05,-1.46588E-05,1.60703E-05,8.19398E-05,-4.7013E-05,0.000146631
0.0045246,0.7794,0.67,5.6916,-0.25126,0.002431,1.0345,0.0026929,-0.0004739,0.00055246,0.0022883,-0.001208,0.004068,0.093528,0.0804,0.682992,0.000163338,-0.0477394,0.00046189,0.196555,9.72137E-05,-1.71078E-05,1.99438E-05,8.26076E-05,-4.36088E-05,0.000146855
0.0045999,0.78765,0.67,5.6916,-0.25503,0.0030275,1.0286,0.0028139,-0.0005112,0.00066357,0.0022468,-0.0011361,0.0041391,0.094518,0.0804,0.682992,0.000166056,-0.0484557,0.000575225,0.195434,0.000101582,-1.84543E-05,2.39549E-05,8.11095E-05,-4.10132E-05,0.000149422
0.0046928,0.79591,0.67,5.6916,-0.2588,0.0033489,1.0222,0.0029205,-0.00050544,0.00073043,0.0021352,-0.0011045,0.0043299,0.0955092,0.0804,0.682992,0.00016941,-0.049172,0.000636291,0.194218,0.00010543,-1.82464E-05,2.63685E-05,7.70807E-05,-3.98725E-05,0.000156309
0.0048095,0.80416,0.67,5.6916,-0.26233,0.0037436,1.0149,0.0030658,-0.00049302,0.00074325,0.0019898,-0.0010819,0.0045634,0.0964992,0.0804,0.682992,0.000173623,-0.0498427,0.000711284,0.192831,0.000110675,-1.7798E-05,2.68313E-05,7.18318E-05,-3.90566E-05,0.000164739
0.0049582,0.81242,0.67,5.6916,-0.26529,0.0041381,1.0064,0.0032827,-0.0004717,0.00071534,0.0018395,-0.0010506,0.0047943,0.0974904,0.0804,0.682992,0.000178991,-0.0504051,0.000786239,0.191216,0.000118505,-1.70284E-05,2.58238E-05,6.6406E-05,-3.79267E-05,0.000173074
0.0050449,0.82068,0.67,5.6916,-0.26806,0.0041085,0.99724,0.003512,-0.0004188,0.00068116,0.0016865,-0.0010013,0.0048912,0.0984816,0.0804,0.682992,0.000182121,-0.0509314,0.000780615,0.1894756,0.000126783,-1.51187E-05,2.45899E-05,6.08827E-05,-3.61469E-05,0.000176572
0.0050843,0.82893,0.67,5.6916,-0.27082,0.0035623,0.98818,0.0037073,-0.00035288,0.00066635,0.0015555,-0.00094482,0.0049058,0.0994716,0.0804,0.682992,0.000183543,-0.0514558,0.000676837,0.1877542,0.000133834,-1.2739E-05,2.40552E-05,5.61536E-05,-3.4108E-05,0.000177099
0.0051812,0.83719,0.67,5.6916,-0.27362,0.0028145,0.98006,0.003971,-0.00030318,0.00067897,0.0014622,-0.00089141,0.0049291,0.1004628,0.0804,0.682992,0.000187041,-0.0519878,0.000534755,0.1862114,0.000143353,-1.09448E-05,2.45108E-05,5.27854E-05,-3.21799E-05,0.000177941
0.0053711,0.84544,0.67,5.6916,-0.27646,0.0021564,0.97277,0.0042871,-0.00026602,0.00076147,0.0013772,-0.00085089,0.0050778,0.1014528,0.0804,0.682992,0.000193897,-0.0525274,0.000409716,0.1848263,0.000154764,-9.60332E-06,2.74891E-05,4.97169E-05,-3.07171E-05,0.000183309
0.0056156,0.8537,0.67,5.6916,-0.27921,0.001409,0.9652,0.0045655,-0.0002147,0.0008415,0.0012823,-0.00079585,0.0053833,0.102444,0.0804,0.682992,0.000202723,-0.0530499,0.00026771,0.183388,0.000164815,-7.75067E-06,3.03782E-05,4.6291E-05,-2.87302E-05,0.000194337
0.005926,0.86196,0.67,5.6916,-0.28192,3.73E-05,0.95687,0.0048744,-0.00015707,0.00089816,0.001193,-0.00071401,0.0057846,0.1034352,0.0804,0.682992,0.000213929,-0.0535648,7.08814E-06,0.1818053,0.000175966,-5.67023E-06,3.24236E-05,4.30673E-05,-2.57758E-05,0.000208824
0.0062393,0.87021,0.67,5.6916,-0.28432,-0.0022059,0.94813,0.0052294,-9.43E-05,0.00096019,0.0011285,-0.0006368,0.0061206,0.1044252,0.0804,0.682992,0.000225239,-0.0540208,-0.000419121,0.1801447,0.000188781,-3.40427E-06,3.46629E-05,4.07389E-05,-2.29885E-05,0.000220954
0.0066275,0.87847,0.67,5.6916,-0.28656,-0.0052315,0.9394,0.0056214,-3.72E-05,0.0010126,0.0010913,-0.00054395,0.0065423,0.1054164,0.0804,0.682992,0.000239253,-0.0544464,-0.000993985,0.178486,0.000202933,-1.34303E-06,3.65549E-05,3.93959E-05,-1.96366E-05,0.000236177
0.0070922,0.88672,0.67,5.6916,-0.28895,-0.0087664,0.93048,0.0060916,1.24E-05,0.00099653,0.0010781,-0.00043471,0.0070147,0.1064064,0.0804,0.682992,0.000256028,-0.0549005,-0.001665616,0.1767912,0.000219907,4.47568E-07,3.59747E-05,3.89194E-05,-1.5693E-05,0.000253231
0.0075704,0.89498,0.67,5.6916,-0.29068,-0.012275,0.92042,0.0065396,6.97E-05,0.0010577,0.0010829,-0.00029135,0.0075182,0.1073976,0.0804,0.682992,0.000273291,-0.0552292,-0.00233225,0.1748798,0.00023608,2.5148E-06,3.8183E-05,3.90927E-05,-1.05177E-05,0.000271407
0.007994,0.90324,0.67,5.6916,-0.29179,-0.015049,0.90899,0.006909,0.00010925,0.001133,0.0010781,-0.00013227,0.008001,0.1083888,0.0804,0.682992,0.000288583,-0.0554401,-0.00285931,0.1727081,0.000249415,3.94393E-06,4.09013E-05,3.89194E-05,-4.77495E-06,0.000288836
0.0084244,0.91149,0.67,5.6916,-0.29301,-0.016701,0.89655,0.0073088,0.00013892,0.0012064,0.0010387,-5.26E-06,0.0085012,0.1093788,0.0804,0.682992,0.000304121,-0.0556719,-0.00317319,0.1703445,0.000263848,5.01501E-06,4.3551E-05,3.74971E-05,-1.89814E-07,0.000306893
0.0088136,0.91975,0.67,5.6916,-0.29427,-0.017532,0.88377,0.0078191,0.00021276,0.0012561,0.00098867,0.00011279,0.0088195,0.11037,0.0804,0.682992,0.000318171,-0.0559113,-0.00333108,0.1679163,0.00028227,7.68064E-06,4.53452E-05,3.5691E-05,4.07172E-06,0.000318384
0.0091159,0.92801,0.67,5.6916,-0.29572,-0.017935,0.87116,0.0083206,0.00032365,0.0013134,0.00096839,0.00026079,0.0089429,0.1113612,0.0804,0.682992,0.000329084,-0.0561868,-0.00340765,0.1655204,0.000300374,1.16838E-05,4.74137E-05,3.49589E-05,9.41452E-06,0.000322839
0.009411,0.93626,0.67,5.6916,-0.29695,-0.018051,0.85864,0.0087932,0.00042726,0.001279,0.00099388,0.00042368,0.0090349,0.1123512,0.0804,0.682992,0.000339737,-0.0564205,-0.00342969,0.1631416,0.000317435,1.54241E-05,4.61719E-05,3.58791E-05,1.52948E-05,0.00032616
0.009741,0.94452,0.67,5.6916,-0.29762,-0.017833,0.84603,0.0093076,0.000513,0.001074,0.001073,0.00054521,0.0091015,0.1133424,0.0804,0.682992,0.00035165,-0.0565478,-0.00338827,0.1607457,0.000336004,1.85193E-05,3.87714E-05,3.87353E-05,1.96821E-05,0.000328564
0.010244,0.95277,0.67,5.6916,-0.29882,-0.017158,0.83361,0.0099502,0.0005938,0.00089014,0.0012207,0.00060538,0.009316,0.1143324,0.0804,0.682992,0.000369808,-0.0567758,-0.00326002,0.1583859,0.000359202,2.14362E-05,3.21341E-05,4.40673E-05,2.18542E-05,0.000336308
0.010741,0.96103,0.67,5.6916,-0.29959,-0.016082,0.82178,0.010544,0.00066696,0.00069617,0.0014345,0.00059779,0.009504,0.1153236,0.0804,0.682992,0.00038775,-0.0569221,-0.00305558,0.1561382,0.000380638,2.40773E-05,2.51317E-05,5.17855E-05,2.15802E-05,0.000343094
0.01139,0.96929,0.67,5.6916,-0.29939,-0.014792,0.81061,0.011056,0.00072376,0.00059589,0.0016862,0.00055895,0.010038,0.1163148,0.0804,0.682992,0.000411179,-0.0568841,-0.00281048,0.1540159,0.000399122,2.61277E-05,2.15116E-05,6.08718E-05,2.01781E-05,0.000362372
0.012104,0.97754,0.67,5.6916,-0.3,-0.013738,0.79979,0.011571,0.00073636,0.00044287,0.0019017,0.00052345,0.010735,0.1173048,0.0804,0.682992,0.000436954,-0.057,-0.00261022,0.1519601,0.000417713,2.65826E-05,1.59876E-05,6.86514E-05,1.88965E-05,0.000387534
0.012918,0.9858,0.67,5.6916,-0.30024,-0.013301,0.78824,0.012081,0.00069846,0.00029016,0.0019978,0.00048977,0.011757,0.118296,0.0804,0.682992,0.00046634,-0.0570456,-0.00252719,0.1497656,0.000436124,2.52144E-05,1.04748E-05,7.21206E-05,1.76807E-05,0.000424428
0.013733,0.99405,0.67,5.6916,-0.29951,-0.013661,0.77609,0.012663,0.00063405,0.00028334,0.001954,0.00040975,0.012849,0.119286,0.0804,0.682992,0.000495761,-0.0569069,-0.00259559,0.1474571,0.000457134,2.28892E-05,1.02286E-05,7.05394E-05,1.4792E-05,0.000463849
0.014413,1.0023,0.67,5.6916,-0.29965,-0.014807,0.76334,0.013152,0.0005612,0.00031975,0.0018172,0.0002545,0.013857,0.120276,0.0804,0.682992,0.000520309,-0.0569335,-0.00281333,0.1450346,0.000474787,2.02593E-05,1.1543E-05,6.56009E-05,9.18745E-06,0.000500238
0.015009,1.0106,0.67,5.6916,-0.30042,-0.016474,0.75029,0.013563,0.00047501,0.00037887,0.0016526,3.88E-05,0.014802,0.121272,0.0804,0.682992,0.000541825,-0.0570798,-0.00313006,0.1425551,0.000489624,1.71479E-05,1.36772E-05,5.96589E-05,1.39942E-06,0.000534352
0.015491,1.0188,0.67,5.6916,-0.30084,-0.018469,0.73735,0.01392,0.0003598,0.00027708,0.0015007,-0.00018975,0.015563,0.122256,0.0804,0.682992,0.000559225,-0.0571596,-0.00350911,0.1400965,0.000502512,1.29888E-05,1.00026E-05,5.41753E-05,-6.84998E-06,0.000561824
0.016125,1.0271,0.67,5.6916,-0.30073,-0.020694,0.72441,0.014367,0.00026917,0.00015803,0.0013767,-0.00036367,0.016507,0.123252,0.0804,0.682992,0.000582113,-0.0571387,-0.00393186,0.1376379,0.000518649,9.71704E-06,5.70488E-06,4.96989E-05,-1.31285E-05,0.000595903
0.016762,1.0353,0.67,5.6916,-0.30024,-0.022966,0.71136,0.014886,0.00020754,4.49E-05,0.0012811,-0.00046678,0.017356,0.124236,0.0804,0.682992,0.000605108,-0.0570456,-0.00436354,0.1351584,0.000537385,7.49219E-06,1.62067E-06,4.62477E-05,-1.68508E-05,0.000626552
0.017393,1.0436,0.67,5.6916,-0.30011,-0.024713,0.69791,0.015282,0.00017234,-9.04E-05,0.0012309,-0.00054287,0.018274,0.125232,0.0804,0.682992,0.000627887,-0.0570209,-0.00469547,0.1326029,0.00055168,6.22147E-06,-3.26196E-06,4.44355E-05,-1.95976E-05,0.000659691
0.018017,1.0518,0.67,5.6916,-0.30015,-0.025434,0.68423,0.0157,0.00017692,-0.00016247,0.0012272,-0.00065842,0.019107,0.126216,0.0804,0.682992,0.000650414,-0.0570285,-0.00483246,0.1300037,0.00056677,6.38681E-06,-5.86517E-06,4.43019E-05,-2.3769E-05,0.000689763
0.01865,1.0601,0.67,5.6916,-0.29954,-0.025249,0.67026,0.016323,0.00018033,-0.00031881,0.0012482,-0.00078386,0.01973,0.127212,0.0804,0.682992,0.000673265,-0.0569126,-0.00479731,0.1273494,0.00058926,6.50991E-06,-1.1509E-05,4.506E-05,-2.82973E-05,0.000712253
0.019346,1.0684,0.67,5.6916,-0.29846,-0.024452,0.65659,0.017123,0.00015989,-0.00042881,0.0012974,-0.00084201,0.020273,0.128208,0.0804,0.682992,0.000698391,-0.0567074,-0.00464588,0.1247521,0.00061814,5.77203E-06,-1.548E-05,4.68361E-05,-3.03966E-05,0.000731855
0.019839,1.0766,0.67,5.6916,-0.29668,-0.023594,0.64336,0.017763,0.00014753,-0.00054803,0.0013766,-0.00080034,0.020538,0.129192,0.0804,0.682992,0.000716188,-0.0563692,-0.00448286,0.1222384,0.000641244,5.32583E-06,-1.97839E-05,4.96953E-05,-2.88923E-05,0.000741422
0.020277,1.0849,0.67,5.6916,-0.29435,-0.023507,0.63013,0.01833,0.00017981,-0.00053588,0.0014867,-0.00064235,0.020737,0.130188,0.0804,0.682992,0.000732,-0.0559265,-0.00446633,0.1197247,0.000661713,6.49114E-06,-1.93453E-05,5.36699E-05,-2.31888E-05,0.000748606
0.020788,1.0931,0.67,5.6916,-0.29218,-0.024277,0.61766,0.019096,0.00025682,-0.00046566,0.0016183,-0.00041841,0.020862,0.131172,0.0804,0.682992,0.000750447,-0.0555142,-0.00461263,0.1173554,0.000689366,9.2712E-06,-1.68103E-05,5.84206E-05,-1.51046E-05,0.000753118
0.021096,1.1014,0.67,5.6916,-0.28993,-0.025735,0.60629,0.019742,0.00029786,-0.00029542,0.0017175,-0.00023983,0.020732,0.132168,0.0804,0.682992,0.000761566,-0.0550867,-0.00488965,0.1151951,0.000712686,1.07527E-05,-1.06647E-05,6.20018E-05,-8.65786E-06,0.000748425
0.021438,1.1096,0.67,5.6916,-0.28773,-0.027611,0.59611,0.020356,0.00030152,-1.24E-05,0.0017486,-6.39E-05,0.020771,0.133152,0.0804,0.682992,0.000773912,-0.0546687,-0.00524609,0.1132609,0.000734852,1.08849E-05,-4.49156E-07,6.31245E-05,-2.3082E-06,0.000749833
0.021795,1.1179,0.67,5.6916,-0.28509,-0.029016,0.58687,0.021005,0.00032028,0.00029368,0.0017516,0.00011848,0.020834,0.134148,0.0804,0.682992,0.0007868,-0.0541671,-0.00551304,0.1115053,0.000758281,1.15621E-05,1.06018E-05,6.32328E-05,4.27713E-06,0.000752107
0.022142,1.1262,0.67,5.6916,-0.28174,-0.030345,0.57788,0.021488,0.00030485,0.00049737,0.0017532,0.00033044,0.021043,0.135144,0.0804,0.682992,0.000799326,-0.0535306,-0.00576555,0.1097972,0.000775717,1.10051E-05,1.79551E-05,6.32905E-05,1.19289E-05,0.000759652
0.022632,1.1344,0.67,5.6916,-0.27742,-0.031812,0.56917,0.022147,0.00024702,0.00068571,0.0017298,0.00052177,0.021387,0.136128,0.0804,0.682992,0.000817015,-0.0527098,-0.00604428,0.1081423,0.000799507,8.91742E-06,2.47541E-05,6.24458E-05,1.88359E-05,0.000772071
0.02341,1.1427,0.67,5.6916,-0.27222,-0.032649,0.56044,0.023148,0.0002275,0.00083745,0.0017111,0.00069753,0.02196,0.137124,0.0804,0.682992,0.000845101,-0.0517218,-0.00620331,0.1064836,0.000835643,8.21275E-06,3.02319E-05,6.17707E-05,2.51808E-05,0.000792756
0.024046,1.1509,0.67,5.6916,-0.26675,-0.03328,0.55165,0.023818,0.0003064,0.0007916,0.0017104,0.00088198,0.022563,0.138108,0.0804,0.682992,0.000868061,-0.0506825,-0.0063232,0.1048135,0.00085983,1.1061E-05,2.85768E-05,6.17454E-05,3.18395E-05,0.000814524
0.024416,1.1592,0.67,5.6916,-0.26023,-0.034269,0.54281,0.023997,0.00034663,0.00089102,0.0016993,0.0010116,0.023137,0.139104,0.0804,0.682992,0.000881418,-0.0494437,-0.00651111,0.1031339,0.000866292,1.25133E-05,3.21658E-05,6.13447E-05,3.65188E-05,0.000835246
0.024746,1.1674,0.67,5.6916,-0.25301,-0.03546,0.53466,0.024338,0.00029254,0.00099079,0.0016867,0.0011496,0.023467,0.140088,0.0804,0.682992,0.000893331,-0.0480719,-0.0067374,0.1015854,0.000878602,1.05607E-05,3.57675E-05,6.08899E-05,4.15006E-05,0.000847159
0.024952,1.1757,0.67,5.6916,-0.24614,-0.036839,0.52774,0.024671,0.0002243,0.0010173,0.0016598,0.0012521,0.023574,0.141084,0.0804,0.682992,0.000900767,-0.0467666,-0.00699941,0.1002706,0.000890623,8.09723E-06,3.67245E-05,5.99188E-05,4.52008E-05,0.000851021
0.025184,1.1839,0.67,5.6916,-0.23939,-0.038339,0.52223,0.025025,0.00013276,0.0012298,0.0016241,0.0013569,0.02372,0.142068,0.0804,0.682992,0.000909142,-0.0454841,-0.00728441,0.0992237,0.000903403,4.79264E-06,4.43958E-05,5.863E-05,4.89841E-05,0.000856292
0.025375,1.1922,0.67,5.6916,-0.23259,-0.04004,0.51873,0.02559,7.00E-05,0.0015925,0.0016027,0.001485,0.023557,0.143064,0.0804,0.682992,0.000916038,-0.0441921,-0.0076076,0.0985587,0.000923799,2.52844E-06,5.74893E-05,5.78575E-05,5.36085E-05,0.000850408
0.025723,1.2005,0.67,5.6916,-0.22611,-0.041857,0.51677,0.026188,5.07E-05,0.0020113,0.0016065,0.0016431,0.023651,0.14406,0.0804,0.682992,0.0009286,-0.0429609,-0.00795283,0.0981863,0.000945387,1.83002E-06,7.26079E-05,5.79947E-05,5.93159E-05,0.000853801
0.026046,1.2087,0.67,5.6916,-0.21966,-0.043461,0.51554,0.026703,4.70E-05,0.0023726,0.0016324,0.0018111,0.023757,0.145044,0.0804,0.682992,0.000940261,-0.0417354,-0.00825759,0.0979526,0.000963978,1.69536E-06,8.56509E-05,5.89296E-05,6.53807E-05,0.000857628
0.026354,1.217,0.67,5.6916,-0.21289,-0.044573,0.51369,0.02695,4.44E-05,0.0026164,0.0016719,0.0019721,0.024087,0.14604,0.0804,0.682992,0.000951379,-0.0404491,-0.00846887,0.0976011,0.000972895,1.60179E-06,9.4452E-05,6.03556E-05,7.11928E-05,0.000869541
0.026531,1.2252,0.67,5.6916,-0.20562,-0.045441,0.51088,0.026768,5.61E-05,0.0027566,0.0017316,0.002153,0.024563,0.147024,0.0804,0.682992,0.000957769,-0.0390678,-0.00863379,0.0970672,0.000966325,2.02618E-06,9.95133E-05,6.25108E-05,7.77233E-05,0.000886724
0.026445,1.2335,0.67,5.6916,-0.19714,-0.046108,0.5065,0.025998,6.85E-05,0.0026887,0.0017899,0.002275,0.025103,0.14802,0.0804,0.682992,0.000954665,-0.0374566,-0.00876052,0.096235,0.000938528,2.47361E-06,9.70621E-05,6.46154E-05,8.21275E-05,0.000906218
0.025989,1.2417,0.67,5.6916,-0.1871,-0.04684,0.50074,0.024753,4.40E-05,0.0024183,0.001847,0.0023078,0.025379,0.149004,0.0804,0.682992,0.000938203,-0.035549,-0.0088996,0.0951406,0.000893583,1.58974E-06,8.73006E-05,6.66767E-05,8.33116E-05,0.000916182
0.02551,1.25,0.67,5.6916,-0.17564,-0.047667,0.49412,0.023481,-1.13E-05,0.0020935,0.0018986,0.0022738,0.025641,0.15,0.0804,0.682992,0.000920911,-0.0333716,-0.00905673,0.0938828,0.000847664,-4.09121E-07,7.55754E-05,6.85395E-05,8.20842E-05,0.00092564
0.025172,1.2583,0.67,5.6916,-0.16278,-0.048122,0.48733,0.022474,-0.00011427,0.0017015,0.0019598,0.0022343,0.025911,0.150996,0.0804,0.682992,0.000908709,-0.0309282,-0.00914318,0.0925927,0.000811311,-4.12515E-06,6.14242E-05,7.07488E-05,8.06582E-05,0.000935387
0.024844,1.2665,0.67,5.6916,-0.14881,-0.048243,0.48068,0.021539,-0.00026014,0.0011477,0.0020512,0.0022505,0.026099,0.15198,0.0804,0.682992,0.000896868,-0.0282739,-0.00916617,0.0913292,0.000777558,-9.39105E-06,4.1432E-05,7.40483E-05,8.12431E-05,0.000942174
0.024594,1.2748,0.67,5.6916,-0.13396,-0.047989,0.47392,0.020742,-0.00042413,0.00079389,0.0021511,0.0023106,0.026296,0.152976,0.0804,0.682992,0.000887843,-0.0254524,-0.00911791,0.0900448,0.000748786,-1.53111E-05,2.86594E-05,7.76547E-05,8.34127E-05,0.000949286
0.024257,1.283,0.67,5.6916,-0.11828,-0.047621,0.46747,0.020208,-0.00058097,0.00045723,0.0022169,0.0023394,0.02609,0.15396,0.0804,0.682992,0.000875678,-0.0224732,-0.00904799,0.0888193,0.000729509,-2.0973E-05,1.6506E-05,8.00301E-05,8.44523E-05,0.000941849
0.023838,1.2913,0.67,5.6916,-0.10237,-0.047082,0.46157,0.019738,-0.00071496,8.61E-05,0.0022204,0.00231,0.025718,0.154956,0.0804,0.682992,0.000860552,-0.0194503,-0.00894558,0.0876983,0.000712542,-2.58101E-05,3.1076E-06,8.01564E-05,0.000083391,0.00092842
0.023168,1.2995,0.67,5.6916,-0.086175,-0.046699,0.45647,0.019101,-0.00079986,-0.00013413,0.0021605,0.002219,0.025074,0.15594,0.0804,0.682992,0.000836365,-0.01637325,-0.00887281,0.0867293,0.000689546,-2.88749E-05,-4.84209E-06,7.79941E-05,8.01059E-05,0.000905171
0.022421,1.3078,0.67,5.6916,-0.069871,-0.0465,0.45173,0.018396,-0.00083555,-0.00040621,0.0020528,0.0020733,0.024394,0.156936,0.0804,0.682992,0.000809398,-0.01327549,-0.008835,0.0858287,0.000664096,-3.01634E-05,-1.46642E-05,7.41061E-05,7.48461E-05,0.000880623
0.021819,1.316,0.67,5.6916,-0.054439,-0.046183,0.44738,0.01799,-0.00083126,-0.00072864,0.0019159,0.0019108,0.023732,0.15792,0.0804,0.682992,0.000787666,-0.01034341,-0.00877477,0.0850022,0.000649439,-3.00085E-05,-2.63039E-05,6.9164E-05,6.89799E-05,0.000856725
0.021186,1.3243,0.67,5.6916,-0.039858,-0.045778,0.44337,0.017707,-0.00079513,-0.00090683,0.0017671,0.0016931,0.022897,0.158916,0.0804,0.682992,0.000764815,-0.00757302,-0.00869782,0.0842403,0.000639223,-2.87042E-05,-3.27366E-05,6.37923E-05,6.11209E-05,0.000826582
0.02027,1.3326,0.67,5.6916,-0.025065,-0.045276,0.43939,0.01704,-0.00071818,-0.00095265,0.0016134,0.0015396,0.021885,0.159912,0.0804,0.682992,0.000731747,-0.00476235,-0.00860244,0.0834841,0.000615144,-2.59263E-05,-3.43907E-05,5.82437E-05,5.55796E-05,0.000790049
0.019256,1.3408,0.67,5.6916,-0.0095322,-0.045302,0.43639,0.016065,-0.00067787,-0.00099298,0.0014692,0.0014308,0.020976,0.160896,0.0804,0.682992,0.000695142,-0.001811118,-0.00860738,0.0829141,0.000579947,-2.44711E-05,-3.58466E-05,5.30381E-05,5.16519E-05,0.000757234
0.017988,1.3491,0.67,5.6916,0.0059745,-0.045117,0.43463,0.015013,-0.0006636,-0.0011898,0.0013388,0.0012964,0.019625,0.161892,0.0804,0.682992,0.000649367,0.001135155,-0.00857223,0.0825797,0.000541969,-2.3956E-05,-4.29518E-05,4.83307E-05,4.68E-05,0.000708463
0.017267,1.3573,0.67,5.6916,0.020922,-0.045022,0.43336,0.014383,-0.00061721,-0.0013296,0.0012271,0.0012624,0.018924,0.162876,0.0804,0.682992,0.000623339,0.00397518,-0.00855418,0.0823384,0.000519226,-2.22813E-05,-4.79986E-05,4.42983E-05,4.55726E-05,0.000683156
0.016589,1.3656,0.67,5.6916,0.035577,-0.044651,0.4346,0.01419,-0.00063195,-0.0013496,0.0011347,0.0010956,0.017853,0.163872,0.0804,0.682992,0.000598863,0.00675963,-0.00848369,0.082574,0.000512259,-2.28134E-05,-4.87206E-05,4.09627E-05,3.95512E-05,0.000644493
0.015578,1.3738,0.67,5.6916,0.049822,-0.043988,0.43769,0.013677,-0.00054095,-0.0013832,0.0010491,0.00098179,0.01643,0.164856,0.0804,0.682992,0.000562366,0.00946618,-0.00835772,0.0831611,0.00049374,-1.95283E-05,-4.99335E-05,3.78725E-05,3.54426E-05,0.000593123
0.014908,1.3821,0.67,5.6916,0.064234,-0.043797,0.44112,0.013053,-0.00047665,-0.0012374,0.00098932,0.00090187,0.015774,0.165852,0.0804,0.682992,0.000538179,0.01220446,-0.00832143,0.0838128,0.000471213,-1.72071E-05,-4.46701E-05,3.57145E-05,3.25575E-05,0.000569441
0.013913,1.3903,0.67,5.6916,0.078589,-0.043134,0.44589,0.012251,-0.00046245,-0.0014393,0.00094537,0.00080369,0.01463,0.166836,0.0804,0.682992,0.000502259,0.01493191,-0.00819546,0.0847191,0.000442261,-1.66944E-05,-5.19587E-05,3.41279E-05,2.90132E-05,0.000528143
0.013221,1.3986,0.67,5.6916,0.091507,-0.04288,0.45267,0.011717,-0.0004522,-0.0018508,0.00093743,0.00077872,0.013788,0.167832,0.0804,0.682992,0.000477278,0.01738633,-0.0081472,0.0860073,0.000422984,-1.63244E-05,-6.68139E-05,3.38412E-05,2.81118E-05,0.000497747
0.012577,1.4069,0.67,5.6916,0.10371,-0.042665,0.46138,0.011415,-0.00049659,-0.0019463,0.00096569,0.00070557,0.012773,0.168828,0.0804,0.682992,0.00045403,0.0197049,-0.00810635,0.0876622,0.000412082,-1.79269E-05,-7.02614E-05,3.48614E-05,2.54711E-05,0.000461105
0.011786,1.4151,0.67,5.6916,0.11636,-0.042122,0.46942,0.010502,-0.00038627,-0.0016438,0.0010293,0.00068877,0.012041,0.169812,0.0804,0.682992,0.000425475,0.0221084,-0.00800318,0.0891898,0.000379122,-1.39443E-05,-5.93412E-05,3.71577E-05,2.48646E-05,0.00043468
0.011125,1.4234,0.67,5.6916,0.12934,-0.041241,0.47911,0.0097271,-0.00045318,-0.0016533,0.0011277,0.00060808,0.011394,0.170808,0.0804,0.682992,0.000401613,0.0245746,-0.00783579,0.0910309,0.000351148,-1.63598E-05,-5.96841E-05,4.071E-05,2.19517E-05,0.000411323
0.010654,1.4316,0.67,5.6916,0.1406,-0.040375,0.4902,0.0094372,-0.00046709,-0.0018654,0.0012131,0.00053938,0.010658,0.171792,0.0804,0.682992,0.000384609,0.026714,-0.00767125,0.093138,0.000340683,-1.68619E-05,-6.73409E-05,4.37929E-05,1.94716E-05,0.000384754
0.010139,1.4399,0.67,5.6916,0.15081,-0.039955,0.50093,0.0089604,-0.00035049,-0.0015029,0.0013363,0.00057765,0.0099805,0.172788,0.0804,0.682992,0.000366018,0.0286539,-0.00759145,0.0951767,0.00032347,-1.26527E-05,-5.42547E-05,4.82404E-05,2.08532E-05,0.000360296
0.009959,1.4481,0.67,5.6916,0.16176,-0.038942,0.51261,0.0087649,-0.00040705,-0.001746,0.0014974,0.00060309,0.0096557,0.173772,0.0804,0.682992,0.00035952,0.0307344,-0.00739898,0.0973959,0.000316413,-1.46945E-05,-6.30306E-05,5.40561E-05,2.17715E-05,0.000348571
0.0094695,1.4564,0.67,5.6916,0.17196,-0.037779,0.5254,0.0085463,-0.00041932,-0.0019952,0.0016087,0.00054506,0.008784,0.174768,0.0804,0.682992,0.000341849,0.0326724,-0.00717801,0.099826,0.000308521,-1.51375E-05,-7.20267E-05,5.80741E-05,1.96767E-05,0.000317102
0.0089703,1.4647,0.67,5.6916,0.18176,-0.037085,0.53859,0.0080223,-0.00043044,-0.002018,0.0017112,0.00054624,0.0082071,0.175764,0.0804,0.682992,0.000323828,0.0345344,-0.00704615,0.1023321,0.000289605,-1.55389E-05,-7.28498E-05,6.17743E-05,1.97193E-05,0.000296276
0.0086901,1.4729,0.67,5.6916,0.19135,-0.036716,0.55293,0.0076856,-0.00042174,-0.002284,0.0018133,0.00052727,0.0078813,0.176748,0.0804,0.682992,0.000313713,0.0363565,-0.00697604,0.1050567,0.00027745,-1.52248E-05,-8.24524E-05,6.54601E-05,1.90344E-05,0.000284515
0.0079294,1.4812,0.67,5.6916,0.20023,-0.036758,0.56777,0.0069594,-0.00040026,-0.0019928,0.001872,0.00048136,0.0070274,0.177744,0.0804,0.682992,0.000286251,0.0380437,-0.00698402,0.1078763,0.000251234,-1.44494E-05,-7.19401E-05,6.75792E-05,1.73771E-05,0.000253689
0.0075277,1.4894,0.67,5.6916,0.20805,-0.036941,0.58259,0.0064551,-0.00040722,-0.0019709,0.0018822,0.00041348,0.006718,0.178728,0.0804,0.682992,0.00027175,0.0395295,-0.00701879,0.1106921,0.000233029,-1.47006E-05,-7.11495E-05,6.79474E-05,1.49266E-05,0.00024252
0.0070881,1.4977,0.67,5.6916,0.21498,-0.037255,0.59821,0.0062036,-0.00040356,-0.0019264,0.0018475,0.00027398,0.0061252,0.179724,0.0804,0.682992,0.00025588,0.0408462,-0.00707845,0.1136599,0.00022395,-1.45685E-05,-6.9543E-05,6.66948E-05,9.89068E-06,0.00022112
0.0066843,1.5059,0.67,5.6916,0.22163,-0.037775,0.6137,0.0058336,-0.00038938,-0.0017766,0.0017976,0.0001414,0.0057374,0.180708,0.0804,0.682992,0.000241303,0.0421097,-0.00717725,0.116603,0.000210593,-1.40566E-05,-6.41353E-05,6.48934E-05,5.10454E-06,0.00020712
0.0063515,1.5142,0.67,5.6916,0.22786,-0.038135,0.6293,0.0055819,-0.00037238,-0.0017226,0.0017564,3.78E-06,0.0053647,0.181704,0.0804,0.682992,0.000229289,0.0432934,-0.00724565,0.119567,0.000201507,-1.34429E-05,-6.21859E-05,6.3406E-05,1.36548E-07,0.000193666
0.0059517,1.5224,0.67,5.6916,0.23445,-0.038231,0.64447,0.0052172,-0.00036658,-0.0015612,0.0017244,-9.92E-05,0.0049619,0.182688,0.0804,0.682992,0.000214856,0.0445455,-0.00726389,0.1224493,0.000188341,-1.32335E-05,-5.63593E-05,6.22508E-05,-3.58061E-06,0.000179125
0.0056329,1.5307,0.67,5.6916,0.24074,-0.038211,0.65926,0.0048545,-0.00036351,-0.0015022,0.0016936,-0.00016566,0.0047178,0.183684,0.0804,0.682992,0.000203348,0.0457406,-0.00726009,0.1252594,0.000175247,-1.31227E-05,-5.42294E-05,6.1139E-05,-5.98033E-06,0.000170313
0.005367,1.539,0.67,5.6916,0.24529,-0.038559,0.67341,0.0045476,-0.00037418,-0.0013955,0.0016679,-0.00023248,0.0045185,0.18468,0.0804,0.682992,0.000193749,0.0466051,-0.00732621,0.1279479,0.000164168,-1.35079E-05,-5.03776E-05,6.02112E-05,-8.39253E-06,0.000163118
0.005155,1.5472,0.67,5.6916,0.24859,-0.039251,0.68693,0.0042545,-0.00037634,-0.0013261,0.0016378,-0.00035478,0.0044177,0.185664,0.0804,0.682992,0.000186096,0.0472321,-0.00745769,0.1305167,0.000153587,-1.35859E-05,-4.78722E-05,5.91246E-05,-1.28076E-05,0.000159479
0.0049898,1.5555,0.67,5.6916,0.2524,-0.039564,0.70057,0.0040403,-0.00037063,-0.0012757,0.0016054,-0.00052557,0.0043339,0.18666,0.0804,0.682992,0.000180132,0.047956,-0.00751716,0.1331083,0.000145855,-1.33797E-05,-4.60528E-05,5.79549E-05,-1.89731E-05,0.000156454
0.004821,1.5637,0.67,5.6916,0.25651,-0.038997,0.71463,0.0038201,-0.00036639,-0.00119,0.0015798,-0.00070624,0.0042421,0.187644,0.0804,0.682992,0.000174038,0.0487369,-0.00740943,0.1357797,0.000137906,-1.32267E-05,-0.000042959,5.70308E-05,-2.54953E-05,0.00015314
0.0046897,1.572,0.67,5.6916,0.25947,-0.037516,0.72911,0.0036251,-0.00037451,-0.0010456,0.0015647,-0.00085193,0.0041897,0.18864,0.0804,0.682992,0.000169298,0.0492993,-0.00712804,0.1385309,0.000130866,-1.35198E-05,-3.77462E-05,5.64857E-05,-3.07547E-05,0.000151248
0.0045709,1.5802,0.67,5.6916,0.26223,-0.035548,0.74397,0.0034933,-0.00039778,-0.00089295,0.0015636,-0.00093281,0.0040849,0.189624,0.0804,0.682992,0.000165009,0.0498237,-0.00675412,0.1413543,0.000126108,-1.43599E-05,-3.22355E-05,5.6446E-05,-3.36744E-05,0.000147465
0.004463,1.5885,0.67,5.6916,0.26577,-0.033472,0.7588,0.0034045,-0.00042351,-0.00073105,0.0015682,-0.00096627,0.0039533,0.19062,0.0804,0.682992,0.000161114,0.0504963,-0.00635968,0.144172,0.000122902,-1.52887E-05,-2.63909E-05,5.6612E-05,-3.48823E-05,0.000142714
0.0043306,1.5968,0.67,5.6916,0.2688,-0.031621,0.77308,0.0033378,-0.00044497,-0.00057266,0.0015669,-0.00098107,0.0037565,0.191616,0.0804,0.682992,0.000156335,0.051072,-0.00600799,0.1468852,0.000120495,-1.60634E-05,-2.0673E-05,5.65651E-05,-3.54166E-05,0.00013561
0.0041457,1.605,0.67,5.6916,0.27066,-0.030181,0.7863,0.003249,-0.00045514,-0.00041183,0.0015443,-0.00097709,0.0034982,0.1926,0.0804,0.682992,0.00014966,0.0514254,-0.00573439,0.149397,0.000117289,-1.64306E-05,-1.48671E-05,5.57492E-05,-3.52729E-05,0.000126285
0.0039276,1.6133,0.67,5.6916,0.27189,-0.029156,0.79834,0.0031386,-0.00045591,-0.00027274,0.001489,-0.00094358,0.0032277,0.193596,0.0804,0.682992,0.000141786,0.0516591,-0.00553964,0.1516846,0.000113303,-1.64584E-05,-9.84591E-06,5.37529E-05,-3.40632E-05,0.00011652
0.0037288,1.6215,0.67,5.6916,0.27245,-0.028428,0.8089,0.0030618,-0.0004601,-0.00014894,0.0014002,-0.00088939,0.0029956,0.19458,0.0804,0.682992,0.00013461,0.0517655,-0.00540132,0.153691,0.000110531,-1.66096E-05,-5.37673E-06,5.05472E-05,-3.2107E-05,0.000108141
0.0035533,1.6298,0.67,5.6916,0.27241,-0.027825,0.81807,0.0030128,-0.00046951,-8.80E-05,0.0012956,-0.00083238,0.0027982,0.195576,0.0804,0.682992,0.000128274,0.0517579,-0.00528675,0.1554333,0.000108762,-1.69493E-05,-3.17785E-06,4.67712E-05,-3.00489E-05,0.000101015
0.0033803,1.638,0.67,5.6916,0.27172,-0.027018,0.82608,0.0029231,-0.00048517,-6.67E-05,0.0012206,-0.0007819,0.0026169,0.19656,0.0804,0.682992,0.000122029,0.0516268,-0.00513342,0.1569552,0.000105524,-1.75146E-05,-2.40783E-06,4.40637E-05,-2.82266E-05,9.44701E-05
0.0031849,1.6463,0.67,5.6916,0.27018,-0.025817,0.83296,0.0027661,-0.00050232,-5.30E-05,0.0011901,-0.00072268,0.0024138,0.197556,0.0804,0.682992,0.000114975,0.0513342,-0.00490523,0.1582624,9.98562E-05,-1.81338E-05,-1.91492E-06,4.29626E-05,-2.60887E-05,8.71382E-05
0.0030101,1.6545,0.67,5.6916,0.26826,-0.024441,0.83922,0.0026063,-0.0005078,-2.54E-05,0.0011815,-0.00063656,0.0022324,0.19854,0.0804,0.682992,0.000108665,0.0509694,-0.00464379,0.1594518,9.40874E-05,-1.83316E-05,-9.15893E-07,4.26522E-05,-2.29798E-05,8.05896E-05
0.0028687,1.6628,0.67,5.6916,0.26615,-0.023037,0.845,0.0025282,-0.0004894,-2.79E-05,0.0011968,-0.00052168,0.0020123,0.199536,0.0804,0.682992,0.00010356,0.0505685,-0.00437703,0.16055,9.1268E-05,-1.76673E-05,-1.00853E-06,4.32045E-05,-1.88326E-05,7.2644E-05
0.0027188,1.6711,0.67,5.6916,0.26355,-0.021388,0.85019,0.0024737,-0.00044546,-9.53E-05,0.0012425,-0.00038292,0.0017214,0.200532,0.0804,0.682992,9.81487E-05,0.0500745,-0.00406372,0.1615361,8.93006E-05,-1.60811E-05,-3.43954E-06,4.48543E-05,-1.38234E-05,6.21425E-05
0.0025402,1.6793,0.67,5.6916,0.26043,-0.019297,0.85539,0.0023556,-0.00039995,-0.00018382,0.0012877,-0.00024156,0.0014371,0.201516,0.0804,0.682992,9.17012E-05,0.0494817,-0.00366643,0.1625241,8.50372E-05,-1.44382E-05,-6.6359E-06,4.6486E-05,-8.72032E-06,5.18793E-05
0.0023825,1.6876,0.67,5.6916,0.25699,-0.016739,0.86093,0.0022209,-0.00035672,-0.00025704,0.0012908,-0.00014319,0.0012532,0.202512,0.0804,0.682992,8.60083E-05,0.0488281,-0.00318041,0.1635767,8.01745E-05,-1.28776E-05,-9.27914E-06,4.65979E-05,-5.16916E-06,4.52405E-05
0.0022985,1.6958,0.67,5.6916,0.2536,-0.013929,0.86754,0.0021952,-0.00031653,-0.00028394,0.0012388,-0.00010199,0.0011629,0.203496,0.0804,0.682992,8.29759E-05,0.048184,-0.00264651,0.1648326,7.92467E-05,-1.14267E-05,-1.02502E-05,4.47207E-05,-3.68184E-06,4.19807E-05
0.0022607,1.7041,0.67,5.6916,0.25036,-0.011382,0.87573,0.0022389,-0.00030098,-0.00028385,0.0011555,-0.00010338,0.0011269,0.204492,0.0804,0.682992,8.16113E-05,0.0475684,-0.00216258,0.1663887,8.08243E-05,-1.08654E-05,-1.0247E-05,4.17136E-05,-3.73202E-06,4.06811E-05
0.0022262,1.7123,0.67,5.6916,0.24707,-0.0095381,0.88412,0.0022604,-0.00030951,-0.00026933,0.0010781,-0.00013388,0.0011139,0.205476,0.0804,0.682992,8.03658E-05,0.0469433,-0.001812239,0.1679828,8.16004E-05,-1.11733E-05,-9.72281E-06,3.89194E-05,-4.83307E-06,4.02118E-05
0.0022004,1.7206,0.67,5.6916,0.24351,-0.0083175,0.89164,0.0022499,-0.00033471,-0.00025003,0.0010285,-0.00015434,0.0011223,0.206472,0.0804,0.682992,7.94344E-05,0.0462669,-0.001580325,0.1694116,8.12214E-05,-1.2083E-05,-9.02608E-06,3.71289E-05,-5.57167E-06,4.0515E-05
0.0022167,1.7289,0.67,5.6916,0.23983,-0.0072098,0.8989,0.002226,-0.00036747,-0.00022324,0.0010228,-0.00013145,0.0011845,0.207468,0.0804,0.682992,8.00229E-05,0.0455677,-0.001369862,0.170791,8.03586E-05,-1.32657E-05,-8.05896E-06,3.69231E-05,-4.74535E-06,4.27605E-05
0.0022984,1.7371,0.67,5.6916,0.23636,-0.0059281,0.90599,0.0022477,-0.00040251,-0.00015761,0.0010523,-0.0001017,0.0012969,0.208452,0.0804,0.682992,8.29722E-05,0.0449084,-0.001126339,0.1721381,8.1142E-05,-1.45306E-05,-5.68972E-06,3.7988E-05,-3.67137E-06,4.68181E-05
0.002424,1.7454,0.67,5.6916,0.23306,-0.0046158,0.9117,0.0023117,-0.0004479,-3.34E-05,0.0010885,-0.00011403,0.0014478,0.209448,0.0804,0.682992,8.75064E-05,0.0442814,-0.000877002,0.173223,8.34524E-05,-1.61692E-05,-1.2056E-06,3.92949E-05,-4.11648E-06,5.22656E-05
0.0025663,1.7536,0.67,5.6916,0.22972,-0.0035071,0.9159,0.002384,-0.00050289,0.00013904,0.0011251,-0.00013894,0.0016235,0.210432,0.0804,0.682992,9.26434E-05,0.0436468,-0.000666349,0.174021,8.60624E-05,-1.81543E-05,5.01934E-06,4.06161E-05,-5.01573E-06,5.86084E-05
0.0026576,1.7619,0.67,5.6916,0.22662,-0.0026597,0.91994,0.0024698,-0.00055144,0.00029126,0.001159,-0.00012492,0.0016863,0.211428,0.0804,0.682992,9.59394E-05,0.0430578,-0.000505343,0.1747886,8.91598E-05,-1.9907E-05,1.05145E-05,4.18399E-05,-4.50961E-06,6.08754E-05
0.0026615,1.7701,0.67,5.6916,0.22417,-0.0020091,0.92557,0.0025808,-0.00058325,0.00037555,0.001206,-5.87E-05,0.0015361,0.212412,0.0804,0.682992,9.60802E-05,0.0425923,-0.000381729,0.1758583,9.31669E-05,-2.10553E-05,1.35574E-05,4.35366E-05,-2.11889E-06,5.54532E-05
0.0026321,1.7784,0.67,5.6916,0.22223,-0.0012809,0.9322,0.0026946,-0.00060669,0.00040063,0.0012892,-3.05E-07,0.0012804,0.213408,0.0804,0.682992,9.50188E-05,0.0422237,-0.000243371,0.177118,9.72751E-05,-2.19015E-05,1.44627E-05,4.65401E-05,-1.10008E-08,4.62224E-05
0.0026149,1.7866,0.67,5.6916,0.2203,0.0002276,0.93863,0.002735,-0.00063979,0.00038205,0.0013913,3.25E-05,0.0011035,0.214392,0.0804,0.682992,9.43979E-05,0.041857,0.000043244,0.1783397,9.87335E-05,-2.30964E-05,1.3792E-05,5.02259E-05,1.17242E-06,3.98364E-05
0.0025971,1.7949,0.67,5.6916,0.21804,0.0027319,0.9444,0.0027046,-0.00068212,0.000337,0.0014775,5.72E-05,0.0010121,0.215388,0.0804,0.682992,9.37553E-05,0.0414276,0.000519061,0.179436,9.76361E-05,-2.46245E-05,1.21657E-05,5.33378E-05,2.06481E-06,3.65368E-05
0.0025753,1.8032,0.67,5.6916,0.21549,0.0053373,0.94991,0.0026724,-0.00071636,0.00027717,0.0015559,7.31E-05,0.0009222,0.216384,0.0804,0.682992,9.29683E-05,0.0409431,0.001014087,0.1804829,9.64736E-05,-2.58606E-05,1.00058E-05,5.6168E-05,2.63761E-06,3.32914E-05
0.0025501,1.8114,0.67,5.6916,0.21275,0.006926,0.95524,0.0026508,-0.00073609,0.00020532,0.0016252,7.78E-05,0.00082422,0.217368,0.0804,0.682992,9.20586E-05,0.0404225,0.00131594,0.1814956,9.56939E-05,-2.65728E-05,7.41205E-06,5.86697E-05,2.80937E-06,2.97543E-05
0.0025134,1.8197,0.67,5.6916,0.20994,0.0070542,0.96015,0.0026236,-0.00073661,0.00013765,0.0016513,5.08E-05,0.00075185,0.218364,0.0804,0.682992,9.07337E-05,0.0398886,0.001340298,0.1824285,9.4712E-05,-2.65916E-05,4.96917E-06,5.96119E-05,1.83247E-06,2.71418E-05
0.0024712,1.8279,0.67,5.6916,0.20719,0.0058907,0.96505,0.0025814,-0.0007312,8.28E-05,0.0016349,1.51E-05,0.00072613,0.219348,0.0804,0.682992,8.92103E-05,0.0393661,0.001119233,0.1833595,9.31885E-05,-2.63963E-05,2.98785E-06,5.90199E-05,5.43774E-07,2.62133E-05
0.0024575,1.8362,0.67,5.6916,0.2045,0.0041519,0.9704,0.0025297,-0.00072237,5.86E-05,0.0016017,-2.77E-05,0.00078353,0.220344,0.0804,0.682992,8.87158E-05,0.038855,0.000788861,0.184376,9.13222E-05,-2.60776E-05,2.11416E-06,5.78214E-05,-1.00163E-06,2.82854E-05
0.0024608,1.8446,0.67,5.6916,0.20167,0.0026239,0.976,0.0024654,-0.00070886,6.46E-05,0.0015746,-6.16E-05,0.00088163,0.221352,0.0804,0.682992,8.88349E-05,0.0383173,0.000498541,0.18544,8.90009E-05,-2.55898E-05,2.33285E-06,5.68431E-05,-2.22206E-06,3.18268E-05
0.0024646,1.8534,0.67,5.6916,0.19856,0.0019654,0.98183,0.0023824,-0.00070117,0.00013179,0.0015762,-0.00011617,0.00097052,0.222408,0.0804,0.682992,8.89721E-05,0.0377264,0.000373426,0.1865477,8.60046E-05,-2.53122E-05,4.75762E-06,5.69008E-05,-4.19374E-06,3.50358E-05
0.0024527,1.8626,0.67,5.6916,0.19511,0.002614,0.98775,0.0022735,-0.00069364,0.0002639,0.0015733,-0.0002253,0.0010585,0.223512,0.0804,0.682992,8.85425E-05,0.0370709,0.00049666,0.1876725,8.20734E-05,-2.50404E-05,9.52679E-06,5.67961E-05,-8.13333E-06,3.82119E-05
0.0024466,1.8723,0.67,5.6916,0.19139,0.0041791,0.99307,0.0021456,-0.00067062,0.00041203,0.0015676,-0.00035245,0.0011801,0.224676,0.0804,0.682992,8.83223E-05,0.0363641,0.000794029,0.1886833,7.74562E-05,-2.42094E-05,1.48743E-05,5.65904E-05,-1.27234E-05,4.26016E-05
0.0024873,1.8824,0.67,5.6916,0.18755,0.0056907,0.99788,0.002021,-0.00062941,0.00054728,0.0015765,-0.00050113,0.001377,0.225888,0.0804,0.682992,8.97915E-05,0.0356345,0.001081233,0.1895972,7.29581E-05,-2.27217E-05,1.97568E-05,5.69117E-05,-1.80908E-05,4.97097E-05
0.0025242,1.8931,0.67,5.6916,0.18366,0.0073484,1.0021,0.0019077,-0.00057815,0.00064915,0.0015653,-0.00064784,0.0015756,0.227172,0.0804,0.682992,9.11236E-05,0.0348954,0.001396196,0.190399,6.8868E-05,-2.08712E-05,2.34343E-05,5.65073E-05,-2.3387E-05,5.68792E-05
0.0025188,1.9042,0.67,5.6916,0.17959,0.0082779,1.0057,0.0018081,-0.00055233,0.00060537,0.0015386,-0.00076642,0.001691,0.228504,0.0804,0.682992,9.09287E-05,0.0341221,0.001572801,0.191083,6.52724E-05,-1.99391E-05,2.18539E-05,5.55435E-05,-2.76678E-05,6.10451E-05
0.0025222,1.9159,0.67,5.6916,0.1753,0.0081808,1.0091,0.0017327,-0.00059512,0.00047342,0.0015594,-0.00076253,0.0017523,0.229908,0.0804,0.682992,9.10514E-05,0.033307,0.001554352,0.191729,6.25505E-05,-2.14838E-05,1.70905E-05,5.62943E-05,-2.75273E-05,6.3258E-05
0.0025836,1.9282,0.67,5.6916,0.17073,0.0083395,1.0146,0.0017237,-0.00065429,0.00031652,0.0016368,-0.00076745,0.0018067,0.231384,0.0804,0.682992,9.3268E-05,0.0324387,0.001584505,0.192774,6.22256E-05,-2.36199E-05,1.14264E-05,5.90885E-05,-2.77049E-05,6.52219E-05
0.0027012,1.941,0.67,5.6916,0.16572,0.0094653,1.0189,0.0017854,-0.00068656,0.00026641,0.0016462,-0.0007967,0.0019708,0.23292,0.0804,0.682992,9.75133E-05,0.0314868,0.001798407,0.193591,6.44529E-05,-2.47848E-05,9.6174E-06,5.94278E-05,-2.87609E-05,7.11459E-05
0.0028492,1.9545,0.67,5.6916,0.16045,0.0091867,1.0205,0.0018482,-0.00066718,0.00032803,0.0015657,-0.0007834,0.0022846,0.23454,0.0804,0.682992,0.000102856,0.0304855,0.001745473,0.193895,6.672E-05,-2.40852E-05,1.18419E-05,5.65218E-05,-2.82807E-05,8.24741E-05
0.0028695,1.9686,0.67,5.6916,0.15522,0.0087441,1.0205,0.0018718,-0.00053714,0.00019429,0.0014835,-0.00079581,0.0023836,0.236232,0.0804,0.682992,0.000103589,0.0294918,0.001661379,0.193895,6.7572E-05,-1.93908E-05,7.01387E-06,5.35544E-05,-2.87287E-05,8.6048E-05
0.0027753,1.9833,0.67,5.6916,0.14986,0.0088479,1.0257,0.0018505,-0.00030132,0.00011356,0.0012637,-0.00071942,0.0024365,0.237996,0.0804,0.682992,0.000100188,0.0284734,0.001681101,0.194883,6.68031E-05,-1.08777E-05,4.09952E-06,4.56196E-05,-2.59711E-05,8.79577E-05
0.0025679,1.9988,0.67,5.6916,0.14403,0.011531,1.028,0.0017998,-8.65E-05,-1.06E-05,0.0012111,-0.0006056,0.0021248,0.239856,0.0804,0.682992,9.27012E-05,0.0273657,0.00219089,0.19532,6.49728E-05,-3.12135E-06,-3.82155E-07,4.37207E-05,-2.18622E-05,7.67053E-05
0.0025152,2.0149,0.67,5.6916,0.13855,0.012535,1.0282,0.0017221,3.19E-05,-4.90E-05,0.001277,-0.00059538,0.0020312,0.241788,0.0804,0.682992,9.07987E-05,0.0263245,0.00238165,0.195358,6.21678E-05,1.15275E-06,-1.76749E-06,4.60997E-05,-2.14932E-05,7.33263E-05
0.0026231,2.0319,0.67,5.6916,0.13361,0.012923,1.0253,0.0015863,6.89E-05,-0.00011991,0.0013572,-0.000454,0.0023027,0.243828,0.0804,0.682992,9.46939E-05,0.0253859,0.00245537,0.194807,5.72654E-05,2.48877E-06,-4.32875E-06,4.89949E-05,-1.63894E-05,8.31275E-05
0.0024914,2.0496,0.67,5.6916,0.12839,0.0090483,1.0202,0.0014434,6.36E-05,-0.00013438,0.0011424,-0.00019737,0.0023969,0.245952,0.0804,0.682992,8.99395E-05,0.0243941,0.001719177,0.193838,5.21067E-05,2.2948E-06,-4.85112E-06,4.12406E-05,-7.12506E-06,8.65281E-05
0.0028977,2.0681,0.67,5.6916,0.12247,0.0051307,1.0189,0.0014314,7.55E-05,0.00032279,0.00084916,0.00014182,0.0035149,0.248172,0.0804,0.682992,0.000104607,0.0232693,0.000974833,0.193591,5.16735E-05,2.72494E-06,1.16527E-05,3.06547E-05,5.1197E-06,0.000126888
0.0036282,2.0875,0.67,5.6916,0.1157,0.0046559,1.0097,0.0015918,-1.20E-05,0.00080202,0.00081143,7.80E-05,0.0048531,0.2505,0.0804,0.682992,0.000130978,0.021983,0.000884621,0.191843,5.7464E-05,-4.34355E-07,2.89529E-05,2.92926E-05,2.81706E-06,0.000175197
0.0043718,2.1078,0.67,5.6916,0.1087,0.0038364,1.0042,0.0018449,-0.00018732,0.0015245,0.00069066,-0.00022882,0.006208,0.252936,0.0804,0.682992,0.000157822,0.020653,0.000728916,0.190798,6.66009E-05,-6.76225E-06,5.50345E-05,2.49328E-05,-8.2604E-06,0.000224109
0.0050581,2.129,0.67,5.6916,0.1021,0.010476,1.0018,0.002094,-0.00028798,0.0022566,0.00072364,-0.00029237,0.0072985,0.25548,0.0804,0.682992,0.000182597,0.019399,0.00199044,0.190342,7.55934E-05,-1.03961E-05,8.14633E-05,2.61234E-05,-1.05546E-05,0.000263476
0.00484,2.1511,0.67,5.6916,0.097384,0.016088,0.99474,0.0022025,-0.00014611,0.0022523,0.00086748,-5.23E-05,0.00661,0.258132,0.0804,0.682992,0.000174724,0.01850296,0.00305672,0.1890006,7.95103E-05,-5.27457E-06,8.1308E-05,3.1316E-05,-1.88922E-06,0.000238621
0.0039746,2.1743,0.67,5.6916,0.094234,0.019471,0.99611,0.0021247,6.48E-05,0.0017737,0.0010104,0.00014974,0.0048141,0.260916,0.0804,0.682992,0.000143483,0.01790446,0.00369949,0.1892609,7.67017E-05,2.33899E-06,6.40306E-05,3.64754E-05,5.40561E-06,0.000173789
0.0036,2.1984,0.67,5.6916,0.088611,0.021543,1.0011,0.001927,0.00011414,0.0016676,0.00099507,1.13E-05,0.0042779,0.263808,0.0804,0.682992,0.00012996,0.01683609,0.00409317,0.190209,6.95647E-05,4.12045E-06,6.02004E-05,3.5922E-05,4.08796E-07,0.000154432
0.0039141,2.2237,0.67,5.6916,0.080404,0.025496,0.98275,0.0017438,0.00036963,0.0016757,0.0015946,0.00061365,0.0044899,0.266844,0.0804,0.682992,0.000141299,0.01527676,0.00484424,0.1867225,6.29512E-05,1.33436E-05,6.04928E-05,5.75651E-05,2.21528E-05,0.000162085
0.0049525,2.2501,0.67,5.6916,0.072756,0.032289,0.96197,0.0018197,0.00061622,0.0015564,0.0022029,0.0013056,0.0058825,0.270012,0.0804,0.682992,0.000178785,0.01382364,0.00613491,0.1827743,6.56912E-05,2.22455E-05,5.6186E-05,7.95247E-05,4.71322E-05,0.000212358
0.0050894,2.2776,0.67,5.6916,0.065142,0.034924,0.95656,0.0020601,0.00051151,0.001553,0.0019774,0.00072368,0.0061413,0.273312,0.0804,0.682992,0.000183727,0.01237698,0.00663556,0.1817464,7.43696E-05,1.84655E-05,5.60633E-05,7.13841E-05,2.61248E-05,0.000221701
0.0049771,2.3063,0.67,5.6916,0.057457,0.038291,0.94327,0.002228,0.00030073,0.0012771,0.0017135,-0.00045378,0.0060127,0.276756,0.0804,0.682992,0.000179673,0.01091683,0.00727529,0.1792213,8.04308E-05,1.08564E-05,4.61033E-05,6.18574E-05,-1.63815E-05,0.000217058
0.0059229,2.3362,0.67,5.6916,0.047393,0.049765,0.92915,0.0023821,0.00038346,0.0014726,0.0018601,-0.00054338,0.0076035,0.280344,0.0804,0.682992,0.000213817,0.00900467,0.00945535,0.1765385,8.59938E-05,1.38429E-05,5.31609E-05,6.71496E-05,-1.9616E-05,0.000274486
0.0055974,2.3674,0.67,5.6916,0.03556,0.060108,0.90272,0.0023979,0.00058699,0.0016901,0.002509,0.00016531,0.0062879,0.284088,0.0804,0.682992,0.000202066,0.0067564,0.01142052,0.1715168,8.65642E-05,2.11903E-05,6.10126E-05,9.05749E-05,5.96769E-06,0.000226993
0.0053919,2.3999,0.67,5.6916,0.026143,0.067254,0.87287,0.0019296,0.00067545,0.0014687,0.0037963,0.00029094,0.005058,0.287988,0.0804,0.682992,0.000194648,0.00496717,0.01277826,0.1658453,6.96586E-05,2.43837E-05,5.30201E-05,0.000137046,1.05029E-05,0.000182594
0.0051775,2.4338,0.67,5.6916,0.016276,0.076116,0.83667,0.0010918,0.00043444,0.0012545,0.0036504,0.00053426,0.0056128,0.292056,0.0804,0.682992,0.000186908,0.00309244,0.01446204,0.1589673,3.9414E-05,1.56833E-05,4.52875E-05,0.000131779,1.92868E-05,0.000202622
0.0036378,2.4691,0.67,5.6916,0.0066192,0.071761,0.72125,0.00034617,7.04E-05,0.00062378,0.0021281,0.00076833,0.0048014,0.296292,0.0804,0.682992,0.000131325,0.001257648,0.01363459,0.1370375,1.24967E-05,2.54115E-06,2.25185E-05,7.68244E-05,2.77367E-05,0.000173331
0.0013831,2.5058,0.67,5.6916,0.0019839,0.031588,0.31741,2.18E-05,1.22E-05,0.00010921,0.00081331,0.00030636,0.0019312,0.300696,0.0804,0.682992,4.99299E-05,0.000376941,0.00600172,0.0603079,7.86222E-07,4.38615E-07,3.94248E-06,2.93605E-05,1.10596E-05,6.97163E-05
4.36E-08,2.544,0.67,5.6916,0.0006239,1.35E-13,-1.74E-17,8.71E-08,1.88E-17,-9.17E-22,4.04E-27,-1.98E-31,3.00E-35,0.30528,0.0804,0.682992,1.57234E-09,0.000118541,2.5574E-14,-3.30277E-18,3.14463E-09,6.77164E-19,-3.31142E-23,1.45815E-28,-7.13336E-33,1.08394E-36
0,2.5837,0.67,5.6916,0,0,0,0,0,0,0,0,0,0.310044,0.0804,0.682992,0,0,0,0,0,0,0,0,0,0
0,2.625,0.67,5.6916,0,0,0,0,0,0,0,0,0,0.315,0.0804,0.682992,0,0,0,0,0,0,0,0,0,0
0,-0.125,0.67,5.7,0,0,0,0,0,0,0,0,0,-0.015,0.0804,0.684,0,0,0,0,0,0,0,0,0,0
0,-0.083719,0.67,5.7,0,0,0,0,0,0,0,0,0,-0.01004628,0.0804,0.684,0,0,0,0,0,0,0,0,0,0
3.60E-08,-0.044001,0.67,5.7,-0.00024534,-6.87E-14,1.76E-17,7.20E-08,2.02E-17,-4.21E-21,5.65E-27,-1.18E-30,2.83E-34,-0.00528012,0.0804,0.684,1.29924E-09,-4.66146E-05,-1.30458E-14,3.34913E-18,2.59844E-09,7.27993E-19,-1.52089E-22,2.03954E-28,-4.25908E-32,1.02156E-35
0.00098228,-0.0058053,0.67,5.7,-0.0026016,0.025324,0.39797,1.06E-05,-2.60E-05,-3.32E-05,0.00080704,-0.00020338,0.0011469,-0.000696636,0.0804,0.684,3.54603E-05,-0.000494304,0.00481156,0.0756143,3.84357E-07,-9.373E-07,-1.19838E-06,2.91341E-05,-7.34202E-06,4.14031E-05
0.0025605,0.030909,0.67,5.7,-0.011469,0.057305,0.90035,0.00016877,-0.00015245,-0.00018979,0.002095,-0.0005216,0.0028572,0.00370908,0.0804,0.684,9.24341E-05,-0.00217911,0.01088795,0.1710665,6.0926E-06,-5.50345E-06,-6.85142E-06,7.56295E-05,-1.88298E-05,0.000103145
0.0026221,0.066184,0.67,5.7,-0.025483,0.051924,1.0178,0.00043542,-0.00023409,-9.55E-05,0.0018335,-0.00060011,0.0029753,0.00794208,0.0804,0.684,9.46578E-05,-0.00484177,0.00986556,0.193382,1.57187E-05,-8.45065E-06,-3.44741E-06,6.61894E-05,-2.1664E-05,0.000107408
0.0024548,0.10006,0.67,5.7,-0.040712,0.038328,1.0521,0.00055204,-0.00023022,1.82E-05,0.0014678,-0.00070831,0.0028898,0.0120072,0.0804,0.684,8.86183E-05,-0.00773528,0.00728232,0.199899,1.99286E-05,-8.31094E-06,6.57525E-07,5.29876E-05,-2.557E-05,0.000104322
0.0030194,0.13258,0.67,5.7,-0.051328,0.031078,1.0696,0.00054992,-0.00014879,-6.29E-05,0.0013796,-0.00088663,0.0041093,0.0159096,0.0804,0.684,0.000109,-0.00975232,0.00590482,0.203224,1.98521E-05,-5.37132E-06,-2.26979E-06,4.98036E-05,-3.20073E-05,0.000148346
0.0027259,0.16379,0.67,5.7,-0.054179,0.019839,1.0855,0.00062682,-5.13E-05,-0.0002085,0.00097648,-0.00069577,0.0038486,0.0196548,0.0804,0.684,9.8405E-05,-0.01029401,0.00376941,0.206245,2.26282E-05,-1.85225E-06,-7.52685E-06,3.52509E-05,-2.51173E-05,0.000138934
0.0025246,0.19372,0.67,5.7,-0.055831,0.019574,1.096,0.00082605,2.64E-07,-0.00038968,0.0010907,-0.00064274,0.0031326,0.0232464,0.0804,0.684,9.11381E-05,-0.01060789,0.00371906,0.20824,2.98204E-05,9.52896E-09,-1.40674E-05,3.93743E-05,-2.32029E-05,0.000113087
0.0034862,0.22242,0.67,5.7,-0.059137,0.026547,1.0977,0.0011361,5.52E-05,-0.00076183,0.001105,-0.00064295,0.0047312,0.0266904,0.0804,0.684,0.000125852,-0.01123603,0.00504393,0.208563,4.10132E-05,1.99092E-06,-2.75021E-05,3.98905E-05,-2.32105E-05,0.000170796
0.0030696,0.24993,0.67,5.7,-0.064906,0.027358,1.1027,0.0013331,0.0001553,-0.00084607,0.0010912,-0.00017827,0.0037149,0.0299916,0.0804,0.684,0.000110813,-0.01233214,0.00519802,0.209513,4.81249E-05,5.60633E-06,-3.05431E-05,3.93923E-05,-6.43555E-06,0.000134108
0.0024529,0.27629,0.67,5.7,-0.072304,0.026647,1.1044,0.0013258,0.00012068,-0.00084941,0.0013795,-0.00030619,0.0022006,0.0331548,0.0804,0.684,8.85497E-05,-0.01373776,0.00506293,0.209836,4.78614E-05,4.35655E-06,-3.06637E-05,4.98E-05,-1.10535E-05,7.94417E-05
0.0032519,0.30154,0.67,5.7,-0.079273,0.022317,1.1066,0.0014207,4.90E-05,-0.00097808,0.0018934,-0.0010858,0.0031896,0.0361848,0.0804,0.684,0.000117394,-0.01506187,0.00424023,0.210254,5.12873E-05,1.76832E-06,-3.53087E-05,6.83517E-05,-3.91974E-05,0.000115145
0.0033544,0.32572,0.67,5.7,-0.08576,0.016225,1.1073,0.0015496,0.00011193,-0.00080775,0.0016229,-0.0012451,0.0035364,0.0390864,0.0804,0.684,0.000121094,-0.0162944,0.00308275,0.210387,5.59406E-05,4.04067E-06,-2.91598E-05,5.85867E-05,-4.49481E-05,0.000127664
0.0026665,0.34887,0.67,5.7,-0.090805,0.01869,1.105,0.0015273,8.96E-05,-0.00027098,0.0010818,-0.00061412,0.0027238,0.0418644,0.0804,0.684,9.62607E-05,-0.01725295,0.0035511,0.20995,5.51355E-05,3.23369E-06,-9.78238E-06,3.9053E-05,-2.21697E-05,9.83292E-05
0.0023086,0.37102,0.67,5.7,-0.096041,0.026561,1.1071,0.0014884,0.00013632,-0.00017597,0.0011307,-0.00044746,0.0019982,0.0445224,0.0804,0.684,8.33405E-05,-0.01824779,0.00504659,0.210349,5.37312E-05,4.92115E-06,-6.35252E-06,4.08183E-05,-1.61533E-05,7.2135E-05
0.0025406,0.39221,0.67,5.7,-0.10296,0.034052,1.107,0.0015615,0.00025973,-0.00047867,0.0012214,-0.00080181,0.0022984,0.0470652,0.0804,0.684,9.17157E-05,-0.0195624,0.00646988,0.21033,5.63702E-05,9.37625E-06,-1.728E-05,4.40925E-05,-2.89453E-05,8.29722E-05
0.0030705,0.41248,0.67,5.7,-0.10863,0.0377,1.0979,0.0017736,0.00047148,-0.00073866,0.0013415,-0.0011202,0.003026,0.0494976,0.0804,0.684,0.000110845,-0.0206397,0.007163,0.208601,6.4027E-05,1.70204E-05,-2.66656E-05,4.84282E-05,-4.04392E-05,0.000109239
0.0037515,0.43187,0.67,5.7,-0.11241,0.039514,1.0935,0.0020301,0.00062564,-0.0010012,0.0015605,-0.0013857,0.0039124,0.0518244,0.0804,0.684,0.000135429,-0.0213579,0.00750766,0.207765,7.32866E-05,2.25856E-05,-3.61433E-05,5.63341E-05,-5.00238E-05,0.000141238
0.0040247,0.4504,0.67,5.7,-0.11714,0.039229,1.0895,0.0021269,0.00052087,-0.00059954,0.0016745,-0.0014723,0.0042481,0.054048,0.0804,0.684,0.000145292,-0.0222566,0.00745351,0.207005,7.67811E-05,1.88034E-05,-2.16434E-05,6.04495E-05,-5.315E-05,0.000153356
0.0036427,0.46812,0.67,5.7,-0.1239,0.035918,1.092,0.0019668,0.00023754,-0.00028118,0.0015554,-0.0013307,0.0037631,0.0561744,0.0804,0.684,0.000131501,-0.023541,0.00682442,0.20748,7.10015E-05,8.57519E-06,-1.01506E-05,5.61499E-05,-4.80383E-05,0.000135848
0.0028882,0.48504,0.67,5.7,-0.13195,0.031897,1.0923,0.0016827,-4.74E-05,-0.00013181,0.0013485,-0.00097155,0.0027453,0.0582048,0.0804,0.684,0.000104264,-0.0250705,0.00606043,0.207537,6.07455E-05,-1.71186E-06,-4.75834E-06,4.86809E-05,-3.5073E-05,9.91053E-05
0.0026292,0.50122,0.67,5.7,-0.1398,0.028318,1.0967,0.0014394,-0.00020787,-0.00017319,0.0012842,-0.00080698,0.0025348,0.0601464,0.0804,0.684,9.49141E-05,-0.026562,0.00538042,0.208373,5.19623E-05,-7.50411E-06,-6.25216E-06,4.63596E-05,-2.9132E-05,9.15063E-05
0.0026502,0.51667,0.67,5.7,-0.14656,0.025935,1.1017,0.0012984,-0.00024803,-0.00031661,0.0012902,-0.00059357,0.0027118,0.0620004,0.0804,0.684,9.56722E-05,-0.0278464,0.00492765,0.209323,4.68722E-05,-8.95388E-06,-1.14296E-05,4.65762E-05,-2.14279E-05,9.7896E-05
0.0024607,0.53142,0.67,5.7,-0.15235,0.021742,1.1044,0.0012973,-0.00017073,-0.00043042,0.0012656,-0.00024622,0.0023585,0.0637704,0.0804,0.684,8.88313E-05,-0.0289465,0.00413098,0.209836,4.68325E-05,-6.16335E-06,-1.55382E-05,4.56882E-05,-8.88854E-06,8.51419E-05
0.0023471,0.54551,0.67,5.7,-0.15717,0.017563,1.1042,0.0014391,-9.39E-05,-0.00061395,0.0013611,-6.54E-05,0.001894,0.0654612,0.0804,0.684,8.47303E-05,-0.0298623,0.00333697,0.209798,5.19515E-05,-3.38997E-06,-2.21636E-05,4.91357E-05,-2.35986E-06,6.83734E-05
0.0024943,0.55896,0.67,5.7,-0.16085,0.013379,1.1032,0.0016921,4.95E-05,-0.00083974,0.0015063,-0.00012095,0.0017902,0.0670752,0.0804,0.684,9.00442E-05,-0.0305615,0.00254201,0.209608,6.10848E-05,1.78634E-06,-3.03146E-05,5.43774E-05,-4.3663E-06,6.46262E-05
0.0028136,0.5718,0.67,5.7,-0.1642,0.010322,1.1008,0.0020239,0.00028418,-0.001101,0.001616,-0.00024158,0.0019873,0.068616,0.0804,0.684,0.000101571,-0.031198,0.00196118,0.209152,7.30628E-05,1.02589E-05,-3.97461E-05,5.83376E-05,-8.72104E-06,7.17415E-05
0.0030819,0.58405,0.67,5.7,-0.16829,0.0070096,1.0971,0.0022986,0.00047925,-0.0012563,0.0016983,-0.00031196,0.0021669,0.070086,0.0804,0.684,0.000111257,-0.0319751,0.001331824,0.208449,8.29795E-05,1.73009E-05,-4.53524E-05,6.13086E-05,-1.12618E-05,7.82251E-05
0.0031488,0.59575,0.67,5.7,-0.17335,0.0014841,1.0971,0.0023905,0.00055572,-0.0012571,0.0016584,-0.00037626,0.0022488,0.07149,0.0804,0.684,0.000113672,-0.0329365,0.000281979,0.208449,8.62971E-05,2.00615E-05,-4.53813E-05,5.98682E-05,-1.3583E-05,8.11817E-05
0.0030673,0.6069,0.67,5.7,-0.1791,-0.0035788,1.1002,0.002335,0.0004969,-0.0011756,0.0014967,-0.00046432,0.0023029,0.072828,0.0804,0.684,0.00011073,-0.034029,-0.000679972,0.209038,8.42935E-05,1.79381E-05,-4.24392E-05,5.40309E-05,-1.6762E-05,8.31347E-05
0.0029707,0.61755,0.67,5.7,-0.18508,-0.0076101,1.1065,0.002205,0.00036843,-0.0010733,0.0013193,-0.00057076,0.002417,0.074106,0.0804,0.684,0.000107242,-0.0351652,-0.001445919,0.210235,7.96005E-05,1.33003E-05,-3.87461E-05,4.76267E-05,-2.06044E-05,8.72537E-05
0.0028077,0.6277,0.67,5.7,-0.19091,-0.010475,1.1102,0.0020304,0.0002103,-0.00090858,0.0011723,-0.00060384,0.0024127,0.075324,0.0804,0.684,0.000101358,-0.0362729,-0.00199025,0.210938,7.32974E-05,7.59183E-06,-3.27997E-05,4.232E-05,-2.17986E-05,8.70985E-05
0.0026254,0.63738,0.67,5.7,-0.19659,-0.012601,1.112,0.0018357,5.56E-05,-0.00073183,0.0010788,-0.00062897,0.0023362,0.0764856,0.0804,0.684,9.47769E-05,-0.0373521,-0.00239419,0.21128,6.62688E-05,2.00767E-06,-2.64191E-05,3.89447E-05,-2.27058E-05,8.43368E-05
0.002444,0.64661,0.67,5.7,-0.20231,-0.014428,1.1139,0.0016565,-5.44E-05,-0.00050203,0.0010212,-0.00067917,0.0022102,0.0775932,0.0804,0.684,8.82284E-05,-0.0384389,-0.00274132,0.211641,5.97997E-05,-1.96359E-06,-1.81233E-05,3.68653E-05,-2.4518E-05,7.97882E-05
0.0022888,0.65542,0.67,5.7,-0.20792,-0.015851,1.1167,0.0015054,-0.00011737,-0.0002744,0.00097192,-0.00072607,0.0021002,0.0786504,0.0804,0.684,8.26257E-05,-0.0395048,-0.00301169,0.212173,5.43449E-05,-4.23706E-06,-9.90584E-06,3.50863E-05,-2.62111E-05,7.58172E-05
0.0022116,0.66381,0.67,5.7,-0.21304,-0.016944,1.1194,0.0014081,-0.00015581,-7.51E-05,0.00092704,-0.00076631,0.002088,0.0796572,0.0804,0.684,7.98388E-05,-0.0404776,-0.00321936,0.212686,5.08324E-05,-5.62474E-06,-2.71086E-06,3.34661E-05,-2.76638E-05,7.53768E-05
0.0022027,0.67207,0.67,5.7,-0.21748,-0.018111,1.1196,0.0013906,-0.00017917,8.18E-05,0.00089557,-0.00077488,0.0021193,0.0806484,0.0804,0.684,7.95175E-05,-0.0413212,-0.00344109,0.212724,5.02007E-05,-6.46804E-06,2.95294E-06,3.23301E-05,-2.79732E-05,7.65067E-05
0.0022906,0.68032,0.67,5.7,-0.22132,-0.019334,1.1176,0.0014366,-0.00019466,0.00017229,0.00091623,-0.00077909,0.0022283,0.0816384,0.0804,0.684,8.26907E-05,-0.0420508,-0.00367346,0.212344,5.18613E-05,-7.02723E-06,6.21967E-06,3.30759E-05,-2.81251E-05,8.04416E-05
0.0024113,0.68858,0.67,5.7,-0.22472,-0.020177,1.1141,0.001516,-0.00020925,0.00022594,0.00099136,-0.00078571,0.0023153,0.0826296,0.0804,0.684,8.70479E-05,-0.0426968,-0.00383363,0.211679,5.47276E-05,-7.55393E-06,8.15643E-06,3.57881E-05,-2.83641E-05,8.35823E-05
0.0025456,0.69683,0.67,5.7,-0.22783,-0.020094,1.109,0.0016166,-0.00022091,0.00025349,0.0011005,-0.00079241,0.0023742,0.0836196,0.0804,0.684,9.18962E-05,-0.0432877,-0.00381786,0.21071,5.83593E-05,-7.97485E-06,9.15099E-06,3.97281E-05,-2.8606E-05,8.57086E-05
0.0027119,0.70509,0.67,5.7,-0.23077,-0.018958,1.1031,0.0017445,-0.00022751,0.00024762,0.0012125,-0.00080214,0.0024669,0.0846108,0.0804,0.684,9.78996E-05,-0.0438463,-0.00360202,0.209589,6.29765E-05,-8.21311E-06,8.93908E-06,4.37713E-05,-2.89573E-05,8.90551E-05
0.0029149,0.71335,0.67,5.7,-0.23344,-0.016845,1.0963,0.0018795,-0.00023579,0.00020559,0.0013278,-0.00081754,0.0026226,0.085602,0.0804,0.684,0.000105228,-0.0443536,-0.00320055,0.208297,6.785E-05,-8.51202E-06,7.4218E-06,4.79336E-05,-2.95132E-05,9.46759E-05
0.0031789,0.7216,0.67,5.7,-0.23587,-0.01395,1.0881,0.0020187,-0.00024147,0.00016941,0.001459,-0.00084756,0.00288,0.086592,0.0804,0.684,0.000114758,-0.0448153,-0.0026505,0.206739,7.28751E-05,-8.71707E-06,6.1157E-06,5.26699E-05,-3.05969E-05,0.000103968
0.0034988,0.72986,0.67,5.7,-0.23816,-0.010591,1.0786,0.0021663,-0.00024712,0.00016311,0.0016265,-0.00091448,0.0032048,0.0875832,0.0804,0.684,0.000126307,-0.0452504,-0.00201229,0.204934,7.82034E-05,-8.92103E-06,5.88827E-06,5.87167E-05,-3.30127E-05,0.000115693
0.0038301,0.73811,0.67,5.7,-0.24022,-0.0071725,1.0687,0.0022699,-0.00024601,0.00018725,0.0018236,-0.0010416,0.0035668,0.0885732,0.0804,0.684,0.000138267,-0.0456418,-0.001362775,0.203053,8.19434E-05,-8.88096E-06,6.75973E-06,6.5832E-05,-3.76018E-05,0.000128761
0.0040925,0.74637,0.67,5.7,-0.24234,-0.0041225,1.0597,0.0023503,-0.00024122,0.00021961,0.0020078,-0.001176,0.0038268,0.0895644,0.0804,0.684,0.000147739,-0.0460446,-0.000783275,0.201343,8.48458E-05,-8.70804E-06,7.92792E-06,7.24816E-05,-4.24536E-05,0.000138147
0.004293,0.75463,0.67,5.7,-0.24524,-0.0017249,1.0523,0.0024591,-0.00026888,0.00028015,0.002139,-0.0012808,0.0039879,0.0905556,0.0804,0.684,0.000154977,-0.0465956,-0.000327731,0.199937,8.87735E-05,-9.70657E-06,1.01134E-05,7.72179E-05,-4.62369E-05,0.000143963
0.0044628,0.76288,0.67,5.7,-0.2489,8.31E-05,1.0459,0.0025934,-0.000335,0.00037361,0.0022216,-0.0013253,0.0041107,0.0915456,0.0804,0.684,0.000161107,-0.047291,1.57892E-05,0.198721,9.36217E-05,-1.20935E-05,1.34873E-05,8.01998E-05,-4.78433E-05,0.000148396
0.0045755,0.77114,0.67,5.7,-0.25269,0.0014187,1.0401,0.0027312,-0.0004055,0.00047912,0.0022682,-0.0012748,0.0041516,0.0925368,0.0804,0.684,0.000165176,-0.0480111,0.000269553,0.197619,9.85963E-05,-1.46386E-05,1.72962E-05,8.1882E-05,-4.60203E-05,0.000149873
0.0046412,0.7794,0.67,5.7,-0.25665,0.0023016,1.0344,0.0028509,-0.00046407,0.00059766,0.0022685,-0.0011751,0.0041629,0.093528,0.0804,0.684,0.000167547,-0.0487635,0.000437304,0.196536,0.000102917,-1.67529E-05,2.15755E-05,8.18929E-05,-4.24211E-05,0.000150281
0.0047337,0.78765,0.67,5.7,-0.26083,0.002794,1.0284,0.0029677,-0.00048464,0.00069421,0.0022097,-0.0011201,0.0042899,0.094518,0.0804,0.684,0.000170887,-0.0495577,0.00053086,0.195396,0.000107134,-1.74955E-05,2.5061E-05,7.97702E-05,-4.04356E-05,0.000154865
0.0048491,0.79591,0.67,5.7,-0.26458,0.003127,1.0218,0.003105,-0.0004722,0.00074572,0.0020896,-0.0010953,0.0045036,0.0955092,0.0804,0.684,0.000175053,-0.0502702,0.00059413,0.194142,0.000112091,-1.70464E-05,2.69205E-05,7.54346E-05,-3.95403E-05,0.00016258
0.0049953,0.80416,0.67,5.7,-0.2679,0.0035621,1.0141,0.0032855,-0.00046079,0.00075096,0.0019403,-0.0010773,0.0047649,0.0964992,0.0804,0.684,0.00018033,-0.050901,0.000676799,0.192679,0.000118607,-1.66345E-05,2.71097E-05,7.00448E-05,-3.88905E-05,0.000172013
0.0051217,0.81242,0.67,5.7,-0.27115,0.0038462,1.0054,0.0034927,-0.00042864,0.00072301,0.0017865,-0.0010442,0.0049643,0.0974904,0.0804,0.684,0.000184893,-0.0515185,0.000730778,0.191026,0.000126086,-1.54739E-05,2.61007E-05,6.44927E-05,-3.76956E-05,0.000179211
0.0052119,0.82068,0.67,5.7,-0.2741,0.0036337,0.99606,0.0037214,-0.00037053,0.00068374,0.0016383,-0.00098881,0.0050641,0.0984816,0.0804,0.684,0.00018815,-0.052079,0.000690403,0.1892514,0.000134343,-1.33761E-05,2.4683E-05,5.91426E-05,-3.5696E-05,0.000182814
0.0052969,0.82893,0.67,5.7,-0.27692,0.0029911,0.98711,0.0039806,-0.00031347,0.00066689,0.0015189,-0.00093379,0.0050944,0.0994716,0.0804,0.684,0.000191218,-0.0526148,0.000568309,0.1875509,0.0001437,-1.13163E-05,2.40747E-05,5.48323E-05,-3.37098E-05,0.000183908
0.0054111,0.83719,0.67,5.7,-0.27991,0.0022349,0.97915,0.0042464,-0.00026956,0.0007281,0.0014271,-0.00088779,0.0051486,0.1004628,0.0804,0.684,0.000195341,-0.0531829,0.000424631,0.1860385,0.000153295,-9.73112E-06,2.62844E-05,5.15183E-05,-3.20492E-05,0.000185864
0.005638,0.84544,0.67,5.7,-0.283,0.0015289,0.97177,0.0045564,-0.00022536,0.00079023,0.0013358,-0.00084352,0.0053837,0.1014528,0.0804,0.684,0.000203532,-0.05377,0.000290491,0.1846363,0.000164486,-8.1355E-06,2.85273E-05,4.82224E-05,-3.04511E-05,0.000194352
0.0059445,0.8537,0.67,5.7,-0.28597,0.00059497,0.96391,0.0048911,-0.00017143,0.00084985,0.0012403,-0.00077949,0.0057577,0.102444,0.0804,0.684,0.000214596,-0.0543343,0.000113044,0.1831429,0.000176569,-6.18862E-06,3.06796E-05,4.47748E-05,-2.81396E-05,0.000207853
0.0062634,0.86196,0.67,5.7,-0.28856,-0.0010538,0.95528,0.0052086,-0.00011164,0.00092839,0.0011596,-0.00069527,0.0061585,0.1034352,0.0804,0.684,0.000226109,-0.0548264,-0.000200222,0.1815032,0.00018803,-4.0302E-06,3.35149E-05,4.18616E-05,-2.50992E-05,0.000222322
0.0066198,0.87021,0.67,5.7,-0.29124,-0.0035961,0.94647,0.0055778,-5.54E-05,0.00099229,0.0011078,-0.00060088,0.006554,0.1044252,0.0804,0.684,0.000238975,-0.0553356,-0.000683259,0.1798293,0.000201359,-2.00063E-06,3.58217E-05,3.99916E-05,-2.16918E-05,0.000236599
0.0070968,0.87847,0.67,5.7,-0.29395,-0.0068743,0.93772,0.0060725,1.17E-06,0.00097392,0.0010796,-0.00049908,0.0070414,0.1054164,0.0804,0.684,0.000256194,-0.0558505,-0.001306117,0.1781668,0.000219217,4.22406E-08,3.51585E-05,3.89736E-05,-1.80168E-05,0.000254195
0.0075797,0.88672,0.67,5.7,-0.29596,-0.010511,0.92834,0.0065441,6.74E-05,0.0010241,0.0010736,-0.0003619,0.0075417,0.1064064,0.0804,0.684,0.000273627,-0.0562324,-0.00199709,0.1763846,0.000236242,2.43393E-06,3.697E-05,3.8757E-05,-1.30646E-05,0.000272255
0.0080697,0.89498,0.67,5.7,-0.29766,-0.013889,0.91767,0.0069394,0.00011214,0.0010658,0.0010769,-0.00018141,0.0081231,0.1073976,0.0804,0.684,0.000291316,-0.0565554,-0.00263891,0.1743573,0.000250512,4.04825E-06,3.84754E-05,3.88761E-05,-6.5489E-06,0.000293244
0.0085725,0.90324,0.67,5.7,-0.29922,-0.01636,0.90575,0.0074001,0.00013529,0.001117,0.0010559,-2.79E-05,0.008689,0.1083888,0.0804,0.684,0.000309467,-0.0568518,-0.0031084,0.1720925,0.000267144,4.88397E-06,4.03237E-05,3.8118E-05,-1.00567E-06,0.000313673
0.0090459,0.91149,0.67,5.7,-0.30049,-0.017751,0.89301,0.0079028,0.00019313,0.001188,0.0010063,8.21E-05,0.0091826,0.1093788,0.0804,0.684,0.000326557,-0.0570931,-0.00337269,0.1696719,0.000285291,6.97199E-06,4.28868E-05,3.63274E-05,2.96352E-06,0.000331492
0.0094384,0.91975,0.67,5.7,-0.30196,-0.01846,0.88023,0.0083993,0.000285,0.0012968,0.00096525,0.00021196,0.0095124,0.11037,0.0804,0.684,0.000340726,-0.0573724,-0.0035074,0.1672437,0.000303215,1.02885E-05,4.68145E-05,3.48455E-05,7.65176E-06,0.000343398
0.0097614,0.92801,0.67,5.7,-0.30333,-0.01882,0.86758,0.0089025,0.00038884,0.0012837,0.00096717,0.0003713,0.0096532,0.1113612,0.0804,0.684,0.000352387,-0.0576327,-0.0035758,0.1648402,0.00032138,1.40371E-05,4.63416E-05,3.49148E-05,1.34039E-05,0.000348481
0.010156,0.93626,0.67,5.7,-0.30465,-0.01882,0.85499,0.0095001,0.00048464,0.0011482,0.0010153,0.0005181,0.0097959,0.1123512,0.0804,0.684,0.000366632,-0.0578835,-0.0035758,0.1624481,0.000342954,1.74955E-05,4.145E-05,3.66523E-05,1.87034E-05,0.000353632
0.010564,0.94452,0.67,5.7,-0.30627,-0.018412,0.84247,0.010117,0.00055646,0.0010272,0.0011158,0.00060857,0.0098949,0.1133424,0.0804,0.684,0.00038136,-0.0581913,-0.00349828,0.1600693,0.000365224,2.00882E-05,3.70819E-05,4.02804E-05,2.19694E-05,0.000357206
0.011063,0.95277,0.67,5.7,-0.30685,-0.017591,0.82982,0.010718,0.00062039,0.00085122,0.0012842,0.00063644,0.010123,0.1143324,0.0804,0.684,0.000399374,-0.0583015,-0.00334229,0.1576658,0.00038692,2.23961E-05,3.0729E-05,4.63596E-05,2.29755E-05,0.00036544
0.011684,0.96103,0.67,5.7,-0.30727,-0.016393,0.81799,0.011349,0.00068025,0.00069911,0.0015229,0.00061356,0.010496,0.1153236,0.0804,0.684,0.000421792,-0.0583813,-0.00311467,0.1554181,0.000409699,2.4557E-05,2.52379E-05,5.49767E-05,2.21495E-05,0.000378906
0.012434,0.96929,0.67,5.7,-0.30855,-0.015143,0.80697,0.011969,0.00071969,0.0004448,0.0017848,0.00056777,0.011113,0.1163148,0.0804,0.684,0.000448867,-0.0586245,-0.00287717,0.1533243,0.000432081,2.59808E-05,1.60573E-05,6.44313E-05,2.04965E-05,0.000401179
0.013334,0.97754,0.67,5.7,-0.30859,-0.014308,0.79541,0.012646,0.00072302,0.00038812,0.0019627,0.00053692,0.01206,0.1173048,0.0804,0.684,0.000481357,-0.0586321,-0.00271852,0.1511279,0.000456521,2.6101E-05,1.40111E-05,7.08535E-05,1.93828E-05,0.000435366
0.014143,0.9858,0.67,5.7,-0.30837,-0.014174,0.78333,0.013197,0.00069187,0.00034605,0.0020019,0.00048419,0.013088,0.118296,0.0804,0.684,0.000510562,-0.0585903,-0.00269306,0.1488327,0.000476412,2.49765E-05,1.24924E-05,7.22686E-05,1.74793E-05,0.000472477
0.014985,0.99405,0.67,5.7,-0.30927,-0.014896,0.7708,0.013691,0.0006383,0.00032761,0.0019219,0.00038964,0.014358,0.119286,0.0804,0.684,0.000540959,-0.0587613,-0.00283024,0.146452,0.000494245,2.30426E-05,1.18267E-05,6.93806E-05,1.4066E-05,0.000518324
0.015698,1.0023,0.67,5.7,-0.30966,-0.016338,0.75767,0.01423,0.00056201,0.00032377,0.0017733,0.00021572,0.015393,0.120276,0.0804,0.684,0.000566698,-0.0588354,-0.00310422,0.1439573,0.000513703,2.02886E-05,1.16881E-05,6.40161E-05,7.78749E-06,0.000555687
0.016334,1.0106,0.67,5.7,-0.30958,-0.018292,0.74431,0.014717,0.00046071,0.00022184,0.0016128,7.51E-06,0.016339,0.121272,0.0804,0.684,0.000589657,-0.0588202,-0.00347548,0.1414189,0.000531284,1.66316E-05,8.00842E-06,5.82221E-05,2.71089E-07,0.000589838
0.01705,1.0188,0.67,5.7,-0.30992,-0.020569,0.73122,0.015346,0.00035498,0.00023208,0.0014666,-0.00016975,0.017287,0.122256,0.0804,0.684,0.000615505,-0.0588848,-0.00390811,0.1389318,0.000553991,1.28148E-05,8.37809E-06,5.29443E-05,-6.12798E-06,0.000624061
0.017694,1.0271,0.67,5.7,-0.31077,-0.022859,0.71812,0.015885,0.00028958,0.00013885,0.0013429,-0.00030994,0.01816,0.123252,0.0804,0.684,0.000638753,-0.0590463,-0.00434321,0.1364428,0.000573449,1.04538E-05,5.01249E-06,4.84787E-05,-1.11888E-05,0.000655576
0.018399,1.0353,0.67,5.7,-0.31165,-0.024923,0.70468,0.016319,0.00026269,6.52E-05,0.0012621,-0.00041413,0.019217,0.124236,0.0804,0.684,0.000664204,-0.0592135,-0.00473537,0.1338892,0.000589116,9.48311E-06,2.35498E-06,4.55618E-05,-1.49501E-05,0.000693734
0.019104,1.0436,0.67,5.7,-0.31149,-0.026336,0.6908,0.016821,0.00025703,-0.0001044,0.0012443,-0.00051917,0.020142,0.125232,0.0804,0.684,0.000689654,-0.0591831,-0.00500384,0.131252,0.000607238,9.27878E-06,-3.76884E-06,4.49192E-05,-1.8742E-05,0.000727126
0.019883,1.0518,0.67,5.7,-0.31039,-0.026701,0.67669,0.017435,0.00026004,-0.00032457,0.0012552,-0.00064066,0.021075,0.126216,0.0804,0.684,0.000717776,-0.0589741,-0.00507319,0.1285711,0.000629404,9.38744E-06,-1.1717E-05,4.53127E-05,-2.31278E-05,0.000760808
0.020541,1.0601,0.67,5.7,-0.30946,-0.026311,0.66273,0.018149,0.00023153,-0.00045868,0.0012735,-0.00074033,0.02166,0.127212,0.0804,0.684,0.00074153,-0.0587974,-0.00499909,0.1259187,0.000655179,8.35823E-06,-1.65583E-05,4.59734E-05,-2.67259E-05,0.000781926
0.021178,1.0684,0.67,5.7,-0.30864,-0.025566,0.64898,0.018893,0.00021628,-0.00058994,0.0013337,-0.0007675,0.022129,0.128208,0.0804,0.684,0.000764526,-0.0586416,-0.00485754,0.1233062,0.000682037,7.80771E-06,-2.12968E-05,4.81466E-05,-2.77068E-05,0.000798857
0.021855,1.0766,0.67,5.7,-0.30775,-0.025186,0.63553,0.019786,0.00027656,-0.00054825,0.0014405,-0.00066517,0.022482,0.129192,0.0804,0.684,0.000788966,-0.0584725,-0.00478534,0.1207507,0.000714275,9.98382E-06,-1.97918E-05,5.20021E-05,-2.40126E-05,0.0008116
0.022438,1.0849,0.67,5.7,-0.30664,-0.025759,0.62235,0.020694,0.00036223,-0.00054712,0.0015717,-0.00041093,0.022611,0.130188,0.0804,0.684,0.000810012,-0.0582616,-0.00489421,0.1182465,0.000747053,1.30765E-05,-1.9751E-05,5.67384E-05,-1.48346E-05,0.000816257
0.022935,1.0931,0.67,5.7,-0.30491,-0.026835,0.60989,0.021609,0.00042493,-0.00042034,0.001685,-0.00014301,0.022577,0.131172,0.0804,0.684,0.000827954,-0.0579329,-0.00509865,0.1158791,0.000780085,1.534E-05,-1.51743E-05,6.08285E-05,-5.16266E-06,0.00081503
0.023569,1.1014,0.67,5.7,-0.3029,-0.028455,0.59861,0.022688,0.0004233,-4.53E-05,0.0017332,6.96E-05,0.022718,0.132168,0.0804,0.684,0.000850841,-0.057551,-0.00540645,0.1137359,0.000819037,1.52811E-05,-1.63486E-06,6.25685E-05,2.51079E-06,0.00082012
0.023911,1.1096,0.67,5.7,-0.30046,-0.030475,0.58835,0.023325,0.00038707,0.00017383,0.0017341,0.00026806,0.022762,0.133152,0.0804,0.684,0.000863187,-0.0570874,-0.00579025,0.1117865,0.000842033,1.39732E-05,6.27526E-06,6.2601E-05,9.67697E-06,0.000821708
0.024236,1.1179,0.67,5.7,-0.29742,-0.032048,0.5783,0.023594,0.00034916,0.00040248,0.0017397,0.00048238,0.023138,0.134148,0.0804,0.684,0.00087492,-0.0565098,-0.00608912,0.109877,0.000851743,1.26047E-05,1.45295E-05,6.28032E-05,1.74139E-05,0.000835282
0.024881,1.1262,0.67,5.7,-0.29357,-0.033526,0.56868,0.024329,0.00029873,0.0006452,0.0017383,0.000702,0.023695,0.135144,0.0804,0.684,0.000898204,-0.0557783,-0.00636994,0.1080492,0.000878277,1.07842E-05,2.32917E-05,6.27526E-05,2.53422E-05,0.00085539
0.025536,1.1344,0.67,5.7,-0.28938,-0.034806,0.55942,0.025124,0.00024066,0.00081567,0.0017157,0.00086186,0.024232,0.136128,0.0804,0.684,0.00092185,-0.0549822,-0.00661314,0.1062898,0.000906976,8.68783E-06,2.94457E-05,6.19368E-05,3.11131E-05,0.000874775
0.026364,1.1427,0.67,5.7,-0.2846,-0.035751,0.54997,0.025903,0.00023307,0.00086574,0.0017307,0.0010663,0.025094,0.137124,0.0804,0.684,0.00095174,-0.054074,-0.00679269,0.1044943,0.000935098,8.41383E-06,3.12532E-05,6.24783E-05,3.84934E-05,0.000905893
0.02714,1.1509,0.67,5.7,-0.27828,-0.036665,0.54046,0.026675,0.00029749,0.00095955,0.0017491,0.0012919,0.025856,0.138108,0.0804,0.684,0.000979754,-0.0528732,-0.00696635,0.1026874,0.000962968,1.07394E-05,3.46398E-05,6.31425E-05,4.66376E-05,0.000933402
0.027734,1.1592,0.67,5.7,-0.27176,-0.037553,0.53147,0.027225,0.00024463,0.00097805,0.0017309,0.0014346,0.026512,0.139104,0.0804,0.684,0.001001197,-0.0516344,-0.00713507,0.1009793,0.000982823,8.83114E-06,3.53076E-05,6.24855E-05,5.17891E-05,0.000957083
0.028281,1.1674,0.67,5.7,-0.26544,-0.038848,0.52337,0.027927,0.00013311,0.0010145,0.0017111,0.0015676,0.026925,0.140088,0.0804,0.684,0.001020944,-0.0504336,-0.00738112,0.0994403,0.001008165,4.80527E-06,3.66235E-05,6.17707E-05,5.65904E-05,0.000971993
0.02877,1.1757,0.67,5.7,-0.25833,-0.040642,0.51633,0.028724,7.24E-05,0.0011425,0.0016786,0.0016599,0.027138,0.141084,0.0804,0.684,0.001038597,-0.0490827,-0.00772198,0.0981027,0.001036936,2.61487E-06,4.12443E-05,6.05975E-05,5.99224E-05,0.000979682
0.029175,1.1839,0.67,5.7,-0.25104,-0.042483,0.51094,0.029495,6.20E-06,0.001353,0.0016588,0.0017851,0.027197,0.142068,0.0804,0.684,0.001053218,-0.0476976,-0.00807177,0.0970786,0.00106477,2.23701E-07,4.88433E-05,5.98827E-05,6.44421E-05,0.000981812
0.029671,1.1922,0.67,5.7,-0.24426,-0.044391,0.50761,0.030413,-4.24E-05,0.0018525,0.0016533,0.0019583,0.027276,0.143064,0.0804,0.684,0.001071123,-0.0464094,-0.00843429,0.0964459,0.001097909,-1.52912E-06,6.68753E-05,5.96841E-05,7.06946E-05,0.000984664
0.030269,1.2005,0.67,5.7,-0.23769,-0.046233,0.50572,0.031396,-0.00011221,0.0022884,0.0016565,0.0021139,0.027486,0.14406,0.0804,0.684,0.001092711,-0.0451611,-0.00878427,0.0960868,0.001133396,-4.05078E-06,8.26112E-05,5.97997E-05,7.63118E-05,0.000992245
0.030912,1.2087,0.67,5.7,-0.23108,-0.047616,0.50403,0.032241,-0.00016404,0.0028472,0.0016922,0.0022592,0.027891,0.145044,0.0804,0.684,0.001115923,-0.0439052,-0.00904704,0.0957657,0.0011639,-5.92184E-06,0.000102784,6.10884E-05,8.15571E-05,0.001006865
0.031308,1.217,0.67,5.7,-0.22424,-0.048594,0.50167,0.032577,-0.00017162,0.003201,0.0017522,0.0023865,0.028287,0.14604,0.0804,0.684,0.001130219,-0.0426056,-0.00923286,0.0953173,0.00117603,-6.19548E-06,0.000115556,6.32544E-05,8.61527E-05,0.001021161
0.031227,1.2252,0.67,5.7,-0.21668,-0.049403,0.49762,0.031893,-0.00013,0.0031855,0.0018237,0.0025254,0.028738,0.147024,0.0804,0.684,0.001127295,-0.0411692,-0.00938657,0.0945478,0.001151337,-0.000004693,0.000114997,6.58356E-05,9.11669E-05,0.001037442
0.030847,1.2335,0.67,5.7,-0.20782,-0.049937,0.4915,0.030504,-4.18E-05,0.0029666,0.001895,0.0026395,0.029296,0.14802,0.0804,0.684,0.001113577,-0.0394858,-0.00948803,0.093385,0.001101194,-1.50811E-06,0.000107094,6.84095E-05,9.5286E-05,0.001057586
0.030383,1.2417,0.67,5.7,-0.19735,-0.050528,0.48402,0.029043,-2.87E-05,0.0026918,0.0019655,0.0026709,0.029758,0.149004,0.0804,0.684,0.001096826,-0.0374965,-0.00960032,0.0919638,0.001048452,-1.0343E-06,9.7174E-05,7.09546E-05,9.64195E-05,0.001074264
0.029716,1.25,0.67,5.7,-0.1854,-0.051205,0.476,0.027515,-0.00011124,0.002194,0.0020301,0.002622,0.029886,0.15,0.0804,0.684,0.001072748,-0.035226,-0.00972895,0.09044,0.000993292,-4.01576E-06,7.92034E-05,7.32866E-05,9.46542E-05,0.001078885
0.029233,1.2583,0.67,5.7,-0.17213,-0.05146,0.46767,0.02616,-0.0002413,0.0016905,0.0021079,0.0025826,0.030198,0.150996,0.0804,0.684,0.001055311,-0.0327047,-0.0097774,0.0888573,0.000944376,-8.71093E-06,6.10271E-05,7.60952E-05,9.32319E-05,0.001090148
0.028882,1.2665,0.67,5.7,-0.15728,-0.051333,0.45969,0.025164,-0.00040577,0.0013003,0.0022047,0.0025836,0.030395,0.15198,0.0804,0.684,0.00104264,-0.0298832,-0.00975327,0.0873411,0.00090842,-1.46483E-05,4.69408E-05,7.95897E-05,9.3268E-05,0.00109726
0.028498,1.2748,0.67,5.7,-0.14104,-0.050822,0.45185,0.024273,-0.00057607,0.00079806,0.0022936,0.0025975,0.03043,0.152976,0.0804,0.684,0.001028778,-0.0267976,-0.00965618,0.0858515,0.000876255,-2.07961E-05,2.881E-05,8.2799E-05,9.37698E-05,0.001098523
0.028043,1.283,0.67,5.7,-0.12395,-0.050279,0.44469,0.023525,-0.0007192,0.00040925,0.0023471,0.0025658,0.030214,0.15396,0.0804,0.684,0.001012352,-0.0235505,-0.00955301,0.0844911,0.000849253,-2.59631E-05,1.47739E-05,8.47303E-05,9.26254E-05,0.001090725
0.027433,1.2913,0.67,5.7,-0.10616,-0.049726,0.43849,0.022891,-0.00081087,0.00010357,0.0023414,0.0024657,0.029634,0.154956,0.0804,0.684,0.000990331,-0.0201704,-0.00944794,0.0833131,0.000826365,-2.92724E-05,3.73888E-06,8.45245E-05,8.90118E-05,0.001069787
0.026825,1.2995,0.67,5.7,-0.088443,-0.049323,0.4335,0.022444,-0.00085309,-0.00015969,0.0022717,0.0023124,0.028934,0.15594,0.0804,0.684,0.000968383,-0.01680417,-0.00937137,0.082365,0.000810228,-3.07965E-05,-5.76481E-06,8.20084E-05,8.34776E-05,0.001044517
0.02622,1.3078,0.67,5.7,-0.07189,-0.049097,0.42969,0.022297,-0.00088099,-0.00042938,0.0021575,0.0021306,0.027985,0.156936,0.0804,0.684,0.000946542,-0.0136591,-0.00932843,0.0816411,0.000804922,-3.18037E-05,-1.55006E-05,7.78858E-05,7.69147E-05,0.001010259
0.025417,1.316,0.67,5.7,-0.055933,-0.048957,0.42585,0.02183,-0.00085367,-0.00049862,0.0020122,0.0019674,0.026992,0.15792,0.0804,0.684,0.000917554,-0.01062727,-0.00930183,0.0809115,0.000788063,-3.08175E-05,-1.80002E-05,7.26404E-05,7.10231E-05,0.000974411
0.024346,1.3243,0.67,5.7,-0.039199,-0.048829,0.42148,0.020706,-0.00077241,-0.00053306,0.0018508,0.001778,0.026134,0.158916,0.0804,0.684,0.000878891,-0.00744781,-0.00927751,0.0800812,0.000747487,-2.7884E-05,-1.92435E-05,6.68139E-05,6.41858E-05,0.000943437
0.023082,1.3326,0.67,5.7,-0.022652,-0.048343,0.418,0.01954,-0.0007136,-0.00086255,0.0016928,0.0016695,0.024931,0.159912,0.0804,0.684,0.00083326,-0.00430388,-0.00918517,0.07942,0.000705394,-2.5761E-05,-3.11381E-05,6.11101E-05,6.0269E-05,0.000900009
0.021974,1.3408,0.67,5.7,-0.007511,-0.048081,0.4153,0.018764,-0.00073094,-0.0013093,0.0015464,0.0015812,0.023637,0.160896,0.0804,0.684,0.000793261,-0.00142709,-0.00913539,0.078907,0.00067738,-2.63869E-05,-4.72657E-05,5.5825E-05,5.70813E-05,0.000853296
0.020958,1.3491,0.67,5.7,0.0078578,-0.047673,0.41326,0.018099,-0.00076039,-0.0014158,0.0014058,0.0014176,0.022411,0.161892,0.0804,0.684,0.000756584,0.001492982,-0.00905787,0.0785194,0.000653374,-2.74501E-05,-5.11104E-05,5.07494E-05,5.11754E-05,0.000809037
0.019744,1.3573,0.67,5.7,0.023804,-0.04752,0.41257,0.017159,-0.00072528,-0.0016225,0.001284,0.0013317,0.021045,0.162876,0.0804,0.684,0.000712758,0.00452276,-0.0090288,0.0783883,0.00061944,-2.61826E-05,-5.85723E-05,4.63524E-05,4.80744E-05,0.000759725
0.018685,1.3656,0.67,5.7,0.039883,-0.047208,0.41345,0.016236,-0.00071117,-0.0017374,0.0011817,0.0011485,0.019953,0.163872,0.0804,0.684,0.000674529,0.00757777,-0.00896952,0.0785555,0.00058612,-2.56732E-05,-6.27201E-05,4.26594E-05,4.14609E-05,0.000720303
0.017484,1.3738,0.67,5.7,0.05596,-0.046535,0.41726,0.015495,-0.00063508,-0.0017373,0.0010865,0.0010418,0.018387,0.164856,0.0804,0.684,0.000631172,0.0106324,-0.00884165,0.0792794,0.00055937,-2.29264E-05,-6.27165E-05,3.92227E-05,3.7609E-05,0.000663771
0.016571,1.3821,0.67,5.7,0.070143,-0.046228,0.42162,0.014675,-0.00059955,-0.0018052,0.001022,0.00097729,0.017445,0.165852,0.0804,0.684,0.000598213,0.01332717,-0.00878332,0.0801078,0.000529768,-2.16438E-05,-6.51677E-05,3.68942E-05,3.52802E-05,0.000629765
0.015794,1.3903,0.67,5.7,0.083311,-0.045537,0.42643,0.014084,-0.0005962,-0.0016404,0.00098319,0.00089539,0.016521,0.166836,0.0804,0.684,0.000570163,0.01582909,-0.00865203,0.0810217,0.000508432,-2.15228E-05,-5.92184E-05,3.54932E-05,3.23236E-05,0.000596408
0.014995,1.3986,0.67,5.7,0.097119,-0.045065,0.43391,0.013776,-0.00056553,-0.0016315,0.000978,0.00088776,0.015235,0.167832,0.0804,0.684,0.00054132,0.01845261,-0.00856235,0.0824429,0.000497314,-2.04156E-05,-5.88972E-05,3.53058E-05,3.20481E-05,0.000549984
0.01404,1.4069,0.67,5.7,0.1108,-0.044982,0.4425,0.012802,-0.00055467,-0.0014947,0.00099782,0.00081265,0.014279,0.168828,0.0804,0.684,0.000506844,0.021052,-0.00854658,0.084075,0.000462152,-2.00236E-05,-5.39587E-05,3.60213E-05,2.93367E-05,0.000515472
0.013085,1.4151,0.67,5.7,0.12351,-0.044731,0.45102,0.011659,-0.00044151,-0.0017136,0.0010484,0.00080639,0.013463,0.169812,0.0804,0.684,0.000472369,0.0234669,-0.00849889,0.0856938,0.00042089,-1.59385E-05,-6.1861E-05,3.78472E-05,2.91107E-05,0.000486014
0.012735,1.4234,0.67,5.7,0.13524,-0.043661,0.4608,0.01142,-0.00051544,-0.0018261,0.0011396,0.00075114,0.01291,0.170808,0.0804,0.684,0.000459734,0.0256956,-0.00829559,0.087552,0.000412262,-1.86074E-05,-6.59222E-05,4.11396E-05,2.71162E-05,0.000466051
0.011909,1.4316,0.67,5.7,0.14798,-0.042649,0.47233,0.010883,-0.00055102,-0.0017972,0.0012216,0.00064515,0.011714,0.171792,0.0804,0.684,0.000429915,0.0281162,-0.00810331,0.0897427,0.000392876,-1.98918E-05,-6.48789E-05,4.40998E-05,2.32899E-05,0.000422875
0.011427,1.4399,0.67,5.7,0.16043,-0.042083,0.48391,0.010358,-0.00049007,-0.0022834,0.001329,0.00064771,0.011167,0.172788,0.0804,0.684,0.000412515,0.0304817,-0.00799577,0.0919429,0.000373924,-1.76915E-05,-8.24307E-05,4.79769E-05,2.33823E-05,0.000403129
0.010895,1.4481,0.67,5.7,0.17059,-0.04103,0.49614,0.0098258,-0.0005359,-0.0021919,0.001488,0.00065393,0.010476,0.173772,0.0804,0.684,0.00039331,0.0324121,-0.0077957,0.0942666,0.000354711,-1.9346E-05,-7.91276E-05,5.37168E-05,2.36069E-05,0.000378184
0.01008,1.4564,0.67,5.7,0.18101,-0.039971,0.50858,0.0088025,-0.00050087,-0.0017536,0.0016175,0.00062122,0.0097402,0.174768,0.0804,0.684,0.000363888,0.0343919,-0.00759449,0.0966302,0.00031777,-1.80814E-05,-6.3305E-05,5.83918E-05,2.2426E-05,0.000351621
0.0098834,1.4647,0.67,5.7,0.19138,-0.039259,0.52229,0.0086935,-0.00047946,-0.0020144,0.0017264,0.00064067,0.0093469,0.175764,0.0804,0.684,0.000356791,0.0363622,-0.00745921,0.0992351,0.000313835,-1.73085E-05,-7.27198E-05,6.2323E-05,2.31282E-05,0.000337423
0.0093068,1.4729,0.67,5.7,0.20045,-0.038616,0.53736,0.0083377,-0.00048048,-0.0019677,0.0018397,0.00062493,0.0084363,0.176748,0.0804,0.684,0.000335975,0.0380855,-0.00733704,0.1020984,0.000300991,-1.73453E-05,-7.1034E-05,6.64132E-05,2.256E-05,0.00030455
0.0089712,1.4812,0.67,5.7,0.20927,-0.038422,0.55222,0.0079329,-0.00047671,-0.0021183,0.0019235,0.00061307,0.0080859,0.177744,0.0804,0.684,0.00032386,0.0397613,-0.00730018,0.1049218,0.000286378,-1.72092E-05,-7.64706E-05,6.94384E-05,2.21318E-05,0.000291901
0.0085238,1.4894,0.67,5.7,0.21777,-0.038602,0.56831,0.0078204,-0.00046001,-0.0021359,0.0019521,0.00058217,0.0072752,0.178728,0.0804,0.684,0.000307709,0.0413763,-0.00733438,0.1079789,0.000282316,-1.66064E-05,-7.7106E-05,7.04708E-05,2.10163E-05,0.000262635
0.007832,1.4977,0.67,5.7,0.22574,-0.038875,0.58423,0.0070745,-0.0004263,-0.0019032,0.0019081,0.00044438,0.0066815,0.179724,0.0804,0.684,0.000282735,0.0428906,-0.00738625,0.1110037,0.000255389,-1.53894E-05,-6.87055E-05,6.88824E-05,1.60421E-05,0.000241202
0.0073163,1.5059,0.67,5.7,0.23338,-0.039188,0.60039,0.0065075,-0.00039341,-0.002026,0.0018444,0.00028004,0.0062807,0.180708,0.0804,0.684,0.000264118,0.0443422,-0.00744572,0.1140741,0.000234921,-1.42021E-05,-7.31386E-05,6.65828E-05,1.01094E-05,0.000226733
0.0067983,1.5142,0.67,5.7,0.24031,-0.039237,0.61687,0.0060703,-0.00037646,-0.0017905,0.0018031,0.0001246,0.0057232,0.181704,0.0804,0.684,0.000245419,0.0456589,-0.00745503,0.1172053,0.000219138,-1.35902E-05,-6.46371E-05,6.50919E-05,4.49806E-06,0.000206608
0.0064516,1.5224,0.67,5.7,0.24578,-0.039215,0.63269,0.0057147,-0.00035519,-0.0016391,0.0017623,-2.32E-05,0.0054263,0.182688,0.0804,0.684,0.000232903,0.0466982,-0.00745085,0.1202111,0.000206301,-1.28224E-05,-5.91715E-05,6.3619E-05,-8.37737E-07,0.000195889
0.0060952,1.5307,0.67,5.7,0.25056,-0.039237,0.64814,0.0054292,-0.00033644,-0.0015507,0.0017271,-0.00012136,0.0050341,0.183684,0.0804,0.684,0.000220037,0.0476064,-0.00745503,0.1231466,0.000195994,-1.21455E-05,-5.59803E-05,6.23483E-05,-4.3811E-06,0.000181731
0.0057803,1.539,0.67,5.7,0.25584,-0.039487,0.66304,0.0050586,-0.00035216,-0.0014971,0.0017006,-0.00018893,0.0048014,0.18468,0.0804,0.684,0.000208669,0.0486096,-0.00750253,0.1259776,0.000182615,-1.2713E-05,-5.40453E-05,6.13917E-05,-6.82037E-06,0.000173331
0.00552,1.5472,0.67,5.7,0.2608,-0.03998,0.67748,0.0047388,-0.00037384,-0.0014423,0.0016689,-0.00028183,0.0046322,0.185664,0.0804,0.684,0.000199272,0.049552,-0.0075962,0.1287212,0.000171071,-1.34956E-05,-5.2067E-05,6.02473E-05,-1.01741E-05,0.000167222
0.005316,1.5555,0.67,5.7,0.26401,-0.040418,0.69158,0.0044809,-0.00038445,-0.0013468,0.0016395,-0.00042488,0.0045116,0.18666,0.0804,0.684,0.000191908,0.0501619,-0.00767942,0.1314002,0.00016176,-1.38786E-05,-4.86195E-05,5.9186E-05,-1.53382E-05,0.000162869
0.0051207,1.5637,0.67,5.7,0.26665,-0.040346,0.70571,0.0042646,-0.00037903,-0.0012747,0.0016096,-0.00060138,0.0043672,0.187644,0.0804,0.684,0.000184857,0.0506635,-0.00766574,0.1340849,0.000153952,-1.3683E-05,-4.60167E-05,5.81066E-05,-2.17098E-05,0.000157656
0.004948,1.572,0.67,5.7,0.27039,-0.039227,0.72051,0.0040626,-0.00037541,-0.0012038,0.0015859,-0.00075778,0.0042475,0.18864,0.0804,0.684,0.000178623,0.0513741,-0.00745313,0.1368969,0.00014666,-1.35523E-05,-4.34572E-05,5.7251E-05,-2.73559E-05,0.000153335
0.0048008,1.5802,0.67,5.7,0.27395,-0.037227,0.73585,0.0038907,-0.00039146,-0.0010488,0.0015795,-0.00087275,0.0041314,0.189624,0.0804,0.684,0.000173309,0.0520505,-0.00707313,0.1398115,0.000140454,-1.41317E-05,-3.78617E-05,5.702E-05,-3.15063E-05,0.000149144
0.0046652,1.5885,0.67,5.7,0.27634,-0.034968,0.75096,0.0037415,-0.00042175,-0.00086675,0.0015822,-0.00093541,0.0040066,0.19062,0.0804,0.684,0.000168414,0.0525046,-0.00664392,0.1426824,0.000135068,-1.52252E-05,-3.12897E-05,5.71174E-05,-3.37683E-05,0.000144638
0.0044894,1.5968,0.67,5.7,0.27878,-0.033014,0.76572,0.003591,-0.00043707,-0.00067346,0.0015857,-0.00095401,0.0038021,0.191616,0.0804,0.684,0.000162067,0.0529682,-0.00627266,0.1454868,0.000129635,-1.57782E-05,-2.43119E-05,5.72438E-05,-3.44398E-05,0.000137256
0.0043129,1.605,0.67,5.7,0.28124,-0.031452,0.77976,0.0034958,-0.00044053,-0.00051638,0.0015705,-0.00095082,0.0035595,0.1926,0.0804,0.684,0.000155696,0.0534356,-0.00597588,0.1481544,0.000126198,-1.59031E-05,-1.86413E-05,5.66951E-05,-3.43246E-05,0.000128498
0.0041124,1.6133,0.67,5.7,0.28266,-0.030188,0.79265,0.0034331,-0.00044708,-0.00035517,0.0015188,-0.0009323,0.003273,0.193596,0.0804,0.684,0.000148458,0.0537054,-0.00573572,0.1506035,0.000123935,-1.61396E-05,-1.28216E-05,5.48287E-05,-3.3656E-05,0.000118155
0.0038888,1.6215,0.67,5.7,0.28304,-0.029266,0.80408,0.0033232,-0.00045352,-0.00022713,0.0014402,-0.0008894,0.0030142,0.19458,0.0804,0.684,0.000140386,0.0537776,-0.00556054,0.1527752,0.000119968,-1.63721E-05,-8.19939E-06,5.19912E-05,-3.21073E-05,0.000108813
0.0036595,1.6298,0.67,5.7,0.28256,-0.02861,0.81402,0.0031652,-0.00046148,-0.00010637,0.0013453,-0.00084103,0.0028084,0.195576,0.0804,0.684,0.000132108,0.0536864,-0.0054359,0.1546638,0.000114264,-1.66594E-05,-3.83996E-06,4.85653E-05,-3.03612E-05,0.000101383
0.0034737,1.638,0.67,5.7,0.28159,-0.027935,0.82268,0.0030392,-0.00048359,-3.62E-05,0.0012575,-0.00079641,0.0026507,0.19656,0.0804,0.684,0.000125401,0.0535021,-0.00530765,0.1563092,0.000109715,-1.74576E-05,-1.3052E-06,4.53958E-05,-2.87504E-05,9.56903E-05
0.0033104,1.6463,0.67,5.7,0.28041,-0.026932,0.83018,0.0029614,-0.00050362,-1.80E-05,0.0012056,-0.00073724,0.0024538,0.197556,0.0804,0.684,0.000119505,0.0532779,-0.00511708,0.1577342,0.000106907,-1.81807E-05,-6.50414E-07,4.35222E-05,-2.66144E-05,8.85822E-05
0.0031462,1.6545,0.67,5.7,0.27859,-0.025574,0.8369,0.0028531,-0.00050736,-2.67E-05,0.0011908,-0.00065504,0.0022485,0.19854,0.0804,0.684,0.000113578,0.0529321,-0.00485906,0.159011,0.000102997,-1.83157E-05,-9.62065E-07,4.29879E-05,-2.36469E-05,8.11709E-05
0.0029746,1.6628,0.67,5.7,0.27603,-0.02414,0.84306,0.0026941,-0.00050268,-2.21E-05,0.0011992,-0.00054568,0.0020558,0.199536,0.0804,0.684,0.000107383,0.0524457,-0.0045866,0.1601814,9.7257E-05,-1.81467E-05,-7.96041E-07,4.32911E-05,-1.9699E-05,7.42144E-05
0.0027779,1.6711,0.67,5.7,0.27306,-0.022596,0.84861,0.0025349,-0.00047575,-4.68E-05,0.0012283,-0.00040847,0.0017926,0.200532,0.0804,0.684,0.000100282,0.0518814,-0.00429324,0.1612359,9.15099E-05,-1.71746E-05,-1.69006E-06,4.43416E-05,-1.47458E-05,6.47129E-05
0.0026201,1.6793,0.67,5.7,0.26985,-0.020671,0.85402,0.0024512,-0.00042765,-0.00011736,0.0012724,-0.00026631,0.0015166,0.201516,0.0804,0.684,9.45856E-05,0.0512715,-0.00392749,0.1622638,8.84883E-05,-1.54382E-05,-4.2367E-06,4.59336E-05,-9.61379E-06,5.47493E-05
0.0024869,1.6876,0.67,5.7,0.26639,-0.018287,0.85965,0.0023897,-0.00037518,-0.00020479,0.0012937,-0.00015558,0.0012904,0.202512,0.0804,0.684,8.97771E-05,0.0506141,-0.00347453,0.1633335,8.62682E-05,-1.3544E-05,-7.39292E-06,4.67026E-05,-5.61644E-06,4.65834E-05
0.0023678,1.6958,0.67,5.7,0.26275,-0.015467,0.86599,0.0023115,-0.00032802,-0.00027046,0.0012602,-9.81E-05,0.0011639,0.203496,0.0804,0.684,8.54776E-05,0.0499225,-0.00293873,0.1645381,8.34452E-05,-1.18415E-05,-9.76361E-06,4.54932E-05,-3.54257E-06,4.20168E-05
0.0023008,1.7041,0.67,5.7,0.25916,-0.012688,0.87392,0.002295,-0.00030528,-0.00027307,0.0011833,-8.76E-05,0.0011233,0.204492,0.0804,0.684,8.30589E-05,0.0492404,-0.00241072,0.1660448,8.28495E-05,-1.10206E-05,-9.85783E-06,4.27171E-05,-3.16146E-06,4.05511E-05
0.0022711,1.7123,0.67,5.7,0.25552,-0.010629,0.88255,0.0023324,-0.00030976,-0.00024609,0.001102,-0.00011414,0.0011077,0.205476,0.0804,0.684,8.19867E-05,0.0485488,-0.00201951,0.1676845,8.41996E-05,-1.11823E-05,-8.88385E-06,3.97822E-05,-4.12045E-06,3.9988E-05
0.0022405,1.7206,0.67,5.7,0.25172,-0.0092792,0.89043,0.0023324,-0.00032811,-0.00023198,0.0010406,-0.00014382,0.001108,0.206472,0.0804,0.684,8.08821E-05,0.0478268,-0.001763048,0.1691817,8.41996E-05,-1.18448E-05,-8.37448E-06,3.75657E-05,-5.1919E-06,3.99988E-05
0.0022253,1.7289,0.67,5.7,0.24803,-0.0081202,0.89783,0.0022824,-0.00035822,-0.00022566,0.001018,-0.00013462,0.0011502,0.207468,0.0804,0.684,8.03333E-05,0.0471257,-0.001542838,0.1705877,8.23946E-05,-1.29317E-05,-8.14633E-06,3.67498E-05,-4.85978E-06,4.15222E-05
0.0022829,1.7371,0.67,5.7,0.2444,-0.0068584,0.90517,0.0022791,-0.00039995,-0.00018008,0.0010419,-0.00010088,0.0012447,0.208452,0.0804,0.684,8.24127E-05,0.046436,-0.001303096,0.1719823,8.22755E-05,-1.44382E-05,-6.50089E-06,3.76126E-05,-3.64177E-06,4.49337E-05
0.0023896,1.7454,0.67,5.7,0.24059,-0.0055165,0.91135,0.002316,-0.0004468,-7.16E-05,0.0010817,-9.90E-05,0.0013814,0.209448,0.0804,0.684,8.62646E-05,0.0457121,-0.001048135,0.1731565,8.36076E-05,-1.61295E-05,-2.58541E-06,3.90494E-05,-3.57329E-06,4.98685E-05
0.0025213,1.7536,0.67,5.7,0.23675,-0.0042858,0.91592,0.0023564,-0.00049565,9.41E-05,0.0011224,-0.00012461,0.0015639,0.210432,0.0804,0.684,9.10189E-05,0.0449825,-0.000814302,0.1740248,8.5066E-05,-1.7893E-05,3.39802E-06,4.05186E-05,-4.49842E-06,5.64568E-05
0.0026477,1.7619,0.67,5.7,0.23326,-0.0033563,0.91988,0.0024512,-0.00054457,0.00026471,0.0011622,-0.0001258,0.0016819,0.211428,0.0804,0.684,9.5582E-05,0.0443194,-0.000637697,0.1747772,8.84883E-05,-1.9659E-05,9.55603E-06,4.19554E-05,-4.54138E-06,6.07166E-05
0.0026867,1.7701,0.67,5.7,0.2304,-0.0026973,0.92516,0.0025754,-0.00058541,0.00036855,0.0012101,-7.17E-05,0.0015879,0.212412,0.0804,0.684,9.69899E-05,0.043776,-0.000512487,0.1757804,9.29719E-05,-2.11333E-05,1.33047E-05,4.36846E-05,-2.58657E-06,5.73232E-05
0.0026492,1.7784,0.67,5.7,0.22814,-0.0020109,0.93172,0.0026652,-0.00061687,0.00039746,0.0012878,-1.08E-05,0.0013454,0.213408,0.0804,0.684,9.56361E-05,0.0433466,-0.000382071,0.1770268,9.62137E-05,-2.2269E-05,1.43483E-05,4.64896E-05,-3.91324E-07,4.85689E-05
0.0026256,1.7866,0.67,5.7,0.22612,-0.00060975,0.93839,0.0027123,-0.00064915,0.00039474,0.0013865,2.63E-05,0.0011525,0.214392,0.0804,0.684,9.47842E-05,0.0429628,-0.000115853,0.1782941,9.7914E-05,-2.34343E-05,1.42501E-05,5.00527E-05,9.49141E-07,4.16053E-05
0.0026208,1.7949,0.67,5.7,0.22389,0.00181,0.94442,0.0027214,-0.00069302,0.00036275,0.0014735,5.20E-05,0.0010467,0.215388,0.0804,0.684,9.46109E-05,0.0425391,0.0003439,0.1794398,9.82425E-05,-2.5018E-05,1.30953E-05,5.31934E-05,1.87738E-06,3.77859E-05
0.0026055,1.8032,0.67,5.7,0.22121,0.0045049,0.95006,0.0027032,-0.00072975,0.00030386,0.0015509,7.03E-05,0.00095681,0.216384,0.0804,0.684,9.40586E-05,0.0420299,0.000855931,0.1805114,9.75855E-05,-2.6344E-05,1.09693E-05,5.59875E-05,2.53906E-06,3.45408E-05
0.0025769,1.8114,0.67,5.7,0.21822,0.0063807,0.9555,0.0026758,-0.00074762,0.00023143,0.0016193,8.17E-05,0.00085859,0.217368,0.0804,0.684,9.30261E-05,0.0414618,0.001212333,0.181545,9.65964E-05,-2.69891E-05,8.35462E-06,5.84567E-05,2.95049E-06,3.09951E-05
0.0025353,1.8197,0.67,5.7,0.21517,0.0068708,0.96053,0.0026468,-0.00075224,0.00016006,0.0016496,6.08E-05,0.00077411,0.218364,0.0804,0.684,9.15243E-05,0.0408823,0.001305452,0.1825007,9.55495E-05,-2.71559E-05,5.77817E-06,5.95506E-05,2.19336E-06,2.79454E-05
0.0024808,1.8279,0.67,5.7,0.21223,0.0059644,0.9654,0.0025986,-0.00074807,9.28E-05,0.0016358,2.62E-05,0.00072722,0.219348,0.0804,0.684,8.95569E-05,0.0403237,0.001133236,0.183426,9.38095E-05,-2.70053E-05,3.34849E-06,5.90524E-05,9.45387E-07,2.62526E-05
0.002453,1.8362,0.67,5.7,0.20938,0.0042678,0.97068,0.0025383,-0.00073572,5.55E-05,0.0016017,-1.63E-05,0.00076598,0.220344,0.0804,0.684,8.85533E-05,0.0397822,0.000810882,0.1844292,9.16326E-05,-2.65595E-05,2.00261E-06,5.78214E-05,-5.87167E-07,2.76519E-05
0.0024512,1.8446,0.67,5.7,0.20645,0.0026162,0.97627,0.0024742,-0.00071704,5.27E-05,0.0015713,-5.19E-05,0.00085693,0.221352,0.0804,0.684,8.84883E-05,0.0392255,0.000497078,0.1854913,8.93186E-05,-2.58851E-05,1.9007E-06,5.67239E-05,-1.87431E-06,3.09352E-05
0.0024587,1.8534,0.67,5.7,0.20323,0.0017276,0.98209,0.0023981,-0.00070477,0.00010556,0.0015687,-1.00E-04,0.00095056,0.222408,0.0804,0.684,8.87591E-05,0.0386137,0.000328244,0.1865971,8.65714E-05,-2.54422E-05,3.81072E-06,5.66301E-05,-3.60924E-06,3.43152E-05
0.0024537,1.8626,0.67,5.7,0.19966,0.0021335,0.98808,0.002305,-0.0006996,0.00023159,0.0015657,-0.00020129,0.0010367,0.223512,0.0804,0.684,8.85786E-05,0.0379354,0.000405365,0.1877352,8.32105E-05,-2.52556E-05,8.3604E-06,5.65218E-05,-7.26657E-06,3.74249E-05
0.0024427,1.8723,0.67,5.7,0.19578,0.0036213,0.99356,0.0021787,-0.0006808,0.00038424,0.0015592,-0.00032672,0.0011474,0.224676,0.0804,0.684,8.81815E-05,0.0371982,0.000688047,0.1887764,7.86511E-05,-2.45769E-05,1.38711E-05,5.62871E-05,-1.17946E-05,4.14211E-05
0.0024789,1.8824,0.67,5.7,0.19174,0.0051596,0.9985,0.0020471,-0.00063895,0.000525,0.0015686,-0.00047352,0.001342,0.225888,0.0804,0.684,8.94883E-05,0.0364306,0.000980324,0.189715,7.39003E-05,-2.30661E-05,1.89525E-05,5.66265E-05,-1.70941E-05,4.84462E-05
0.002522,1.8931,0.67,5.7,0.18765,0.006896,1.0029,0.0019287,-0.00058274,0.0006408,0.0015606,-0.00062048,0.0015548,0.227172,0.0804,0.684,9.10442E-05,0.0356535,0.00131024,0.190551,6.96261E-05,-2.10369E-05,2.31329E-05,5.63377E-05,-2.23993E-05,5.61283E-05
0.0025184,1.9042,0.67,5.7,0.18339,0.008036,1.0067,0.0018171,-0.00054829,0.00061416,0.0015326,-0.00075296,0.001687,0.228504,0.0804,0.684,9.09142E-05,0.0348441,0.00152684,0.191273,6.55973E-05,-1.97933E-05,2.21712E-05,5.53269E-05,-2.71819E-05,6.09007E-05
0.0025212,1.9159,0.67,5.7,0.17892,0.0080553,1.01,0.001738,-0.00058344,0.00049205,0.001547,-0.00076019,0.0017574,0.229908,0.0804,0.684,9.10153E-05,0.0339948,0.001530507,0.1919,6.27418E-05,-2.10622E-05,1.7763E-05,5.58467E-05,-2.74429E-05,6.34421E-05
0.0025803,1.9282,0.67,5.7,0.17419,0.0081028,1.0154,0.0017242,-0.00064369,0.00032955,0.0016256,-0.00075837,0.0018108,0.231384,0.0804,0.684,9.31488E-05,0.0330961,0.001539532,0.192926,6.22436E-05,-2.32372E-05,1.18968E-05,5.86842E-05,-2.73772E-05,6.53699E-05
0.0026861,1.941,0.67,5.7,0.16903,0.0092372,1.0199,0.0017794,-0.0006804,0.00026308,0.0016468,-0.00078578,0.001946,0.23292,0.0804,0.684,9.69682E-05,0.0321157,0.001755068,0.193781,6.42363E-05,-2.45624E-05,9.49719E-06,5.94495E-05,-2.83667E-05,7.02506E-05
0.0028419,1.9545,0.67,5.7,0.16359,0.0090888,1.0218,0.0018492,-0.00066931,0.00032841,0.0015737,-0.00077997,0.002261,0.23454,0.0804,0.684,0.000102593,0.0310821,0.001726872,0.194142,6.67561E-05,-2.41621E-05,1.18556E-05,5.68106E-05,-2.81569E-05,8.16221E-05
0.002878,1.9686,0.67,5.7,0.15817,0.0086364,1.0217,0.0018718,-0.0005533,0.00020196,0.0014994,-0.00079507,0.0023847,0.236232,0.0804,0.684,0.000103896,0.0300523,0.001640916,0.194123,6.7572E-05,-1.99741E-05,7.29076E-06,5.41283E-05,-2.8702E-05,8.60877E-05
0.0027945,1.9833,0.67,5.7,0.15265,0.0086123,1.0266,0.0018502,-0.00032167,0.00012137,0.0012823,-0.00072703,0.0024565,0.237996,0.0804,0.684,0.000100881,0.0290035,0.001636337,0.195054,6.67922E-05,-1.16123E-05,4.38146E-06,4.6291E-05,-2.62458E-05,8.86797E-05
0.0025851,1.9988,0.67,5.7,0.14666,0.011306,1.0291,0.0018026,-0.00010214,-3.30E-07,0.0012177,-0.00061841,0.00215,0.239856,0.0804,0.684,9.33221E-05,0.0278654,0.00214814,0.195529,6.50739E-05,-3.68725E-06,-1.19195E-08,4.3959E-05,-2.23246E-05,0.000077615
0.0025222,2.0149,0.67,5.7,0.14099,0.012478,1.0294,0.0017209,2.39E-05,-3.88E-05,0.00128,-0.0006048,0.0020434,0.241788,0.0804,0.684,9.10514E-05,0.0267881,0.00237082,0.195586,6.21245E-05,8.63548E-07,-1.40111E-06,0.000046208,-2.18333E-05,7.37667E-05
0.0026337,2.0319,0.67,5.7,0.13587,0.013093,1.0267,0.0015922,6.62E-05,-0.00010827,0.0013743,-0.0004708,0.0023009,0.243828,0.0804,0.684,9.50766E-05,0.0258153,0.00248767,0.195073,5.74784E-05,2.3883E-06,-3.90855E-06,4.96122E-05,-1.69959E-05,8.30625E-05
0.0024835,2.0496,0.67,5.7,0.13051,0.0094069,1.0214,0.0014464,6.22E-05,-0.00014231,0.001166,-0.0002205,0.0023547,0.245952,0.0804,0.684,8.96544E-05,0.0247969,0.001787311,0.194066,5.2215E-05,2.24473E-06,-5.13739E-06,4.20926E-05,-7.96005E-06,8.50047E-05
0.0028659,2.0681,0.67,5.7,0.12447,0.0053666,1.0201,0.0014236,7.69E-05,0.00029428,0.00086248,0.00012252,0.0034457,0.248172,0.0804,0.684,0.000103459,0.0236493,0.001019654,0.193819,5.1392E-05,2.77786E-06,1.06235E-05,3.11355E-05,4.42297E-06,0.00012439
0.0035879,2.0875,0.67,5.7,0.11761,0.0048186,1.0112,0.0015792,-3.77E-06,0.00076671,0.0008184,8.61E-05,0.0047783,0.2505,0.0804,0.684,0.000129523,0.0223459,0.000915534,0.192128,5.70091E-05,-1.35967E-07,2.76782E-05,2.95442E-05,3.10994E-06,0.000172497
0.0043187,2.1078,0.67,5.7,0.1105,0.0038489,1.0054,0.0018291,-0.00017982,0.0014759,0.00069277,-0.00021067,0.0061155,0.252936,0.0804,0.684,0.000155905,0.020995,0.000731291,0.191026,6.60305E-05,-6.4915E-06,5.328E-05,2.5009E-05,-7.60519E-06,0.00022077
0.0050262,2.129,0.67,5.7,0.10375,0.010268,1.003,0.0020881,-0.00029072,0.002221,0.00071955,-0.00029546,0.0072447,0.25548,0.0804,0.684,0.000181446,0.0197125,0.00195092,0.19057,7.53804E-05,-1.0495E-05,8.01781E-05,2.59758E-05,-1.06661E-05,0.000261534
0.0048556,2.1511,0.67,5.7,0.098818,0.015936,0.99606,0.002206,-0.00015399,0.0022498,0.00086742,-5.92E-05,0.0066378,0.258132,0.0804,0.684,0.000175287,0.01877542,0.00302784,0.1892514,7.96366E-05,-5.55904E-06,8.12178E-05,3.13139E-05,-2.13752E-06,0.000239625
0.003988,2.1743,0.67,5.7,0.095547,0.019442,0.99697,0.0021311,6.26E-05,0.0017696,0.001008,0.00015087,0.0048369,0.260916,0.0804,0.684,0.000143967,0.01815393,0.00369398,0.1894243,7.69327E-05,2.2612E-06,6.38826E-05,3.63888E-05,5.44641E-06,0.000174612
0.0036003,2.1984,0.67,5.7,0.08994,0.021503,1.0021,0.0019363,0.00011231,0.0016592,0.00098991,4.41E-06,0.0042744,0.263808,0.0804,0.684,0.000129971,0.0170886,0.00408557,0.190399,6.99004E-05,4.05439E-06,5.98971E-05,3.57358E-05,1.59158E-07,0.000154306
0.0039111,2.2237,0.67,5.7,0.081652,0.025369,0.98436,0.0017539,0.00036109,0.0016774,0.0015819,0.00059378,0.0044864,0.266844,0.0804,0.684,0.000141191,0.01551388,0.00482011,0.1870284,6.33158E-05,1.30353E-05,6.05541E-05,5.71066E-05,2.14355E-05,0.000161959
0.0049354,2.2501,0.67,5.7,0.073782,0.032282,0.96347,0.0018321,0.00061541,0.0015503,0.0021944,0.0012987,0.0058442,0.270012,0.0804,0.684,0.000178168,0.01401858,0.00613358,0.1830593,6.61388E-05,2.22163E-05,5.59658E-05,7.92178E-05,4.68831E-05,0.000210976
0.0050888,2.2776,0.67,5.7,0.065986,0.035057,0.95793,0.0020733,0.00052173,0.0015527,0.0019871,0.0007389,0.0061171,0.273312,0.0804,0.684,0.000183706,0.01253734,0.00666083,0.1820067,7.48461E-05,1.88345E-05,5.60525E-05,7.17343E-05,2.66743E-05,0.000220827
0.0049786,2.3063,0.67,5.7,0.058234,0.038395,0.94458,0.0022396,0.00030936,0.0012857,0.001726,-0.00044157,0.0059917,0.276756,0.0804,0.684,0.000179727,0.01106446,0.00729505,0.1794702,8.08496E-05,1.11679E-05,4.64138E-05,6.23086E-05,-1.59407E-05,0.0002163
0.0059177,2.3362,0.67,5.7,0.048133,0.049715,0.93045,0.0023882,0.00038221,0.0014798,0.0018635,-0.00054531,0.0075836,0.280344,0.0804,0.684,0.000213629,0.00914527,0.00944585,0.1767855,8.6214E-05,1.37978E-05,5.34208E-05,6.72724E-05,-1.96857E-05,0.000273768
0.0056055,2.3674,0.67,5.7,0.036166,0.060098,0.90394,0.0023967,0.00058589,0.0017002,0.0025016,0.00016508,0.0063127,0.284088,0.0804,0.684,0.000202359,0.00687154,0.01141862,0.1717486,8.65209E-05,2.11506E-05,6.13772E-05,9.03078E-05,5.95939E-06,0.000227888
0.0053928,2.3999,0.67,5.7,0.026599,0.067358,0.87404,0.0019269,0.00067113,0.0014795,0.0037818,0.00028802,0.0050769,0.287988,0.0804,0.684,0.00019468,0.00505381,0.01279802,0.1660676,6.95611E-05,2.42278E-05,5.341E-05,0.000136523,1.03975E-05,0.000183276
0.0051693,2.4338,0.67,5.7,0.016635,0.07631,0.83806,0.0010919,0.00042855,0.0012592,0.003637,0.00052469,0.0056097,0.292056,0.0804,0.684,0.000186612,0.00316065,0.0144989,0.1592314,3.94176E-05,1.54707E-05,4.54571E-05,0.000131296,1.89413E-05,0.00020251
0.0036283,2.4691,0.67,5.7,0.0068145,0.072047,0.72249,0.00034733,7.06E-05,0.00062278,0.0021232,0.00076222,0.0047861,0.296292,0.0804,0.684,0.000130982,0.001294755,0.01368893,0.1372731,1.25386E-05,2.54772E-06,2.24824E-05,7.66475E-05,2.75161E-05,0.000172778
0.0013788,2.5058,0.67,5.7,0.0020224,0.031715,0.31797,2.21E-05,1.22E-05,0.00010899,0.00081148,0.00030387,0.001924,0.300696,0.0804,0.684,4.97747E-05,0.000384256,0.00602585,0.0604143,7.9633E-07,4.39481E-07,3.93454E-06,2.92944E-05,1.09697E-05,6.94564E-05
1.47E-07,2.544,0.67,5.7,0.00062236,1.34E-13,-2.89E-17,2.94E-07,6.34E-17,-1.49E-20,1.37E-26,-3.22E-30,8.71E-34,0.30528,0.0804,0.684,5.31103E-09,0.000118248,2.55132E-14,-5.49081E-18,1.06221E-08,2.2899E-18,-5.39045E-22,4.93668E-28,-1.16228E-31,3.14315E-35
0,2.5837,0.67,5.7,0,0,0,0,0,0,0,0,0,0.310044,0.0804,0.684,0,0,0,0,0,0,0,0,0,0
0,2.625,0.67,5.7,0,0,0,0,0,0,0,0,0,0.315,0.0804,0.684,0,0,0,0,0,0,0,0,0,0
0,-0.125,0.67,5.7083,0,0,0,0,0,0,0,0,0,-0.015,0.0804,0.684996,0,0,0,0,0,0,0,0,0,0
0,-0.083719,0.67,5.7083,0,0,0,0,0,0,0,0,0,-0.01004628,0.0804,0.684996,0,0,0,0,0,0,0,0,0,0
9.28E-08,-0.044001,0.67,5.7083,-0.00015843,-4.43E-14,4.26E-18,1.86E-07,5.19E-17,-1.49E-21,1.45E-26,-4.16E-31,1.29E-34,-0.00528012,0.0804,0.684996,3.34968E-09,-3.01017E-05,-8.42517E-15,8.09381E-19,6.69944E-09,1.87521E-18,-5.38071E-23,5.24894E-28,-1.50346E-32,4.66881E-36
0.00098465,-0.0058053,0.67,5.7083,-0.0025395,0.025318,0.39859,1.06E-05,-2.63E-05,-3.27E-05,0.00080704,-0.00020362,0.0011517,-0.000696636,0.0804,0.684996,3.55459E-05,-0.000482505,0.00481042,0.0757321,3.82913E-07,-9.48239E-07,-1.18029E-06,2.91341E-05,-7.35068E-06,4.15764E-05
0.0025651,0.030909,0.67,5.7083,-0.01159,0.057289,0.90172,0.00016632,-0.00015424,-0.00018691,0.0020948,-0.00052217,0.002869,0.00370908,0.0804,0.684996,9.26001E-05,-0.0022021,0.01088491,0.1713268,6.00415E-06,-5.56806E-06,-6.74745E-06,7.56223E-05,-1.88503E-05,0.000103571
0.0026244,0.066184,0.67,5.7083,-0.025721,0.051894,1.0193,0.00043223,-0.00023496,-9.60E-05,0.0018369,-0.00060494,0.0029796,0.00794208,0.0804,0.684996,9.47408E-05,-0.00488699,0.00985986,0.193667,1.56035E-05,-8.48206E-06,-3.46477E-06,6.63121E-05,-2.18383E-05,0.000107564
0.0024483,0.10006,0.67,5.7083,-0.041006,0.03828,1.0536,0.00055197,-0.00022837,1.34E-05,0.0014696,-0.00071577,0.0028751,0.0120072,0.0804,0.684996,8.83836E-05,-0.00779114,0.0072732,0.200184,1.99261E-05,-8.24416E-06,4.84137E-07,5.30526E-05,-2.58393E-05,0.000103791
0.0030096,0.13258,0.67,5.7083,-0.051641,0.031058,1.0709,0.00055273,-0.00014658,-7.02E-05,0.001378,-0.00089018,0.0040884,0.0159096,0.0804,0.684996,0.000108647,-0.00981179,0.00590102,0.203471,1.99536E-05,-5.29154E-06,-2.53509E-06,4.97458E-05,-3.21355E-05,0.000147591
0.0027257,0.16379,0.67,5.7083,-0.054541,0.019885,1.0869,0.00062802,-5.07E-05,-0.00021474,0.00097886,-0.00070136,0.0038444,0.0196548,0.0804,0.684996,9.83978E-05,-0.01036279,0.00377815,0.206511,2.26715E-05,-1.8302E-06,-7.75211E-06,3.53368E-05,-2.53191E-05,0.000138783
0.00253,0.19372,0.67,5.7083,-0.05629,0.019735,1.0975,0.00082749,-7.21E-07,-0.00039331,0.001095,-0.00065106,0.0031375,0.0232464,0.0804,0.684996,0.000091333,-0.0106951,0.00374965,0.208525,2.98724E-05,-2.60202E-08,-1.41985E-05,3.95295E-05,-2.35033E-05,0.000113264
0.003478,0.22242,0.67,5.7083,-0.059709,0.026685,1.0991,0.0011388,5.55E-05,-0.00075852,0.0011044,-0.00064245,0.0047129,0.0266904,0.0804,0.684996,0.000125556,-0.01134471,0.00507015,0.208829,4.11107E-05,2.00348E-06,-2.73826E-05,3.98688E-05,-2.31924E-05,0.000170136
0.0030596,0.24993,0.67,5.7083,-0.065586,0.027393,1.1042,0.0013357,0.00015491,-0.00083818,0.0010912,-0.00017785,0.0036923,0.0299916,0.0804,0.684996,0.000110452,-0.01246134,0.00520467,0.209798,4.82188E-05,5.59225E-06,-3.02583E-05,3.93923E-05,-6.42039E-06,0.000133292
0.0024652,0.27629,0.67,5.7083,-0.073084,0.026624,1.1059,0.0013312,0.00011688,-0.00084932,0.0013923,-0.00031237,0.0022069,0.0331548,0.0804,0.684996,8.89937E-05,-0.01388596,0.00505856,0.210121,4.80563E-05,4.21937E-06,-3.06605E-05,5.0262E-05,-1.12766E-05,7.96691E-05
0.0032582,0.30154,0.67,5.7083,-0.080149,0.022194,1.1083,0.001427,5.05E-05,-0.00098222,0.001894,-0.0010877,0.0031954,0.0361848,0.0804,0.684996,0.000117621,-0.01522831,0.00421686,0.210577,5.15147E-05,1.82189E-06,-3.54581E-05,6.83734E-05,-3.9266E-05,0.000115354
0.0033277,0.32572,0.67,5.7083,-0.086706,0.016244,1.1086,0.0015522,0.00011499,-0.00079586,0.0016049,-0.0012308,0.0034983,0.0390864,0.0804,0.684996,0.00012013,-0.01647414,0.00308636,0.210634,5.60344E-05,4.15114E-06,-2.87305E-05,5.79369E-05,-4.44319E-05,0.000126289
0.0026385,0.34887,0.67,5.7083,-0.091808,0.01893,1.1063,0.0015263,8.93E-05,-0.00026241,0.0010746,-0.0005985,0.0026761,0.0418644,0.0804,0.684996,9.52499E-05,-0.01744352,0.0035967,0.210197,5.50994E-05,3.22294E-06,-9.473E-06,3.87931E-05,-2.16059E-05,9.66072E-05
0.0023129,0.37102,0.67,5.7083,-0.097167,0.026803,1.1087,0.0014956,0.00013843,-0.00018512,0.0011341,-0.00045475,0.0019961,0.0445224,0.0804,0.684996,8.34957E-05,-0.01846173,0.00509257,0.210653,5.39912E-05,4.99732E-06,-6.68283E-06,4.0941E-05,-1.64165E-05,7.20592E-05
0.002565,0.39221,0.67,5.7083,-0.10418,0.0342,1.1084,0.0015824,0.00027091,-0.00048986,0.001227,-0.0008196,0.0023206,0.0470652,0.0804,0.684996,9.25965E-05,-0.0197942,0.006498,0.210596,5.71246E-05,9.77985E-06,-1.76839E-05,4.42947E-05,-2.95876E-05,8.37737E-05
0.0031181,0.41248,0.67,5.7083,-0.10986,0.037796,1.0991,0.001802,0.00048887,-0.00076238,0.0013535,-0.0011367,0.0030807,0.0494976,0.0804,0.684996,0.000112563,-0.0208734,0.00718124,0.208829,6.50522E-05,1.76482E-05,-2.75219E-05,4.88614E-05,-4.10349E-05,0.000111213
0.0037916,0.43187,0.67,5.7083,-0.11374,0.03956,1.0949,0.0020608,0.00063189,-0.0010033,0.0015724,-0.0013906,0.0039501,0.0518244,0.0804,0.684996,0.000136877,-0.0216106,0.0075164,0.208031,7.43949E-05,2.28112E-05,-3.62191E-05,5.67636E-05,-5.02007E-05,0.000142599
0.0040239,0.4504,0.67,5.7083,-0.1187,0.039109,1.0911,0.0021453,0.00051185,-0.00057998,0.0016701,-0.001457,0.0042323,0.054048,0.0804,0.684996,0.000145263,-0.022553,0.00743071,0.207309,7.74453E-05,1.84778E-05,-2.09373E-05,6.02906E-05,-5.25977E-05,0.000152786
0.0036127,0.46812,0.67,5.7083,-0.12569,0.035623,1.0936,0.0019757,0.00022405,-0.00027553,0.0015348,-0.0013012,0.0037151,0.0561744,0.0804,0.684996,0.000130418,-0.0238811,0.00676837,0.207784,7.13228E-05,8.08821E-06,-9.94663E-06,5.54063E-05,-4.69733E-05,0.000134115
0.0028643,0.48504,0.67,5.7083,-0.13391,0.031548,1.094,0.0016886,-5.77E-05,-0.00013812,0.0013295,-0.00094798,0.0027104,0.0582048,0.0804,0.684996,0.000103401,-0.0254429,0.00599412,0.20786,6.09585E-05,-2.08265E-06,-4.98613E-06,4.7995E-05,-3.42221E-05,9.78454E-05
0.0026284,0.50122,0.67,5.7083,-0.14189,0.028044,1.0987,0.0014358,-0.00021169,-0.00018758,0.0012763,-0.00078423,0.0025447,0.0601464,0.0804,0.684996,9.48852E-05,-0.0269591,0.00532836,0.208753,5.18324E-05,-7.64201E-06,-6.77164E-06,4.60744E-05,-2.83107E-05,9.18637E-05
0.0026546,0.51667,0.67,5.7083,-0.14876,0.025607,1.1037,0.0013055,-0.00024165,-0.000329,0.001286,-0.00056739,0.0027178,0.0620004,0.0804,0.684996,9.58311E-05,-0.0282644,0.00486533,0.209703,4.71286E-05,-8.72357E-06,-1.18769E-05,4.64246E-05,-2.04828E-05,9.81126E-05
0.0024568,0.53142,0.67,5.7083,-0.15466,0.021334,1.1061,0.0013148,-0.00016288,-0.00043672,0.0012669,-0.00022762,0.0023317,0.0637704,0.0804,0.684996,8.86905E-05,-0.0293854,0.00405346,0.210159,4.74643E-05,-5.87997E-06,-1.57656E-05,4.57351E-05,-8.21708E-06,8.41744E-05
0.0023459,0.54551,0.67,5.7083,-0.15952,0.017154,1.1059,0.0014544,-8.68E-05,-0.00062297,0.0013699,-6.25E-05,0.0018676,0.0654612,0.0804,0.684996,8.4687E-05,-0.0303088,0.00325926,0.210121,5.25038E-05,-3.13525E-06,-2.24892E-05,4.94534E-05,-2.25455E-06,6.74204E-05
0.0025182,0.55896,0.67,5.7083,-0.16326,0.012953,1.1047,0.0017273,6.49E-05,-0.00085401,0.0015129,-0.00012946,0.0017961,0.0670752,0.0804,0.684996,9.0907E-05,-0.0310194,0.00246107,0.209893,6.23555E-05,2.34379E-06,-3.08298E-05,5.46157E-05,-4.67351E-06,6.48392E-05
0.0028412,0.5718,0.67,5.7083,-0.16677,0.0098892,1.1021,0.0020591,0.00030104,-0.0011063,0.0016198,-0.00024598,0.0020035,0.068616,0.0804,0.684996,0.000102567,-0.0316863,0.001878948,0.209399,7.43335E-05,1.08675E-05,-3.99374E-05,5.84748E-05,-8.87988E-06,7.23264E-05
0.0030939,0.58405,0.67,5.7083,-0.17107,0.0063906,1.0985,0.0023093,0.00048775,-0.0012511,0.0016957,-0.00031753,0.0021829,0.070086,0.0804,0.684996,0.00011169,-0.0325033,0.001214214,0.208715,8.33657E-05,1.76078E-05,-4.51647E-05,6.12148E-05,-1.14628E-05,7.88027E-05
0.0031529,0.59575,0.67,5.7083,-0.17638,0.00076395,1.099,0.0023968,0.00055407,-0.0012408,0.0016433,-0.00038711,0.0022657,0.07149,0.0804,0.684996,0.00011382,-0.0335122,0.000145151,0.20881,8.65245E-05,2.00019E-05,-4.47929E-05,5.93231E-05,-1.39747E-05,8.17918E-05
0.0030751,0.6069,0.67,5.7083,-0.18234,-0.0041923,1.1025,0.0023322,0.00048705,-0.0011566,0.0014758,-0.00048225,0.0023422,0.072828,0.0804,0.684996,0.000111011,-0.0346446,-0.000796537,0.209475,8.41924E-05,1.75825E-05,-4.17533E-05,5.32764E-05,-1.74092E-05,8.45534E-05
0.0029746,0.61755,0.67,5.7083,-0.18845,-0.0081037,1.1087,0.0021873,0.00035333,-0.0010586,0.0012992,-0.00058313,0.0024627,0.074106,0.0804,0.684996,0.000107383,-0.0358055,-0.001539703,0.210653,7.89615E-05,1.27552E-05,-3.82155E-05,4.69011E-05,-2.1051E-05,8.89035E-05
0.0028129,0.6277,0.67,5.7083,-0.19441,-0.010873,1.1121,0.0020188,0.00019013,-0.00088893,0.001158,-0.00060701,0.0024491,0.075324,0.0804,0.684996,0.000101546,-0.0369379,-0.00206587,0.211299,7.28787E-05,6.86369E-06,-3.20904E-05,4.18038E-05,-2.19131E-05,8.84125E-05
0.0026322,0.63738,0.67,5.7083,-0.20027,-0.012985,1.1138,0.0018372,3.63E-05,-0.00070284,0.0010702,-0.00063372,0.002357,0.0764856,0.0804,0.684996,9.50224E-05,-0.0380513,-0.00246715,0.211622,6.63229E-05,1.30866E-06,-2.53725E-05,3.86342E-05,-2.28773E-05,8.50877E-05
0.0024453,0.64661,0.67,5.7083,-0.20614,-0.014807,1.1157,0.0016473,-6.70E-05,-0.00046969,0.0010148,-0.00068534,0.0022285,0.0775932,0.0804,0.684996,8.82753E-05,-0.0391666,-0.00281333,0.211983,5.94675E-05,-2.41711E-06,-1.69558E-05,3.66343E-05,-2.47408E-05,8.04489E-05
0.0023007,0.65542,0.67,5.7083,-0.21182,-0.016193,1.1187,0.0015015,-0.00012329,-0.00025448,0.00096656,-0.00073387,0.0021334,0.0786504,0.0804,0.684996,8.30553E-05,-0.0402458,-0.00307667,0.212553,5.42042E-05,-4.45077E-06,-9.18673E-06,3.48928E-05,-2.64927E-05,7.70157E-05
0.0022375,0.66381,0.67,5.7083,-0.21698,-0.017292,1.121,0.0014384,-0.00015764,-4.44E-05,0.00092319,-0.00077116,0.0021134,0.0796572,0.0804,0.684996,8.07738E-05,-0.0412262,-0.00328548,0.21299,5.19262E-05,-5.6908E-06,-1.60436E-06,3.33272E-05,-2.78389E-05,7.62937E-05
0.0022445,0.67207,0.67,5.7083,-0.22142,-0.018489,1.1208,0.0014342,-0.00017909,0.00012339,0.00090011,-0.00077737,0.0021547,0.0806484,0.0804,0.684996,8.10265E-05,-0.0420698,-0.00351291,0.212952,5.17746E-05,-6.46515E-06,4.45438E-06,3.2494E-05,-2.80631E-05,7.77847E-05
0.0023457,0.68032,0.67,5.7083,-0.22531,-0.019663,1.1185,0.0014855,-0.00019446,0.00020073,0.00093338,-0.0007835,0.0022726,0.0816384,0.0804,0.684996,8.46798E-05,-0.0428089,-0.00373597,0.212515,5.36266E-05,-7.02001E-06,7.24635E-06,3.3695E-05,-2.82844E-05,8.20409E-05
0.0024694,0.68858,0.67,5.7083,-0.22881,-0.020346,1.1147,0.001567,-0.00020571,0.00024735,0.0010179,-0.00078979,0.002354,0.0826296,0.0804,0.684996,8.91453E-05,-0.0434739,-0.00386574,0.211793,5.65687E-05,-7.42613E-06,8.92934E-06,3.67462E-05,-2.85114E-05,8.49794E-05
0.0026121,0.69683,0.67,5.7083,-0.23199,-0.020042,1.1094,0.0016744,-0.00021305,0.00026135,0.0011288,-0.00079409,0.0024211,0.0836196,0.0804,0.684996,9.42968E-05,-0.0440781,-0.00380798,0.210786,6.04458E-05,-7.69111E-06,9.43474E-06,4.07497E-05,-2.86666E-05,8.74017E-05
0.0028067,0.70509,0.67,5.7083,-0.23501,-0.018669,1.1034,0.001831,-0.00022269,0.00024392,0.0012387,-0.00080505,0.0025436,0.0846108,0.0804,0.684996,0.000101322,-0.0446519,-0.00354711,0.209646,6.60991E-05,-8.03911E-06,8.80551E-06,4.47171E-05,-2.90623E-05,9.1824E-05
0.0030352,0.71335,0.67,5.7083,-0.23785,-0.016332,1.0963,0.001985,-0.00022992,0.00020041,0.001356,-0.00082317,0.0027294,0.085602,0.0804,0.684996,0.000109571,-0.0451915,-0.00310308,0.208297,7.16585E-05,-8.30011E-06,7.2348E-06,4.89516E-05,-2.97164E-05,9.85313E-05
0.0033085,0.7216,0.67,5.7083,-0.24025,-0.013264,1.0877,0.0021086,-0.00023427,0.00017144,0.0014967,-0.00085944,0.0030117,0.086592,0.0804,0.684996,0.000119437,-0.0456475,-0.00252016,0.206663,7.61205E-05,-8.45715E-06,6.18898E-06,5.40309E-05,-3.10258E-05,0.000108722
0.0036619,0.72986,0.67,5.7083,-0.24217,-0.0098322,1.0778,0.0022692,-0.00023632,0.00017003,0.0016737,-0.00094587,0.003381,0.0875832,0.0804,0.684996,0.000132195,-0.0460123,-0.001868118,0.204782,8.19181E-05,-8.53115E-06,6.13808E-06,6.04206E-05,-3.41459E-05,0.000122054
0.0040059,0.73811,0.67,5.7083,-0.24424,-0.0064807,1.068,0.0024149,-0.00022883,0.00019599,0.0018687,-0.001077,0.0037281,0.0885732,0.0804,0.684996,0.000144613,-0.0464056,-0.001231333,0.20292,8.71779E-05,-8.26076E-06,7.07524E-06,6.74601E-05,-3.88797E-05,0.000134584
0.00424,0.74637,0.67,5.7083,-0.24703,-0.0035892,1.0594,0.0024885,-0.00023647,0.00024026,0.002041,-0.0012003,0.0039505,0.0895644,0.0804,0.684996,0.000153064,-0.0469357,-0.000681948,0.201286,8.98349E-05,-8.53657E-06,8.67339E-06,7.36801E-05,-4.33308E-05,0.000142613
0.0044298,0.75463,0.67,5.7083,-0.2503,-0.0013826,1.0522,0.0025901,-0.00027542,0.0003039,0.0021593,-0.0012957,0.0041102,0.0905556,0.0804,0.684996,0.000159916,-0.047557,-0.000262694,0.199918,9.35026E-05,-9.94266E-06,1.09708E-05,7.79507E-05,-4.67748E-05,0.000148378
0.0045784,0.76288,0.67,5.7083,-0.25389,0.00022791,1.0461,0.0027288,-0.00033428,0.00040654,0.0022264,-0.0013123,0.0042015,0.0915456,0.0804,0.684996,0.00016528,-0.0482391,4.33029E-05,0.198759,9.85097E-05,-1.20675E-05,1.46761E-05,8.0373E-05,-4.7374E-05,0.000151674
0.0046714,0.77114,0.67,5.7083,-0.25809,0.0014015,1.0403,0.0028575,-0.00040087,0.0005311,0.0022574,-0.0012367,0.0042278,0.0925368,0.0804,0.684996,0.000168638,-0.0490371,0.000266285,0.197657,0.000103156,-1.44714E-05,1.91727E-05,8.14921E-05,-4.46449E-05,0.000152624
0.004761,0.7794,0.67,5.7083,-0.26248,0.0021526,1.0345,0.0029941,-0.00044505,0.00064391,0.0022456,-0.0011475,0.0042823,0.093528,0.0804,0.684996,0.000171872,-0.0498712,0.000408994,0.196555,0.000108087,-1.60663E-05,2.32452E-05,8.10662E-05,-4.14248E-05,0.000154591
0.0048717,0.78765,0.67,5.7083,-0.26643,0.0025632,1.0283,0.0031318,-0.00044643,0.00073439,0.0021701,-0.0011046,0.0044415,0.094518,0.0804,0.684996,0.000175868,-0.0506217,0.000487008,0.195377,0.000113058,-1.61161E-05,2.65115E-05,7.83406E-05,-3.98761E-05,0.000160338
0.0050158,0.79591,0.67,5.7083,-0.27028,0.0029197,1.0213,0.0032951,-0.00043697,0.00077305,0.0020393,-0.0010876,0.0046973,0.0955092,0.0804,0.684996,0.00018107,-0.0513532,0.000554743,0.194047,0.000118953,-1.57746E-05,2.79071E-05,7.36187E-05,-3.92624E-05,0.000169573
0.0051715,0.80416,0.67,5.7083,-0.27398,0.0033461,1.0134,0.0034923,-0.00042233,0.00075823,0.0018892,-0.0010745,0.0049615,0.0964992,0.0804,0.684996,0.000186691,-0.0520562,0.000635759,0.192546,0.000126072,-1.52461E-05,2.73721E-05,6.82001E-05,-3.87895E-05,0.00017911
0.0053015,0.81242,0.67,5.7083,-0.27708,0.0034954,1.0044,0.0037137,-0.00038069,0.00072879,0.0017352,-0.0010318,0.0051539,0.0974904,0.0804,0.684996,0.000191384,-0.0526452,0.000664126,0.190836,0.000134065,-1.37429E-05,2.63093E-05,6.26407E-05,-3.7248E-05,0.000186056
0.0054282,0.82068,0.67,5.7083,-0.28004,0.0031368,0.99499,0.0040083,-0.00032486,0.00068431,0.0015931,-0.0009764,0.005255,0.0984816,0.0804,0.684996,0.000195958,-0.0532076,0.000595992,0.1890481,0.0001447,-1.17274E-05,2.47036E-05,5.75109E-05,-3.5248E-05,0.000189706
0.0055195,0.82893,0.67,5.7083,-0.28318,0.0024186,0.9862,0.0042736,-0.0002722,0.00069759,0.001482,-0.0009254,0.0052834,0.0994716,0.0804,0.684996,0.000199254,-0.0538042,0.000459534,0.187378,0.000154277,-9.82642E-06,2.5183E-05,5.35002E-05,-3.34069E-05,0.000190731
0.005683,0.83719,0.67,5.7083,-0.28642,0.0016341,0.97834,0.0045376,-0.00022781,0.00074289,0.001391,-0.00088245,0.0054374,0.1004628,0.0804,0.684996,0.000205156,-0.0544198,0.000310479,0.1858846,0.000163807,-8.22394E-06,2.68183E-05,5.02151E-05,-3.18564E-05,0.00019629
0.0059545,0.84544,0.67,5.7083,-0.28959,0.00084049,0.97081,0.0048939,-0.0001779,0.00080375,0.0012955,-0.00083573,0.0057196,0.1014528,0.0804,0.684996,0.000214957,-0.0550221,0.000159693,0.1844539,0.00017667,-6.42219E-06,2.90154E-05,4.67676E-05,-3.01699E-05,0.000206478
0.0063048,0.8537,0.67,5.7083,-0.29255,-0.00030384,0.96259,0.0052549,-0.00011909,0.00088737,0.0012023,-0.0007596,0.0061525,0.102444,0.0804,0.684996,0.000227603,-0.0555845,-5.77296E-05,0.1828921,0.000189702,-4.29915E-06,3.20341E-05,4.3403E-05,-2.74216E-05,0.000222105
0.0066553,0.86196,0.67,5.7083,-0.29555,-0.0022691,0.95382,0.0055997,-6.72E-05,0.00095538,0.0011318,-0.00066268,0.0065791,0.1034352,0.0804,0.684996,0.000240256,-0.0561545,-0.000431129,0.1812258,0.000202149,-2.42491E-06,3.44892E-05,4.0858E-05,-2.39227E-05,0.000237506
0.0070962,0.87021,0.67,5.7083,-0.29838,-0.0051092,0.94497,0.0060408,-1.08E-05,0.0009795,0.0010889,-0.00056566,0.0070627,0.1044252,0.0804,0.684996,0.000256173,-0.0566922,-0.000970748,0.1795443,0.000218073,-3.89122E-07,3.536E-05,3.93093E-05,-2.04203E-05,0.000254963
0.0075547,0.87847,0.67,5.7083,-0.30087,-0.0085871,0.936,0.0065104,6.24E-05,0.0010119,0.0010697,-0.00044128,0.0075293,0.1054164,0.0804,0.684996,0.000272725,-0.0571653,-0.001631549,0.17784,0.000235025,2.25278E-06,3.65296E-05,3.86162E-05,-1.59302E-05,0.000271808
0.0081199,0.88672,0.67,5.7083,-0.30327,-0.01229,0.92613,0.0069842,0.00011171,0.0010145,0.0010712,-0.00025149,0.0081843,0.1064064,0.0804,0.684996,0.000293128,-0.0576213,-0.0023351,0.1759647,0.00025213,4.03273E-06,3.66235E-05,3.86703E-05,-9.07879E-06,0.000295453
0.0086703,0.89498,0.67,5.7083,-0.30509,-0.015458,0.91488,0.0074946,0.00013598,0.0010456,0.0010649,-6.72E-05,0.008781,0.1073976,0.0804,0.684996,0.000312998,-0.0579671,-0.00293702,0.1738272,0.000270555,4.90888E-06,3.77462E-05,3.84429E-05,-2.4274E-06,0.000316994
0.0092185,0.90324,0.67,5.7083,-0.30645,-0.017571,0.90243,0.0079911,0.00018444,0.0011522,0.001026,6.25E-05,0.0094199,0.1083888,0.0804,0.684996,0.000332788,-0.0582255,-0.00333849,0.1714617,0.000288479,6.65828E-06,4.15944E-05,3.70386E-05,2.2569E-06,0.000340058
0.0097103,0.91149,0.67,5.7083,-0.3081,-0.018752,0.88959,0.0085085,0.00026179,0.0012517,0.00097712,0.00018306,0.009935,0.1093788,0.0804,0.684996,0.000350542,-0.058539,-0.00356288,0.1690221,0.000307157,9.45062E-06,4.51864E-05,3.5274E-05,6.60847E-06,0.000358654
0.01014,0.91975,0.67,5.7083,-0.3098,-0.019403,0.87677,0.0090601,0.00035785,0.0012639,0.00095495,0.00032194,0.010265,0.11037,0.0804,0.684996,0.000366054,-0.058862,-0.00368657,0.1665863,0.00032707,1.29184E-05,4.56268E-05,3.44737E-05,1.1622E-05,0.000370567
0.010587,0.92801,0.67,5.7083,-0.31161,-0.019653,0.8642,0.0097275,0.00045664,0.0012385,0.00097764,0.00047799,0.010469,0.1113612,0.0804,0.684996,0.000382191,-0.0592059,-0.00373407,0.164198,0.000351163,1.64847E-05,4.47099E-05,3.52928E-05,1.72554E-05,0.000377931
0.010951,0.93626,0.67,5.7083,-0.31337,-0.019467,0.85163,0.010326,0.00052541,0.0011691,0.0010438,0.00059613,0.010532,0.1123512,0.0804,0.684996,0.000395331,-0.0595403,-0.00369873,0.1618097,0.000372769,1.89673E-05,4.22045E-05,3.76812E-05,2.15203E-05,0.000380205
0.011475,0.94452,0.67,5.7083,-0.31412,-0.018923,0.83867,0.010945,0.00058073,0.0010185,0.0011695,0.00065578,0.010835,0.1133424,0.0804,0.684996,0.000414248,-0.0596828,-0.00359537,0.1593473,0.000395115,2.09644E-05,3.67679E-05,4.2219E-05,2.36737E-05,0.000391144
0.012032,0.95277,0.67,5.7083,-0.31535,-0.017946,0.82625,0.011631,0.00064304,0.00079761,0.0013724,0.00065719,0.011061,0.1143324,0.0804,0.684996,0.000434355,-0.0599165,-0.00340974,0.1569875,0.000419879,2.32137E-05,2.87937E-05,4.95436E-05,2.37246E-05,0.000399302
0.012811,0.96103,0.67,5.7083,-0.31674,-0.01668,0.81453,0.012356,0.00070609,0.00058206,0.0016296,0.00061388,0.011637,0.1153236,0.0804,0.684996,0.000462477,-0.0601806,-0.0031692,0.1547607,0.000446052,2.54898E-05,2.10124E-05,5.88286E-05,2.21611E-05,0.000420096
0.013635,0.96929,0.67,5.7083,-0.31674,-0.015528,0.80299,0.013045,0.00074787,0.00052201,0.0018642,0.00056948,0.01236,0.1163148,0.0804,0.684996,0.000492224,-0.0601806,-0.00295032,0.1525681,0.000470925,2.69981E-05,1.88446E-05,6.72976E-05,2.05582E-05,0.000446196
0.0145,0.97754,0.67,5.7083,-0.31741,-0.014938,0.79099,0.013553,0.00073713,0.0003918,0.0019951,0.00053773,0.013451,0.1173048,0.0804,0.684996,0.00052345,-0.0603079,-0.00283822,0.1502881,0.000489263,2.66104E-05,1.4144E-05,7.20231E-05,1.94121E-05,0.000485581
0.015471,0.9858,0.67,5.7083,-0.31826,-0.015216,0.77845,0.014169,0.00068694,0.00028247,0.0019986,0.00047834,0.014775,0.118296,0.0804,0.684996,0.000558503,-0.0604694,-0.00289104,0.1479055,0.000511501,2.47985E-05,1.01972E-05,7.21495E-05,1.72681E-05,0.000533378
0.016323,0.99405,0.67,5.7083,-0.31805,-0.016357,0.76534,0.014808,0.00061972,0.0002099,0.0018943,0.00036113,0.015944,0.119286,0.0804,0.684996,0.00058926,-0.0604295,-0.00310783,0.1454146,0.000534569,2.23719E-05,7.57739E-06,6.83842E-05,1.30368E-05,0.000575578
0.017201,1.0023,0.67,5.7083,-0.31849,-0.018133,0.75193,0.01553,0.00055554,0.00029964,0.0017334,0.00019697,0.017138,0.120276,0.0804,0.684996,0.000620956,-0.0605131,-0.00344527,0.1428667,0.000560633,2.0055E-05,1.0817E-05,6.25757E-05,7.11062E-06,0.000618682
0.017881,1.0106,0.67,5.7083,-0.31991,-0.020267,0.7387,0.016153,0.00047164,0.00030794,0.0015708,1.10E-05,0.018037,0.121272,0.0804,0.684996,0.000645504,-0.0607829,-0.00385073,0.140353,0.000583123,1.70262E-05,1.11166E-05,5.67059E-05,3.97533E-07,0.000651136
0.018582,1.0188,0.67,5.7083,-0.32113,-0.022633,0.72527,0.016613,0.00040657,0.00019676,0.0014277,-0.00013006,0.019124,0.122256,0.0804,0.684996,0.00067081,-0.0610147,-0.00430027,0.1378013,0.000599729,1.46772E-05,7.10304E-06,5.154E-05,-4.69517E-06,0.000690376
0.019337,1.0271,0.67,5.7083,-0.32138,-0.024998,0.71179,0.01718,0.00037439,8.45E-05,0.0013185,-0.00024146,0.020176,0.123252,0.0804,0.684996,0.000698066,-0.0610622,-0.00474962,0.1352401,0.000620198,1.35155E-05,3.04951E-06,4.75979E-05,-8.71671E-06,0.000728354
0.020175,1.0353,0.67,5.7083,-0.32082,-0.026995,0.69775,0.017795,0.00032648,-0.00017311,0.0012681,-0.00033502,0.021286,0.124236,0.0804,0.684996,0.000728318,-0.0609558,-0.00512905,0.1325725,0.0006424,1.17859E-05,-6.24927E-06,4.57784E-05,-1.20942E-05,0.000768425
0.0211,1.0436,0.67,5.7083,-0.32063,-0.027976,0.68363,0.018546,0.00028759,-0.00029791,0.0012616,-0.00045654,0.022392,0.125232,0.0804,0.684996,0.00076171,-0.0609197,-0.00531544,0.1298897,0.000669511,1.0382E-05,-1.07546E-05,4.55438E-05,-1.64811E-05,0.000808351
0.021858,1.0518,0.67,5.7083,-0.3214,-0.027765,0.66969,0.019315,0.00029142,-0.00041996,0.0012685,-0.00063281,0.023132,0.126216,0.0804,0.684996,0.000789074,-0.061066,-0.00527535,0.1272411,0.000697272,1.05203E-05,-1.51606E-05,4.57929E-05,-2.28444E-05,0.000835065
0.022819,1.0601,0.67,5.7083,-0.32178,-0.027204,0.65553,0.020437,0.00033776,-0.00048772,0.0013087,-0.00072908,0.023891,0.127212,0.0804,0.684996,0.000823766,-0.0611382,-0.00516876,0.1245507,0.000737776,1.21931E-05,-1.76067E-05,4.72441E-05,-2.63198E-05,0.000862465
0.023675,1.0684,0.67,5.7083,-0.32146,-0.026896,0.64189,0.021705,0.00042787,-0.0005842,0.0014096,-0.00064973,0.024235,0.128208,0.0804,0.684996,0.000854668,-0.0610774,-0.00511024,0.1219591,0.000783551,1.54461E-05,-2.10896E-05,5.08866E-05,-2.34553E-05,0.000874884
0.024282,1.0766,0.67,5.7083,-0.32041,-0.027327,0.62816,0.022512,0.00051403,-0.00060534,0.0015339,-0.00036528,0.024518,0.129192,0.0804,0.684996,0.00087658,-0.0608779,-0.00519213,0.1193504,0.000812683,1.85565E-05,-2.18528E-05,5.53738E-05,-1.31866E-05,0.0008851
0.024877,1.0849,0.67,5.7083,-0.31846,-0.028445,0.61482,0.023385,0.00051969,-0.00044341,0.0016402,-7.75E-06,0.024728,0.130188,0.0804,0.684996,0.00089806,-0.0605074,-0.00540455,0.1168158,0.000844199,1.87608E-05,-1.60071E-05,5.92112E-05,-2.79692E-07,0.000892681
0.025344,1.0931,0.67,5.7083,-0.31673,-0.029752,0.60268,0.024275,0.00049571,-0.00027189,0.0017118,0.00025549,0.024701,0.131172,0.0804,0.684996,0.000914918,-0.0601787,-0.00565288,0.1145092,0.000876328,1.78951E-05,-9.81523E-06,6.1796E-05,9.22319E-06,0.000891706
0.025826,1.1014,0.67,5.7083,-0.31508,-0.031721,0.5913,0.02501,0.00042401,-9.19E-05,0.0017294,0.00044117,0.024913,0.132168,0.0804,0.684996,0.000932319,-0.0598652,-0.00602699,0.112347,0.000902861,1.53068E-05,-3.31701E-06,6.24313E-05,1.59262E-05,0.000899359
0.026524,1.1096,0.67,5.7083,-0.31293,-0.033745,0.58047,0.025862,0.00035363,0.0003178,0.0017243,0.00062482,0.025461,0.133152,0.0804,0.684996,0.000957516,-0.0594567,-0.00641155,0.1102893,0.000933618,1.2766E-05,1.14726E-05,6.22472E-05,2.2556E-05,0.000919142
0.027325,1.1179,0.67,5.7083,-0.31033,-0.034982,0.57001,0.026812,0.00033225,0.00042257,0.0017397,0.00081904,0.026099,0.134148,0.0804,0.684996,0.000986433,-0.0589627,-0.00664658,0.1083019,0.000967913,1.19942E-05,1.52548E-05,6.28032E-05,2.95673E-05,0.000942174
0.028149,1.1262,0.67,5.7083,-0.30734,-0.03633,0.55974,0.027712,0.00030627,0.00051746,0.0017438,0.0010258,0.026843,0.135144,0.0804,0.684996,0.001016179,-0.0583946,-0.0069027,0.1063506,0.001000403,1.10563E-05,1.86803E-05,6.29512E-05,3.70314E-05,0.000969032
0.029373,1.1344,0.67,5.7083,-0.30249,-0.037857,0.54918,0.028982,0.00022435,0.00067735,0.0017416,0.001222,0.028022,0.136128,0.0804,0.684996,0.001060365,-0.0574731,-0.00719283,0.1043442,0.00104625,8.09904E-06,2.44523E-05,6.28718E-05,4.41142E-05,0.001011594
0.030693,1.1427,0.67,5.7083,-0.29611,-0.039149,0.53916,0.030639,0.00014304,0.0005991,0.0017648,0.0014637,0.028983,0.137124,0.0804,0.684996,0.001108017,-0.0562609,-0.00743831,0.1024404,0.001106068,5.16374E-06,2.16275E-05,6.37093E-05,5.28396E-05,0.001046286
0.031839,1.1509,0.67,5.7083,-0.29038,-0.039923,0.52966,0.032084,0.00018967,0.0005881,0.0017549,0.0017024,0.029839,0.138108,0.0804,0.684996,0.001149388,-0.0551722,-0.00758537,0.1006354,0.001158232,6.84709E-06,2.12304E-05,6.33519E-05,6.14566E-05,0.001077188
0.032828,1.1592,0.67,5.7083,-0.28441,-0.041014,0.52055,0.033301,0.00021961,0.00079521,0.0017248,0.0018467,0.030629,0.139104,0.0804,0.684996,0.001185091,-0.0540379,-0.00779266,0.0989045,0.001202166,7.92792E-06,2.87071E-05,6.22653E-05,6.66659E-05,0.001105707
0.033496,1.1674,0.67,5.7083,-0.27736,-0.043021,0.51204,0.034103,0.0002029,0.0011317,0.0017115,0.0020156,0.031177,0.140088,0.0804,0.684996,0.001209206,-0.0526984,-0.00817399,0.0972876,0.001231118,7.32469E-06,4.08544E-05,6.17852E-05,7.27632E-05,0.00112549
0.03399,1.1757,0.67,5.7083,-0.27032,-0.045065,0.50487,0.034637,0.00018723,0.0013548,0.0017085,0.002191,0.031634,0.141084,0.0804,0.684996,0.001227039,-0.0513608,-0.00856235,0.0959253,0.001250396,6.759E-06,4.89083E-05,6.16769E-05,7.90951E-05,0.001141987
0.034361,1.1839,0.67,5.7083,-0.26355,-0.04712,0.4996,0.03517,9.73E-05,0.0017467,0.0017294,0.0023973,0.031822,0.142068,0.0804,0.684996,0.001240432,-0.0500745,-0.0089528,0.094924,0.001269637,3.51148E-06,6.30559E-05,6.24313E-05,8.65425E-05,0.001148774
0.034908,1.1922,0.67,5.7083,-0.25666,-0.04922,0.49633,0.035881,-5.18E-05,0.0022678,0.00176,0.0025962,0.032175,0.143064,0.0804,0.684996,0.001260179,-0.0487654,-0.0093518,0.0943027,0.001295304,-1.86958E-06,8.18676E-05,0.000063536,9.37228E-05,0.001161518
0.035551,1.2005,0.67,5.7083,-0.25013,-0.050932,0.49468,0.036822,-0.00019914,0.0029152,0.0017909,0.0027115,0.03249,0.14406,0.0804,0.684996,0.001283391,-0.0475247,-0.00967708,0.0939892,0.001329274,-7.18895E-06,0.000105239,6.46515E-05,9.78852E-05,0.001172889
0.036225,1.2087,0.67,5.7083,-0.24403,-0.052185,0.49273,0.037601,-0.0002423,0.0035678,0.0018366,0.0028178,0.033012,0.145044,0.0804,0.684996,0.001307723,-0.0463657,-0.00991515,0.0936187,0.001357396,-8.74703E-06,0.000128798,6.63013E-05,0.000101723,0.001191733
0.036692,1.217,0.67,5.7083,-0.23749,-0.052999,0.48938,0.037807,-0.00021322,0.004042,0.0019049,0.0029186,0.033672,0.14604,0.0804,0.684996,0.001324581,-0.0451231,-0.01006981,0.0929822,0.001364833,-7.69724E-06,0.000145916,6.87669E-05,0.000105361,0.001215559
0.0367,1.2252,0.67,5.7083,-0.22985,-0.053546,0.48383,0.037148,-0.00019028,0.0040826,0.0019838,0.0030622,0.034269,0.147024,0.0804,0.684996,0.00132487,-0.0436715,-0.01017374,0.0919277,0.001341043,-6.86911E-06,0.000147382,7.16152E-05,0.000110545,0.001237111
0.036132,1.2335,0.67,5.7083,-0.22085,-0.053873,0.47606,0.035595,-0.00018411,0.003644,0.0020633,0.0031753,0.034606,0.14802,0.0804,0.684996,0.001304365,-0.0419615,-0.01023587,0.0904514,0.00128498,-6.64637E-06,0.000131548,7.44851E-05,0.000114628,0.001249277
0.035401,1.2417,0.67,5.7083,-0.21007,-0.054258,0.46651,0.033669,-0.00020106,0.0030338,0.0021413,0.0031665,0.034991,0.149004,0.0804,0.684996,0.001277976,-0.0399133,-0.01030902,0.0886369,0.001215451,-7.25827E-06,0.00010952,7.73009E-05,0.000114311,0.001263175
0.034767,1.25,0.67,5.7083,-0.19716,-0.05456,0.45667,0.032027,-0.00029937,0.0025025,0.002212,0.0030536,0.035294,0.15,0.0804,0.684996,0.001255089,-0.0374604,-0.0103664,0.0867673,0.001156175,-1.08073E-05,9.03403E-05,7.98532E-05,0.000110235,0.001274113
0.034118,1.2583,0.67,5.7083,-0.18255,-0.0545,0.44686,0.030539,-0.000464,0.0018563,0.0022929,0.0029465,0.035403,0.150996,0.0804,0.684996,0.00123166,-0.0346845,-0.010355,0.0849034,0.001102458,-1.67504E-05,6.70124E-05,8.27737E-05,0.000106369,0.001278048
0.033655,1.2665,0.67,5.7083,-0.16643,-0.054232,0.43703,0.029191,-0.00062506,0.0013413,0.0023854,0.0028997,0.035734,0.15198,0.0804,0.684996,0.001214946,-0.0316217,-0.01030408,0.0830357,0.001053795,-2.25647E-05,4.84209E-05,8.61129E-05,0.000104679,0.001289997
0.033283,1.2748,0.67,5.7083,-0.14863,-0.05371,0.42782,0.0283,-0.00075268,0.00084756,0.002464,0.0028523,0.035802,0.152976,0.0804,0.684996,0.001201516,-0.0282397,-0.0102049,0.0812858,0.00102163,-2.71717E-05,3.05969E-05,8.89504E-05,0.000102968,0.001292452
0.032898,1.283,0.67,5.7083,-0.12939,-0.053195,0.41966,0.027751,-0.00082904,0.0002991,0.0024969,0.0027435,0.035548,0.15396,0.0804,0.684996,0.001187618,-0.0245841,-0.01010705,0.0797354,0.001001811,-2.99283E-05,1.07975E-05,9.01381E-05,9.90404E-05,0.001283283
0.032356,1.2913,0.67,5.7083,-0.10978,-0.052688,0.41341,0.027367,-0.0008773,-0.00017658,0.0024697,0.002595,0.034876,0.154956,0.0804,0.684996,0.001168052,-0.0208582,-0.01001072,0.0785479,0.000987949,-3.16705E-05,-6.37454E-06,8.91562E-05,9.36795E-05,0.001259024
0.031586,1.2995,0.67,5.7083,-0.090846,-0.052428,0.40932,0.026953,-0.00088596,-0.00049607,0.0023813,0.0024442,0.033838,0.15594,0.0804,0.684996,0.001140255,-0.01726074,-0.00996132,0.0777708,0.000973003,-3.19832E-05,-1.79081E-05,8.59649E-05,8.82356E-05,0.001221552
0.0304,1.3078,0.67,5.7083,-0.072427,-0.052446,0.4063,0.026091,-0.000863,-0.00053196,0.002244,0.0022808,0.032464,0.156936,0.0804,0.684996,0.00109744,-0.01376113,-0.00996474,0.077197,0.000941885,-3.11543E-05,-1.92038E-05,8.10084E-05,8.23369E-05,0.00117195
0.029085,1.316,0.67,5.7083,-0.054601,-0.05242,0.40287,0.024804,-0.00080005,-0.00063324,0.0020853,0.0021453,0.031279,0.15792,0.0804,0.684996,0.001049969,-0.01037419,-0.0099598,0.0765453,0.000895424,-2.88818E-05,-2.286E-05,7.52793E-05,7.74453E-05,0.001129172
0.028041,1.3243,0.67,5.7083,-0.038533,-0.052066,0.39923,0.023835,-0.0007474,-0.00098532,0.0019255,0.0019638,0.030321,0.158916,0.0804,0.684996,0.00101228,-0.00732127,-0.00989254,0.0758537,0.000860444,-2.69811E-05,-3.55701E-05,6.95106E-05,7.08932E-05,0.001094588
0.026981,1.3326,0.67,5.7083,-0.023282,-0.051172,0.39625,0.023331,-0.00073702,-0.0012176,0.0017769,0.0018316,0.028855,0.159912,0.0804,0.684996,0.000974014,-0.00442358,-0.00972268,0.0752875,0.000842249,-2.66064E-05,-4.39554E-05,6.41461E-05,6.61208E-05,0.001041666
0.025314,1.3408,0.67,5.7083,-0.0071887,-0.050858,0.39376,0.022161,-0.00077391,-0.0012713,0.00164,0.0017104,0.026828,0.160896,0.0804,0.684996,0.000913835,-0.001365853,-0.00966302,0.0748144,0.000800012,-2.79382E-05,-4.58939E-05,0.000059204,6.17454E-05,0.000968491
0.023853,1.3491,0.67,5.7083,0.0098039,-0.050793,0.39055,0.02059,-0.00077543,-0.0013601,0.0015004,0.0015875,0.025615,0.161892,0.0804,0.684996,0.000861093,0.001862741,-0.00965067,0.0742045,0.000743299,-2.7993E-05,-4.90996E-05,5.41644E-05,5.73088E-05,0.000924702
0.022503,1.3573,0.67,5.7083,0.027228,-0.050552,0.39034,0.019603,-0.00075862,-0.0014055,0.0013779,0.001513,0.024026,0.162876,0.0804,0.684996,0.000812358,0.00517332,-0.00960488,0.0741646,0.000707668,-2.73862E-05,-5.07386E-05,4.97422E-05,5.46193E-05,0.000867339
0.021322,1.3656,0.67,5.7083,0.04351,-0.050235,0.39186,0.018986,-0.0007939,-0.0015792,0.0012748,0.0013475,0.022383,0.163872,0.0804,0.684996,0.000769724,0.0082669,-0.00954465,0.0744534,0.000685395,-2.86598E-05,-5.70091E-05,4.60203E-05,4.86448E-05,0.000808026
0.020633,1.3738,0.67,5.7083,0.059577,-0.04944,0.39528,0.018807,-0.00075029,-0.0014438,0.0011728,0.0012614,0.021286,0.164856,0.0804,0.684996,0.000744851,0.01131963,-0.0093936,0.0751032,0.000678933,-2.70855E-05,-5.21212E-05,4.23381E-05,4.55365E-05,0.000768425
0.019446,1.3821,0.67,5.7083,0.076061,-0.04885,0.40158,0.018181,-0.00075864,-0.0014889,0.0010948,0.0011412,0.019616,0.165852,0.0804,0.684996,0.000702001,0.01445159,-0.0092815,0.0763002,0.000656334,-2.73869E-05,-5.37493E-05,3.95223E-05,4.11973E-05,0.000708138
0.018001,1.3903,0.67,5.7083,0.090576,-0.048142,0.40739,0.016625,-0.00075161,-0.0016503,0.0010285,0.0010211,0.018349,0.166836,0.0804,0.684996,0.000649836,0.01720944,-0.00914698,0.0774041,0.000600163,-2.71331E-05,-5.95758E-05,3.71289E-05,3.68617E-05,0.000662399
0.016515,1.3986,0.67,5.7083,0.10366,-0.047515,0.41465,0.015127,-0.00070404,-0.0016159,0.0009985,0.00097263,0.016904,0.167832,0.0804,0.684996,0.000596192,0.0196954,-0.00902785,0.0787835,0.000546085,-2.54158E-05,-5.8334E-05,3.60459E-05,3.51119E-05,0.000610234
0.01598,1.4069,0.67,5.7083,0.11741,-0.047413,0.4227,0.014479,-0.00069593,-0.0019287,0.0010191,0.00093292,0.016462,0.168828,0.0804,0.684996,0.000576878,0.0223079,-0.00900847,0.080313,0.000522692,-2.51231E-05,-6.96261E-05,3.67895E-05,3.36784E-05,0.000594278
0.01503,1.4151,0.67,5.7083,0.13103,-0.047026,0.43266,0.013787,-0.00057934,-0.0019225,0.0010654,0.00091812,0.015208,0.169812,0.0804,0.684996,0.000542583,0.0248957,-0.00893494,0.0822054,0.000497711,-2.09142E-05,-6.94023E-05,3.84609E-05,3.31441E-05,0.000549009
0.013637,1.4234,0.67,5.7083,0.14373,-0.04584,0.44285,0.012266,-0.0006357,-0.0017114,0.0011519,0.00081473,0.013856,0.170808,0.0804,0.684996,0.000492296,0.0273087,-0.0087096,0.0841415,0.000442803,-2.29488E-05,-6.17815E-05,4.15836E-05,2.94118E-05,0.000500202
0.013369,1.4316,0.67,5.7083,0.15565,-0.045086,0.45353,0.011821,-0.00063457,-0.0017826,0.0012533,0.0007704,0.013665,0.171792,0.0804,0.684996,0.000482621,0.0295735,-0.00856634,0.0861707,0.000426738,-2.2908E-05,-6.43519E-05,4.52441E-05,2.78114E-05,0.000493307
0.012921,1.4399,0.67,5.7083,0.16743,-0.044544,0.46627,0.012141,-0.00051966,-0.0018896,0.0013615,0.00076256,0.01234,0.172788,0.0804,0.684996,0.000466448,0.0318117,-0.00846336,0.0885913,0.00043829,-1.87597E-05,-6.82146E-05,4.91502E-05,2.75284E-05,0.000445474
0.012105,1.4481,0.67,5.7083,0.17988,-0.043353,0.47886,0.011229,-0.00063406,-0.0019275,0.0015164,0.00075762,0.011464,0.173772,0.0804,0.684996,0.000436991,0.0341772,-0.00823707,0.0909834,0.000405367,-2.28896E-05,-6.95828E-05,5.4742E-05,2.73501E-05,0.00041385
0.011662,1.4564,0.67,5.7083,0.1909,-0.04237,0.49188,0.010603,-0.00065685,-0.0024545,0.0016435,0.0007511,0.011077,0.174768,0.0804,0.684996,0.000420998,0.036271,-0.0080503,0.0934572,0.000382768,-2.37123E-05,-8.86075E-05,5.93304E-05,2.71147E-05,0.00039988
0.010812,1.4647,0.67,5.7083,0.20077,-0.041448,0.50595,0.010023,-0.00059746,-0.0022758,0.0017454,0.00074961,0.0098564,0.175764,0.0804,0.684996,0.000390313,0.0381463,-0.00787512,0.0961305,0.00036183,-2.15683E-05,-8.21564E-05,6.30089E-05,2.70609E-05,0.000355816
0.010273,1.4729,0.67,5.7083,0.21148,-0.04064,0.52079,0.0091291,-0.00055398,-0.0021597,0.0018607,0.00073324,0.0095554,0.176748,0.0804,0.684996,0.000370855,0.0401812,-0.0077216,0.0989501,0.000329561,-1.99987E-05,-7.79652E-05,6.71713E-05,2.647E-05,0.00034495
0.0097753,1.4812,0.67,5.7083,0.2211,-0.040336,0.53696,0.0087709,-0.00050069,-0.0023377,0.0019368,0.00069302,0.0088429,0.177744,0.0804,0.684996,0.000352888,0.042009,-0.00766384,0.1020224,0.000316629,-1.80749E-05,-8.4391E-05,6.99185E-05,2.5018E-05,0.000319229
0.0090646,1.4894,0.67,5.7083,0.22932,-0.040192,0.55323,0.0081465,-0.00050566,-0.0019567,0.0019823,0.00069984,0.0080003,0.178728,0.0804,0.684996,0.000327232,0.0435708,-0.00763648,0.1051137,0.000294089,-1.82543E-05,-7.06369E-05,7.1561E-05,2.52642E-05,0.000288811
0.0086787,1.4977,0.67,5.7083,0.2371,-0.040318,0.56991,0.0078033,-0.00048844,-0.002007,0.0019692,0.00060999,0.0075848,0.179724,0.0804,0.684996,0.000313301,0.045049,-0.00766042,0.1082829,0.000281699,-1.76327E-05,-7.24527E-05,7.10881E-05,2.20206E-05,0.000273811
0.0080689,1.5059,0.67,5.7083,0.24379,-0.040638,0.58699,0.0074558,-0.00043677,-0.0018935,0.0019018,0.00045011,0.0067802,0.180708,0.0804,0.684996,0.000291287,0.0463201,-0.00772122,0.1115281,0.000269154,-1.57674E-05,-6.83554E-05,6.8655E-05,1.6249E-05,0.000244765
0.0075887,1.5142,0.67,5.7083,0.25038,-0.040855,0.6038,0.0069444,-0.00039377,-0.0018403,0.0018445,0.00027276,0.0063885,0.181704,0.0804,0.684996,0.000273952,0.0475722,-0.00776245,0.114722,0.000250693,-1.42151E-05,-6.64348E-05,6.65865E-05,9.84664E-06,0.000230625
0.007058,1.5224,0.67,5.7083,0.25749,-0.040814,0.62072,0.00649,-0.00036002,-0.0018086,0.0017969,8.92E-05,0.005829,0.182688,0.0804,0.684996,0.000254794,0.0489231,-0.00775466,0.1179368,0.000234289,-1.29967E-05,-6.52905E-05,6.48681E-05,3.22034E-06,0.000210427
0.006597,1.5307,0.67,5.7083,0.26377,-0.040354,0.63704,0.0059882,-0.00033873,-0.0016437,0.001756,-3.30E-05,0.0054498,0.183684,0.0804,0.684996,0.000238152,0.0501163,-0.00766726,0.1210376,0.000216174,-1.22282E-05,-5.93376E-05,6.33916E-05,-1.18968E-06,0.000196738
0.0062347,1.539,0.67,5.7083,0.26804,-0.040227,0.65284,0.0056277,-0.00033209,-0.0015844,0.0017223,-0.00011507,0.0051193,0.18468,0.0804,0.684996,0.000225073,0.0509276,-0.00764313,0.1240396,0.00020316,-1.19884E-05,-5.71968E-05,6.2175E-05,-4.15403E-06,0.000184807
0.0059166,1.5472,0.67,5.7083,0.27136,-0.040749,0.66776,0.0052684,-0.00033744,-0.0015222,0.0016908,-0.00020121,0.004874,0.185664,0.0804,0.684996,0.000213589,0.0515584,-0.00774231,0.1268744,0.000190189,-1.21816E-05,-5.49514E-05,6.10379E-05,-7.26368E-06,0.000175951
0.0056458,1.5555,0.67,5.7083,0.27543,-0.04129,0.68244,0.0049419,-0.00036247,-0.001496,0.0016645,-0.00033103,0.0046852,0.18666,0.0804,0.684996,0.000203813,0.0523317,-0.0078451,0.1296636,0.000178403,-1.30852E-05,-5.40056E-05,6.00885E-05,-1.19502E-05,0.000169136
0.0054207,1.5637,0.67,5.7083,0.27907,-0.041395,0.69718,0.0046772,-0.0003907,-0.0013999,0.0016348,-0.00049665,0.0045294,0.187644,0.0804,0.684996,0.000195687,0.0530233,-0.00786505,0.1324642,0.000168847,-1.41043E-05,-5.05364E-05,5.90163E-05,-1.79291E-05,0.000163511
0.0051936,1.572,0.67,5.7083,0.28121,-0.040666,0.71206,0.0044345,-0.00040129,-0.0012659,0.0016089,-0.00066711,0.0043439,0.18864,0.0804,0.684996,0.000187489,0.0534299,-0.00772654,0.1352914,0.000160085,-1.44866E-05,-4.5699E-05,5.80813E-05,-2.40827E-05,0.000156815
0.0050133,1.5802,0.67,5.7083,0.28379,-0.039045,0.72749,0.0042276,-0.00039773,-0.0011544,0.0015967,-0.00079279,0.0042023,0.189624,0.0804,0.684996,0.00018098,0.0539201,-0.00741855,0.1382231,0.000152616,-1.43581E-05,-4.16738E-05,5.76409E-05,-2.86197E-05,0.000151703
0.0048351,1.5885,0.67,5.7083,0.28727,-0.036809,0.7432,0.0040422,-0.00041219,-0.00099108,0.0015931,-0.00087645,0.004035,0.19062,0.0804,0.684996,0.000174547,0.0545813,-0.00699371,0.141208,0.000145923,-1.48801E-05,-3.5778E-05,5.75109E-05,-3.16398E-05,0.000145664
0.0046746,1.5968,0.67,5.7083,0.28988,-0.034537,0.7585,0.0038879,-0.00044077,-0.00079647,0.0015949,-0.00092477,0.0038663,0.191616,0.0804,0.684996,0.000168753,0.0550772,-0.00656203,0.144115,0.000140353,-1.59118E-05,-2.87526E-05,5.75759E-05,-3.33842E-05,0.000139573
0.0044662,1.605,0.67,5.7083,0.2916,-0.032697,0.77309,0.0037389,-0.00045021,-0.00059793,0.0015951,-0.00093831,0.0035985,0.1926,0.0804,0.684996,0.00016123,0.055404,-0.00621243,0.1468871,0.000134974,-1.62526E-05,-2.15853E-05,5.75831E-05,-3.3873E-05,0.000129906
0.0042569,1.6133,0.67,5.7083,0.29305,-0.031307,0.78675,0.0036116,-0.0004468,-0.00040971,0.0015672,-0.00092822,0.003335,0.193596,0.0804,0.684996,0.000153674,0.0556795,-0.00594833,0.1494825,0.000130379,-1.61295E-05,-1.47905E-05,5.65759E-05,-3.35087E-05,0.000120394
0.0040454,1.6215,0.67,5.7083,0.29383,-0.030274,0.79911,0.0035375,-0.00045379,-0.00024081,0.0014919,-0.00089488,0.0030614,0.19458,0.0804,0.684996,0.000146039,0.0558277,-0.00575206,0.1518309,0.000127704,-1.63818E-05,-8.69324E-06,5.38576E-05,-3.23052E-05,0.000110517
0.0038376,1.6298,0.67,5.7083,0.29377,-0.029511,0.80994,0.0034589,-0.00046134,-0.00012781,0.0013839,-0.00084302,0.0028323,0.195576,0.0804,0.684996,0.000138537,0.0558163,-0.00560709,0.1538886,0.000124866,-1.66544E-05,-4.61394E-06,4.99588E-05,-3.0433E-05,0.000102246
0.0036267,1.638,0.67,5.7083,0.29276,-0.028789,0.81945,0.0033185,-0.00047179,-4.86E-05,0.0012886,-0.00079689,0.0026463,0.19656,0.0804,0.684996,0.000130924,0.0556244,-0.00546991,0.1556955,0.000119798,-1.70316E-05,-1.75284E-06,4.65185E-05,-2.87677E-05,9.55314E-05
0.0034099,1.6463,0.67,5.7083,0.29085,-0.027849,0.82749,0.0031112,-0.00049779,-3.19E-06,0.0012296,-0.00074839,0.0024789,0.197556,0.0804,0.684996,0.000123097,0.0552615,-0.00529131,0.1572231,0.000112314,-1.79702E-05,-1.15184E-07,4.43886E-05,-2.70169E-05,8.94883E-05
0.0032258,1.6545,0.67,5.7083,0.28875,-0.026626,0.83461,0.0029648,-0.0005202,2.58E-05,0.0011996,-0.00067298,0.0022872,0.19854,0.0804,0.684996,0.000116451,0.0548625,-0.00505894,0.1585759,0.000107029,-1.87792E-05,9.29647E-07,4.33056E-05,-2.42946E-05,8.25679E-05
0.0031037,1.6628,0.67,5.7083,0.28644,-0.025282,0.84127,0.0029053,-0.00052062,3.23E-05,0.0011954,-0.00057066,0.0021067,0.199536,0.0804,0.684996,0.000112044,0.0544236,-0.00480358,0.1598413,0.000104881,-1.87944E-05,1.16487E-06,4.31539E-05,-2.06008E-05,7.60519E-05
0.0029423,1.6711,0.67,5.7083,0.28345,-0.023838,0.84724,0.002796,-0.00049665,-5.16E-07,0.0012204,-0.0004405,0.0018681,0.200532,0.0804,0.684996,0.000106217,0.0538555,-0.00452922,0.1609756,0.000100936,-1.79291E-05,-1.86121E-08,4.40564E-05,-1.59021E-05,6.74384E-05
0.0027252,1.6793,0.67,5.7083,0.27983,-0.022035,0.85289,0.002602,-0.00045674,-8.03E-05,0.0012678,-0.00029462,0.0015805,0.201516,0.0804,0.684996,9.83797E-05,0.0531677,-0.00418665,0.1620491,9.39322E-05,-1.64883E-05,-2.89836E-06,4.57676E-05,-1.06358E-05,5.70561E-05
0.0025557,1.6876,0.67,5.7083,0.27589,-0.019751,0.85861,0.0024601,-0.00040458,-0.00015554,0.0013006,-0.00017186,0.0013507,0.202512,0.0804,0.684996,9.22608E-05,0.0524191,-0.00375269,0.1631359,8.88096E-05,-1.46053E-05,-5.61499E-06,4.69517E-05,-6.20415E-06,4.87603E-05
0.0024472,1.6958,0.67,5.7083,0.27189,-0.017036,0.86478,0.0024193,-0.00034775,-0.00021685,0.0012808,-9.95E-05,0.0011944,0.203496,0.0804,0.684996,8.83439E-05,0.0516591,-0.00323684,0.1643082,8.73367E-05,-1.25538E-05,-7.82829E-06,4.62369E-05,-3.59267E-06,4.31178E-05
0.0023672,1.7041,0.67,5.7083,0.268,-0.014159,0.87238,0.0023998,-0.00031372,-0.00025488,0.0012108,-7.80E-05,0.0011238,0.204492,0.0804,0.684996,8.54559E-05,0.05092,-0.00269021,0.1657522,8.66328E-05,-1.13253E-05,-9.20117E-06,4.37099E-05,-2.81728E-06,4.05692E-05
0.0023043,1.7123,0.67,5.7083,0.26423,-0.011769,0.8811,0.0023837,-0.00031299,-0.00024361,0.0011249,-9.66E-05,0.0011,0.205476,0.0804,0.684996,8.31852E-05,0.0502037,-0.00223611,0.167409,8.60516E-05,-1.12989E-05,-8.79432E-06,4.06089E-05,-3.48668E-06,0.00003971
0.0022566,1.7206,0.67,5.7083,0.26022,-0.010213,0.88939,0.0023638,-0.00033274,-0.00022256,0.0010562,-0.00012998,0.0010933,0.206472,0.0804,0.684996,8.14633E-05,0.0494418,-0.00194047,0.1689841,8.53332E-05,-1.20119E-05,-8.03442E-06,3.81288E-05,-4.69228E-06,3.94681E-05
0.0022439,1.7289,0.67,5.7083,0.25595,-0.0090487,0.89695,0.0023407,-0.00036204,-0.00021129,0.0010235,-0.00013267,0.0011237,0.207468,0.0804,0.684996,8.10048E-05,0.0486305,-0.001719253,0.1704205,8.44993E-05,-1.30696E-05,-7.62757E-06,3.69484E-05,-4.78939E-06,4.05656E-05
0.002289,1.7371,0.67,5.7083,0.25192,-0.007814,0.90444,0.0023411,-0.00039973,-0.00017984,0.001035,-9.91E-05,0.0012019,0.208452,0.0804,0.684996,8.26329E-05,0.0478648,-0.00148466,0.1718436,8.45137E-05,-1.44303E-05,-6.49222E-06,3.73635E-05,-3.57697E-06,4.33886E-05
0.0023696,1.7454,0.67,5.7083,0.24816,-0.0064994,0.91109,0.0023483,-0.00044576,-9.81E-05,0.0010709,-8.57E-05,0.00132,0.209448,0.0804,0.684996,8.55426E-05,0.0471504,-0.001234886,0.1731071,8.47736E-05,-1.60919E-05,-3.53997E-06,3.86595E-05,-3.09409E-06,0.000047652
0.0024886,1.7536,0.67,5.7083,0.24426,-0.0052259,0.91613,0.0023696,-0.00049826,5.38E-05,0.0011142,-0.00010835,0.0014933,0.210432,0.0804,0.684996,8.98385E-05,0.0464094,-0.000992921,0.1740647,8.55426E-05,-1.79872E-05,1.94214E-06,4.02226E-05,-3.91144E-06,5.39081E-05
0.0026262,1.7619,0.67,5.7083,0.24038,-0.0041176,0.92008,0.0024478,-0.00054976,0.00023259,0.0011552,-0.00012292,0.0016494,0.211428,0.0804,0.684996,9.48058E-05,0.0456722,-0.000782344,0.1748152,8.83656E-05,-1.98463E-05,8.3965E-06,4.17027E-05,-4.43741E-06,5.95433E-05
0.0027084,1.7701,0.67,5.7083,0.2371,-0.0032727,0.92501,0.002581,-0.00058695,0.00036968,0.0012028,-8.04E-05,0.0016329,0.212412,0.0804,0.684996,9.77732E-05,0.045049,-0.000621813,0.1757519,9.31741E-05,-2.11889E-05,1.33454E-05,4.34211E-05,-2.90172E-06,5.89477E-05
0.0026911,1.7784,0.67,5.7083,0.23448,-0.0026151,0.93142,0.0026853,-0.00061704,0.00041531,0.0012798,-1.78E-05,0.0014172,0.213408,0.0804,0.684996,9.71487E-05,0.0445512,-0.000496869,0.1769698,9.69393E-05,-2.22751E-05,1.49927E-05,4.62008E-05,-6.42147E-07,5.11609E-05
0.0026478,1.7866,0.67,5.7083,0.2321,-0.0014678,0.93824,0.0027142,-0.00065617,0.00040585,0.0013785,2.53E-05,0.0012029,0.214392,0.0804,0.684996,9.55856E-05,0.044099,-0.000278882,0.1782656,9.79826E-05,-2.36877E-05,1.46512E-05,4.97639E-05,9.12716E-07,4.34247E-05
0.0026377,1.7949,0.67,5.7083,0.22958,0.00077371,0.94452,0.0027214,-0.00070457,0.00038747,0.0014653,5.25E-05,0.0010886,0.215388,0.0804,0.684996,9.5221E-05,0.0436202,0.000147005,0.1794588,9.82425E-05,-2.5435E-05,1.39877E-05,5.28973E-05,1.89409E-06,3.92985E-05
0.0026297,1.8032,0.67,5.7083,0.2268,0.00358,0.95032,0.0027247,-0.00074562,0.00033625,0.0015394,6.99E-05,0.00099544,0.216384,0.0804,0.684996,9.49322E-05,0.043092,0.0006802,0.1805608,9.83617E-05,-2.69169E-05,1.21386E-05,5.55723E-05,2.52173E-06,3.59354E-05
0.0026005,1.8114,0.67,5.7083,0.22375,0.0057687,0.9559,0.0027006,-0.00076358,0.00025926,0.0016104,8.33E-05,0.00088995,0.217368,0.0804,0.684996,9.38781E-05,0.0425125,0.001096053,0.181621,9.74917E-05,-2.75652E-05,9.35929E-06,5.81354E-05,3.00832E-06,3.21272E-05
0.002552,1.8197,0.67,5.7083,0.22055,0.0066134,0.96105,0.0026554,-0.00076179,0.00018215,0.0016495,6.94E-05,0.00079909,0.218364,0.0804,0.684996,9.21272E-05,0.0419045,0.001256546,0.1825995,9.58599E-05,-2.75006E-05,6.57562E-06,5.9547E-05,2.50433E-06,2.88471E-05
0.00249,1.8279,0.67,5.7083,0.2174,0.0059945,0.96591,0.0026052,-0.00075583,0.00010831,0.0016397,3.81E-05,0.00073517,0.219348,0.0804,0.684996,0.000089889,0.041306,0.001138955,0.1835229,9.40477E-05,-2.72855E-05,3.90999E-06,5.91932E-05,1.37682E-06,2.65396E-05
0.0024525,1.8362,0.67,5.7083,0.21435,0.004417,0.97111,0.0025484,-0.00074728,6.06E-05,0.0016038,-5.32E-06,0.00075276,0.220344,0.0804,0.684996,8.85353E-05,0.0407265,0.00083923,0.1845109,9.19972E-05,-2.69768E-05,2.18788E-06,5.78972E-05,-1.92056E-07,2.71746E-05
0.0024459,1.8446,0.67,5.7083,0.21126,0.0026799,0.97668,0.0024886,-0.00073139,4.44E-05,0.0015696,-4.38E-05,0.00083356,0.221352,0.0804,0.684996,8.8297E-05,0.0401394,0.000509181,0.1855692,8.98385E-05,-2.64032E-05,1.6032E-06,5.66626E-05,-1.58176E-06,3.00915E-05
0.0024554,1.8534,0.67,5.7083,0.20791,0.0015549,0.98247,0.0024205,-0.0007178,8.42E-05,0.0015644,-8.69E-05,0.00092585,0.222408,0.0804,0.684996,8.86399E-05,0.0395029,0.000295431,0.1866693,8.73801E-05,-2.59126E-05,3.04056E-06,5.64748E-05,-3.13792E-06,3.34232E-05
0.0024533,1.8626,0.67,5.7083,0.20422,0.0016942,0.98851,0.0023273,-0.00071007,0.00019902,0.0015631,-0.00017954,0.0010161,0.223512,0.0804,0.684996,8.85641E-05,0.0388018,0.000321898,0.1878169,8.40155E-05,-2.56335E-05,7.18462E-06,5.64279E-05,-6.48139E-06,3.66812E-05
0.0024382,1.8723,0.67,5.7083,0.20019,0.0030765,0.99413,0.002206,-0.00069023,0.00035269,0.0015536,-0.00030156,0.0011167,0.224676,0.0804,0.684996,8.8019E-05,0.0380361,0.000584535,0.1888847,7.96366E-05,-2.49173E-05,1.27321E-05,5.6085E-05,-1.08863E-05,4.03129E-05
0.0024665,1.8824,0.67,5.7083,0.19596,0.0046222,0.99921,0.0020706,-0.00064906,0.00049677,0.0015585,-0.00044591,0.0013038,0.225888,0.0804,0.684996,8.90407E-05,0.0372324,0.000878218,0.1898499,7.47487E-05,-2.34311E-05,1.79334E-05,5.62619E-05,-1.60974E-05,4.70672E-05
0.0025155,1.8931,0.67,5.7083,0.19166,0.0064116,1.0037,0.0019474,-0.00059008,0.0006279,0.0015539,-0.00059175,0.0015298,0.227172,0.0804,0.684996,9.08096E-05,0.0364154,0.001218204,0.190703,7.03011E-05,-2.13019E-05,2.26672E-05,5.60958E-05,-2.13622E-05,5.52258E-05
0.0025222,1.9042,0.67,5.7083,0.18723,0.0077537,1.0078,0.0018339,-0.00054577,0.00062222,0.0015277,-0.00073737,0.0016829,0.228504,0.0804,0.684996,9.10514E-05,0.0355737,0.001473203,0.191482,6.62038E-05,-1.97023E-05,2.24621E-05,5.515E-05,-2.66191E-05,6.07527E-05
0.0025173,1.9159,0.67,5.7083,0.18256,0.0079232,1.011,0.0017393,-0.00057294,0.00050498,0.0015352,-0.00075699,0.0017602,0.229908,0.0804,0.684996,9.08745E-05,0.0346864,0.001505408,0.19209,6.27887E-05,-2.06831E-05,1.82298E-05,5.54207E-05,-2.73273E-05,6.35432E-05
0.0025721,1.9282,0.67,5.7083,0.17766,0.0078756,1.0163,0.0017173,-0.0006333,0.00033784,0.001613,-0.00075011,0.0018139,0.231384,0.0804,0.684996,9.28528E-05,0.0337554,0.001496364,0.193097,6.19945E-05,-2.28621E-05,1.2196E-05,5.82293E-05,-2.7079E-05,6.54818E-05
0.00267,1.941,0.67,5.7083,0.17236,0.0090005,1.021,0.0017708,-0.00067394,0.00025665,0.0016461,-0.00077527,0.0019229,0.23292,0.0804,0.684996,0.000096387,0.0327484,0.001710095,0.19399,6.39259E-05,-2.43292E-05,9.26507E-06,5.94242E-05,-2.79872E-05,6.94167E-05
0.0028306,1.9545,0.67,5.7083,0.16674,0.0089846,1.0232,0.0018432,-0.00067093,0.00032463,0.0015814,-0.00077576,0.0022367,0.23454,0.0804,0.684996,0.000102185,0.0316806,0.001707074,0.194408,6.65395E-05,-2.42206E-05,1.17191E-05,5.70885E-05,-2.80049E-05,8.07449E-05
0.0028875,1.9686,0.67,5.7083,0.16114,0.008538,1.0229,0.0018732,-0.00056771,0.00020938,0.0015154,-0.00079279,0.0023865,0.236232,0.0804,0.684996,0.000104239,0.0306166,0.00162222,0.194351,6.76225E-05,-2.04943E-05,7.55862E-06,5.47059E-05,-2.86197E-05,8.61527E-05
0.0028109,1.9833,0.67,5.7083,0.15545,0.0083794,1.0275,0.0018483,-0.00034066,0.00012537,0.001302,-0.00073411,0.0024714,0.237996,0.0804,0.684996,0.000101473,0.0295355,0.001592086,0.195225,6.67236E-05,-1.22978E-05,4.52586E-06,4.70022E-05,-2.65014E-05,8.92175E-05
0.0025993,1.9988,0.67,5.7083,0.1493,0.011068,1.0302,0.0017991,-0.00011817,6.89E-06,0.0012251,-0.00063077,0.0021745,0.239856,0.0804,0.684996,9.38347E-05,0.028367,0.00210292,0.195738,6.49475E-05,-4.26594E-06,2.48722E-07,4.42261E-05,-2.27708E-05,7.84995E-05
0.0025307,2.0149,0.67,5.7083,0.14342,0.012404,1.0306,0.001722,1.56E-05,-2.78E-05,0.0012825,-0.00061429,0.0020568,0.241788,0.0804,0.684996,9.13583E-05,0.0272498,0.00235676,0.195814,6.21642E-05,5.64026E-07,-1.00304E-06,4.62983E-05,-2.21759E-05,7.42505E-05
0.0026417,2.0319,0.67,5.7083,0.13813,0.013247,1.0282,0.0015941,6.40E-05,-9.87E-05,0.0013906,-0.00048834,0.0022987,0.243828,0.0804,0.684996,9.53654E-05,0.0262447,0.00251693,0.195358,5.7547E-05,2.31199E-06,-3.56336E-06,5.02007E-05,-1.76291E-05,8.29831E-05
0.0024765,2.0496,0.67,5.7083,0.13262,0.0097646,1.0227,0.0014472,5.99E-05,-0.00015093,0.0011899,-0.00024365,0.0023158,0.245952,0.0804,0.684996,8.94017E-05,0.0251978,0.001855274,0.194313,5.22439E-05,2.16351E-06,-5.44857E-06,4.29554E-05,-8.79577E-06,8.36004E-05
0.0028337,2.0681,0.67,5.7083,0.12647,0.0056083,1.0214,0.0014159,7.79E-05,0.0002652,0.0008767,0.00010186,0.0033747,0.248172,0.0804,0.684996,0.000102297,0.0240293,0.001065577,0.194066,5.1114E-05,2.81309E-06,9.57372E-06,3.16489E-05,3.67715E-06,0.000121827
0.0035459,2.0875,0.67,5.7083,0.11951,0.0049845,1.0127,0.0015637,5.42E-06,0.00073206,0.00082609,9.27E-05,0.0047021,0.2505,0.0804,0.684996,0.000128007,0.0227069,0.000947055,0.192413,5.64496E-05,1.95781E-07,2.64274E-05,2.98218E-05,3.34795E-06,0.000169746
0.0042651,2.1078,0.67,5.7083,0.1123,0.0038702,1.0066,0.0018114,-0.00017151,0.0014283,0.00069557,-0.00019232,0.0060231,0.252936,0.0804,0.684996,0.00015397,0.021337,0.000735338,0.191254,6.53915E-05,-6.19151E-06,5.15616E-05,2.51101E-05,-6.94275E-06,0.000217434
0.0049901,2.129,0.67,5.7083,0.1054,0.010062,1.0044,0.002077,-0.00029195,0.0021821,0.00071605,-0.00029747,0.007187,0.25548,0.0804,0.684996,0.000180143,0.020026,0.00191178,0.190836,7.49797E-05,-1.05394E-05,7.87738E-05,2.58494E-05,-1.07387E-05,0.000259451
0.0048703,2.1511,0.67,5.7083,0.10026,0.015776,0.99741,0.002209,-0.00016223,0.0022458,0.00086765,-6.61E-05,0.006664,0.258132,0.0804,0.684996,0.000175818,0.0190494,0.00299744,0.1895079,7.97449E-05,-5.8565E-06,8.10734E-05,3.13222E-05,-2.38589E-06,0.00024057
0.0040023,2.1743,0.67,5.7083,0.096855,0.019409,0.99787,0.0021373,5.97E-05,0.001767,0.0010058,0.00015159,0.0048615,0.260916,0.0804,0.684996,0.000144483,0.01840245,0.00368771,0.1895953,7.71565E-05,2.15477E-06,6.37887E-05,3.63094E-05,5.4724E-06,0.0001755
0.0036009,2.1984,0.67,5.7083,0.091263,0.021468,1.0031,0.0019452,0.00011082,0.0016499,0.00098511,-1.75E-06,0.0042714,0.263808,0.0804,0.684996,0.000129992,0.01733997,0.00407892,0.190589,7.02217E-05,4.0006E-06,5.95614E-05,3.55625E-05,-6.30306E-08,0.000154198
0.003909,2.2237,0.67,5.7083,0.082902,0.02524,0.98599,0.0017668,0.00035269,0.0016773,0.0015688,0.00057403,0.0044823,0.266844,0.0804,0.684996,0.000141115,0.01575138,0.0047956,0.1873381,6.37815E-05,1.27321E-05,6.05505E-05,5.66337E-05,2.07225E-05,0.000161811
0.0049182,2.2501,0.67,5.7083,0.074814,0.032264,0.965,0.0018447,0.00061491,0.0015442,0.0021853,0.0012906,0.0058064,0.270012,0.0804,0.684996,0.000177547,0.01421466,0.00613016,0.18335,6.65937E-05,2.21983E-05,5.57456E-05,7.88893E-05,4.65907E-05,0.000209611
0.0050888,2.2776,0.67,5.7083,0.066835,0.035185,0.95931,0.0020876,0.00053134,0.0015522,0.0019966,0.00075363,0.0060933,0.273312,0.0804,0.684996,0.000183706,0.01269865,0.00668515,0.1822689,7.53624E-05,1.91814E-05,5.60344E-05,7.20773E-05,2.7206E-05,0.000219968
0.0049797,2.3063,0.67,5.7083,0.059012,0.038502,0.94591,0.00225,0.00031775,0.0012931,0.0017386,-0.00042927,0.0059709,0.276756,0.0804,0.684996,0.000179767,0.01121228,0.00731538,0.1797229,0.000081225,1.14708E-05,4.66809E-05,6.27635E-05,-1.54966E-05,0.000215549
0.0059116,2.3362,0.67,5.7083,0.04887,0.049668,0.93178,0.0023921,0.00038162,0.0014854,0.0018672,-0.00054733,0.0075638,0.280344,0.0804,0.684996,0.000213409,0.0092853,0.00943692,0.1770382,8.63548E-05,1.37765E-05,5.36229E-05,6.74059E-05,-1.97586E-05,0.000273053
0.0056137,2.3674,0.67,5.7083,0.036773,0.060088,0.90519,0.0023952,0.00058456,0.0017099,0.0024946,0.00016433,0.0063377,0.284088,0.0804,0.684996,0.000202655,0.00698687,0.01141672,0.1719861,8.64667E-05,2.11026E-05,6.17274E-05,9.00551E-05,5.93231E-06,0.000228791
0.0053943,2.3999,0.67,5.7083,0.027056,0.067463,0.87523,0.0019256,0.00066768,0.0014894,0.0037677,0.00028513,0.0050952,0.287988,0.0804,0.684996,0.000194734,0.00514064,0.01281797,0.1662937,6.95142E-05,2.41032E-05,5.37673E-05,0.000136014,1.02932E-05,0.000183937
0.0051632,2.4338,0.67,5.7083,0.01699,0.076504,0.83946,0.0010961,0.00042326,0.0012654,0.0036237,0.00051573,0.0056065,0.292056,0.0804,0.684996,0.000186392,0.0032281,0.01453576,0.1594974,3.95692E-05,1.52797E-05,4.56809E-05,0.000130816,1.86179E-05,0.000202395
0.0036205,2.4691,0.67,5.7083,0.0070053,0.07233,0.72376,0.00035029,6.97E-05,0.00062491,0.0021184,0.00075613,0.0047723,0.296292,0.0804,0.684996,0.0001307,0.001331007,0.0137427,0.1375144,1.26455E-05,2.51787E-06,2.25593E-05,7.64742E-05,2.72963E-05,0.00017228
0.0013747,2.5058,0.67,5.7083,0.0018716,0.03184,0.31854,2.23E-05,1.20E-05,0.00010932,0.00080973,0.00030139,0.0019175,0.300696,0.0804,0.684996,4.96267E-05,0.000355604,0.0060496,0.0605226,8.03622E-07,4.34319E-07,3.94645E-06,2.92313E-05,1.08802E-05,6.92218E-05
1.55E-07,2.544,0.67,5.7083,0.00043235,9.33E-14,-8.21E-18,3.11E-07,6.70E-17,-1.19E-20,1.44E-26,-2.58E-30,1.02E-33,0.30528,0.0804,0.684996,5.60777E-09,8.21465E-05,1.77319E-14,-1.55899E-18,1.12155E-08,2.41794E-18,-4.31251E-22,5.21284E-28,-9.30405E-32,3.67967E-35
0,2.5837,0.67,5.7083,0,0,0,0,0,0,0,0,0,0.310044,0.0804,0.684996,0,0,0,0,0,0,0,0,0,0
0,2.625,0.67,5.7083,0,0,0,0,0,0,0,0,0,0.315,0.0804,0.684996,0,0,0,0,0,0,0,0,0,0
0,-0.125,0.67,5.7166,0,0,0,0,0,0,0,0,0,-0.015,0.0804,0.685992,0,0,0,0,0,0,0,0,0,0
0,-0.083719,0.67,5.7166,0,0,0,0,0,0,0,0,0,-0.01004628,0.0804,0.685992,0,0,0,0,0,0,0,0,0,0
1.27E-07,-0.044001,0.67,5.7166,-0.00016697,-4.67E-14,-3.10E-18,2.54E-07,7.11E-17,3.81E-21,1.99E-26,1.07E-30,1.99E-34,-0.00528012,0.0804,0.685992,4.58723E-09,-3.17243E-05,-8.88022E-15,-5.89513E-19,9.17445E-09,2.56815E-18,1.37422E-22,7.18895E-28,3.85512E-32,7.17921E-36
0.00098689,-0.0058053,0.67,5.7166,-0.0025726,0.025311,0.39922,1.06E-05,-2.62E-05,-3.25E-05,0.00080722,-0.00020385,0.001156,-0.000696636,0.0804,0.685992,3.56267E-05,-0.000488794,0.00480909,0.0758518,3.81108E-07,-9.45567E-07,-1.17455E-06,2.91406E-05,-7.35899E-06,4.17316E-05
0.0025696,0.030909,0.67,5.7166,-0.011709,0.05727,0.90311,0.00016443,-0.0001538,-0.000186,0.0020952,-0.00052272,0.0028796,0.00370908,0.0804,0.685992,9.27626E-05,-0.00222471,0.0108813,0.1715909,5.93592E-06,-5.55218E-06,-6.7146E-06,7.56367E-05,-1.88702E-05,0.000103954
0.0026271,0.066184,0.67,5.7166,-0.025956,0.051862,1.0209,0.00042908,-0.00023505,-9.78E-05,0.0018411,-0.00060993,0.0029839,0.00794208,0.0804,0.685992,9.48383E-05,-0.00493164,0.00985378,0.193971,1.54898E-05,-8.48531E-06,-3.53083E-06,6.64637E-05,-2.20185E-05,0.000107719
0.0024423,0.10006,0.67,5.7166,-0.041297,0.038229,1.0552,0.00055232,-0.00022796,8.53E-06,0.0014721,-0.00072294,0.0028601,0.0120072,0.0804,0.685992,8.8167E-05,-0.00784643,0.00726351,0.200488,1.99388E-05,-8.22936E-06,3.07976E-07,5.31428E-05,-2.60981E-05,0.00010325
0.0029992,0.13258,0.67,5.7166,-0.05195,0.031035,1.0723,0.00055474,-0.00014413,-7.93E-05,0.001377,-0.00089331,0.0040667,0.0159096,0.0804,0.685992,0.000108271,-0.0098705,0.00589665,0.203737,2.00261E-05,-5.20309E-06,-2.86248E-06,4.97097E-05,-3.22485E-05,0.000146808
0.0027253,0.16379,0.67,5.7166,-0.054899,0.01993,1.0883,0.00062874,-4.90E-05,-0.00022207,0.00098187,-0.00070703,0.00384,0.0196548,0.0804,0.685992,9.83833E-05,-0.01043081,0.0037867,0.206777,2.26975E-05,-1.76782E-06,-8.01673E-06,3.54455E-05,-2.55238E-05,0.000138624
0.0025353,0.19372,0.67,5.7166,-0.056744,0.019894,1.099,0.00082915,-1.54E-06,-0.00039834,0.0010998,-0.00065941,0.0031418,0.0232464,0.0804,0.685992,9.15243E-05,-0.01078136,0.00377986,0.20881,2.99323E-05,-5.55723E-08,-1.43801E-05,3.97028E-05,-2.38047E-05,0.000113419
0.0034701,0.22242,0.67,5.7166,-0.060275,0.026818,1.1006,0.0011418,5.63E-05,-0.00075624,0.0011041,-0.00064212,0.0046942,0.0266904,0.0804,0.685992,0.000125271,-0.01145225,0.00509542,0.209114,4.1219E-05,2.03066E-06,-2.73003E-05,3.9858E-05,-2.31805E-05,0.000169461
0.003049,0.24993,0.67,5.7166,-0.066267,0.027424,1.1057,0.001338,0.00015545,-0.00082912,0.0010918,-0.00017792,0.0036683,0.0299916,0.0804,0.685992,0.000110069,-0.01259073,0.00521056,0.210083,4.83018E-05,5.61175E-06,-2.99312E-05,3.9414E-05,-6.42291E-06,0.000132426
0.0024764,0.27629,0.67,5.7166,-0.073861,0.026597,1.1075,0.0013352,0.00011373,-0.00085013,0.0014048,-0.00031894,0.0022128,0.0331548,0.0804,0.685992,8.9398E-05,-0.01403359,0.00505343,0.210425,4.82007E-05,4.10565E-06,-3.06897E-05,5.07133E-05,-1.15137E-05,7.98821E-05
0.0032642,0.30154,0.67,5.7166,-0.081019,0.022069,1.1099,0.0014348,5.31E-05,-0.00098671,0.0018932,-0.0010892,0.0032005,0.0361848,0.0804,0.685992,0.000117838,-0.01539361,0.00419311,0.210881,5.17963E-05,1.91669E-06,-3.56202E-05,6.83445E-05,-3.93201E-05,0.000115538
0.0032994,0.32572,0.67,5.7166,-0.087645,0.016269,1.11,0.0015533,0.0001186,-0.00078402,0.0015866,-0.0012158,0.0034589,0.0390864,0.0804,0.685992,0.000119108,-0.01665255,0.00309111,0.2109,5.60741E-05,4.28146E-06,-2.83031E-05,5.72763E-05,-4.38904E-05,0.000124866
0.0026117,0.34887,0.67,5.7166,-0.092807,0.019174,1.1076,0.0015243,8.88E-05,-0.00025629,0.0010681,-0.00058344,0.002631,0.0418644,0.0804,0.685992,9.42824E-05,-0.01763333,0.00364306,0.210444,5.50272E-05,3.20543E-06,-9.25207E-06,3.85584E-05,-2.10622E-05,9.49791E-05
0.0023182,0.37102,0.67,5.7166,-0.09829,0.027044,1.1104,0.0015035,0.00014154,-0.00019419,0.0011382,-0.00046292,0.0019946,0.0445224,0.0804,0.685992,8.3687E-05,-0.0186751,0.00513836,0.210976,5.42764E-05,5.10959E-06,-7.01026E-06,4.1089E-05,-1.67114E-05,7.20051E-05
0.0025889,0.39221,0.67,5.7166,-0.10539,0.034348,1.1098,0.0016013,0.00028282,-0.00050283,0.0012332,-0.00083702,0.0023434,0.0470652,0.0804,0.685992,9.34593E-05,-0.0200241,0.00652612,0.210862,5.78069E-05,1.02098E-05,-1.81522E-05,4.45185E-05,-3.02164E-05,8.45967E-05
0.0031674,0.41248,0.67,5.7166,-0.11108,0.037893,1.1003,0.001833,0.00050575,-0.00078673,0.0013658,-0.0011527,0.0031359,0.0494976,0.0804,0.685992,0.000114343,-0.0211052,0.00719967,0.209057,6.61713E-05,1.82576E-05,-2.8401E-05,4.93054E-05,-4.16125E-05,0.000113206
0.0038279,0.43187,0.67,5.7166,-0.11507,0.039601,1.0963,0.0020874,0.00063729,-0.0010014,0.0015837,-0.0013945,0.0039846,0.0518244,0.0804,0.685992,0.000138187,-0.0218633,0.00752419,0.208297,7.53551E-05,2.30062E-05,-3.61505E-05,5.71716E-05,-5.03415E-05,0.000143844
0.0040204,0.4504,0.67,5.7166,-0.12025,0.038974,1.0927,0.00216,0.0005028,-0.00056302,0.0016643,-0.0014406,0.0042166,0.054048,0.0804,0.685992,0.000145136,-0.0228475,0.00740506,0.207613,0.000077976,1.81511E-05,-2.0325E-05,6.00812E-05,-5.20057E-05,0.000152219
0.0035811,0.46812,0.67,5.7166,-0.12748,0.035314,1.0953,0.0019831,0.00020922,-0.00026951,0.0015129,-0.0012713,0.0036663,0.0561744,0.0804,0.685992,0.000129278,-0.0242212,0.00670966,0.208107,7.15899E-05,7.55284E-06,-9.72931E-06,5.46157E-05,-4.58939E-05,0.000132353
0.0028348,0.48504,0.67,5.7166,-0.13588,0.031197,1.0958,0.0016838,-6.96E-05,-0.00014082,0.0013104,-0.00092359,0.0026753,0.0582048,0.0804,0.685992,0.000102336,-0.0258172,0.00592743,0.208202,6.07852E-05,-2.51144E-06,-5.0836E-06,4.73054E-05,-3.33416E-05,9.65783E-05
0.0026323,0.50122,0.67,5.7166,-0.14399,0.027767,1.1008,0.001437,-0.00021419,-0.00020378,0.0012694,-0.00076074,0.0025581,0.0601464,0.0804,0.685992,9.5026E-05,-0.0273581,0.00527573,0.209152,5.18757E-05,-7.73226E-06,-7.35646E-06,4.58253E-05,-2.74627E-05,9.23474E-05
0.0026576,0.51667,0.67,5.7166,-0.15097,0.025269,1.1057,0.0013133,-0.00023654,-0.00033742,0.0012826,-0.0005399,0.0027194,0.0620004,0.0804,0.685992,9.59394E-05,-0.0286843,0.00480111,0.210083,4.74101E-05,-8.53909E-06,-1.21809E-05,4.63019E-05,-1.94904E-05,9.81703E-05
0.0024485,0.53142,0.67,5.7166,-0.15696,0.020921,1.1079,0.0013255,-0.00015596,-0.00044453,0.0012681,-0.00020888,0.0023034,0.0637704,0.0804,0.685992,8.83909E-05,-0.0298224,0.00397499,0.210501,4.78506E-05,-5.63016E-06,-1.60475E-05,4.57784E-05,-7.54057E-06,8.31527E-05
0.0023538,0.54551,0.67,5.7166,-0.16187,0.016739,1.1076,0.0014859,-7.75E-05,-0.00063596,0.0013777,-6.09E-05,0.0018441,0.0654612,0.0804,0.685992,8.49722E-05,-0.0307553,0.00318041,0.210444,5.3641E-05,-2.798E-06,-2.29582E-05,4.9735E-05,-2.19683E-06,6.6572E-05
0.0025407,0.55896,0.67,5.7166,-0.16567,0.012518,1.1063,0.0017595,7.90E-05,-0.00086359,0.001519,-0.0001375,0.0018028,0.0670752,0.0804,0.685992,9.17193E-05,-0.0314773,0.00237842,0.210197,6.3518E-05,2.8523E-06,-3.11756E-05,5.48359E-05,-4.96375E-06,6.50811E-05
0.0028661,0.5718,0.67,5.7166,-0.16934,0.0094398,1.1035,0.0020864,0.00031463,-0.001116,0.0016231,-0.00024991,0.0020228,0.068616,0.0804,0.685992,0.000103466,-0.0321746,0.001793562,0.209665,7.5319E-05,1.13581E-05,-4.02876E-05,5.85939E-05,-9.02175E-06,7.30231E-05
0.0031144,0.58405,0.67,5.7166,-0.17389,0.0057504,1.1001,0.0023381,0.00049672,-0.0012471,0.0016916,-0.00032372,0.0021991,0.070086,0.0804,0.685992,0.00011243,-0.0330391,0.001092576,0.209019,8.44054E-05,1.79316E-05,-4.50203E-05,6.10668E-05,-1.16863E-05,7.93875E-05
0.0031563,0.59575,0.67,5.7166,-0.17943,4.41E-05,1.1009,0.0023981,0.00055381,-0.0012254,0.0016266,-0.00039959,0.002288,0.07149,0.0804,0.685992,0.000113942,-0.0340917,8.37311E-06,0.209171,8.65714E-05,1.99925E-05,-4.42369E-05,5.87203E-05,-1.44252E-05,8.25968E-05
0.0030778,0.6069,0.67,5.7166,-0.18559,-0.0047936,1.1049,0.0023146,0.00047519,-0.0011427,0.0014544,-0.00049982,0.0023865,0.072828,0.0804,0.685992,0.000111109,-0.0352621,-0.000910784,0.209931,8.35571E-05,1.71544E-05,-4.12515E-05,5.25038E-05,-1.80435E-05,8.61527E-05
0.0029822,0.61755,0.67,5.7166,-0.19188,-0.0085882,1.111,0.0021766,0.00033243,-0.001034,0.0012797,-0.00059344,0.0025082,0.074106,0.0804,0.685992,0.000107657,-0.0364572,-0.001631758,0.21109,7.85753E-05,1.20007E-05,-3.73274E-05,4.61972E-05,-2.14232E-05,9.0546E-05
0.0028181,0.6277,0.67,5.7166,-0.19797,-0.011272,1.114,0.0020113,0.00016671,-0.00086007,0.0011445,-0.00061014,0.0024804,0.075324,0.0804,0.685992,0.000101733,-0.0376143,-0.00214168,0.21166,7.26079E-05,6.01823E-06,-3.10485E-05,4.13165E-05,-2.20261E-05,8.95424E-05
0.002634,0.63738,0.67,5.7166,-0.20394,-0.013378,1.1156,0.001827,1.99E-05,-0.00068087,0.0010626,-0.00063883,0.0023784,0.0764856,0.0804,0.685992,9.50874E-05,-0.0387486,-0.00254182,0.211964,6.59547E-05,7.17235E-07,-2.45794E-05,3.83599E-05,-2.30618E-05,8.58602E-05
0.0024631,0.64661,0.67,5.7166,-0.20996,-0.015189,1.1177,0.0016618,-7.41E-05,-0.00045051,0.0010092,-0.00069245,0.0022553,0.0775932,0.0804,0.685992,8.89179E-05,-0.0398924,-0.00288591,0.212363,5.9991E-05,-2.67382E-06,-1.62634E-05,3.64321E-05,-2.49974E-05,8.14163E-05
0.0023264,0.65542,0.67,5.7166,-0.21578,-0.016536,1.1207,0.0015399,-0.00012521,-0.00022064,0.00096115,-0.00074093,0.0021518,0.0786504,0.0804,0.685992,8.3983E-05,-0.0409982,-0.00314184,0.212933,5.55904E-05,-4.52008E-06,-7.9651E-06,3.46975E-05,-2.67476E-05,7.768E-05
0.002261,0.66381,0.67,5.7166,-0.22097,-0.01764,1.1227,0.0014595,-0.0001559,-5.75E-06,0.00092143,-0.00077547,0.002141,0.0796572,0.0804,0.685992,8.16221E-05,-0.0419843,-0.0033516,0.213313,5.2688E-05,-5.62799E-06,-2.07597E-07,3.32636E-05,-2.79945E-05,7.72901E-05
0.0022869,0.67207,0.67,5.7166,-0.22542,-0.018855,1.122,0.0014667,-0.00017449,0.00013851,0.00090926,-0.00077911,0.0021979,0.0806484,0.0804,0.685992,8.25571E-05,-0.0428298,-0.00358245,0.21318,5.29479E-05,-6.29909E-06,5.00021E-06,3.28243E-05,-2.81259E-05,7.93442E-05
0.0024066,0.68032,0.67,5.7166,-0.22932,-0.019972,1.1195,0.001546,-0.00018833,0.00020809,0.0009542,-0.00078704,0.002313,0.0816384,0.0804,0.685992,8.68783E-05,-0.0435708,-0.00379468,0.212705,5.58106E-05,-6.79871E-06,7.51205E-06,3.44466E-05,-2.84121E-05,8.34993E-05
0.0025437,0.68858,0.67,5.7166,-0.23281,-0.020484,1.1154,0.0016463,-0.00019861,0.00025301,0.0010444,-0.00079045,0.0023967,0.0826296,0.0804,0.685992,9.18276E-05,-0.0442339,-0.00389196,0.211926,5.94314E-05,-7.16982E-06,9.13366E-06,3.77028E-05,-2.85352E-05,8.65209E-05
0.0027048,0.69683,0.67,5.7166,-0.23608,-0.019931,1.1099,0.0017796,-0.00021243,0.0002719,0.0011558,-0.0007954,0.0024741,0.0836196,0.0804,0.685992,9.76433E-05,-0.0448552,-0.00378689,0.210881,6.42436E-05,-7.66872E-06,9.81559E-06,4.17244E-05,-2.87139E-05,8.9315E-05
0.0029073,0.70509,0.67,5.7166,-0.23919,-0.018313,1.1037,0.001925,-0.0002223,0.00025944,0.0012657,-0.00081089,0.002624,0.0846108,0.0804,0.685992,0.000104954,-0.0454461,-0.00347947,0.209703,6.94925E-05,-8.02503E-06,9.36578E-06,4.56918E-05,-2.92731E-05,9.47264E-05
0.0031375,0.71335,0.67,5.7166,-0.24192,-0.015777,1.0962,0.0020507,-0.00022607,0.00021402,0.0013854,-0.00082687,0.0028389,0.085602,0.0804,0.685992,0.000113264,-0.0459648,-0.00299763,0.208278,7.40303E-05,-8.16113E-06,7.72612E-06,5.00129E-05,-2.985E-05,0.000102484
0.0034438,0.7216,0.67,5.7166,-0.24433,-0.012567,1.0872,0.0021821,-0.00023336,0.00020187,0.0015329,-0.00087578,0.0031726,0.086592,0.0804,0.685992,0.000124321,-0.0464227,-0.00238773,0.206568,7.87738E-05,-8.4243E-06,7.28751E-06,5.53377E-05,-3.16157E-05,0.000114531
0.0038071,0.72986,0.67,5.7166,-0.24675,-0.0090916,1.0772,0.0023383,-0.00023285,0.00022121,0.0017178,-0.00097747,0.0035581,0.0875832,0.0804,0.685992,0.000137436,-0.0468825,-0.001727404,0.204668,8.44126E-05,-8.40589E-06,7.98568E-06,6.20126E-05,-3.52867E-05,0.000128447
0.0041339,0.73811,0.67,5.7166,-0.24921,-0.0058148,1.0675,0.0024719,-0.00022705,0.00024079,0.0019126,-0.0011085,0.0038833,0.0885732,0.0804,0.685992,0.000149234,-0.0473499,-0.001104812,0.202825,8.92356E-05,-8.19651E-06,8.69252E-06,6.90449E-05,-4.00169E-05,0.000140187
0.0043732,0.74637,0.67,5.7166,-0.25188,-0.0030958,1.0593,0.0025862,-0.00024107,0.00027905,0.0020708,-0.0012266,0.0040893,0.0895644,0.0804,0.685992,0.000157873,-0.0478572,-0.000588202,0.201267,9.33618E-05,-8.70263E-06,1.00737E-05,7.47559E-05,-4.42803E-05,0.000147624
0.0045531,0.75463,0.67,5.7166,-0.25534,-0.0011053,1.0524,0.0027147,-0.00027784,0.00036549,0.0021694,-0.0013014,0.0042222,0.0905556,0.0804,0.685992,0.000164367,-0.0485146,-0.000210007,0.199956,9.80007E-05,-1.003E-05,1.31942E-05,7.83153E-05,-4.69805E-05,0.000152421
0.0046867,0.76288,0.67,5.7166,-0.25956,0.00032651,1.0463,0.0028559,-0.00033316,0.00046831,0.0022234,-0.0012852,0.0042941,0.0915456,0.0804,0.685992,0.00016919,-0.0493164,6.20369E-05,0.198797,0.000103098,-1.20271E-05,1.6906E-05,8.02647E-05,-4.63957E-05,0.000155017
0.004799,0.77114,0.67,5.7166,-0.26381,0.001346,1.0405,0.0030233,-0.00039285,0.00057217,0.0022435,-0.0012,0.0043312,0.0925368,0.0804,0.685992,0.000173244,-0.0501239,0.00025574,0.197695,0.000109141,-1.41819E-05,2.06553E-05,8.09904E-05,-0.00004332,0.000156356
0.0048922,0.7794,0.67,5.7166,-0.268,0.0019523,1.0346,0.0031595,-0.00042022,0.00069403,0.0022158,-0.0011202,0.0044092,0.093528,0.0804,0.685992,0.000176608,-0.05092,0.000370937,0.196574,0.000114058,-1.51699E-05,2.50545E-05,7.99904E-05,-4.04392E-05,0.000159172
0.0050124,0.78765,0.67,5.7166,-0.27233,0.0023296,1.0282,0.0032773,-0.00041224,0.00077739,0.0021249,-0.0010898,0.0046227,0.094518,0.0804,0.685992,0.000180948,-0.0517427,0.000442624,0.195358,0.000118311,-1.48819E-05,2.80638E-05,7.67089E-05,-3.93418E-05,0.000166879
0.0051894,0.79591,0.67,5.7166,-0.27627,0.002743,1.0209,0.0034821,-0.00040005,0.00078827,0.0019889,-0.0010857,0.0049079,0.0955092,0.0804,0.685992,0.000187337,-0.0524913,0.00052117,0.193971,0.000125704,-1.44418E-05,2.84565E-05,7.17993E-05,-3.91938E-05,0.000177175
0.005358,0.80416,0.67,5.7166,-0.27967,0.0031204,1.0126,0.0037165,-0.00037784,0.00076825,0.0018366,-0.0010671,0.005163,0.0964992,0.0804,0.685992,0.000193424,-0.0531373,0.000592876,0.192394,0.000134166,-1.364E-05,2.77338E-05,6.63013E-05,-3.85223E-05,0.000186384
0.0055073,0.81242,0.67,5.7166,-0.28304,0.0031029,1.0034,0.0039701,-0.00033345,0.0007269,0.0016828,-0.0010169,0.0053616,0.0974904,0.0804,0.685992,0.000198814,-0.0537776,0.000589551,0.190646,0.000143321,-1.20375E-05,2.62411E-05,6.07491E-05,-3.67101E-05,0.000193554
0.0056232,0.82068,0.67,5.7166,-0.28634,0.0026002,0.99405,0.0042561,-0.00028182,0.00071059,0.0015502,-0.00096392,0.00544,0.0984816,0.0804,0.685992,0.000202998,-0.0544046,0.000494038,0.1888695,0.000153645,-1.01737E-05,2.56523E-05,5.59622E-05,-3.47975E-05,0.000196384
0.005779,0.82893,0.67,5.7166,-0.28955,0.0018176,0.98541,0.0045621,-0.00023035,0.00072649,0.001447,-0.00091893,0.0055489,0.0994716,0.0804,0.685992,0.000208622,-0.0550145,0.000345344,0.1872279,0.000164692,-8.31564E-06,2.62263E-05,5.22367E-05,-3.31734E-05,0.000200315
0.0059942,0.83719,0.67,5.7166,-0.29294,0.001,0.97765,0.0049003,-0.00017881,0.0007673,0.0013539,-0.00087901,0.0057342,0.1004628,0.0804,0.685992,0.000216391,-0.0556586,0.00019,0.1857535,0.000176901,-6.45504E-06,2.76995E-05,4.88758E-05,-3.17323E-05,0.000207005
0.0063002,0.84544,0.67,5.7166,-0.29634,8.67E-05,0.96986,0.005243,-0.00012727,0.0008472,0.0012544,-0.00081837,0.006103,0.1014528,0.0804,0.685992,0.000227437,-0.0563046,1.64664E-05,0.1842734,0.000189272,-4.59445E-06,3.05839E-05,4.52838E-05,-2.95432E-05,0.000220318
0.0066829,0.8537,0.67,5.7166,-0.29958,-0.0013229,0.96134,0.0056204,-7.45E-05,0.00090911,0.001166,-0.00072868,0.0065795,0.102444,0.0804,0.685992,0.000241253,-0.0569202,-0.000251351,0.1826546,0.000202896,-2.69064E-06,3.28189E-05,4.20926E-05,-2.63053E-05,0.00023752
0.0071204,0.86196,0.67,5.7166,-0.30253,-0.0035907,0.95244,0.0060545,-1.70E-05,0.00097633,0.0011049,-0.00063318,0.0070815,0.1034352,0.0804,0.685992,0.000257046,-0.0574807,-0.000682233,0.1809636,0.000218567,-6.12328E-07,3.52455E-05,3.98869E-05,-2.28578E-05,0.000255642
0.007548,0.87021,0.67,5.7166,-0.30553,-0.0067255,0.94358,0.0064869,5.39E-05,0.001009,0.0010715,-0.00051842,0.0075377,0.1044252,0.0804,0.685992,0.000272483,-0.0580507,-0.001277845,0.1792802,0.000234177,1.9451E-06,3.64249E-05,3.86812E-05,-1.8715E-05,0.000272111
0.0081127,0.87847,0.67,5.7166,-0.30846,-0.010424,0.93429,0.0069897,0.00010959,0.0010025,0.0010646,-0.00033802,0.008171,0.1054164,0.0804,0.685992,0.000292868,-0.0586074,-0.00198056,0.1775151,0.000252328,3.9562E-06,3.61903E-05,3.84321E-05,-1.22025E-05,0.000294973
0.0087211,0.88672,0.67,5.7166,-0.31056,-0.014039,0.92382,0.0075588,0.00014268,0.00101,0.0010643,-0.00013663,0.0088192,0.1064064,0.0804,0.685992,0.000314832,-0.0590064,-0.00266741,0.1755258,0.000272873,5.15075E-06,0.000036461,3.84212E-05,-4.93234E-06,0.000318373
0.0093158,0.89498,0.67,5.7166,-0.31231,-0.016886,0.91193,0.0080514,0.0001803,0.0011212,0.0010402,3.77E-05,0.00954,0.1073976,0.0804,0.685992,0.0003363,-0.0593389,-0.00320834,0.1732667,0.000290656,6.50883E-06,4.04753E-05,3.75512E-05,1.36021E-06,0.000344394
0.0098918,0.90324,0.67,5.7166,-0.31421,-0.018742,0.89921,0.0085665,0.00023358,0.0011593,0.00099507,0.00016651,0.010222,0.1083888,0.0804,0.685992,0.000357094,-0.0596999,-0.00356098,0.1708499,0.000309251,8.43224E-06,4.18507E-05,3.5922E-05,6.01101E-06,0.000369014
0.010452,0.91149,0.67,5.7166,-0.316,-0.019781,0.88625,0.0091751,0.00031826,0.0012189,0.00095684,0.00028638,0.010772,0.1093788,0.0804,0.685992,0.000377317,-0.06004,-0.00375839,0.1683875,0.000331221,1.14892E-05,4.40023E-05,3.45419E-05,1.03383E-05,0.000388869
0.010913,0.91975,0.67,5.7166,-0.31797,-0.020297,0.87359,0.0098043,0.00042022,0.0012744,0.00095432,0.00043247,0.011067,0.11037,0.0804,0.685992,0.000393959,-0.0604143,-0.00385643,0.1659821,0.000353935,1.51699E-05,4.60058E-05,3.4451E-05,1.56122E-05,0.000399519
0.011327,0.92801,0.67,5.7166,-0.31983,-0.020375,0.86095,0.010405,0.00048868,0.001242,0.00099664,0.00057149,0.011252,0.1113612,0.0804,0.685992,0.000408905,-0.0607677,-0.00387125,0.1635805,0.000375621,1.76413E-05,4.48362E-05,3.59787E-05,2.06308E-05,0.000406197
0.011876,0.93626,0.67,5.7166,-0.32112,-0.020043,0.84803,0.01113,0.00054432,0.0011047,0.0010888,0.00065832,0.011534,0.1123512,0.0804,0.685992,0.000428724,-0.0610128,-0.00380817,0.1611257,0.000401793,1.965E-05,3.98797E-05,3.93057E-05,2.37654E-05,0.000416377
0.012456,0.94452,0.67,5.7166,-0.32299,-0.01933,0.83531,0.011897,0.00061313,0.0009,0.0012477,0.00067779,0.011767,0.1133424,0.0804,0.685992,0.000449662,-0.0613681,-0.0036727,0.1587089,0.000429482,2.2134E-05,0.00003249,4.5042E-05,2.44682E-05,0.000424789
0.013197,0.95277,0.67,5.7166,-0.32414,-0.018203,0.82279,0.012678,0.0006908,0.00078981,0.0014704,0.00065517,0.012246,0.1143324,0.0804,0.685992,0.000476412,-0.0615866,-0.00345857,0.1563301,0.000457676,2.49379E-05,2.85121E-05,5.30814E-05,2.36516E-05,0.000442081
0.013928,0.96103,0.67,5.7166,-0.32457,-0.01692,0.81089,0.01334,0.00074682,0.00059009,0.0017241,0.00060629,0.012791,0.1153236,0.0804,0.685992,0.000502801,-0.0616683,-0.0032148,0.1540691,0.000481574,2.69602E-05,2.13022E-05,6.224E-05,2.18871E-05,0.000461755
0.014934,0.96929,0.67,5.7166,-0.32604,-0.015965,0.79906,0.014011,0.00074558,0.00041554,0.0019381,0.00057818,0.013919,0.1163148,0.0804,0.685992,0.000539117,-0.0619476,-0.00303335,0.1518214,0.000505797,2.69154E-05,1.5001E-05,6.99654E-05,2.08723E-05,0.000502476
0.016006,0.97754,0.67,5.7166,-0.32656,-0.015777,0.78647,0.014851,0.00070815,0.00024921,0.0020347,0.00053447,0.015125,0.1173048,0.0804,0.685992,0.000577817,-0.0620464,-0.00299763,0.1494293,0.000536121,2.55642E-05,8.99648E-06,7.34527E-05,1.92944E-05,0.000546013
0.017052,0.9858,0.67,5.7166,-0.32662,-0.016504,0.7733,0.015615,0.00068364,0.00023303,0.0019932,0.00046276,0.016496,0.118296,0.0804,0.685992,0.000615577,-0.0620578,-0.00313576,0.146927,0.000563702,2.46794E-05,8.41238E-06,7.19545E-05,1.67056E-05,0.000595506
0.017994,0.99405,0.67,5.7166,-0.32809,-0.018001,0.76014,0.016323,0.00066589,0.00036806,0.0018554,0.00035089,0.01781,0.119286,0.0804,0.685992,0.000649583,-0.0623371,-0.00342019,0.1444266,0.00058926,2.40386E-05,1.3287E-05,6.69799E-05,1.26671E-05,0.000642941
0.01875,1.0023,0.67,5.7166,-0.32957,-0.019999,0.74661,0.016888,0.00061567,0.00026071,0.001688,0.00020277,0.018924,0.120276,0.0804,0.685992,0.000676875,-0.0626183,-0.00379981,0.1418559,0.000609657,2.22257E-05,9.41163E-06,6.09368E-05,7.32E-06,0.000683156
0.019601,1.0106,0.67,5.7166,-0.32994,-0.022402,0.73285,0.017528,0.0005432,0.00016805,0.0015292,6.86E-05,0.020145,0.121272,0.0804,0.685992,0.000707596,-0.0626886,-0.00425638,0.1392415,0.000632761,1.96095E-05,6.06661E-06,5.52041E-05,2.47592E-06,0.000727235
0.020455,1.0188,0.67,5.7166,-0.33017,-0.025026,0.71924,0.018316,0.00046953,2.33E-06,0.001395,-3.14E-05,0.021198,0.122256,0.0804,0.685992,0.000738426,-0.0627323,-0.00475494,0.1366556,0.000661208,1.695E-05,8.41924E-08,5.03595E-05,-1.13267E-06,0.000765248
0.021478,1.0271,0.67,5.7166,-0.33101,-0.027222,0.70532,0.019156,0.00039625,-0.0001058,0.001313,-0.00014684,0.022487,0.123252,0.0804,0.685992,0.000775356,-0.0628919,-0.00517218,0.1340108,0.000691532,1.43046E-05,-3.81938E-06,4.73993E-05,-5.30092E-06,0.000811781
0.022473,1.0353,0.67,5.7166,-0.33249,-0.028593,0.69128,0.020025,0.00035367,-0.00017225,0.0012837,-0.00030419,0.023637,0.124236,0.0804,0.685992,0.000811275,-0.0631731,-0.00543267,0.1313432,0.000722903,1.27675E-05,-6.21823E-06,4.63416E-05,-1.09813E-05,0.000853296
0.023547,1.0436,0.67,5.7166,-0.33367,-0.028963,0.67704,0.02101,0.00039457,-0.00030261,0.0012854,-0.00049307,0.024799,0.125232,0.0804,0.685992,0.000850047,-0.0633973,-0.00550297,0.1286376,0.000758461,1.4244E-05,-1.09242E-05,4.64029E-05,-1.77998E-05,0.000895244
0.024553,1.0518,0.67,5.7166,-0.33343,-0.028705,0.66287,0.02208,0.00048696,-0.00046714,0.0013163,-0.00062893,0.025709,0.126216,0.0804,0.685992,0.000886363,-0.0633517,-0.00545395,0.1259453,0.000797088,1.75793E-05,-1.68638E-05,4.75184E-05,-2.27044E-05,0.000928095
0.025277,1.0601,0.67,5.7166,-0.33299,-0.028828,0.64885,0.022976,0.00054557,-0.00077096,0.0013918,-0.0005346,0.026186,0.127212,0.0804,0.685992,0.0009125,-0.0632681,-0.00547732,0.1232815,0.000829434,1.96951E-05,-2.78317E-05,5.0244E-05,-1.92991E-05,0.000945315
0.026104,1.0684,0.67,5.7166,-0.33234,-0.029268,0.63484,0.024038,0.00056581,-0.00072283,0.0015047,-0.00025842,0.026665,0.128208,0.0804,0.685992,0.000942354,-0.0631446,-0.00556092,0.1206196,0.000867772,2.04257E-05,-2.60942E-05,5.43197E-05,-9.32896E-06,0.000962607
0.026856,1.0766,0.67,5.7166,-0.33144,-0.029992,0.62118,0.025165,0.00054992,-0.00066163,0.0016088,7.43E-05,0.026937,0.129192,0.0804,0.685992,0.000969502,-0.0629736,-0.00569848,0.1180242,0.000908457,1.98521E-05,-2.38848E-05,5.80777E-05,2.68187E-06,0.000972426
0.027324,1.0849,0.67,5.7166,-0.33123,-0.031136,0.60817,0.025984,0.00051153,-0.00057079,0.0016851,0.00035218,0.026978,0.130188,0.0804,0.685992,0.000986396,-0.0629337,-0.00591584,0.1155523,0.000938022,1.84662E-05,-2.06055E-05,6.08321E-05,1.27137E-05,0.000973906
0.028329,1.0931,0.67,5.7166,-0.33036,-0.032534,0.59576,0.02748,0.00050385,-0.00024256,0.0017323,0.00055611,0.027446,0.131172,0.0804,0.685992,0.001022677,-0.0627684,-0.00618146,0.1131944,0.000992028,1.8189E-05,-8.75642E-06,6.2536E-05,2.00756E-05,0.000990801
0.02942,1.1014,0.67,5.7166,-0.32887,-0.034657,0.58448,0.029288,0.00044099,7.69E-05,0.0017251,0.00073141,0.027828,0.132168,0.0804,0.685992,0.001062062,-0.0624853,-0.00658483,0.1110512,0.001057297,1.59197E-05,2.7775E-06,6.22761E-05,2.64039E-05,0.001004591
0.030374,1.1096,0.67,5.7166,-0.32728,-0.036644,0.57319,0.030349,0.00042108,0.00017775,0.0017214,0.00095759,0.028678,0.133152,0.0804,0.685992,0.001096501,-0.0621832,-0.00696236,0.1089061,0.001095599,1.5201E-05,6.41678E-06,6.21425E-05,3.4569E-05,0.001035276
0.031463,1.1179,0.67,5.7166,-0.32484,-0.038055,0.56199,0.031371,0.00045271,0.0004783,0.0017526,0.0012106,0.029803,0.134148,0.0804,0.685992,0.001135814,-0.0617196,-0.00723045,0.1067781,0.001132493,1.63428E-05,1.72666E-05,6.32689E-05,4.37027E-05,0.001075888
0.032609,1.1262,0.67,5.7166,-0.32057,-0.039857,0.55039,0.032458,0.00037194,0.00077332,0.0017564,0.0014649,0.031002,0.135144,0.0804,0.685992,0.001177185,-0.0609083,-0.00757283,0.1045741,0.001171734,1.3427E-05,2.79169E-05,6.3406E-05,5.28829E-05,0.001119172
0.033958,1.1344,0.67,5.7166,-0.31585,-0.041545,0.53912,0.033726,0.00023809,0.0006594,0.0017663,0.0017044,0.032423,0.136128,0.0804,0.685992,0.001225884,-0.0600115,-0.00789355,0.1024328,0.001217509,8.59505E-06,2.38043E-05,6.37634E-05,6.15288E-05,0.00117047
0.03565,1.1427,0.67,5.7166,-0.31142,-0.042877,0.52884,0.035668,0.0002094,0.0009298,0.0017989,0.0020234,0.033833,0.137124,0.0804,0.685992,0.001286965,-0.0591698,-0.00814663,0.1004796,0.001287615,7.55934E-06,3.35658E-05,6.49403E-05,7.30447E-05,0.001221371
0.037119,1.1509,0.67,5.7166,-0.30546,-0.043986,0.51903,0.037596,0.00033886,0.0012178,0.0018088,0.0022866,0.034833,0.138108,0.0804,0.685992,0.001339996,-0.0580374,-0.00835734,0.0986157,0.001357216,1.22328E-05,4.39626E-05,6.52977E-05,8.25463E-05,0.001257471
0.038043,1.1592,0.67,5.7166,-0.29864,-0.045642,0.50945,0.038568,0.00041094,0.001442,0.0018226,0.0025037,0.035695,0.139104,0.0804,0.685992,0.001373352,-0.0567416,-0.00867198,0.0967955,0.001392305,1.48349E-05,5.20562E-05,6.57959E-05,9.03836E-05,0.00128859
0.039022,1.1674,0.67,5.7166,-0.29166,-0.047883,0.50049,0.03933,0.00031431,0.0015032,0.0018379,0.0028011,0.036876,0.140088,0.0804,0.685992,0.001408694,-0.0554154,-0.00909777,0.0950931,0.001419813,1.13466E-05,5.42655E-05,6.63482E-05,0.00010112,0.001331224
0.040009,1.1757,0.67,5.7166,-0.28396,-0.050081,0.49315,0.040514,0.00010088,0.0014275,0.0018517,0.0029916,0.037652,0.141084,0.0804,0.685992,0.001444325,-0.0539524,-0.00951539,0.0936985,0.001462555,3.64177E-06,5.15328E-05,6.68464E-05,0.000107997,0.001359237
0.041009,1.1839,0.67,5.7166,-0.27579,-0.052287,0.4876,0.041805,-0.00012937,0.0016966,0.0018803,0.0031869,0.038332,0.142068,0.0804,0.685992,0.001480425,-0.0524001,-0.00993453,0.092644,0.001509161,-4.67026E-06,6.12473E-05,6.78788E-05,0.000115047,0.001383785
0.042055,1.1922,0.67,5.7166,-0.26848,-0.05419,0.48493,0.04332,-0.00031446,0.0021377,0.001907,0.0033247,0.038882,0.143064,0.0804,0.685992,0.001518186,-0.0510112,-0.0102961,0.0921367,0.001563852,-1.1352E-05,7.7171E-05,6.88427E-05,0.000120022,0.00140364
0.043224,1.2005,0.67,5.7166,-0.26196,-0.055854,0.48336,0.04506,-0.00046934,0.0029471,0.001929,0.0033641,0.039458,0.14406,0.0804,0.685992,0.001560386,-0.0497724,-0.01061226,0.0918384,0.001626666,-1.69432E-05,0.00010639,6.96369E-05,0.000121444,0.001424434
0.044297,1.2087,0.67,5.7166,-0.2558,-0.056936,0.48151,0.046642,-0.00052835,0.0038174,0.0019691,0.003393,0.039982,0.145044,0.0804,0.685992,0.001599122,-0.048602,-0.01081784,0.0914869,0.001683776,-1.90734E-05,0.000137808,7.10845E-05,0.000122487,0.00144335
0.045032,1.217,0.67,5.7166,-0.25001,-0.057326,0.47729,0.047174,-0.00053294,0.0044754,0.0020353,0.0034534,0.040855,0.14604,0.0804,0.685992,0.001625655,-0.0475019,-0.01089194,0.0906851,0.001702981,-1.92391E-05,0.000161562,7.34743E-05,0.000124668,0.001474866
0.044912,1.2252,0.67,5.7166,-0.24313,-0.057443,0.46975,0.046101,-0.00054085,0.0046688,0.0021218,0.0035477,0.041601,0.147024,0.0804,0.685992,0.001621323,-0.0461947,-0.01091417,0.0892525,0.001664246,-1.95247E-05,0.000168544,7.6597E-05,0.000128072,0.001501796
0.044088,1.2335,0.67,5.7166,-0.23353,-0.057406,0.45942,0.043947,-0.00052289,0.0041946,0.0022202,0.0035773,0.042008,0.14802,0.0804,0.685992,0.001591577,-0.0443707,-0.01090714,0.0872898,0.001586487,-1.88763E-05,0.000151425,8.01492E-05,0.000129141,0.001516489
0.042889,1.2417,0.67,5.7166,-0.22147,-0.057533,0.44787,0.041391,-0.0005284,0.0032449,0.0023159,0.0034817,0.042071,0.149004,0.0804,0.685992,0.001548293,-0.0420793,-0.01093127,0.0850953,0.001494215,-1.90752E-05,0.000117141,8.3604E-05,0.000125689,0.001518763
0.041757,1.25,0.67,5.7166,-0.20806,-0.057628,0.43628,0.038919,-0.00059144,0.0024817,0.0023949,0.0033125,0.042201,0.15,0.0804,0.685992,0.001507428,-0.0395314,-0.01094932,0.0828932,0.001404976,-2.1351E-05,8.95894E-05,8.64559E-05,0.000119581,0.001523456
0.040843,1.2583,0.67,5.7166,-0.19303,-0.057511,0.42474,0.036857,-0.00066312,0.0019996,0.0024807,0.0031882,0.042348,0.150996,0.0804,0.685992,0.001474432,-0.0366757,-0.01092709,0.0807006,0.001330538,-2.39386E-05,7.21856E-05,8.95533E-05,0.000115094,0.001528763
0.040038,1.2665,0.67,5.7166,-0.17618,-0.057174,0.41321,0.035089,-0.00073021,0.0013523,0.0025736,0.0031117,0.042412,0.15198,0.0804,0.685992,0.001445372,-0.0334742,-0.01086306,0.0785099,0.001266713,-2.63606E-05,4.8818E-05,9.2907E-05,0.000112332,0.001531073
0.039419,1.2748,0.67,5.7166,-0.1573,-0.05671,0.40199,0.033752,-0.00076152,0.00067677,0.0026491,0.003071,0.042437,0.152976,0.0804,0.685992,0.001423026,-0.029887,-0.0107749,0.0763781,0.001218447,-2.74909E-05,2.44314E-05,9.56325E-05,0.000110863,0.001531976
0.039088,1.283,0.67,5.7166,-0.13619,-0.05642,0.39223,0.033132,-0.00076942,8.16E-05,0.0026771,0.0030068,0.042366,0.15396,0.0804,0.685992,0.001411077,-0.0258761,-0.0107198,0.0745237,0.001196065,-2.77761E-05,2.94417E-06,9.66433E-05,0.000108545,0.001529413
0.038667,1.2913,0.67,5.7166,-0.11369,-0.056249,0.3859,0.032997,-0.00079579,-0.00036035,0.0026381,0.0029046,0.041699,0.154956,0.0804,0.685992,0.001395879,-0.0216011,-0.01068731,0.073321,0.001191192,-2.8728E-05,-1.30086E-05,9.52354E-05,0.000104856,0.001505334
0.037701,1.2995,0.67,5.7166,-0.091288,-0.056278,0.38273,0.032627,-0.00080263,-0.00056101,0.0025332,0.0027765,0.040242,0.15594,0.0804,0.685992,0.001361006,-0.01734472,-0.01069282,0.0727187,0.001177835,-2.89749E-05,-2.02525E-05,9.14485E-05,0.000100232,0.001452736
0.0364,1.3078,0.67,5.7166,-0.070863,-0.056226,0.3813,0.031907,-0.00082501,-0.00054071,0.0023792,0.0025778,0.038513,0.156936,0.0804,0.685992,0.00131404,-0.01346397,-0.01068294,0.072447,0.001151843,-2.97829E-05,-1.95196E-05,8.58891E-05,9.30586E-05,0.001390319
0.035095,1.316,0.67,5.7166,-0.054052,-0.056043,0.38055,0.0312,-0.00084991,-0.00056722,0.0022225,0.0024072,0.036767,0.15792,0.0804,0.685992,0.00126693,-0.01026988,-0.01064817,0.0723045,0.00112632,-3.06818E-05,-2.04766E-05,8.02323E-05,8.68999E-05,0.001327289
0.03361,1.3243,0.67,5.7166,-0.039111,-0.055604,0.37801,0.029942,-0.00086352,-0.00055067,0.0020779,0.0022002,0.035201,0.158916,0.0804,0.685992,0.001213321,-0.00743109,-0.01056476,0.0718219,0.001080906,-3.11731E-05,-1.98792E-05,7.50122E-05,7.94272E-05,0.001270756
0.031712,1.3326,0.67,5.7166,-0.022882,-0.054622,0.37361,0.027881,-0.00086372,-0.00061052,0.0019306,0.0020563,0.033612,0.159912,0.0804,0.685992,0.001144803,-0.00434758,-0.01037818,0.0709859,0.001006504,-3.11803E-05,-2.20398E-05,6.96947E-05,7.42324E-05,0.001213393
0.029786,1.3408,0.67,5.7166,-0.0046988,-0.054036,0.36981,0.025955,-0.00088703,-0.0011391,0.0017704,0.0019379,0.031846,0.160896,0.0804,0.685992,0.001075275,-0.000892772,-0.01026684,0.0702639,0.000936976,-3.20218E-05,-4.11215E-05,6.39114E-05,6.99582E-05,0.001149641
0.027814,1.3491,0.67,5.7166,0.013111,-0.053745,0.36754,0.024513,-0.00095357,-0.0020404,0.0016074,0.001765,0.029508,0.161892,0.0804,0.685992,0.001004085,0.00249109,-0.01021155,0.0698326,0.000884919,-3.44239E-05,-7.36584E-05,5.80271E-05,6.37165E-05,0.001065239
0.026398,1.3573,0.67,5.7166,0.031044,-0.053145,0.3662,0.023451,-0.0009852,-0.0022346,0.0014865,0.0016161,0.027858,0.162876,0.0804,0.685992,0.000952968,0.00589836,-0.01009755,0.069578,0.000846581,-3.55657E-05,-8.06691E-05,5.36627E-05,5.83412E-05,0.001005674
0.024746,1.3656,0.67,5.7166,0.050016,-0.052856,0.36912,0.022434,-0.001038,-0.0022032,0.0013907,0.0013918,0.025668,0.163872,0.0804,0.685992,0.000893331,0.00950304,-0.01004264,0.0701328,0.000809867,-3.74718E-05,-7.95355E-05,5.02043E-05,5.0244E-05,0.000926615
0.023184,1.3738,0.67,5.7166,0.066703,-0.052167,0.37373,0.021259,-0.00096735,-0.0020619,0.0012732,0.0012812,0.023836,0.164856,0.0804,0.685992,0.000836942,0.01267357,-0.00991173,0.0710087,0.00076745,-3.49213E-05,-7.44346E-05,4.59625E-05,4.62513E-05,0.00086048
0.022043,1.3821,0.67,5.7166,0.08183,-0.05147,0.3801,0.020289,-0.00092343,-0.0012965,0.0011847,0.0011833,0.022612,0.165852,0.0804,0.685992,0.000795752,0.0155477,-0.0097793,0.072219,0.000732433,-3.33358E-05,-4.68037E-05,4.27677E-05,4.27171E-05,0.000816293
0.020638,1.3903,0.67,5.7166,0.097291,-0.050928,0.38741,0.019253,-0.00094756,-0.001194,0.0011221,0.0011078,0.020902,0.166836,0.0804,0.685992,0.000745032,0.01848529,-0.00967632,0.0736079,0.000695033,-3.42069E-05,-4.31034E-05,4.05078E-05,3.99916E-05,0.000754562
0.019351,1.3986,0.67,5.7166,0.11184,-0.050003,0.39559,0.01809,-0.000889,-0.0013036,0.0010687,0.001067,0.019544,0.167832,0.0804,0.685992,0.000698571,0.0212496,-0.00950057,0.0751621,0.000653049,-3.20929E-05,-4.706E-05,3.85801E-05,3.85187E-05,0.000705538
0.018092,1.4069,0.67,5.7166,0.12408,-0.050144,0.40429,0.016784,-0.00081478,-0.001492,0.0010633,0.0010409,0.018337,0.168828,0.0804,0.685992,0.000653121,0.0235752,-0.00952736,0.0768151,0.000605902,-2.94136E-05,-5.38612E-05,3.83851E-05,3.75765E-05,0.000661966
0.017049,1.4151,0.67,5.7166,0.1375,-0.050079,0.41228,0.015356,-0.00068843,-0.0015274,0.001099,0.0010979,0.017642,0.169812,0.0804,0.685992,0.000615469,0.026125,-0.00951501,0.0783332,0.000554352,-2.48523E-05,-5.51391E-05,3.96739E-05,3.96342E-05,0.000636876
0.016015,1.4234,0.67,5.7166,0.15209,-0.048536,0.4241,0.014711,-0.0008449,-0.0020256,0.0011663,0.00099832,0.016152,0.170808,0.0804,0.685992,0.000578142,0.0288971,-0.00922184,0.080579,0.000531067,-3.05009E-05,-7.31242E-05,4.21034E-05,3.60394E-05,0.000583087
0.014855,1.4316,0.67,5.7166,0.16442,-0.04764,0.43609,0.013778,-0.00087465,-0.0025659,0.0012627,0.00088648,0.014669,0.171792,0.0804,0.685992,0.000536266,0.0312398,-0.0090516,0.0828571,0.000497386,-3.15749E-05,-9.2629E-05,4.55835E-05,3.20019E-05,0.000529551
0.013727,1.4399,0.67,5.7166,0.17689,-0.046945,0.4474,0.012466,-0.00069736,-0.0022889,0.0013613,0.00082245,0.013627,0.172788,0.0804,0.685992,0.000495545,0.0336091,-0.00891955,0.085006,0.000450023,-2.51747E-05,-8.26293E-05,4.91429E-05,2.96904E-05,0.000491935
0.013413,1.4481,0.67,5.7166,0.1892,-0.04549,0.46079,0.012248,-0.00078771,-0.0023872,0.0014951,0.00080502,0.013082,0.173772,0.0804,0.685992,0.000484209,0.035948,-0.0086431,0.0875501,0.000442153,-2.84363E-05,-8.61779E-05,5.39731E-05,2.90612E-05,0.00047226
0.012609,1.4564,0.67,5.7166,0.20077,-0.044789,0.475,0.011726,-0.00077192,-0.0021199,0.0016385,0.00078852,0.011854,0.174768,0.0804,0.685992,0.000455185,0.0381463,-0.00850991,0.09025,0.000423309,-2.78663E-05,-7.65284E-05,5.91499E-05,2.84656E-05,0.000427929
0.01186,1.4647,0.67,5.7166,0.21218,-0.04405,0.48889,0.010808,-0.00070712,-0.001977,0.0017669,0.00082731,0.011146,0.175764,0.0804,0.685992,0.000428146,0.0403142,-0.0083695,0.0928891,0.000390169,-2.5527E-05,-7.13697E-05,6.37851E-05,2.98659E-05,0.000402371
0.011415,1.4729,0.67,5.7166,0.22169,-0.042978,0.50463,0.010479,-0.00066477,-0.0023003,0.0018883,0.00084523,0.010463,0.176748,0.0804,0.685992,0.000412082,0.0421211,-0.00816582,0.0958797,0.000378292,-2.39982E-05,-8.30408E-05,6.81676E-05,3.05128E-05,0.000377714
0.010686,1.4812,0.67,5.7166,0.23112,-0.042322,0.52083,0.0098878,-0.00062167,-0.0021711,0.0019756,0.0008253,0.0095089,0.177744,0.0804,0.685992,0.000385765,0.0439128,-0.00804118,0.0989577,0.00035695,-2.24423E-05,-7.83767E-05,7.13192E-05,2.97933E-05,0.000343271
0.01033,1.4894,0.67,5.7166,0.24079,-0.042004,0.53794,0.009503,-0.00061053,-0.0023622,0.0020314,0.00083143,0.009126,0.178728,0.0804,0.685992,0.000372913,0.0457501,-0.00798076,0.1022086,0.000343058,-2.20401E-05,-8.52754E-05,7.33335E-05,3.00146E-05,0.000329449
0.009487,1.4977,0.67,5.7166,0.24901,-0.042126,0.55556,0.0088442,-0.00054932,-0.0021608,0.002029,0.00074582,0.0081008,0.179724,0.0804,0.685992,0.000342481,0.0473119,-0.00800394,0.1055564,0.000319276,-1.98305E-05,-7.80049E-05,7.32469E-05,2.69241E-05,0.000292439
0.0087505,1.5059,0.67,5.7166,0.25717,-0.042162,0.57295,0.0079014,-0.00049912,-0.001918,0.0019756,0.00061175,0.007624,0.180708,0.0804,0.685992,0.000315893,0.0488623,-0.00801078,0.1088605,0.000285241,-1.80182E-05,-6.92398E-05,7.13192E-05,2.20842E-05,0.000275226
0.0082311,1.5142,0.67,5.7166,0.26409,-0.04205,0.5911,0.007542,-0.00044163,-0.0019204,0.0019089,0.00042639,0.0070113,0.181704,0.0804,0.685992,0.000297143,0.0501771,-0.0079895,0.112309,0.000272266,-1.59428E-05,-6.93264E-05,6.89113E-05,1.53927E-05,0.000253108
0.0076804,1.5224,0.67,5.7166,0.26907,-0.042084,0.60851,0.0071022,-0.00039079,-0.0017162,0.0018375,0.00023701,0.0064211,0.182688,0.0804,0.685992,0.000277262,0.0511233,-0.00799596,0.1156169,0.000256389,-1.41075E-05,-6.19548E-05,6.63338E-05,8.55606E-06,0.000231802
0.0072348,1.5307,0.67,5.7166,0.27422,-0.041895,0.62546,0.0066936,-0.00036146,-0.001711,0.0017846,6.42E-05,0.0059914,0.183684,0.0804,0.685992,0.000261176,0.0521018,-0.00796005,0.1188374,0.000241639,-1.30487E-05,-6.17671E-05,6.44241E-05,2.3191E-06,0.00021629
0.0067633,1.539,0.67,5.7166,0.28012,-0.041485,0.64227,0.006269,-0.00035622,-0.0016283,0.0017505,-4.05E-05,0.0055071,0.18468,0.0804,0.685992,0.000244155,0.0532228,-0.00788215,0.1220313,0.000226311,-1.28595E-05,-5.87816E-05,6.31931E-05,-1.46328E-06,0.000198806
0.0063776,1.5472,0.67,5.7166,0.28499,-0.041508,0.65837,0.0058552,-0.00035215,-0.0015982,0.0017161,-0.00011032,0.0051838,0.185664,0.0804,0.685992,0.000230231,0.0541481,-0.00788652,0.1250903,0.000211373,-1.27126E-05,-5.7695E-05,6.19512E-05,-3.98255E-06,0.000187135
0.0060626,1.5555,0.67,5.7166,0.28755,-0.041988,0.67354,0.0055283,-0.00035594,-0.0015448,0.0016863,-0.00022012,0.0049106,0.18666,0.0804,0.685992,0.00021886,0.0546345,-0.00797772,0.1279726,0.000199572,-1.28494E-05,-5.57673E-05,6.08754E-05,-7.94633E-06,0.000177273
0.0057597,1.5637,0.67,5.7166,0.29006,-0.042437,0.68839,0.0051869,-0.00037652,-0.0015056,0.0016605,-0.00038005,0.004672,0.187644,0.0804,0.685992,0.000207925,0.0551114,-0.00806303,0.1307941,0.000187247,-1.35924E-05,-5.43522E-05,5.99441E-05,-1.37198E-05,0.000168659
0.005514,1.572,0.67,5.7166,0.29372,-0.042068,0.70374,0.0049194,-0.00040398,-0.001412,0.0016346,-0.00056455,0.0044741,0.18864,0.0804,0.685992,0.000199055,0.0558068,-0.00799292,0.1337106,0.00017759,-1.45837E-05,-5.09732E-05,5.90091E-05,-2.03803E-05,0.000161515
0.0052824,1.5802,0.67,5.7166,0.29642,-0.040663,0.71958,0.004683,-0.00042719,-0.0012697,0.0016161,-0.00072121,0.0042656,0.189624,0.0804,0.685992,0.000190695,0.0563198,-0.00772597,0.1367202,0.000169056,-1.54216E-05,-4.58362E-05,5.83412E-05,-2.60357E-05,0.000153988
0.0050702,1.5885,0.67,5.7166,0.29817,-0.038561,0.73537,0.0044353,-0.00043599,-0.0010917,0.0016093,-0.00081849,0.0040957,0.19062,0.0804,0.685992,0.000183034,0.0566523,-0.00732659,0.1397203,0.000160114,-1.57392E-05,-3.94104E-05,5.80957E-05,-2.95475E-05,0.000147855
0.0048639,1.5968,0.67,5.7166,0.30062,-0.036274,0.75113,0.0042197,-0.00043704,-0.00091048,0.0016087,-0.00087369,0.0038995,0.191616,0.0804,0.685992,0.000175587,0.0571178,-0.00689206,0.1427147,0.000152331,-1.57771E-05,-3.28683E-05,5.80741E-05,-3.15402E-05,0.000140772
0.0046693,1.605,0.67,5.7166,0.30305,-0.034211,0.76646,0.0040747,-0.00044724,-0.00070585,0.0016052,-0.0008996,0.0036587,0.1926,0.0804,0.685992,0.000168562,0.0575795,-0.00650009,0.1456274,0.000147097,-1.61454E-05,-2.54812E-05,5.79477E-05,-3.24756E-05,0.000132079
0.0044535,1.6133,0.67,5.7166,0.30436,-0.032497,0.78087,0.0039541,-0.00045613,-0.00052018,0.0015873,-0.00090507,0.0033657,0.193596,0.0804,0.685992,0.000160771,0.0578284,-0.00617443,0.1483653,0.000142743,-1.64663E-05,-1.87785E-05,5.73015E-05,-3.2673E-05,0.000121502
0.0042037,1.6215,0.67,5.7166,0.30473,-0.031216,0.79405,0.0037725,-0.0004554,-0.00032105,0.0015414,-0.0008915,0.0030935,0.19458,0.0804,0.685992,0.000151754,0.0578987,-0.00593104,0.1508695,0.000136187,-1.64399E-05,-1.15899E-05,5.56445E-05,-3.21832E-05,0.000111675
0.0039497,1.6298,0.67,5.7166,0.30429,-0.030354,0.80573,0.0035909,-0.00046349,-0.00014217,0.0014508,-0.00085697,0.0028576,0.195576,0.0804,0.685992,0.000142584,0.0578151,-0.00576726,0.1530887,0.000129631,-1.6732E-05,-5.13234E-06,5.23739E-05,-3.09366E-05,0.000103159
0.0037508,1.638,0.67,5.7166,0.30338,-0.029708,0.81606,0.0034866,-0.00047732,-1.68E-05,0.0013392,-0.00080366,0.0026758,0.19656,0.0804,0.685992,0.000135404,0.0576422,-0.00564452,0.1550514,0.000125866,-1.72313E-05,-6.0778E-07,4.83451E-05,-2.90121E-05,9.65964E-05
0.0035648,1.6463,0.67,5.7166,0.30201,-0.028906,0.82499,0.0033827,-0.00048953,2.28E-05,0.0012592,-0.0007514,0.0024876,0.197556,0.0804,0.685992,0.000128689,0.0573819,-0.00549214,0.1567481,0.000122115,-1.7672E-05,8.21636E-07,4.54571E-05,-2.71255E-05,8.98024E-05
0.0033636,1.6545,0.67,5.7166,0.29965,-0.027706,0.83261,0.0032042,-0.0005115,3.17E-05,0.0012228,-0.00068838,0.0023002,0.19854,0.0804,0.685992,0.000121426,0.0569335,-0.00526414,0.1581959,0.000115672,-1.84652E-05,1.14336E-06,4.41431E-05,-2.48505E-05,8.30372E-05
0.0031715,1.6628,0.67,5.7166,0.29668,-0.026342,0.83959,0.0030069,-0.00053428,6.09E-05,0.0012028,-0.00059309,0.0021332,0.199536,0.0804,0.685992,0.000114491,0.0563692,-0.00500498,0.1595221,0.000108549,-1.92875E-05,2.1986E-06,4.34211E-05,-2.14105E-05,7.70085E-05
0.0030178,1.6711,0.67,5.7166,0.2935,-0.024964,0.84596,0.0028785,-0.00052515,6.72E-05,0.0012053,-0.00047056,0.0019519,0.200532,0.0804,0.685992,0.000108943,0.055765,-0.00474316,0.1607324,0.000103914,-1.89579E-05,2.4261E-06,4.35113E-05,-1.69872E-05,7.04636E-05
0.0028655,1.6793,0.67,5.7166,0.28998,-0.023341,0.85196,0.002801,-0.00048486,1.16E-05,0.0012496,-0.00033073,0.0016805,0.201516,0.0804,0.685992,0.000103445,0.0550962,-0.00443479,0.1618724,0.000101116,-1.75034E-05,4.17497E-07,4.51106E-05,-1.19394E-05,6.06661E-05
0.0026805,1.6876,0.67,5.7166,0.28596,-0.021274,0.8579,0.0026524,-0.0004308,-9.87E-05,0.0013005,-0.00019768,0.0014082,0.202512,0.0804,0.685992,9.67661E-05,0.0543324,-0.00404206,0.163001,9.57516E-05,-1.55519E-05,-3.56256E-06,4.69481E-05,-7.13625E-06,5.0836E-05
0.0025244,1.6958,0.67,5.7166,0.28161,-0.018638,0.86395,0.0025152,-0.0003734,-0.00018214,0.0013046,-0.00010337,0.0012291,0.203496,0.0804,0.685992,9.11308E-05,0.0535059,-0.00354122,0.1641505,9.07987E-05,-1.34797E-05,-6.57525E-06,4.70961E-05,-3.73166E-06,4.43705E-05
0.0024316,1.7041,0.67,5.7166,0.27731,-0.015669,0.87118,0.0024769,-0.00033617,-0.00021503,0.0012479,-6.59E-05,0.0011384,0.204492,0.0804,0.685992,8.77808E-05,0.0526889,-0.00297711,0.1655242,8.94161E-05,-1.21357E-05,-7.76258E-06,4.50492E-05,-2.38007E-06,4.10962E-05
0.0023737,1.7123,0.67,5.7166,0.2731,-0.013071,0.87981,0.0024806,-0.00032522,-0.00020802,0.0011602,-7.83E-05,0.0011065,0.205476,0.0804,0.685992,8.56906E-05,0.051889,-0.00248349,0.1671639,8.95497E-05,-1.17404E-05,-7.50952E-06,4.18832E-05,-2.8258E-06,3.99447E-05
0.0023101,1.7206,0.67,5.7166,0.26889,-0.01126,0.88845,0.0024527,-0.00033023,-0.00019431,0.0010797,-0.00011559,0.0010878,0.206472,0.0804,0.685992,8.33946E-05,0.0510891,-0.0021394,0.1688055,8.85425E-05,-1.19213E-05,-7.01459E-06,3.89772E-05,-4.1728E-06,3.92696E-05
0.002264,1.7289,0.67,5.7166,0.26467,-0.0099649,0.89629,0.0024016,-0.00035553,-0.00019824,0.0010297,-0.00013287,0.0010967,0.207468,0.0804,0.685992,8.17304E-05,0.0502873,-0.001893331,0.1702951,8.66978E-05,-1.28346E-05,-7.15646E-06,3.71722E-05,-4.79661E-06,3.95909E-05
0.0022826,1.7371,0.67,5.7166,0.26036,-0.0087381,0.90394,0.0023741,-0.00039683,-0.0001846,0.0010298,-0.00010567,0.0011613,0.208452,0.0804,0.685992,8.24019E-05,0.0494684,-0.001660239,0.1717486,8.5705E-05,-1.43256E-05,-6.66406E-06,3.71758E-05,-3.81469E-06,4.19229E-05
0.0023423,1.7454,0.67,5.7166,0.25596,-0.0074096,0.91092,0.0023511,-0.00043983,-0.00012311,0.0010659,-8.15E-05,0.0012676,0.209448,0.0804,0.685992,8.4557E-05,0.0486324,-0.001407824,0.1730748,8.48747E-05,-1.58779E-05,-4.44427E-06,3.8479E-05,-2.94388E-06,4.57604E-05
0.0024576,1.7536,0.67,5.7166,0.25163,-0.0060672,0.91645,0.0023685,-0.00048959,1.63E-05,0.0011127,-9.37E-05,0.0014341,0.210432,0.0804,0.685992,8.87194E-05,0.0478097,-0.001152768,0.1741255,8.55029E-05,-1.76742E-05,5.86733E-07,4.01685E-05,-3.38102E-06,5.1771E-05
0.0026103,1.7619,0.67,5.7166,0.24743,-0.0049282,0.92058,0.0024559,-0.00054547,0.00019474,0.0011576,-0.00011717,0.0016071,0.211428,0.0804,0.685992,9.42318E-05,0.0470117,-0.000936358,0.1749102,8.8658E-05,-1.96915E-05,7.03011E-06,4.17894E-05,-4.22984E-06,5.80163E-05
0.0027052,1.7701,0.67,5.7166,0.24367,-0.0040427,0.92517,0.0025539,-0.0005895,0.00033679,0.0012051,-9.30E-05,0.0016515,0.212412,0.0804,0.685992,9.76577E-05,0.0462973,-0.000768113,0.1757823,9.21958E-05,-2.1281E-05,1.21581E-05,4.35041E-05,-3.35773E-06,5.96192E-05
0.0026966,1.7784,0.67,5.7166,0.24065,-0.0033004,0.93128,0.0026335,-0.00062142,0.00040602,0.0012726,-3.69E-05,0.0014872,0.213408,0.0804,0.685992,9.73473E-05,0.0457235,-0.000627076,0.1769432,9.50694E-05,-2.24333E-05,1.46573E-05,4.59409E-05,-1.33108E-06,5.36879E-05
0.002658,1.7866,0.67,5.7166,0.23816,-0.0021997,0.9382,0.0026913,-0.00066187,0.00041578,0.0013654,9.01E-06,0.0012592,0.214392,0.0804,0.685992,9.59538E-05,0.0452504,-0.000417943,0.178258,9.71559E-05,-2.38935E-05,1.50097E-05,4.92909E-05,3.25127E-07,4.54571E-05
0.0026569,1.7949,0.67,5.7166,0.23559,-0.00013974,0.94474,0.0027271,-0.00071372,0.00040461,0.0014573,4.10E-05,0.0011294,0.215388,0.0804,0.685992,9.59141E-05,0.0447621,-2.65506E-05,0.1795006,9.84483E-05,-2.57653E-05,1.46064E-05,5.26085E-05,1.47851E-06,4.07713E-05
0.0026554,1.8032,0.67,5.7166,0.23264,0.0026248,0.95071,0.0027391,-0.00075556,0.00036614,0.0015332,6.44E-05,0.0010384,0.216384,0.0804,0.685992,9.58599E-05,0.0442016,0.000498712,0.1806349,9.88815E-05,-2.72757E-05,1.32177E-05,5.53485E-05,2.3252E-06,3.74862E-05
0.0026274,1.8114,0.67,5.7166,0.22935,0.0050468,0.95641,0.0027204,-0.00077723,0.00029301,0.0016031,8.30E-05,0.00093117,0.217368,0.0804,0.685992,9.48491E-05,0.0435765,0.000958892,0.1817179,9.82064E-05,-2.8058E-05,1.05777E-05,5.78719E-05,2.99529E-06,3.36152E-05
0.0025736,1.8197,0.67,5.7166,0.22593,0.0062765,0.96171,0.0026715,-0.0007785,0.00021118,0.0016467,7.52E-05,0.00082889,0.218364,0.0804,0.685992,9.2907E-05,0.0429267,0.001192535,0.1827249,9.64412E-05,-2.81039E-05,7.6236E-06,5.94459E-05,2.71371E-06,2.99229E-05
0.0024987,1.8279,0.67,5.7166,0.22255,0.0059889,0.96659,0.0026097,-0.00076819,0.00012582,0.0016419,4.84E-05,0.00074581,0.219348,0.0804,0.685992,9.02031E-05,0.0422845,0.001137891,0.1836521,9.42102E-05,-2.77317E-05,4.5421E-06,5.92726E-05,1.74728E-06,2.69237E-05
0.002453,1.8362,0.67,5.7166,0.21933,0.0045577,0.9717,0.0025533,-0.0007546,6.96E-05,0.0016078,4.76E-06,0.00074483,0.220344,0.0804,0.685992,8.85533E-05,0.0416727,0.000865963,0.184623,9.21741E-05,-2.72411E-05,2.51234E-06,5.80416E-05,1.71973E-07,2.68884E-05
0.0024392,1.8446,0.67,5.7166,0.2161,0.0027753,0.97724,0.0024974,-0.00073807,4.35E-05,0.0015675,-3.73E-05,0.00081351,0.221352,0.0804,0.685992,8.80551E-05,0.041059,0.000527307,0.1856756,9.01561E-05,-2.66443E-05,1.56948E-06,5.65868E-05,-1.34628E-06,2.93677E-05
0.0024483,1.8534,0.67,5.7166,0.21263,0.0014481,0.98299,0.0024382,-0.00072518,6.76E-05,0.0015546,-7.58E-05,0.00090386,0.222408,0.0804,0.685992,8.83836E-05,0.0403997,0.000275139,0.1867681,8.8019E-05,-2.6179E-05,2.43884E-06,5.61211E-05,-2.738E-06,3.26293E-05
0.0024519,1.8626,0.67,5.7166,0.20882,0.0013001,0.98904,0.0023549,-0.00072023,0.00017193,0.0015543,-0.00016083,0.00099452,0.223512,0.0804,0.685992,8.85136E-05,0.0396758,0.000247019,0.1879176,8.50119E-05,-2.60003E-05,6.20667E-06,5.61102E-05,-5.80596E-06,3.59022E-05
0.0024344,1.8723,0.67,5.7166,0.20463,0.0025318,0.99479,0.002233,-0.00070261,0.00032286,0.0015463,-0.00027922,0.0010895,0.224676,0.0804,0.685992,8.78818E-05,0.0388797,0.000481042,0.1890101,8.06113E-05,-2.53642E-05,1.16552E-05,5.58214E-05,-1.00798E-05,3.9331E-05
0.0024565,1.8824,0.67,5.7166,0.20021,0.0040724,1,0.0020945,-0.00066037,0.00046853,0.0015501,-0.00042028,0.0012684,0.225888,0.0804,0.685992,8.86797E-05,0.0380399,0.000773756,0.19,7.56115E-05,-2.38394E-05,1.69139E-05,5.59586E-05,-1.51721E-05,4.57892E-05
0.0025048,1.8931,0.67,5.7166,0.1957,0.0059055,1.0047,0.0019628,-0.00059848,0.00060927,0.0015471,-0.00056515,0.0014996,0.227172,0.0804,0.685992,9.04233E-05,0.037183,0.001122045,0.190893,7.08571E-05,-2.16051E-05,2.19946E-05,5.58503E-05,-2.04019E-05,5.41356E-05
0.002523,1.9042,0.67,5.7166,0.19108,0.0074423,1.0089,0.0018465,-0.00054589,0.00062589,0.0015222,-0.00072125,0.0016773,0.228504,0.0804,0.685992,9.10803E-05,0.0363052,0.001414037,0.191691,6.66587E-05,-1.97066E-05,2.25946E-05,5.49514E-05,-2.60371E-05,6.05505E-05
0.0025192,1.9159,0.67,5.7166,0.18622,0.0077916,1.0122,0.0017506,-0.00056327,0.00052231,0.0015238,-0.00075378,0.0017641,0.229908,0.0804,0.685992,9.09431E-05,0.0353818,0.001480404,0.192318,6.31967E-05,-2.0334E-05,1.88554E-05,5.50092E-05,-2.72115E-05,6.3684E-05
0.0025656,1.9282,0.67,5.7166,0.18115,0.0076639,1.0172,0.001713,-0.00062272,0.00034699,0.0015996,-0.00074403,0.0018185,0.231384,0.0804,0.685992,9.26182E-05,0.0344185,0.001456141,0.193268,6.18393E-05,-2.24802E-05,1.25263E-05,5.77456E-05,-2.68595E-05,6.56479E-05
0.0026541,1.941,0.67,5.7166,0.17568,0.0087563,1.0221,0.0017613,-0.00066674,0.00025094,0.0016442,-0.00076508,0.0019026,0.23292,0.0804,0.685992,9.5813E-05,0.0333792,0.001663697,0.194199,6.35829E-05,-2.40693E-05,9.05893E-06,5.93556E-05,-2.76194E-05,6.86839E-05
0.002816,1.9545,0.67,5.7166,0.16991,0.0088709,1.0246,0.0018342,-0.0006722,0.00031923,0.0015877,-0.0007714,0.0022099,0.23454,0.0804,0.685992,0.000101658,0.0322829,0.001685471,0.194674,6.62146E-05,-2.42664E-05,1.15242E-05,5.7316E-05,-2.78475E-05,7.97774E-05
0.0028891,1.9686,0.67,5.7166,0.16411,0.0084467,1.0243,0.001866,-0.0005821,0.00021282,0.0015303,-0.00079088,0.002382,0.236232,0.0804,0.685992,0.000104297,0.0311809,0.001604873,0.194617,6.73626E-05,-2.10138E-05,7.6828E-06,5.52438E-05,-2.85508E-05,8.59902E-05
0.0028281,1.9833,0.67,5.7166,0.15825,0.008152,1.0285,0.0018495,-0.00035992,0.00013077,0.0013219,-0.00074021,0.0024848,0.237996,0.0804,0.685992,0.000102094,0.0300675,0.00154888,0.195415,6.6767E-05,-1.29931E-05,4.7208E-06,4.77206E-05,-2.67216E-05,8.97013E-05
0.002614,1.9988,0.67,5.7166,0.15194,0.010818,1.0313,0.0017954,-0.00013479,1.39E-05,0.0012332,-0.00064242,0.0021993,0.239856,0.0804,0.685992,9.43654E-05,0.0288686,0.00205542,0.195947,6.48139E-05,-4.86592E-06,5.02765E-07,4.45185E-05,-2.31914E-05,7.93947E-05
0.0025369,2.0149,0.67,5.7166,0.14587,0.012307,1.0318,0.0017174,8.91E-06,-1.87E-05,0.0012845,-0.00062311,0.0020719,0.241788,0.0804,0.685992,9.15821E-05,0.0277153,0.00233833,0.196042,6.19981E-05,3.21619E-07,-6.73482E-07,4.63705E-05,-2.24943E-05,7.47956E-05
0.00265,2.0319,0.67,5.7166,0.14039,0.013379,1.0297,0.0015971,6.17E-05,-8.91E-05,0.0014053,-0.00050464,0.0022976,0.243828,0.0804,0.685992,0.000095665,0.0266741,0.00254201,0.195643,5.76553E-05,2.22892E-06,-3.21572E-06,5.07313E-05,-1.82175E-05,8.29434E-05
0.0024692,2.0496,0.67,5.7166,0.13474,0.010118,1.0241,0.0014467,5.71E-05,-0.00015885,0.001214,-0.00026679,0.0022776,0.245952,0.0804,0.685992,8.91381E-05,0.0256006,0.00192242,0.194579,5.22259E-05,2.06236E-06,-5.73449E-06,4.38254E-05,-9.63112E-06,8.22214E-05
0.0028017,2.0681,0.67,5.7166,0.12847,0.0058569,1.0228,0.0014078,7.89E-05,0.00023633,0.00089185,7.95E-05,0.0033038,0.248172,0.0804,0.685992,0.000101141,0.0244093,0.001112811,0.194332,5.08216E-05,2.84815E-06,8.53151E-06,3.21958E-05,2.87168E-06,0.000119267
0.0035047,2.0875,0.67,5.7166,0.12141,0.0051564,1.0143,0.00155,1.45E-05,0.00069585,0.00083429,9.82E-05,0.0046251,0.2505,0.0804,0.685992,0.00012652,0.0230679,0.000979716,0.192717,0.000055955,5.23992E-07,2.51202E-05,3.01179E-05,3.54679E-06,0.000166966
0.0042141,2.1078,0.67,5.7166,0.11409,0.0039044,1.0078,0.0017978,-0.00016311,0.0013793,0.00069883,-0.00017339,0.0059316,0.252936,0.0804,0.685992,0.000152129,0.0216771,0.000741836,0.191482,6.49006E-05,-5.88827E-06,4.97927E-05,2.52278E-05,-6.25938E-06,0.000214131
0.0049536,2.129,0.67,5.7166,0.10704,0.0098647,1.0057,0.0020684,-0.00029405,0.0021427,0.00071241,-0.00029923,0.0071263,0.25548,0.0804,0.685992,0.000178825,0.0203376,0.001874293,0.191083,7.46692E-05,-1.06152E-05,7.73515E-05,2.5718E-05,-1.08022E-05,0.000257259
0.0048822,2.1511,0.67,5.7166,0.10169,0.015611,0.99881,0.002209,-0.00017021,0.0022408,0.00086796,-7.30E-05,0.0066874,0.258132,0.0804,0.685992,0.000176247,0.0193211,0.00296609,0.1897739,7.97449E-05,-6.14458E-06,8.08929E-05,3.13334E-05,-2.634E-06,0.000241415
0.0040173,2.1743,0.67,5.7166,0.098156,0.019371,0.9988,0.0021443,5.71E-05,0.0017631,0.0010036,0.00015273,0.0048869,0.260916,0.0804,0.685992,0.000145025,0.01864964,0.00368049,0.189772,7.74092E-05,2.06182E-06,6.36479E-05,3.623E-05,5.51355E-06,0.000176417
0.0036021,2.1984,0.67,5.7166,0.092581,0.021436,1.0042,0.001956,0.00010806,0.0016389,0.0009804,-7.28E-06,0.0042678,0.263808,0.0804,0.685992,0.000130036,0.01759039,0.00407284,0.190798,7.06116E-05,3.90097E-06,5.91643E-05,3.53924E-05,-2.62884E-07,0.000154068
0.0039057,2.2237,0.67,5.7166,0.084153,0.025109,0.98763,0.0017793,0.00034339,0.0016768,0.0015551,0.00055379,0.0044771,0.266844,0.0804,0.685992,0.000140996,0.01598907,0.00477071,0.1876497,6.42327E-05,1.23964E-05,6.05325E-05,5.61391E-05,1.99918E-05,0.000161623
0.0048999,2.2501,0.67,5.7166,0.075848,0.032234,0.96655,0.0018562,0.00061348,0.001539,0.0021752,0.0012807,0.0057684,0.270012,0.0804,0.685992,0.000176886,0.01441112,0.00612446,0.1836445,6.70088E-05,2.21466E-05,5.55579E-05,7.85247E-05,4.62333E-05,0.000208239
0.0050889,2.2776,0.67,5.7166,0.067685,0.035308,0.96071,0.0021032,0.00054064,0.0015512,0.0020062,0.00076743,0.0060683,0.273312,0.0804,0.685992,0.000183709,0.01286015,0.00670852,0.1825349,7.59255E-05,1.95171E-05,5.59983E-05,7.24238E-05,2.77042E-05,0.000219066
0.0049829,2.3063,0.67,5.7166,0.059787,0.038611,0.94725,0.0022635,0.00032663,0.0013013,0.0017514,-0.0004167,0.0059507,0.276756,0.0804,0.685992,0.000179883,0.01135953,0.00733609,0.1799775,8.17124E-05,1.17913E-05,4.69769E-05,6.32255E-05,-1.50429E-05,0.00021482
0.0059058,2.3362,0.67,5.7166,0.049603,0.049622,0.93313,0.0023956,0.00038045,0.001492,0.0018711,-0.00054953,0.0075449,0.280344,0.0804,0.685992,0.000213199,0.00942457,0.00942818,0.1772947,8.64812E-05,1.37342E-05,5.38612E-05,6.75467E-05,-1.9838E-05,0.000272371
0.0056212,2.3674,0.67,5.7166,0.037375,0.060075,0.90647,0.0023933,0.00058206,0.0017193,0.0024876,0.00016331,0.0063616,0.284088,0.0804,0.685992,0.000202925,0.00710125,0.01141425,0.1722293,8.63981E-05,2.10124E-05,6.20667E-05,8.98024E-05,5.89549E-06,0.000229654
0.0053954,2.3999,0.67,5.7166,0.027505,0.067566,0.87645,0.0019253,0.0006634,0.0015016,0.0037534,0.00028338,0.0051121,0.287988,0.0804,0.685992,0.000194774,0.00522595,0.01283754,0.1665255,6.95033E-05,2.39487E-05,5.42078E-05,0.000135498,1.023E-05,0.000184547
0.0051563,2.4338,0.67,5.7166,0.017342,0.076696,0.84089,0.0010993,0.000417,0.0012728,0.0036102,0.00050763,0.0056032,0.292056,0.0804,0.685992,0.000186142,0.00329498,0.01457224,0.1597691,3.96847E-05,1.50537E-05,4.59481E-05,0.000130328,1.83254E-05,0.000202276
0.003613,2.4691,0.67,5.7166,0.0071985,0.072609,0.72504,0.00035228,6.79E-05,0.00062621,0.0021133,0.00074979,0.0047603,0.296292,0.0804,0.685992,0.000130429,0.001367715,0.01379571,0.1377576,1.27173E-05,2.45213E-06,2.26062E-05,7.62901E-05,2.70674E-05,0.000171847
0.0013709,2.5058,0.67,5.7166,0.0020134,0.031965,0.31912,2.22E-05,1.17E-05,0.0001095,0.00080786,0.00029884,0.0019119,0.300696,0.0804,0.685992,4.94895E-05,0.000382546,0.00607335,0.0606328,8.00373E-07,4.23092E-07,3.95295E-06,2.91637E-05,1.07881E-05,6.90196E-05
4.82E-08,2.544,0.67,5.7166,0.00053442,1.15E-13,1.75E-17,9.65E-08,2.08E-17,4.27E-21,4.49E-27,9.18E-31,3.17E-34,0.30528,0.0804,0.685992,1.74172E-09,0.00010154,2.19108E-14,3.32937E-18,3.48343E-09,7.51061E-19,1.54031E-22,1.6193E-28,3.31358E-32,1.14318E-35
0,2.5837,0.67,5.7166,0,0,0,0,0,0,0,0,0,0.310044,0.0804,0.685992,0,0,0,0,0,0,0,0,0,0
0,2.625,0.67,5.7166,0,0,0,0,0,0,0,0,0,0.315,0.0804,0.685992,0,0,0,0,0,0,0,0,0,0
0,-0.125,0.67,5.725,0,0,0,0,0,0,0,0,0,-0.015,0.0804,0.687,0,0,0,0,0,0,0,0,0,0
0,-0.083719,0.67,5.725,0,0,0,0,0,0,0,0,0,-0.01004628,0.0804,0.687,0,0,0,0,0,0,0,0,0,0
1.54E-07,-0.044001,0.67,5.725,-0.00025772,-7.21E-14,-1.09E-18,3.07E-07,8.60E-17,1.94E-21,2.41E-26,5.46E-31,2.26E-34,-0.00528012,0.0804,0.687,5.54677E-09,-4.89668E-05,-1.37057E-14,-2.06416E-19,1.10935E-08,3.10597E-18,7.00484E-23,8.69613E-28,1.97171E-32,8.1438E-36
0.00098871,-0.0058053,0.67,5.725,-0.0026881,0.025301,0.39985,1.05E-05,-2.64E-05,-3.21E-05,0.0008071,-0.00020397,0.0011599,-0.000696636,0.0804,0.687,3.56924E-05,-0.000510739,0.00480719,0.0759715,3.77642E-07,-9.54809E-07,-1.15794E-06,2.91363E-05,-7.36332E-06,4.18724E-05
0.0025729,0.030909,0.67,5.725,-0.01183,0.057247,0.90452,0.00016204,-0.0001553,-0.00018337,0.0020947,-0.00052299,0.0028891,0.00370908,0.0804,0.687,9.28817E-05,-0.0022477,0.01087693,0.1718588,5.84964E-06,-5.60633E-06,-6.61966E-06,7.56187E-05,-1.88799E-05,0.000104297
0.0026295,0.066184,0.67,5.725,-0.026193,0.051826,1.0224,0.0004263,-0.00023623,-9.85E-05,0.0018446,-0.00061454,0.0029881,0.00794208,0.0804,0.687,9.4925E-05,-0.00497667,0.00984694,0.194256,1.53894E-05,-8.5279E-06,-3.5556E-06,6.65901E-05,-2.21849E-05,0.00010787
0.0024363,0.10006,0.67,5.725,-0.041588,0.038176,1.0568,0.00055265,-0.00022682,3.68E-06,0.0014744,-0.00073014,0.0028455,0.0120072,0.0804,0.687,8.79504E-05,-0.00790172,0.00725344,0.200792,1.99507E-05,-8.1882E-06,1.3287E-07,5.32258E-05,-2.63581E-05,0.000102723
0.0029881,0.13258,0.67,5.725,-0.052255,0.03101,1.0737,0.00055674,-0.00014192,-8.77E-05,0.0013757,-0.00089641,0.0040439,0.0159096,0.0804,0.687,0.00010787,-0.00992845,0.0058919,0.204003,2.00983E-05,-5.12331E-06,-3.16507E-06,4.96628E-05,-3.23604E-05,0.000145985
0.0027253,0.16379,0.67,5.725,-0.055251,0.019974,1.0897,0.00063163,-4.80E-05,-0.00022928,0.00098442,-0.00071214,0.0038345,0.0196548,0.0804,0.687,9.83833E-05,-0.01049769,0.00379506,0.207043,2.28018E-05,-1.73428E-06,-8.27701E-06,3.55376E-05,-2.57083E-05,0.000138425
0.0025412,0.19372,0.67,5.725,-0.057193,0.020053,1.1006,0.00083323,-2.39E-06,-0.00040294,0.0011041,-0.00066694,0.0031451,0.0232464,0.0804,0.687,9.17373E-05,-0.01086667,0.00381007,0.209114,3.00796E-05,-8.62718E-08,-1.45461E-05,3.9858E-05,-2.40765E-05,0.000113538
0.0034613,0.22242,0.67,5.725,-0.06084,0.026948,1.102,0.0011457,5.71E-05,-0.00075275,0.0011036,-0.00064148,0.0046733,0.0266904,0.0804,0.687,0.000124953,-0.0115596,0.00512012,0.20938,4.13598E-05,2.06012E-06,-2.71743E-05,3.984E-05,-2.31574E-05,0.000168706
0.0030385,0.24993,0.67,5.725,-0.066941,0.027452,1.1072,0.0013403,0.00015513,-0.00082034,0.0010923,-0.0001784,0.0036443,0.0299916,0.0804,0.687,0.00010969,-0.01271879,0.00521588,0.210368,4.83848E-05,5.60019E-06,-2.96143E-05,3.9432E-05,-6.44024E-06,0.000131559
0.002489,0.27629,0.67,5.725,-0.074634,0.026565,1.1091,0.0013405,0.0001106,-0.0008518,0.0014179,-0.00032608,0.0022195,0.0331548,0.0804,0.687,8.98529E-05,-0.01418046,0.00504735,0.210729,4.83921E-05,3.99266E-06,-3.075E-05,5.11862E-05,-1.17715E-05,8.0124E-05
0.0032687,0.30154,0.67,5.725,-0.081886,0.021943,1.1116,0.0014406,5.53E-05,-0.00099093,0.0018925,-0.0010904,0.0032043,0.0361848,0.0804,0.687,0.000118,-0.01555834,0.00416917,0.211204,5.20057E-05,1.99615E-06,-3.57726E-05,6.83193E-05,-3.93634E-05,0.000115675
0.0032708,0.32572,0.67,5.725,-0.088575,0.016301,1.1114,0.0015538,0.00012121,-0.00077294,0.0015682,-0.0012003,0.0034197,0.0390864,0.0804,0.687,0.000118076,-0.01682925,0.00309719,0.211166,5.60922E-05,4.37568E-06,-2.79031E-05,5.6612E-05,-4.33308E-05,0.000123451
0.0025862,0.34887,0.67,5.725,-0.093799,0.019423,1.109,0.0015248,8.90E-05,-0.00025046,0.001062,-0.0005693,0.0025856,0.0418644,0.0804,0.687,9.33618E-05,-0.01782181,0.00369037,0.21071,5.50453E-05,3.21193E-06,-9.04161E-06,3.83382E-05,-2.05517E-05,9.33402E-05
0.0023244,0.37102,0.67,5.725,-0.099411,0.027284,1.112,0.0015123,0.00014445,-0.00020435,0.0011427,-0.00047165,0.0019937,0.0445224,0.0804,0.687,8.39108E-05,-0.01888809,0.00518396,0.21128,5.4594E-05,5.21465E-06,-7.37704E-06,4.12515E-05,-1.70266E-05,7.19726E-05
0.0026157,0.39221,0.67,5.725,-0.1066,0.034494,1.1112,0.0016249,0.00029431,-0.00051817,0.0012396,-0.00085419,0.0023669,0.0470652,0.0804,0.687,9.44268E-05,-0.020254,0.00655386,0.211128,5.86589E-05,1.06246E-05,-1.87059E-05,4.47496E-05,-3.08363E-05,8.54451E-05
0.003215,0.41248,0.67,5.725,-0.1123,0.03799,1.1016,0.0018605,0.000523,-0.00081083,0.0013782,-0.0011679,0.0031913,0.0494976,0.0804,0.687,0.000116062,-0.021337,0.0072181,0.209304,6.71641E-05,1.88803E-05,-2.9271E-05,4.9753E-05,-4.21612E-05,0.000115206
0.0038643,0.43187,0.67,5.725,-0.1164,0.039634,1.0978,0.0021138,0.00064266,-0.00099932,0.0015946,-0.0013971,0.0040201,0.0518244,0.0804,0.687,0.000139501,-0.022116,0.00753046,0.208582,7.63082E-05,2.32E-05,-3.60755E-05,5.75651E-05,-5.04353E-05,0.000145126
0.0040162,0.4504,0.67,5.725,-0.12182,0.038822,1.0944,0.0021796,0.00049277,-0.00054461,0.0016574,-0.0014227,0.0041954,0.054048,0.0804,0.687,0.000144985,-0.0231458,0.00737618,0.207936,7.86836E-05,1.7789E-05,-1.96604E-05,5.98321E-05,-5.13595E-05,0.000151454
0.0035458,0.46812,0.67,5.725,-0.12928,0.034992,1.097,0.001986,0.00019448,-0.0002627,0.0014905,-0.0012414,0.0036151,0.0561744,0.0804,0.687,0.000128003,-0.0245632,0.00664848,0.20843,7.16946E-05,7.02073E-06,-9.48347E-06,5.38071E-05,-4.48145E-05,0.000130505
0.0028154,0.48504,0.67,5.725,-0.13786,0.030845,1.0977,0.0016907,-7.92E-05,-0.00014975,0.0012925,-0.00090087,0.0026476,0.0582048,0.0804,0.687,0.000101636,-0.0261934,0.00586055,0.208563,6.10343E-05,-2.85742E-06,-5.40598E-06,4.66593E-05,-3.25214E-05,9.55784E-05
0.0026387,0.50122,0.67,5.725,-0.14609,0.027488,1.1029,0.0014424,-0.00021714,-0.00021977,0.0012636,-0.00073664,0.0025714,0.0601464,0.0804,0.687,9.52571E-05,-0.0277571,0.00522272,0.209551,5.20706E-05,-7.83875E-06,-7.9337E-06,4.5616E-05,-2.65927E-05,9.28275E-05
0.0026565,0.51667,0.67,5.725,-0.15319,0.02492,1.1077,0.0013157,-0.00023081,-0.00034397,0.0012795,-0.00051283,0.0027178,0.0620004,0.0804,0.687,9.58997E-05,-0.0291061,0.0047348,0.210463,4.74968E-05,-8.33224E-06,-1.24173E-05,4.619E-05,-1.85132E-05,9.81126E-05
0.0024456,0.53142,0.67,5.725,-0.15926,0.020504,1.1098,0.0013461,-0.00014766,-0.00045317,0.0012706,-0.00019238,0.0022745,0.0637704,0.0804,0.687,8.82862E-05,-0.0302594,0.00389576,0.210862,4.85942E-05,-5.33053E-06,-1.63594E-05,4.58687E-05,-6.94492E-06,8.21095E-05
0.0023576,0.54551,0.67,5.725,-0.16421,0.016315,1.1093,0.0015063,-6.98E-05,-0.00064511,0.0013867,-5.97E-05,0.0018223,0.0654612,0.0804,0.687,8.51094E-05,-0.0311999,0.00309985,0.210767,5.43774E-05,-2.51996E-06,-2.32885E-05,5.00599E-05,-2.15441E-06,6.5785E-05
0.002566,0.55896,0.67,5.725,-0.16809,0.012075,1.1079,0.0017903,9.35E-05,-0.00087743,0.0015251,-0.00014528,0.0018166,0.0670752,0.0804,0.687,9.26326E-05,-0.0319371,0.00229425,0.210501,6.46298E-05,3.37448E-06,-3.16752E-05,5.50561E-05,-5.24461E-06,6.55793E-05
0.0028988,0.5718,0.67,5.725,-0.17195,0.0089765,1.105,0.0021304,0.00033144,-0.001126,0.0016263,-0.00025474,0.0020408,0.068616,0.0804,0.687,0.000104647,-0.0326705,0.001705535,0.20995,7.69074E-05,1.1965E-05,-4.06486E-05,5.87094E-05,-9.19611E-06,7.36729E-05
0.0031303,0.58405,0.67,5.725,-0.17673,0.005091,1.1017,0.0023554,0.00050595,-0.0012422,0.0016869,-0.00033094,0.0022183,0.070086,0.0804,0.687,0.000113004,-0.0335787,0.00096729,0.209323,8.50299E-05,1.82648E-05,-4.48434E-05,6.08971E-05,-1.19469E-05,8.00806E-05
0.0031637,0.59575,0.67,5.725,-0.1825,-0.00067582,1.1031,0.0024025,0.00055018,-0.0012148,0.0016091,-0.00041243,0.0023158,0.07149,0.0804,0.687,0.00011421,-0.034675,-0.000128406,0.209589,8.67303E-05,1.98615E-05,-4.38543E-05,5.80885E-05,-1.48887E-05,8.36004E-05
0.0030915,0.6069,0.67,5.725,-0.18888,-0.0053825,1.1074,0.0023183,0.00046082,-0.0011278,0.0014322,-0.00051666,0.0024324,0.072828,0.0804,0.687,0.000111603,-0.0358872,-0.001022675,0.210406,8.36906E-05,1.66356E-05,-4.07136E-05,5.17024E-05,-1.86514E-05,8.78096E-05
0.0029938,0.61755,0.67,5.725,-0.19531,-0.0090629,1.1134,0.002171,0.00031312,-0.0010175,0.0012596,-0.00060234,0.0025569,0.074106,0.0804,0.687,0.000108076,-0.0371089,-0.001721951,0.211546,7.83731E-05,1.13036E-05,-3.67318E-05,4.54716E-05,-2.17445E-05,9.23041E-05
0.0028221,0.6277,0.67,5.725,-0.20153,-0.011672,1.1159,0.0020036,0.00014759,-0.00084336,0.0011314,-0.00061219,0.0025092,0.075324,0.0804,0.687,0.000101878,-0.0382907,-0.00221768,0.212021,7.233E-05,5.328E-06,-3.04453E-05,4.08435E-05,-2.21001E-05,9.05821E-05
0.0026448,0.63738,0.67,5.725,-0.2077,-0.013777,1.1175,0.0018322,5.34E-06,-0.00064876,0.0010555,-0.00064377,0.0024018,0.0764856,0.0804,0.687,9.54773E-05,-0.039463,-0.00261763,0.212325,6.61424E-05,1.929E-07,-2.34202E-05,3.81036E-05,-2.32401E-05,8.6705E-05
0.0024731,0.64661,0.67,5.725,-0.21388,-0.015567,1.1198,0.0016739,-8.05E-05,-0.00040845,0.0010039,-0.00069988,0.0022684,0.0775932,0.0804,0.687,8.92789E-05,-0.0406372,-0.00295773,0.212762,6.04278E-05,-2.90569E-06,-1.4745E-05,3.62408E-05,-2.52657E-05,8.18892E-05
0.0023419,0.65542,0.67,5.725,-0.21974,-0.016873,1.1228,0.0015508,-0.00012464,-0.00019038,0.00095736,-0.00074939,0.0021756,0.0786504,0.0804,0.687,8.45426E-05,-0.0417506,-0.00320587,0.213332,5.59839E-05,-4.4995E-06,-6.87272E-06,3.45607E-05,-2.7053E-05,7.85392E-05
0.0023046,0.66381,0.67,5.725,-0.22493,-0.017997,1.1244,0.0015102,-0.00015226,1.47E-05,0.00092184,-0.00077936,0.0021772,0.0796572,0.0804,0.687,8.31961E-05,-0.0427367,-0.00341943,0.213636,5.45182E-05,-5.49659E-06,5.31428E-07,3.32784E-05,-2.81349E-05,7.85969E-05
0.0023457,0.67207,0.67,5.725,-0.22941,-0.019225,1.1233,0.0015414,-0.00017129,0.00017108,0.00091965,-0.00078036,0.0022303,0.0806484,0.0804,0.687,8.46798E-05,-0.0435879,-0.00365275,0.213427,5.56445E-05,-6.18357E-06,6.17599E-06,3.31994E-05,-2.8171E-05,8.05138E-05
0.002467,0.68032,0.67,5.725,-0.23336,-0.020251,1.1205,0.0016014,-0.00018385,0.00024252,0.00097552,-0.00079051,0.0023571,0.0816384,0.0804,0.687,8.90587E-05,-0.0443384,-0.00384769,0.212895,5.78105E-05,-6.63699E-06,8.75497E-06,3.52163E-05,-2.85374E-05,8.50913E-05
0.0026065,0.68858,0.67,5.725,-0.23697,-0.020552,1.1161,0.0017037,-0.00019545,0.00027923,0.0010714,-0.0007902,0.0024378,0.0826296,0.0804,0.687,9.40947E-05,-0.0450243,-0.00390488,0.212059,6.15036E-05,-7.05575E-06,1.00802E-05,3.86775E-05,-2.85262E-05,8.80046E-05
0.0027829,0.69683,0.67,5.725,-0.24034,-0.019747,1.1104,0.0018458,-0.00020796,0.00028811,0.0011835,-0.00079932,0.0025365,0.0836196,0.0804,0.687,0.000100463,-0.0456646,-0.00375193,0.210976,6.66334E-05,-7.50736E-06,1.04008E-05,4.27244E-05,-2.88555E-05,9.15677E-05
0.0030025,0.70509,0.67,5.725,-0.24346,-0.017901,1.104,0.0019999,-0.0002125,0.00025288,0.0012909,-0.0008125,0.0027143,0.0846108,0.0804,0.687,0.00010839,-0.0462574,-0.00340119,0.20976,7.21964E-05,-7.67125E-06,9.12897E-06,4.66015E-05,-2.93313E-05,9.79862E-05
0.0032704,0.71335,0.67,5.725,-0.24633,-0.015148,1.0961,0.0021571,-0.0002215,0.00021141,0.001415,-0.00083235,0.0029687,0.085602,0.0804,0.687,0.000118061,-0.0468027,-0.00287812,0.208259,7.78713E-05,-7.99615E-06,7.6319E-06,5.10815E-05,-3.00478E-05,0.00010717
0.0036075,0.7216,0.67,5.725,-0.24882,-0.011791,1.0867,0.0022922,-0.00022701,0.00021433,0.0015758,-0.0009012,0.003347,0.086592,0.0804,0.687,0.000130231,-0.0472758,-0.00224029,0.206473,8.27484E-05,-8.19506E-06,7.73731E-06,5.68864E-05,-3.25333E-05,0.000120827
0.0039662,0.72986,0.67,5.725,-0.25091,-0.0083144,1.0766,0.0024296,-0.0002179,0.00022312,0.0017674,-0.0010121,0.0037355,0.0875832,0.0804,0.687,0.00014318,-0.0476729,-0.001579736,0.204554,8.77086E-05,-7.86619E-06,8.05463E-06,6.38031E-05,-3.65368E-05,0.000134852
0.0043043,0.73811,0.67,5.725,-0.25332,-0.0051625,1.0672,0.0026219,-0.00021366,0.00023481,0.0019525,-0.0011414,0.0040342,0.0885732,0.0804,0.687,0.000155385,-0.0481308,-0.000980875,0.202768,9.46506E-05,-7.71313E-06,8.47664E-06,7.04853E-05,-4.12045E-05,0.000145635
0.004538,0.74637,0.67,5.725,-0.25673,-0.0026554,1.0593,0.0027776,-0.00023193,0.00029845,0.0020939,-0.0012483,0.0042045,0.0895644,0.0804,0.687,0.000163822,-0.0487787,-0.000504526,0.201267,0.000100271,-8.37267E-06,1.0774E-05,7.55898E-05,-4.50636E-05,0.000151782
0.0046912,0.75463,0.67,5.725,-0.26068,-0.00088508,1.0527,0.0028757,-0.00027335,0.00039475,0.0021803,-0.0012999,0.0043263,0.0905556,0.0804,0.687,0.000169352,-0.0495292,-0.000168165,0.200013,0.000103813,-9.86794E-06,1.42505E-05,7.87088E-05,-4.69264E-05,0.000156179
0.0048165,0.76288,0.67,5.725,-0.26475,0.00036852,1.0467,0.003022,-0.00032928,0.00050338,0.0022209,-0.0012564,0.0043901,0.0915456,0.0804,0.687,0.000173876,-0.0503025,7.00188E-05,0.198873,0.000109094,-1.1887E-05,1.8172E-05,8.01745E-05,-4.5356E-05,0.000158483
0.0049139,0.77114,0.67,5.725,-0.26929,0.0012329,1.0408,0.0031749,-0.00037806,0.00064077,0.0022238,-0.0011622,0.0044291,0.0925368,0.0804,0.687,0.000177392,-0.0511651,0.000234251,0.197752,0.000114614,-1.3648E-05,2.31318E-05,8.02792E-05,-4.19554E-05,0.000159891
0.0050307,0.7794,0.67,5.725,-0.27397,0.0017494,1.0348,0.0033107,-0.00038901,0.00075115,0.0021816,-0.0010975,0.0045692,0.093528,0.0804,0.687,0.000181608,-0.0520543,0.000332386,0.196612,0.000119516,-1.40433E-05,2.71165E-05,7.87558E-05,-3.96198E-05,0.000164948
0.0052091,0.78765,0.67,5.725,-0.27811,0.0021412,1.0281,0.003509,-0.00037065,0.0007905,0.0020786,-0.0010854,0.0048305,0.094518,0.0804,0.687,0.000188049,-0.0528409,0.000406828,0.195339,0.000126675,-1.33805E-05,2.85371E-05,7.50375E-05,-3.91829E-05,0.000174381
0.0053911,0.79591,0.67,5.725,-0.28204,0.0025608,1.0206,0.0037318,-0.00035601,0.00079967,0.0019346,-0.0010804,0.0051157,0.0955092,0.0804,0.687,0.000194619,-0.0535876,0.000486552,0.193914,0.000134718,-1.2852E-05,2.88681E-05,6.98391E-05,-3.90024E-05,0.000184677
0.0055688,0.80416,0.67,5.725,-0.28588,0.0028287,1.0119,0.0039612,-0.00033105,0.00077691,0.0017817,-0.0010541,0.0053946,0.0964992,0.0804,0.687,0.000201034,-0.0543172,0.000537453,0.192261,0.000142999,-1.19509E-05,2.80465E-05,6.43194E-05,-3.8053E-05,0.000194745
0.0057155,0.81242,0.67,5.725,-0.28923,0.0026584,1.0025,0.004239,-0.00028468,0.00073942,0.001634,-0.0010033,0.0055579,0.0974904,0.0804,0.687,0.00020633,-0.0549537,0.000505096,0.190475,0.000153028,-1.02769E-05,2.66931E-05,5.89874E-05,-3.62191E-05,0.00020064
0.0058747,0.82068,0.67,5.725,-0.29249,0.0020445,0.99322,0.0045595,-0.00023318,0.0007262,0.0015103,-0.00095458,0.0056795,0.0984816,0.0804,0.687,0.000212077,-0.0555731,0.000388455,0.1887118,0.000164598,-8.4178E-06,2.62158E-05,5.45218E-05,-3.44603E-05,0.00020503
0.0060722,0.82893,0.67,5.725,-0.29607,0.0012038,0.98481,0.0049079,-0.00018087,0.00074152,0.0014117,-0.00091493,0.0058248,0.0994716,0.0804,0.687,0.000219206,-0.0562533,0.000228722,0.1871139,0.000177175,-6.52941E-06,2.67689E-05,5.09624E-05,-3.3029E-05,0.000210275
0.0063117,0.83719,0.67,5.725,-0.29973,0.0003219,0.97702,0.005235,-0.00012988,0.00080719,0.0013142,-0.00086486,0.0060741,0.1004628,0.0804,0.687,0.000227852,-0.0569487,0.000061161,0.1856338,0.000188984,-4.68867E-06,2.91396E-05,4.74426E-05,-3.12214E-05,0.000219275
0.0066804,0.84544,0.67,5.725,-0.30318,-0.00075368,0.96892,0.0056155,-8.25E-05,0.00086278,0.0012128,-0.00079201,0.0065325,0.1014528,0.0804,0.687,0.000241162,-0.0576042,-0.000143199,0.1840948,0.00020272,-2.97995E-06,3.11464E-05,4.37821E-05,-2.85916E-05,0.000235823
0.0071256,0.8537,0.67,5.725,-0.30639,-0.0024284,0.96015,0.0060568,-2.58E-05,0.00095068,0.0011319,-0.00070307,0.0070626,0.102444,0.0804,0.687,0.000257234,-0.0582141,-0.000461396,0.1824285,0.00021865,-9.32499E-07,3.43195E-05,4.08616E-05,-2.53808E-05,0.00025496
0.0075766,0.86196,0.67,5.725,-0.3098,-0.005058,0.95127,0.0064916,4.39E-05,0.0010005,0.0010819,-0.00059125,0.0075798,0.1034352,0.0804,0.687,0.000273515,-0.058862,-0.00096102,0.1807413,0.000234347,1.58342E-06,3.61181E-05,3.90566E-05,-2.13441E-05,0.000273631
0.0080988,0.87021,0.67,5.725,-0.313,-0.0085062,0.94226,0.0069993,0.00010535,0.0010037,0.0010614,-0.0004306,0.0081369,0.1044252,0.0804,0.687,0.000292367,-0.05947,-0.001616178,0.1790294,0.000252675,3.80314E-06,3.62336E-05,3.83165E-05,-1.55447E-05,0.000293742
0.0087299,0.87847,0.67,5.725,-0.31558,-0.01225,0.93249,0.0075914,0.00015128,0.0010027,0.0010576,-0.00023067,0.0088108,0.1054164,0.0804,0.687,0.000315149,-0.0599602,-0.0023275,0.1771731,0.00027405,5.46121E-06,3.61975E-05,3.81794E-05,-8.32719E-06,0.00031807
0.0093682,0.88672,0.67,5.725,-0.31798,-0.015706,0.9214,0.0081241,0.00018794,0.0010828,0.0010483,-1.79E-05,0.0095641,0.1064064,0.0804,0.687,0.000338192,-0.0604162,-0.00298414,0.175066,0.00029328,6.78463E-06,3.90891E-05,3.78436E-05,-6.45649E-07,0.000345264
0.010071,0.89498,0.67,5.725,-0.32003,-0.01829,0.90899,0.0087105,0.00022632,0.0010706,0.001016,0.00014926,0.010417,0.1073976,0.0804,0.687,0.000363563,-0.0608057,-0.0034751,0.1727081,0.000314449,8.17015E-06,3.86487E-05,3.66776E-05,5.38829E-06,0.000376054
0.010733,0.90324,0.67,5.725,-0.32181,-0.019868,0.89604,0.0093877,0.00029585,0.0011649,0.00097023,0.00026676,0.011107,0.1083888,0.0804,0.687,0.000387461,-0.0611439,-0.00377492,0.1702476,0.000338896,1.06802E-05,4.20529E-05,3.50253E-05,9.63004E-06,0.000400963
0.011261,0.91149,0.67,5.725,-0.32404,-0.020729,0.8832,0.0099751,0.00038815,0.0012691,0.00094624,0.00039514,0.0116,0.1093788,0.0804,0.687,0.000406522,-0.0615676,-0.00393851,0.167808,0.000360101,1.40122E-05,4.58145E-05,3.41593E-05,1.42646E-05,0.00041876
0.011755,0.91975,0.67,5.725,-0.3262,-0.021105,0.87048,0.010589,0.00045844,0.0012748,0.00096556,0.00054402,0.011955,0.11037,0.0804,0.687,0.000424356,-0.061978,-0.00400995,0.1653912,0.000382263,1.65497E-05,4.60203E-05,3.48567E-05,1.96391E-05,0.000431576
0.012314,0.92801,0.67,5.725,-0.32816,-0.020999,0.85769,0.011377,0.00051798,0.0011627,0.0010305,0.00064499,0.012221,0.1113612,0.0804,0.687,0.000444535,-0.0623504,-0.00398981,0.1629611,0.00041071,1.86991E-05,4.19735E-05,3.72011E-05,2.32841E-05,0.000441178
0.012981,0.93626,0.67,5.725,-0.33038,-0.020489,0.84486,0.012263,0.00059096,0.0010584,0.0011484,0.00068218,0.012551,0.1123512,0.0804,0.687,0.000468614,-0.0627722,-0.00389291,0.1605234,0.000442694,2.13337E-05,3.82082E-05,4.14572E-05,2.46267E-05,0.000453091
0.013609,0.94452,0.67,5.725,-0.33143,-0.019637,0.83183,0.012987,0.00066497,0.00099029,0.0013309,0.00068571,0.012899,0.1133424,0.0804,0.687,0.000491285,-0.0629717,-0.00373103,0.1580477,0.000468831,2.40054E-05,3.57495E-05,4.80455E-05,2.47541E-05,0.000465654
0.014356,0.95277,0.67,5.725,-0.33259,-0.018411,0.81935,0.013664,0.00072381,0.00069834,0.0015757,0.00065546,0.013472,0.1143324,0.0804,0.687,0.000518252,-0.0631921,-0.00349809,0.1556765,0.00049327,2.61295E-05,2.52101E-05,5.68828E-05,2.36621E-05,0.000486339
0.015386,0.96103,0.67,5.725,-0.33442,-0.017197,0.80746,0.014562,0.0007387,0.00051925,0.0018351,0.00060672,0.014376,0.1153236,0.0804,0.687,0.000555435,-0.0635398,-0.00326743,0.1534174,0.000525688,2.66671E-05,1.87449E-05,6.62471E-05,2.19026E-05,0.000518974
0.016511,0.96929,0.67,5.725,-0.3348,-0.016539,0.79487,0.015463,0.00073044,0.00034166,0.0020123,0.00056177,0.015547,0.1163148,0.0804,0.687,0.000596047,-0.063612,-0.00314241,0.1510253,0.000558214,2.63689E-05,1.23339E-05,7.2644E-05,2.02799E-05,0.000561247
0.017664,0.97754,0.67,5.725,-0.33564,-0.016802,0.78181,0.016264,0.00074909,0.00037211,0.0020485,0.0005234,0.017016,0.1173048,0.0804,0.687,0.00063767,-0.0637716,-0.00319238,0.1485439,0.00058713,2.70421E-05,1.34332E-05,7.39509E-05,1.88947E-05,0.000614278
0.018632,0.9858,0.67,5.725,-0.33737,-0.018,0.76858,0.016885,0.00075595,0.00029536,0.0019663,0.00046363,0.018413,0.118296,0.0804,0.687,0.000672615,-0.0641003,-0.00342,0.1460302,0.000609549,2.72898E-05,1.06625E-05,7.09834E-05,1.6737E-05,0.000664709
0.019646,0.99405,0.67,5.725,-0.33789,-0.019854,0.75478,0.017558,0.00071667,0.00017781,0.0018151,0.00038492,0.019919,0.119286,0.0804,0.687,0.000709221,-0.0641991,-0.00377226,0.1434082,0.000633844,2.58718E-05,6.41894E-06,6.55251E-05,1.38956E-05,0.000719076
0.020644,1.0023,0.67,5.725,-0.33826,-0.022166,0.74104,0.018543,0.00064343,0.00015858,0.0016449,0.00026684,0.021099,0.120276,0.0804,0.687,0.000745248,-0.0642694,-0.00421154,0.1407976,0.000669402,2.32278E-05,5.72474E-06,5.93809E-05,9.63292E-06,0.000761674
0.021657,1.0106,0.67,5.725,-0.34002,-0.024753,0.7273,0.019491,0.00057272,5.89E-05,0.0014923,0.00015206,0.022331,0.121272,0.0804,0.687,0.000781818,-0.0646038,-0.00470307,0.138187,0.000703625,2.06752E-05,2.12539E-06,5.3872E-05,5.48937E-06,0.000806149
0.02271,1.0188,0.67,5.725,-0.34203,-0.02709,0.71339,0.020366,0.00052233,7.77E-05,0.0013805,3.08E-05,0.023674,0.122256,0.0804,0.687,0.000819831,-0.0649857,-0.0051471,0.1355441,0.000735213,1.88561E-05,2.80335E-06,4.98361E-05,1.11119E-06,0.000854631
0.023804,1.0271,0.67,5.725,-0.34318,-0.028856,0.6992,0.021239,0.00049416,-0.00010824,0.0013228,-0.00013193,0.025047,0.123252,0.0804,0.687,0.000859324,-0.0652042,-0.00548264,0.132848,0.000766728,1.78392E-05,-3.90746E-06,4.77531E-05,-4.76267E-06,0.000904197
0.025049,1.0353,0.67,5.725,-0.34318,-0.030043,0.68469,0.022219,0.00053433,-0.00035221,0.0013136,-0.00028902,0.026565,0.124236,0.0804,0.687,0.000904269,-0.0652042,-0.00570817,0.1300911,0.000802106,1.92893E-05,-1.27148E-05,4.7421E-05,-1.04336E-05,0.000958997
0.026061,1.0436,0.67,5.725,-0.34307,-0.030424,0.67059,0.023236,0.00059966,-0.00066318,0.0013316,-0.00041308,0.027554,0.125232,0.0804,0.687,0.000940802,-0.0651833,-0.00578056,0.1274121,0.00083882,2.16477E-05,-2.39408E-05,4.80708E-05,-1.49122E-05,0.000994699
0.027127,1.0518,0.67,5.725,-0.34431,-0.030474,0.65665,0.024432,0.00063114,-0.000842,0.0013755,-0.0004011,0.028446,0.126216,0.0804,0.687,0.000979285,-0.0654189,-0.00579006,0.1247635,0.000881995,2.27842E-05,-3.03962E-05,4.96556E-05,-1.44797E-05,0.001026901
0.028222,1.0601,0.67,5.725,-0.34523,-0.030851,0.64253,0.026056,0.00064181,-0.00084324,0.0014629,-0.00019297,0.028925,0.127212,0.0804,0.687,0.001018814,-0.0655937,-0.00586169,0.1220807,0.000940622,2.31693E-05,-3.0441E-05,5.28107E-05,-6.96622E-06,0.001044193
0.029267,1.0684,0.67,5.725,-0.34567,-0.031213,0.62858,0.027723,0.0006524,-0.00089371,0.0015773,7.22E-05,0.029234,0.128208,0.0804,0.687,0.001056539,-0.0656773,-0.00593047,0.1194302,0.0010008,2.35516E-05,-3.22629E-05,5.69405E-05,2.60523E-06,0.001055347
0.030261,1.0766,0.67,5.725,-0.34588,-0.032134,0.615,0.02917,0.00063959,-0.00056891,0.0016686,0.00037224,0.029683,0.129192,0.0804,0.687,0.001092422,-0.0657172,-0.00610546,0.11685,0.001053037,2.30892E-05,-2.05377E-05,6.02365E-05,1.34379E-05,0.001071556
0.031181,1.0849,0.67,5.725,-0.3447,-0.033871,0.60185,0.030493,0.00064531,-0.00022992,0.001724,0.00071395,0.030144,0.130188,0.0804,0.687,0.001125634,-0.065493,-0.00643549,0.1143515,0.001100797,2.32957E-05,-8.30011E-06,6.22364E-05,2.57736E-05,0.001088198
0.032,1.0931,0.67,5.725,-0.34379,-0.035825,0.58973,0.031647,0.00066142,-0.00024509,0.0017553,0.00097082,0.030599,0.131172,0.0804,0.687,0.0011552,-0.0653201,-0.00680675,0.1120487,0.001142457,2.38773E-05,-8.84775E-06,6.33663E-05,3.50466E-05,0.001104624
0.033202,1.1014,0.67,5.725,-0.34279,-0.038488,0.57778,0.032914,0.00058901,5.82E-05,0.0017534,0.0012245,0.031737,0.132168,0.0804,0.687,0.001198592,-0.0651301,-0.00731272,0.1097782,0.001188195,2.12633E-05,2.10059E-06,6.32977E-05,4.42045E-05,0.001145706
0.034579,1.1096,0.67,5.725,-0.34093,-0.040535,0.56632,0.034514,0.0005434,0.00022949,0.0017665,0.0014799,0.032876,0.133152,0.0804,0.687,0.001248302,-0.0647767,-0.00770165,0.1076008,0.001245955,1.96167E-05,8.28459E-06,6.37707E-05,5.34244E-05,0.001186824
0.035913,1.1179,0.67,5.725,-0.33866,-0.041723,0.5541,0.035773,0.00049552,0.00049234,0.0017913,0.0017292,0.034263,0.134148,0.0804,0.687,0.001296459,-0.0643454,-0.00792737,0.105279,0.001291405,1.78883E-05,1.77735E-05,6.46659E-05,6.24241E-05,0.001236894
0.037697,1.1262,0.67,5.725,-0.33615,-0.043444,0.54169,0.037328,0.00035514,0.00061149,0.001791,0.0019991,0.036276,0.135144,0.0804,0.687,0.001360862,-0.0638685,-0.00825436,0.1029211,0.001347541,1.28206E-05,2.20748E-05,6.46551E-05,7.21675E-05,0.001309564
0.039727,1.1344,0.67,5.725,-0.33226,-0.04534,0.52977,0.039575,0.00017981,0.00052348,0.0018247,0.0022778,0.038054,0.136128,0.0804,0.687,0.001434145,-0.0631294,-0.0086146,0.1006563,0.001428658,6.49114E-06,1.88976E-05,6.58717E-05,8.22286E-05,0.001373749
0.041849,1.1427,0.67,5.725,-0.32568,-0.047251,0.51807,0.042005,0.00010358,0.00053229,0.0018788,0.0026815,0.039815,0.137124,0.0804,0.687,0.001510749,-0.0618792,-0.00897769,0.0984333,0.001516381,3.73924E-06,1.92157E-05,6.78247E-05,9.68022E-05,0.001437322
0.043976,1.1509,0.67,5.725,-0.31858,-0.048615,0.50789,0.04477,0.00019232,0.00062327,0.0019087,0.0029864,0.041273,0.138108,0.0804,0.687,0.001587534,-0.0605302,-0.00923685,0.0964991,0.001616197,6.94275E-06,2.25E-05,6.89041E-05,0.000107809,0.001489955
0.046106,1.1592,0.67,5.725,-0.31153,-0.05043,0.49809,0.047472,0.00019682,0.00073244,0.0019332,0.0032627,0.042807,0.139104,0.0804,0.687,0.001664427,-0.0591907,-0.0095817,0.0946371,0.001713739,7.1052E-06,2.64411E-05,6.97885E-05,0.000117783,0.001545333
0.04796,1.1674,0.67,5.725,-0.30423,-0.052843,0.48902,0.049564,8.81E-05,0.00089504,0.0019434,0.0035406,0.044412,0.140088,0.0804,0.687,0.001731356,-0.0578037,-0.01004017,0.0929138,0.00178926,3.18059E-06,3.23109E-05,7.01567E-05,0.000127816,0.001603273
0.049684,1.1757,0.67,5.725,-0.29703,-0.055082,0.48091,0.051173,-3.79E-05,0.0016013,0.0019685,0.0037479,0.046226,0.141084,0.0804,0.687,0.001793592,-0.0564357,-0.01046558,0.0913729,0.001847345,-1.367E-06,5.78069E-05,7.10629E-05,0.000135299,0.001668759
0.051321,1.1839,0.67,5.725,-0.29022,-0.057443,0.47551,0.052743,-0.00022417,0.0022156,0.0020158,0.0039656,0.047882,0.142068,0.0804,0.687,0.001852688,-0.0551418,-0.01091417,0.0903469,0.001904022,-8.09254E-06,7.99832E-05,7.27704E-05,0.000143158,0.00172854
0.052704,1.1922,0.67,5.725,-0.2834,-0.059534,0.4728,0.054281,-0.0004267,0.0031011,0.0020539,0.004062,0.049072,0.143064,0.0804,0.687,0.001902614,-0.053846,-0.01131146,0.089832,0.001959544,-1.54039E-05,0.00011195,7.41458E-05,0.000146638,0.001771499
0.053963,1.2005,0.67,5.725,-0.27723,-0.061059,0.47202,0.056056,-0.00059763,0.0043,0.0020915,0.0040823,0.049778,0.14406,0.0804,0.687,0.001948064,-0.0526737,-0.01160121,0.0896838,0.002023622,-2.15744E-05,0.00015523,7.55032E-05,0.000147371,0.001796986
0.055069,1.2087,0.67,5.725,-0.27299,-0.061551,0.47114,0.057872,-0.00068984,0.0055993,0.0021475,0.0040387,0.050119,0.145044,0.0804,0.687,0.001987991,-0.0518681,-0.01169469,0.0895166,0.002089179,-2.49032E-05,0.000202135,7.75248E-05,0.000145797,0.001809296
0.055801,1.217,0.67,5.725,-0.26841,-0.061279,0.46545,0.058411,-0.00070369,0.0065487,0.0022348,0.0040286,0.050956,0.14604,0.0804,0.687,0.002014416,-0.0509979,-0.01164301,0.0884355,0.002108637,-2.54032E-05,0.000236408,8.06763E-05,0.000145432,0.001839512
0.055609,1.2252,0.67,5.725,-0.26072,-0.060916,0.45468,0.056762,-0.00069795,0.0064416,0.0023499,0.0040752,0.052106,0.147024,0.0804,0.687,0.002007485,-0.0495368,-0.01157404,0.0863892,0.002049108,-2.5196E-05,0.000232542,8.48314E-05,0.000147115,0.001881027
0.054433,1.2335,0.67,5.725,-0.24972,-0.060808,0.44119,0.053789,-0.00070505,0.0051686,0.0024833,0.0040714,0.052592,0.14802,0.0804,0.687,0.001965031,-0.0474468,-0.01155352,0.0838261,0.001941783,-2.54523E-05,0.000186586,8.96471E-05,0.000146978,0.001898571
0.05304,1.2417,0.67,5.725,-0.23634,-0.061119,0.42775,0.051041,-0.00074282,0.0039624,0.0026022,0.0039778,0.052436,0.149004,0.0804,0.687,0.001914744,-0.0449046,-0.01161261,0.0812725,0.00184258,-2.68158E-05,0.000143043,9.39394E-05,0.000143599,0.00189294
0.051726,1.25,0.67,5.725,-0.22162,-0.061433,0.41523,0.048665,-0.00076878,0.0030927,0.0026956,0.0038362,0.052092,0.15,0.0804,0.687,0.001867309,-0.0421078,-0.01167227,0.0788937,0.001756807,-2.7753E-05,0.000111646,9.73112E-05,0.000138487,0.001880521
0.050456,1.2583,0.67,5.725,-0.20602,-0.061499,0.40217,0.046293,-0.00073574,0.0022596,0.00281,0.0037591,0.05181,0.150996,0.0804,0.687,0.001821462,-0.0391438,-0.01168481,0.0764123,0.001671177,-2.65602E-05,8.15716E-05,0.000101441,0.000135704,0.001870341
0.049206,1.2665,0.67,5.725,-0.18824,-0.061497,0.38826,0.043935,-0.0007043,0.0014958,0.0029272,0.003744,0.051549,0.15198,0.0804,0.687,0.001776337,-0.0357656,-0.01168443,0.0737694,0.001586054,-2.54252E-05,5.39984E-05,0.000105672,0.000135158,0.001860919
0.048189,1.2748,0.67,5.725,-0.16683,-0.061556,0.37383,0.041908,-0.00070881,0.00056587,0.0029956,0.0037572,0.051474,0.152976,0.0804,0.687,0.001739623,-0.0316977,-0.01169564,0.0710277,0.001512879,-2.5588E-05,2.04279E-05,0.000108141,0.000135635,0.001858211
0.047797,1.283,0.67,5.725,-0.14173,-0.061651,0.36139,0.040839,-0.0007358,-0.00059633,0.0029893,0.0037272,0.051764,0.15396,0.0804,0.687,0.001725472,-0.0269287,-0.01171369,0.0686641,0.001474288,-2.65624E-05,-2.15275E-05,0.000107914,0.000134552,0.00186868
0.047414,1.2913,0.67,5.725,-0.1146,-0.061566,0.35435,0.04068,-0.00077384,-0.0015453,0.0029158,0.0036156,0.051232,0.154956,0.0804,0.687,0.001711645,-0.021774,-0.01169754,0.0673265,0.001468548,-2.79356E-05,-5.57853E-05,0.00010526,0.000130523,0.001849475
0.046364,1.2995,0.67,5.725,-0.088817,-0.061349,0.35336,0.040607,-0.00083543,-0.0018018,0.002792,0.0034267,0.049329,0.15594,0.0804,0.687,0.00167374,-0.01687523,-0.01165631,0.0671384,0.001465913,-3.0159E-05,-6.5045E-05,0.000100791,0.000123704,0.001780777
0.044627,1.3078,0.67,5.725,-0.067584,-0.060991,0.35626,0.039889,-0.0009151,-0.0015021,0.0026165,0.0031332,0.046749,0.156936,0.0804,0.687,0.001611035,-0.01284096,-0.01158829,0.0676894,0.001439993,-3.30351E-05,-5.42258E-05,9.44557E-05,0.000113109,0.001687639
0.042084,1.316,0.67,5.725,-0.050716,-0.060482,0.35919,0.037922,-0.00094662,-0.0010058,0.0024242,0.0028325,0.043822,0.15792,0.0804,0.687,0.001519232,-0.00963604,-0.01149158,0.0682461,0.001368984,-3.4173E-05,-3.63094E-05,8.75136E-05,0.000102253,0.001581974
0.039306,1.3243,0.67,5.725,-0.036558,-0.05967,0.35765,0.034831,-0.00093487,-0.00074554,0.0022577,0.0025411,0.041525,0.158916,0.0804,0.687,0.001418947,-0.00694602,-0.0113373,0.0679535,0.001257399,-3.37488E-05,-2.6914E-05,8.1503E-05,9.17337E-05,0.001499053
0.036946,1.3326,0.67,5.725,-0.023245,-0.058481,0.35197,0.032093,-0.00090986,-0.00088083,0.0021139,0.0024112,0.039685,0.159912,0.0804,0.687,0.001333751,-0.00441655,-0.01111139,0.0668743,0.001158557,-3.28459E-05,-3.1798E-05,7.63118E-05,8.70443E-05,0.001432629
0.03544,1.3408,0.67,5.725,-0.0082262,-0.057758,0.34598,0.030968,-0.00093447,-0.0012868,0.0019737,0.0023284,0.037939,0.160896,0.0804,0.687,0.001279384,-0.001562978,-0.01097402,0.0657362,0.001117945,-3.37344E-05,-4.64535E-05,7.12506E-05,8.40552E-05,0.001369598
0.033417,1.3491,0.67,5.725,0.011647,-0.057259,0.34165,0.029999,-0.0010059,-0.001525,0.0018138,0.0020557,0.03502,0.161892,0.0804,0.687,0.001206354,0.00221293,-0.01087921,0.0649135,0.001082964,-3.6313E-05,-5.50525E-05,6.54782E-05,7.42108E-05,0.001264222
0.031395,1.3573,0.67,5.725,0.033958,-0.056649,0.34022,0.028703,-0.00098943,-0.0019342,0.0016717,0.001865,0.032416,0.162876,0.0804,0.687,0.00113336,0.00645202,-0.01076331,0.0646418,0.001036178,-3.57184E-05,-6.98246E-05,6.03484E-05,6.73265E-05,0.001170218
0.030183,1.3656,0.67,5.725,0.054991,-0.056259,0.34369,0.028356,-0.0010546,-0.001772,0.0015609,0.001627,0.030449,0.163872,0.0804,0.687,0.001089606,0.01044829,-0.01068921,0.0653011,0.001023652,-3.80711E-05,-6.39692E-05,5.63485E-05,5.87347E-05,0.001099209
0.028075,1.3738,0.67,5.725,0.074866,-0.05537,0.35127,0.027291,-0.0011121,-0.0017084,0.0014243,0.0014172,0.027434,0.164856,0.0804,0.687,0.001013508,0.01422454,-0.0105203,0.0667413,0.000985205,-4.01468E-05,-6.16732E-05,5.14172E-05,5.11609E-05,0.000990367
0.02603,1.3821,0.67,5.725,0.091743,-0.054322,0.35936,0.024945,-0.0010913,-0.0014914,0.001298,0.0013141,0.025817,0.165852,0.0804,0.687,0.000939683,0.01743117,-0.01032118,0.0682784,0.000900515,-3.93959E-05,-5.38395E-05,4.68578E-05,4.7439E-05,0.000931994
0.024021,1.3903,0.67,5.725,0.10508,-0.053837,0.36805,0.022601,-0.0010885,-0.00097964,0.0012128,0.0012061,0.024228,0.166836,0.0804,0.687,0.000867158,0.0199652,-0.01022903,0.0699295,0.000815896,-3.92949E-05,-3.5365E-05,4.37821E-05,4.35402E-05,0.000874631
0.022405,1.3986,0.67,5.725,0.11861,-0.052929,0.37557,0.020631,-0.00099603,-0.0012331,0.0011452,0.0011474,0.023033,0.167832,0.0804,0.687,0.000808821,0.0225359,-0.01005651,0.0713583,0.000744779,-3.59567E-05,-4.45149E-05,4.13417E-05,4.14211E-05,0.000831491
0.020708,1.4069,0.67,5.725,0.13388,-0.052636,0.38542,0.019089,-0.00096067,-0.0016975,0.0011293,0.0010904,0.021197,0.168828,0.0804,0.687,0.000747559,0.0254372,-0.01000084,0.0732298,0.000689113,-3.46802E-05,-6.12798E-05,4.07677E-05,3.93634E-05,0.000765212
0.019247,1.4151,0.67,5.725,0.14558,-0.052268,0.39434,0.017586,-0.00092543,-0.0020248,0.0011597,0.0011195,0.019748,0.169812,0.0804,0.687,0.000694817,0.0276602,-0.00993092,0.0749246,0.000634855,-3.3408E-05,-7.30953E-05,4.18652E-05,4.0414E-05,0.000712903
0.018322,1.4234,0.67,5.725,0.1574,-0.050687,0.40374,0.016585,-0.0010296,-0.0014371,0.0011934,0.0010373,0.018866,0.170808,0.0804,0.687,0.000661424,0.029906,-0.00963053,0.0767106,0.000598719,-3.71686E-05,-5.18793E-05,4.30817E-05,3.74465E-05,0.000681063
0.016945,1.4316,0.67,5.725,0.17277,-0.050426,0.41682,0.015697,-0.0010354,-0.0017049,0.0012848,0.00097581,0.016908,0.171792,0.0804,0.687,0.000611715,0.0328263,-0.00958094,0.0791958,0.000566662,-3.73779E-05,-6.15469E-05,4.63813E-05,3.52267E-05,0.000610379
0.016174,1.4399,0.67,5.725,0.18645,-0.049934,0.42854,0.015311,-0.00089104,-0.0026095,0.0013927,0.00094986,0.015644,0.172788,0.0804,0.687,0.000583881,0.0354255,-0.00948746,0.0814226,0.000552727,-3.21665E-05,-9.4203E-05,5.02765E-05,3.42899E-05,0.000564748
0.014896,1.4481,0.67,5.725,0.19927,-0.047953,0.44246,0.014341,-0.00097803,-0.0025723,0.001509,0.00085805,0.013942,0.173772,0.0804,0.687,0.000537746,0.0378613,-0.00911107,0.0840674,0.00051771,-3.53069E-05,-9.286E-05,5.44749E-05,3.09756E-05,0.000503306
0.013926,1.4564,0.67,5.725,0.21204,-0.046986,0.45687,0.012985,-0.00099492,-0.0027135,0.0016439,0.00084684,0.013224,0.174768,0.0804,0.687,0.000502729,0.0402876,-0.00892734,0.0868053,0.000468759,-3.59166E-05,-9.79574E-05,5.93448E-05,3.05709E-05,0.000477386
0.013398,1.4647,0.67,5.725,0.22326,-0.046375,0.47198,0.012651,-0.0009052,-0.0028971,0.0017727,0.00087345,0.012373,0.175764,0.0804,0.687,0.000483668,0.0424194,-0.00881125,0.0896762,0.000456701,-3.26777E-05,-0.000104585,6.39945E-05,3.15315E-05,0.000446665
0.012139,1.4729,0.67,5.725,0.2345,-0.045451,0.48803,0.011369,-0.00080465,-0.0021963,0.0018974,0.00088933,0.011012,0.176748,0.0804,0.687,0.000438218,0.044555,-0.00863569,0.0927257,0.000410421,-2.90479E-05,-7.92864E-05,6.84961E-05,3.21048E-05,0.000397533
0.011646,1.4812,0.67,5.725,0.24475,-0.044637,0.50466,0.010497,-0.00072602,-0.002224,0.0019778,0.00088975,0.010817,0.177744,0.0804,0.687,0.000420421,0.0465025,-0.00848103,0.0958854,0.000378942,-2.62093E-05,-8.02864E-05,7.13986E-05,3.212E-05,0.000390494
0.011048,1.4894,0.67,5.725,0.25318,-0.043866,0.52258,0.010259,-0.00068361,-0.002209,0.0020489,0.00091526,0.0097874,0.178728,0.0804,0.687,0.000398833,0.0481042,-0.00833454,0.0992902,0.00037035,-2.46783E-05,-7.97449E-05,7.39653E-05,3.30409E-05,0.000353325
0.010398,1.4977,0.67,5.725,0.26166,-0.043813,0.5406,0.0096201,-0.00064222,-0.0020317,0.0020812,0.00092275,0.0090939,0.179724,0.0804,0.687,0.000375368,0.0497154,-0.00832447,0.102714,0.000347286,-2.31841E-05,-7.33444E-05,7.51313E-05,3.33113E-05,0.00032829
0.0098565,1.5059,0.67,5.725,0.26856,-0.044019,0.55926,0.0092276,-0.00058799,-0.0020763,0.0020371,0.00080777,0.0084483,0.180708,0.0804,0.687,0.00035582,0.0510264,-0.00836361,0.1062594,0.000333116,-2.12264E-05,-7.49544E-05,7.35393E-05,2.91605E-05,0.000304984
0.0090391,1.5142,0.67,5.725,0.27537,-0.043997,0.5777,0.0084968,-0.00051117,-0.001888,0.001961,0.00061716,0.0076205,0.181704,0.0804,0.687,0.000326312,0.0523203,-0.00835943,0.109763,0.000306734,-1.84532E-05,-6.81568E-05,7.07921E-05,2.22795E-05,0.0002751
0.0084058,1.5224,0.67,5.725,0.28302,-0.043741,0.59628,0.0077851,-0.00044277,-0.0019584,0.0018759,0.00040827,0.0071505,0.182688,0.0804,0.687,0.000303449,0.0537738,-0.00831079,0.1132932,0.000281042,-1.5984E-05,-7.06982E-05,6.772E-05,1.47385E-05,0.000258133
0.0077984,1.5307,0.67,5.725,0.28864,-0.043168,0.61432,0.0073075,-0.00039659,-0.0017622,0.0018101,0.00019957,0.0064791,0.183684,0.0804,0.687,0.000281522,0.0548416,-0.00820192,0.1167208,0.000263801,-1.43169E-05,-6.36154E-05,6.53446E-05,7.20448E-06,0.000233896
0.0073392,1.539,0.67,5.725,0.29236,-0.042619,0.63156,0.0068366,-0.00037456,-0.0016546,0.0017731,4.71E-05,0.0060687,0.18468,0.0804,0.687,0.000264945,0.0555484,-0.00809761,0.1199964,0.000246801,-1.35216E-05,-5.97311E-05,6.40089E-05,1.70193E-06,0.00021908
0.0068782,1.5472,0.67,5.725,0.29613,-0.042535,0.64843,0.0064442,-0.00035802,-0.0016344,0.0017462,-5.08E-05,0.0055659,0.185664,0.0804,0.687,0.000248303,0.0562647,-0.00808165,0.1232017,0.000232636,-1.29245E-05,-5.90018E-05,6.30378E-05,-1.83496E-06,0.000200929
0.0064723,1.5555,0.67,5.725,0.3006,-0.042764,0.66461,0.0060212,-0.00037105,-0.0016211,0.0017167,-0.00012786,0.0052066,0.18666,0.0804,0.687,0.00023365,0.057114,-0.00812516,0.1262759,0.000217365,-1.33949E-05,-5.85217E-05,6.19729E-05,-4.61575E-06,0.000187958
0.0061155,1.5637,0.67,5.725,0.30346,-0.043189,0.68027,0.0056752,-0.00039986,-0.001557,0.0016854,-0.00025437,0.0048704,0.187644,0.0804,0.687,0.00022077,0.0576574,-0.00820591,0.1292513,0.000204875,-1.44349E-05,-5.62077E-05,6.08429E-05,-9.18276E-06,0.000175821
0.0058127,1.572,0.67,5.725,0.30474,-0.043252,0.69546,0.0053555,-0.0004166,-0.0014647,0.0016604,-0.00043533,0.0046096,0.18864,0.0804,0.687,0.000209838,0.0579006,-0.00821788,0.1321374,0.000193334,-1.50393E-05,-5.28757E-05,5.99404E-05,-1.57154E-05,0.000166407
0.0055369,1.5802,0.67,5.725,0.3073,-0.042363,0.71143,0.0050707,-0.00042937,-0.0013506,0.0016415,-0.00061653,0.0043617,0.189624,0.0804,0.687,0.000199882,0.058387,-0.00804897,0.1351717,0.000183052,-1.55003E-05,-4.87567E-05,5.92582E-05,-2.22567E-05,0.000157457
0.0052962,1.5885,0.67,5.725,0.31043,-0.04048,0.72789,0.0048171,-0.0004577,-0.0012049,0.0016283,-0.00074869,0.004147,0.19062,0.0804,0.687,0.000191193,0.0589817,-0.0076912,0.1382991,0.000173897,-1.6523E-05,-4.34969E-05,5.87816E-05,-2.70277E-05,0.000149707
0.0050661,1.5968,0.67,5.725,0.31227,-0.038053,0.74398,0.0045752,-0.00047538,-0.00098705,0.0016248,-0.00082982,0.0039322,0.191616,0.0804,0.687,0.000182886,0.0593313,-0.00723007,0.1413562,0.000165165,-1.71612E-05,-3.56325E-05,5.86553E-05,-2.99565E-05,0.000141952
0.0048439,1.605,0.67,5.725,0.31373,-0.035774,0.75967,0.0043522,-0.00047597,-0.00077213,0.0016307,-0.00086705,0.0037051,0.1926,0.0804,0.687,0.000174865,0.0596087,-0.00679706,0.1443373,0.000157114,-1.71825E-05,-2.78739E-05,5.88683E-05,-3.13005E-05,0.000133754
0.0046254,1.6133,0.67,5.725,0.31538,-0.033932,0.77482,0.0042116,-0.0004736,-0.00054165,0.0016184,-0.00087363,0.0034208,0.193596,0.0804,0.687,0.000166977,0.0599222,-0.00644708,0.1472158,0.000152039,-1.7097E-05,-1.95536E-05,5.84242E-05,-3.1538E-05,0.000123491
0.0044141,1.6215,0.67,5.725,0.31635,-0.032455,0.78891,0.0041196,-0.00046414,-0.00035965,0.0015717,-0.00086341,0.003137,0.19458,0.0804,0.687,0.000159349,0.0601065,-0.00616645,0.1498929,0.000148718,-1.67555E-05,-1.29834E-05,5.67384E-05,-3.11691E-05,0.000113246
0.0041619,1.6298,0.67,5.725,0.31626,-0.031308,0.80154,0.0039639,-0.00045957,-0.00019059,0.0014933,-0.00084154,0.0028665,0.195576,0.0804,0.687,0.000150245,0.0600894,-0.00594852,0.1522926,0.000143097,-1.65905E-05,-6.8803E-06,5.39081E-05,-3.03796E-05,0.000103481
0.0038948,1.638,0.67,5.725,0.31496,-0.030489,0.81274,0.0037294,-0.00047382,-4.57E-05,0.0013892,-0.00080847,0.0026711,0.19656,0.0804,0.687,0.000140602,0.0598424,-0.00579291,0.1544206,0.000134631,-1.71049E-05,-1.64948E-06,5.01501E-05,-2.91858E-05,9.64267E-05
0.0036577,1.6463,0.67,5.725,0.31286,-0.029766,0.82241,0.0035095,-0.00049859,6.86E-05,0.0012944,-0.00075997,0.0025116,0.197556,0.0804,0.687,0.000132043,0.0594434,-0.00565554,0.1562579,0.000126693,-1.79991E-05,2.47794E-06,4.67278E-05,-2.74349E-05,9.06688E-05
0.0034867,1.6545,0.67,5.725,0.31064,-0.028753,0.83069,0.003401,-0.00051679,0.00010191,0.0012434,-0.00069706,0.0023289,0.19854,0.0804,0.687,0.00012587,0.0590216,-0.00546307,0.1578311,0.000122776,-1.86561E-05,3.67895E-06,4.48867E-05,-2.51639E-05,8.40733E-05
0.0033436,1.6628,0.67,5.725,0.30794,-0.027465,0.83818,0.003311,-0.00053157,0.00010819,0.0012189,-0.00061445,0.0021574,0.199536,0.0804,0.687,0.000120704,0.0585086,-0.00521835,0.1592542,0.000119527,-1.91897E-05,3.90566E-06,4.40023E-05,-2.21816E-05,7.78821E-05
0.0031506,1.6711,0.67,5.725,0.30441,-0.026135,0.84496,0.0031095,-0.00054032,9.53E-05,0.0012108,-0.000504,0.0019809,0.200532,0.0804,0.687,0.000113737,0.0578379,-0.00496565,0.1605424,0.000112253,-1.95056E-05,3.43928E-06,4.37099E-05,-1.81944E-05,7.15105E-05
0.002958,1.6793,0.67,5.725,0.30036,-0.024594,0.8512,0.0029077,-0.00052132,5.72E-05,0.0012424,-0.00037006,0.0017659,0.201516,0.0804,0.687,0.000106784,0.0570684,-0.00467286,0.161728,0.000104968,-1.88197E-05,2.06553E-06,4.48506E-05,-1.33592E-05,6.3749E-05
0.0027925,1.6876,0.67,5.725,0.29604,-0.022662,0.8574,0.0027895,-0.00047198,-4.98E-06,0.001293,-0.00023167,0.0015026,0.202512,0.0804,0.687,0.000100809,0.0562476,-0.00430578,0.162906,0.000100701,-1.70385E-05,-1.79616E-07,4.66773E-05,-8.36329E-06,5.42439E-05
0.0026418,1.6958,0.67,5.725,0.29141,-0.020249,0.86352,0.0026868,-0.00040622,-0.00010527,0.0013146,-0.00012062,0.0012822,0.203496,0.0804,0.687,9.5369E-05,0.0553679,-0.00384731,0.1640688,9.69935E-05,-1.46645E-05,-3.80025E-06,4.74571E-05,-4.35438E-06,4.62874E-05
0.0025102,1.7041,0.67,5.725,0.28672,-0.017307,0.87037,0.0025865,-0.00035019,-0.00017998,0.0012758,-6.28E-05,0.0011581,0.204492,0.0804,0.687,9.06182E-05,0.0544768,-0.00328833,0.1653703,9.33727E-05,-1.26419E-05,-6.49728E-06,4.60564E-05,-2.26845E-06,4.18074E-05
0.0024099,1.7123,0.67,5.725,0.28227,-0.014423,0.87876,0.0025184,-0.0003286,-0.00019659,0.0011915,-6.07E-05,0.0011099,0.205476,0.0804,0.687,8.69974E-05,0.0536313,-0.00274037,0.1669644,9.09142E-05,-1.18625E-05,-7.0969E-06,4.30132E-05,-2.19102E-06,4.00674E-05
0.0023475,1.7206,0.67,5.725,0.27773,-0.012345,0.88766,0.0024941,-0.00033329,-0.00017183,0.0011084,-9.50E-05,0.0010926,0.206472,0.0804,0.687,8.47448E-05,0.0527687,-0.00234555,0.1686554,9.0037E-05,-1.20318E-05,-6.20306E-06,4.00132E-05,-3.42961E-06,3.94429E-05
0.0023155,1.7289,0.67,5.725,0.27292,-0.010934,0.89581,0.0024953,-0.00035654,-0.0001591,0.001048,-0.00012344,0.0010877,0.207468,0.0804,0.687,8.35896E-05,0.0518548,-0.00207746,0.1702039,9.00803E-05,-1.28711E-05,-5.74351E-06,3.78328E-05,-4.45618E-06,3.9266E-05
0.0023099,1.7371,0.67,5.725,0.26832,-0.0096886,0.90359,0.0024669,-0.00039493,-0.00016767,0.001029,-0.00010936,0.0011238,0.208452,0.0804,0.687,8.33874E-05,0.0509808,-0.001840834,0.1716821,8.90551E-05,-1.4257E-05,-6.05289E-06,3.71469E-05,-3.9479E-06,4.05692E-05
0.002335,1.7454,0.67,5.725,0.26399,-0.0084212,0.9109,0.0024073,-0.00043779,-0.00013754,0.0010555,-7.96E-05,0.0012071,0.209448,0.0804,0.687,8.42935E-05,0.0501581,-0.001600028,0.173071,8.69035E-05,-1.58042E-05,-4.96519E-06,3.81036E-05,-2.87529E-06,4.35763E-05
0.00242,1.7536,0.67,5.725,0.25951,-0.0070635,0.91693,0.0023823,-0.00049036,-1.89E-05,0.0011019,-8.05E-05,0.0013559,0.210432,0.0804,0.687,0.000087362,0.0493069,-0.001342065,0.1742167,8.6001E-05,-1.7702E-05,-6.82182E-07,3.97786E-05,-2.90515E-06,4.8948E-05
0.0025715,1.7619,0.67,5.725,0.25493,-0.0057467,0.92132,0.0024475,-0.00054349,0.00016098,0.0011478,-0.00010589,0.0015477,0.211428,0.0804,0.687,9.28312E-05,0.0484367,-0.001091873,0.1750508,8.83548E-05,-1.962E-05,5.81138E-06,4.14356E-05,-3.82263E-06,5.5872E-05
0.0027092,1.7701,0.67,5.725,0.25077,-0.0046738,0.92566,0.0025661,-0.00058382,0.00032317,0.0012015,-9.54E-05,0.0016508,0.212412,0.0804,0.687,9.78021E-05,0.0476463,-0.000888022,0.1758754,9.26362E-05,-2.10759E-05,1.16664E-05,4.33742E-05,-3.44311E-06,5.95939E-05
0.0027276,1.7784,0.67,5.725,0.24727,-0.0039213,0.93141,0.0026418,-0.00062336,0.00040354,0.0012711,-4.40E-05,0.0015423,0.213408,0.0804,0.687,9.84664E-05,0.0469813,-0.000745047,0.1769679,9.5369E-05,-2.25033E-05,1.45678E-05,4.58867E-05,-1.58959E-06,5.5677E-05
0.0026823,1.7866,0.67,5.725,0.24426,-0.0030079,0.93829,0.0026828,-0.00067122,0.00042465,0.0013585,4.36E-06,0.0013233,0.214392,0.0804,0.687,9.6831E-05,0.0464094,-0.000571501,0.1782751,9.68491E-05,-2.4231E-05,1.53299E-05,4.90419E-05,1.5754E-07,4.77711E-05
0.0026728,1.7949,0.67,5.725,0.2414,-0.0011467,0.94506,0.0027258,-0.00072515,0.00042007,0.0014482,3.45E-05,0.0011717,0.215388,0.0804,0.687,9.64881E-05,0.045866,-0.000217873,0.1795614,9.84014E-05,-2.61779E-05,1.51645E-05,5.228E-05,1.24603E-06,4.22984E-05
0.0026732,1.8032,0.67,5.725,0.23836,0.0016166,0.95124,0.002744,-0.00076613,0.00038645,0.0015248,5.88E-05,0.0010777,0.216384,0.0804,0.687,9.65025E-05,0.0452884,0.000307154,0.1807356,9.90584E-05,-2.76573E-05,1.39508E-05,5.50453E-05,2.12217E-06,3.8905E-05
0.0026425,1.8114,0.67,5.725,0.23501,0.004264,0.95705,0.0027166,-0.00078611,0.00031659,0.0015944,8.05E-05,0.00097395,0.217368,0.0804,0.687,9.53943E-05,0.0446519,0.00081016,0.1818395,9.80693E-05,-2.83786E-05,1.14289E-05,5.75578E-05,2.90605E-06,3.51596E-05
0.002586,1.8197,0.67,5.725,0.23144,0.0058403,0.9625,0.002663,-0.00078882,0.00023815,0.0016404,8.03E-05,0.00086857,0.218364,0.0804,0.687,9.33546E-05,0.0439736,0.001109657,0.182875,9.61343E-05,-2.84764E-05,8.59722E-06,5.92184E-05,2.89767E-06,3.13554E-05
0.0025066,1.8279,0.67,5.725,0.22785,0.0059137,0.96744,0.0026074,-0.00077859,0.000148,0.001641,5.72E-05,0.00076482,0.219348,0.0804,0.687,9.04883E-05,0.0432915,0.001123603,0.1838136,9.41271E-05,-2.81071E-05,5.3428E-06,5.92401E-05,2.0655E-06,2.761E-05
0.0024515,1.8362,0.67,5.725,0.22438,0.0047128,0.97246,0.0025543,-0.0007654,7.78E-05,0.0016108,1.52E-05,0.00073787,0.220344,0.0804,0.687,8.84992E-05,0.0426322,0.000895432,0.1847674,9.22102E-05,-2.76309E-05,2.80999E-06,5.81499E-05,5.48684E-07,2.66371E-05
0.0024351,1.8446,0.67,5.725,0.22095,0.0029289,0.97794,0.0025055,-0.00074893,4.69E-05,0.0015692,-3.11E-05,0.00079549,0.221352,0.0804,0.687,8.79071E-05,0.0419805,0.000556491,0.1858086,9.04486E-05,-2.70364E-05,1.6941E-06,5.66481E-05,-1.12322E-06,2.87172E-05
0.002443,1.8534,0.67,5.725,0.21735,0.0014119,0.98365,0.002449,-0.00073187,5.72E-05,0.0015521,-6.80E-05,0.00088492,0.222408,0.0804,0.687,8.81923E-05,0.0412965,0.000268261,0.1868935,8.84089E-05,-2.64205E-05,2.06467E-06,5.60308E-05,-2.4539E-06,3.19456E-05
0.002451,1.8626,0.67,5.725,0.21341,0.00096614,0.98969,0.0023746,-0.00072556,0.00014488,0.0015505,-0.00014267,0.00097696,0.223512,0.0804,0.687,8.84811E-05,0.0405479,0.000183567,0.1880411,8.57231E-05,-2.61927E-05,5.23017E-06,5.59731E-05,-5.15039E-06,3.52683E-05
0.0024322,1.8723,0.67,5.725,0.2091,0.002013,0.99555,0.0022605,-0.00071251,0.00029189,0.001539,-0.00025568,0.0010648,0.224676,0.0804,0.687,8.78024E-05,0.039729,0.00038247,0.1891545,8.16041E-05,-2.57216E-05,1.05372E-05,5.55579E-05,-9.23005E-06,3.84393E-05
0.0024456,1.8824,0.67,5.725,0.20448,0.0035213,1.0009,0.0021155,-0.00067292,0.0004387,0.00154,-0.00039608,0.0012357,0.225888,0.0804,0.687,8.82862E-05,0.0388512,0.000669047,0.190171,7.63696E-05,-2.42924E-05,1.58371E-05,0.000055594,-1.42985E-05,4.46088E-05
0.0024961,1.8931,0.67,5.725,0.19977,0.0053706,1.0056,0.0019822,-0.00060979,0.00059242,0.0015398,-0.00053769,0.0014701,0.227172,0.0804,0.687,9.01092E-05,0.0379563,0.001020414,0.191064,7.15574E-05,-2.20134E-05,2.13864E-05,5.55868E-05,-1.94106E-05,5.30706E-05
0.0025216,1.9042,0.67,5.725,0.19495,0.0070853,1.0101,0.0018588,-0.00054916,0.00062572,0.001517,-0.00070277,0.0016674,0.228504,0.0804,0.687,9.10298E-05,0.0370405,0.001346207,0.191919,6.71027E-05,-1.98247E-05,2.25885E-05,5.47637E-05,-2.537E-05,6.01931E-05
0.0025173,1.9159,0.67,5.725,0.1899,0.0076467,1.0134,0.001755,-0.00055461,0.00053616,0.0015124,-0.00075086,0.0017672,0.229908,0.0804,0.687,9.08745E-05,0.036081,0.001452873,0.192546,6.33555E-05,-2.00214E-05,1.93554E-05,5.45976E-05,-2.7106E-05,6.37959E-05
0.0025631,1.9282,0.67,5.725,0.18463,0.0074638,1.0183,0.0017123,-0.00061177,0.00036262,0.0015853,-0.00073842,0.0018286,0.231384,0.0804,0.687,9.25279E-05,0.0350797,0.001418122,0.193477,6.1814E-05,-2.20849E-05,1.30906E-05,5.72293E-05,-2.6657E-05,6.60125E-05
0.0026391,1.941,0.67,5.725,0.17901,0.0085038,1.0232,0.001751,-0.00065927,0.00024703,0.0016407,-0.00075471,0.0018863,0.23292,0.0804,0.687,9.52715E-05,0.0340119,0.001615722,0.194408,6.32111E-05,-2.37996E-05,8.91778E-06,5.92293E-05,-2.7245E-05,6.80954E-05
0.0028003,1.9545,0.67,5.725,0.17307,0.0087464,1.0261,0.0018261,-0.00067095,0.00031372,0.0015925,-0.00076632,0.0021819,0.23454,0.0804,0.687,0.000101091,0.0328833,0.001661816,0.194959,6.59222E-05,-2.42213E-05,1.13253E-05,5.74893E-05,-2.76642E-05,7.87666E-05
0.0028884,1.9686,0.67,5.725,0.16708,0.0083636,1.0257,0.0018598,-0.00059522,0.00021514,0.0015439,-0.00078854,0.0023732,0.236232,0.0804,0.687,0.000104271,0.0317452,0.001589084,0.194883,6.71388E-05,-2.14874E-05,7.76655E-06,5.57348E-05,-2.84663E-05,8.56725E-05
0.002838,1.9833,0.67,5.725,0.16105,0.0079319,1.0296,0.0018417,-0.00038031,0.00013324,0.0013419,-0.00074493,0.0024924,0.237996,0.0804,0.687,0.000102452,0.0305995,0.001507061,0.195624,6.64854E-05,-1.37292E-05,4.80996E-06,4.84426E-05,-2.6892E-05,8.99756E-05
0.00263,1.9988,0.67,5.725,0.15458,0.010558,1.0325,0.0017942,-0.00015157,2.10E-05,0.0012429,-0.00065422,0.0022229,0.239856,0.0804,0.687,0.000094943,0.0293702,0.00200602,0.196175,6.47706E-05,-5.47168E-06,7.5792E-07,4.48687E-05,-2.36173E-05,8.02467E-05
0.0025445,2.0149,0.67,5.725,0.14831,0.012191,1.0331,0.0017147,2.60E-07,-1.14E-05,0.0012868,-0.00063233,0.0020875,0.241788,0.0804,0.687,9.18565E-05,0.0281789,0.00231629,0.196289,6.19007E-05,9.4008E-09,-4.10349E-07,4.64535E-05,-2.28271E-05,7.53588E-05
0.0026569,2.0319,0.67,5.725,0.14265,0.013491,1.0312,0.0015976,5.97E-05,-8.01E-05,0.0014195,-0.00052052,0.0022966,0.243828,0.0804,0.687,9.59141E-05,0.0271035,0.00256329,0.195928,5.76734E-05,2.15647E-06,-2.89096E-06,5.1244E-05,-1.87908E-05,8.29073E-05
0.0024646,2.0496,0.67,5.725,0.13684,0.010468,1.0255,0.0014482,5.68E-05,-0.00016646,0.0012384,-0.00029002,0.0022426,0.245952,0.0804,0.687,8.89721E-05,0.0259996,0.00198892,0.194845,5.228E-05,2.05131E-06,-6.00921E-06,4.47062E-05,-1.04697E-05,8.09579E-05
0.0027708,2.0681,0.67,5.725,0.13046,0.0061114,1.0241,0.0013996,8.02E-05,0.00020633,0.0009076,5.64E-05,0.0032344,0.248172,0.0804,0.687,0.000100026,0.0247874,0.001161166,0.194579,5.05256E-05,2.89443E-06,7.44851E-06,3.27644E-05,2.03561E-06,0.000116762
0.0034635,2.0875,0.67,5.725,0.12331,0.0053318,1.0159,0.0015366,2.28E-05,0.00065906,0.00084308,0.0001021,0.0045472,0.2505,0.0804,0.687,0.000125032,0.0234289,0.001013042,0.193021,5.54713E-05,8.24163E-07,2.37921E-05,3.04352E-05,3.68581E-06,0.000164154
0.0041623,2.1078,0.67,5.725,0.11588,0.0039479,1.0091,0.001782,-0.00015408,0.0013296,0.00070262,-0.00015365,0.0058399,0.252936,0.0804,0.687,0.000150259,0.0220172,0.000750101,0.191729,6.43302E-05,-5.56229E-06,4.79986E-05,2.53646E-05,-5.54677E-06,0.00021082
0.0049165,2.129,0.67,5.725,0.10869,0.0096709,1.007,0.0020617,-0.00029477,0.0021011,0.00070932,-0.00029963,0.007062,0.25548,0.0804,0.687,0.000177486,0.0206511,0.001837471,0.19133,7.44274E-05,-1.06412E-05,7.58497E-05,2.56065E-05,-1.08166E-05,0.000254938
0.0048958,2.1511,0.67,5.725,0.10312,0.015439,1.0002,0.0022129,-0.0001779,0.0022345,0.0008682,-8.04E-05,0.0067105,0.258132,0.0804,0.687,0.000176738,0.0195928,0.00293341,0.190038,7.98857E-05,-6.42219E-06,8.06655E-05,3.1342E-05,-2.90381E-06,0.000242249
0.0040341,2.1743,0.67,5.725,0.099451,0.019328,0.99977,0.0021518,5.41E-05,0.0017592,0.0010011,0.00015405,0.0049153,0.260916,0.0804,0.687,0.000145631,0.01889569,0.00367232,0.1899563,7.768E-05,1.95319E-06,6.35071E-05,3.61397E-05,5.56121E-06,0.000177442
0.0036032,2.1984,0.67,5.725,0.093888,0.02141,1.0052,0.0019673,0.00010606,0.0016284,0.00097596,-1.21E-05,0.0042631,0.263808,0.0804,0.687,0.000130076,0.01783872,0.0040679,0.190988,7.10195E-05,3.82877E-06,5.87852E-05,3.52322E-05,-4.3598E-07,0.000153898
0.0039023,2.2237,0.67,5.725,0.085402,0.024977,0.98929,0.0017919,0.00033449,0.0016765,0.0015409,0.00053337,0.0044718,0.266844,0.0804,0.687,0.000140873,0.01622638,0.00474563,0.1879651,6.46876E-05,1.20751E-05,6.05217E-05,5.56265E-05,1.92547E-05,0.000161432
0.0048824,2.2501,0.67,5.725,0.076889,0.032194,0.96812,0.0018696,0.00061167,0.0015326,0.002164,0.0012699,0.0057312,0.270012,0.0804,0.687,0.000176255,0.01460891,0.00611686,0.1839428,6.74926E-05,2.20813E-05,5.53269E-05,7.81204E-05,4.58434E-05,0.000206896
0.0050889,2.2776,0.67,5.725,0.068539,0.035425,0.96212,0.0021178,0.00055035,0.0015502,0.0020152,0.0007807,0.0060448,0.273312,0.0804,0.687,0.000183709,0.01302241,0.00673075,0.1828028,7.64526E-05,1.98676E-05,5.59622E-05,7.27487E-05,2.81833E-05,0.000218217
0.0049861,2.3063,0.67,5.725,0.060559,0.038722,0.9486,0.0022758,0.00033644,0.0013098,0.0017645,-0.0004038,0.0059319,0.276756,0.0804,0.687,0.000179998,0.01150621,0.00735718,0.180234,8.21564E-05,1.21455E-05,4.72838E-05,6.36985E-05,-1.45772E-05,0.000214142
0.0059024,2.3362,0.67,5.725,0.050333,0.049578,0.93449,0.0024029,0.00038057,0.0015,0.0018754,-0.00055157,0.0075265,0.280344,0.0804,0.687,0.000213077,0.00956327,0.00941982,0.1775531,8.67447E-05,1.37386E-05,0.00005415,6.77019E-05,-1.99117E-05,0.000271707
0.0056288,2.3674,0.67,5.725,0.037975,0.060061,0.90778,0.002392,0.00058048,0.0017294,0.0024808,0.00016217,0.0063849,0.284088,0.0804,0.687,0.0002032,0.00721525,0.01141159,0.1724782,8.63512E-05,2.09553E-05,6.24313E-05,8.95569E-05,5.85434E-06,0.000230495
0.0053956,2.3999,0.67,5.725,0.027952,0.067668,0.8777,0.0019231,0.00065936,0.0015133,0.0037392,0.00028179,0.0051289,0.287988,0.0804,0.687,0.000194781,0.00531088,0.01285692,0.166763,6.94239E-05,2.38029E-05,5.46301E-05,0.000134985,1.01726E-05,0.000185153
0.0051495,2.4338,0.67,5.725,0.017696,0.076888,0.84234,0.0011009,0.00041239,0.0012802,0.0035966,0.00049968,0.0056016,0.292056,0.0804,0.687,0.000185897,0.00336224,0.01460872,0.1600446,3.97425E-05,1.48873E-05,4.62152E-05,0.000129837,1.80384E-05,0.000202218
0.0036055,2.4691,0.67,5.725,0.0073935,0.072887,0.72634,0.00035269,6.83E-05,0.00062719,0.0021082,0.00074333,0.0047502,0.296292,0.0804,0.687,0.000130159,0.001404765,0.01384853,0.1380046,1.27321E-05,2.46646E-06,2.26416E-05,7.6106E-05,2.68342E-05,0.000171482
0.0013679,2.5058,0.67,5.725,0.0020307,0.032088,0.31971,2.25E-05,1.18E-05,0.00010964,0.00080598,0.00029626,0.0019072,0.300696,0.0804,0.687,4.93812E-05,0.000385833,0.00609672,0.0607449,8.13441E-07,4.25475E-07,3.958E-06,2.90959E-05,1.0695E-05,6.88499E-05
2.16E-07,2.544,0.67,5.725,0.00051172,1.10E-13,8.77E-18,4.33E-07,9.32E-17,-3.66E-21,2.01E-26,-7.91E-31,3.07E-34,0.30528,0.0804,0.687,7.80735E-09,9.72268E-05,2.09855E-14,1.66698E-18,1.56143E-08,3.36611E-18,-1.32043E-22,7.25646E-28,-2.85724E-32,1.10845E-35
0,2.5837,0.67,5.725,0,0,0,0,0,0,0,0,0,0.310044,0.0804,0.687,0,0,0,0,0,0,0,0,0,0
0,2.625,0.67,5.725,0,0,0,0,0,0,0,0,0,0.315,0.0804,0.687,0,0,0,0,0,0,0,0,0,0
0,-0.125,0.67,5.7333,0,0,0,0,0,0,0,0,0,-0.015,0.0804,0.687996,0,0,0,0,0,0,0,0,0,0
0,-0.083719,0.67,5.7333,0,0,0,0,0,0,0,0,0,-0.01004628,0.0804,0.687996,0,0,0,0,0,0,0,0,0,0
2.04E-07,-0.044001,0.67,5.7333,-0.00038811,-1.09E-13,1.27E-17,4.08E-07,1.14E-16,-1.34E-20,3.20E-26,-3.75E-30,8.67E-34,-0.00528012,0.0804,0.687996,7.35682E-09,-7.37409E-05,-2.06359E-14,2.40673E-18,1.47136E-08,4.11973E-18,-4.82982E-22,1.15347E-27,-1.35259E-31,3.13001E-35
0.00099037,-0.0058053,0.67,5.7333,-0.0028435,0.02529,0.40049,1.04E-05,-2.66E-05,-3.16E-05,0.00080716,-0.00020402,0.0011631,-0.000696636,0.0804,0.687996,3.57524E-05,-0.000540265,0.0048051,0.0760931,3.77065E-07,-9.6008E-07,-1.14242E-06,2.91385E-05,-7.36512E-06,4.19879E-05
0.002576,0.030909,0.67,5.7333,-0.011951,0.05722,0.90594,0.00016019,-0.00015615,-0.0001809,0.0020948,-0.0005231,0.0028971,0.00370908,0.0804,0.687996,9.29936E-05,-0.00227069,0.0108718,0.1721286,5.78286E-06,-5.63702E-06,-6.53049E-06,7.56223E-05,-1.88839E-05,0.000104585
0.0026323,0.066184,0.67,5.7333,-0.026428,0.051786,1.024,0.00042374,-0.00023659,-9.98E-05,0.0018486,-0.00061922,0.0029922,0.00794208,0.0804,0.687996,9.5026E-05,-0.00502132,0.00983934,0.19456,1.5297E-05,-8.5409E-06,-3.60339E-06,6.67345E-05,-2.23538E-05,0.000108018
0.002431,0.10006,0.67,5.7333,-0.041875,0.038119,1.0583,0.00055353,-0.00022572,-1.77E-06,0.0014768,-0.00073724,0.0028317,0.0120072,0.0804,0.687996,8.77591E-05,-0.00795625,0.00724261,0.201077,1.99824E-05,-8.14849E-06,-6.39584E-08,5.33125E-05,-2.66144E-05,0.000102224
0.0029781,0.13258,0.67,5.7333,-0.052556,0.030982,1.0751,0.00056091,-0.00014003,-9.60E-05,0.0013746,-0.00089896,0.0040206,0.0159096,0.0804,0.687996,0.000107509,-0.00998564,0.00588658,0.204269,2.02489E-05,-5.05508E-06,-3.4652E-06,4.96231E-05,-3.24525E-05,0.000145144
0.0027257,0.16379,0.67,5.7333,-0.055597,0.020016,1.0911,0.00063545,-4.74E-05,-0.00023652,0.00098741,-0.00071709,0.0038286,0.0196548,0.0804,0.687996,9.83978E-05,-0.01056343,0.00380304,0.207309,2.29397E-05,-1.71063E-06,-8.53837E-06,3.56455E-05,-2.58869E-05,0.000138212
0.0025462,0.19372,0.67,5.7333,-0.057636,0.02021,1.1021,0.0008366,-3.28E-06,-0.00040695,0.0011089,-0.00067469,0.0031468,0.0232464,0.0804,0.687996,9.19178E-05,-0.01095084,0.0038399,0.209399,3.02013E-05,-1.18459E-07,-1.46909E-05,4.00313E-05,-2.43563E-05,0.000113599
0.0034515,0.22242,0.67,5.7333,-0.061399,0.027074,1.1035,0.0011487,5.77E-05,-0.00074961,0.0011037,-0.00064107,0.0046506,0.0266904,0.0804,0.687996,0.000124599,-0.01166581,0.00514406,0.209665,4.14681E-05,2.08246E-06,-2.70609E-05,3.98436E-05,-2.31426E-05,0.000167887
0.0030282,0.24993,0.67,5.7333,-0.067613,0.027475,1.1087,0.0013429,0.00015476,-0.00081194,0.0010933,-0.00017952,0.0036202,0.0299916,0.0804,0.687996,0.000109318,-0.01284647,0.00522025,0.210653,4.84787E-05,5.58684E-06,-2.9311E-05,3.94681E-05,-6.48067E-06,0.000130689
0.0025014,0.27629,0.67,5.7333,-0.075404,0.026527,1.1107,0.001346,0.00010676,-0.00085117,0.0014308,-0.00033331,0.0022261,0.0331548,0.0804,0.687996,9.03005E-05,-0.01432676,0.00504013,0.211033,4.85906E-05,3.85404E-06,-3.07272E-05,5.16519E-05,-1.20325E-05,8.03622E-05
0.0032731,0.30154,0.67,5.7333,-0.082747,0.021814,1.1132,0.0014483,5.71E-05,-0.00099393,0.0018904,-0.0010908,0.0032076,0.0361848,0.0804,0.687996,0.000118159,-0.01572193,0.00414466,0.211508,5.22836E-05,2.05958E-06,-3.58809E-05,6.82434E-05,-3.93779E-05,0.000115794
0.0032438,0.32572,0.67,5.7333,-0.0895,0.016339,1.1128,0.0015579,0.00012402,-0.00076002,0.0015494,-0.0011844,0.0033804,0.0390864,0.0804,0.687996,0.000117101,-0.017005,0.00310441,0.211432,5.62402E-05,4.47712E-06,-2.74367E-05,5.59333E-05,-4.27568E-05,0.000122032
0.0025628,0.34887,0.67,5.7333,-0.094789,0.019676,1.1103,0.0015269,8.86E-05,-0.00024449,0.0010568,-0.00055593,0.0025419,0.0418644,0.0804,0.687996,9.25171E-05,-0.01800991,0.00373844,0.210957,5.51211E-05,3.19893E-06,-8.82609E-06,3.81505E-05,-2.00691E-05,9.17626E-05
0.0023332,0.37102,0.67,5.7333,-0.10053,0.027525,1.1137,0.0015247,0.00014807,-0.00021572,0.0011478,-0.00048103,0.0019939,0.0445224,0.0804,0.687996,8.42285E-05,-0.0191007,0.00522975,0.211603,5.50417E-05,5.34533E-06,-7.78749E-06,4.14356E-05,-1.73652E-05,7.19798E-05
0.0026409,0.39221,0.67,5.7333,-0.1078,0.034641,1.1127,0.001647,0.00030732,-0.00053005,0.0012464,-0.00087101,0.0023884,0.0470652,0.0804,0.687996,9.53365E-05,-0.020482,0.00658179,0.211413,5.94567E-05,1.10943E-05,-1.91348E-05,4.4995E-05,-3.14435E-05,8.62212E-05
0.0032632,0.41248,0.67,5.7333,-0.11351,0.038087,1.1029,0.0018892,0.00053956,-0.00083193,0.0013907,-0.0011824,0.0032464,0.0494976,0.0804,0.687996,0.000117802,-0.0215669,0.00723653,0.209551,6.82001E-05,1.94781E-05,-3.00327E-05,5.02043E-05,-4.26846E-05,0.000117195
0.0039007,0.43187,0.67,5.7333,-0.11774,0.039656,1.0993,0.0021419,0.00064546,-0.00099439,0.0016046,-0.0013977,0.0040548,0.0518244,0.0804,0.687996,0.000140815,-0.0223706,0.00753464,0.208867,7.73226E-05,2.33011E-05,-3.58975E-05,5.79261E-05,-5.0457E-05,0.000146378
0.0040067,0.4504,0.67,5.7333,-0.1234,0.038652,1.0961,0.0021929,0.00048049,-0.0005231,0.0016489,-0.001403,0.0041716,0.054048,0.0804,0.687996,0.000144642,-0.023446,0.00734388,0.208259,7.91637E-05,1.73457E-05,-1.88839E-05,5.95253E-05,-5.06483E-05,0.000150595
0.0035133,0.46812,0.67,5.7333,-0.13109,0.034655,1.0988,0.0019932,0.00017819,-0.00025725,0.0014677,-0.0012116,0.0035657,0.0561744,0.0804,0.687996,0.00012683,-0.0249071,0.00658445,0.208772,7.19545E-05,6.43266E-06,-9.28673E-06,5.2984E-05,-4.37388E-05,0.000128722
0.0027919,0.48504,0.67,5.7333,-0.13984,0.030491,1.0996,0.0016889,-9.10E-05,-0.0001535,0.0012755,-0.00087715,0.0026195,0.0582048,0.0804,0.687996,0.000100788,-0.0265696,0.00579329,0.208924,6.09693E-05,-3.28481E-06,-5.54135E-06,4.60456E-05,-3.16651E-05,9.4564E-05
0.0026401,0.50122,0.67,5.7333,-0.1482,0.027206,1.105,0.0014355,-0.00021976,-0.00023163,0.0012582,-0.00071174,0.0025863,0.0601464,0.0804,0.687996,9.53076E-05,-0.028158,0.00516914,0.20995,5.18216E-05,-7.93334E-06,-8.36184E-06,4.5421E-05,-2.56938E-05,9.33654E-05
0.0026567,0.51667,0.67,5.7333,-0.1554,0.024564,1.1097,0.0013234,-0.00022324,-0.00035199,0.0012767,-0.00048625,0.0027134,0.0620004,0.0804,0.687996,9.59069E-05,-0.029526,0.00466716,0.210843,4.77747E-05,-8.05896E-06,-1.27068E-05,4.60889E-05,-1.75536E-05,9.79537E-05
0.0024346,0.53142,0.67,5.7333,-0.16156,0.020083,1.1116,0.0013539,-0.00014063,-0.00045778,0.0012736,-0.00017587,0.0022418,0.0637704,0.0804,0.687996,8.78891E-05,-0.0306964,0.00381577,0.211204,4.88758E-05,-5.07674E-06,-1.65259E-05,4.5977E-05,-6.34891E-06,8.0929E-05
0.0023642,0.54551,0.67,5.7333,-0.16655,0.015887,1.1111,0.0015276,-6.12E-05,-0.00065548,0.0013956,-5.93E-05,0.0018052,0.0654612,0.0804,0.687996,8.53476E-05,-0.0316445,0.00301853,0.211109,5.51464E-05,-2.21033E-06,-2.36628E-05,5.03812E-05,-2.13903E-06,6.51677E-05
0.0025938,0.55896,0.67,5.7333,-0.17053,0.011625,1.1095,0.0018279,0.00010987,-0.00088911,0.0015311,-0.00015287,0.0018286,0.0670752,0.0804,0.687996,9.36362E-05,-0.0324007,0.00220875,0.210805,6.59872E-05,3.96631E-06,-3.20969E-05,5.52727E-05,-5.51861E-06,6.60125E-05
0.0029217,0.5718,0.67,5.7333,-0.17457,0.0084963,1.1065,0.0021519,0.00034491,-0.0011301,0.0016294,-0.00025896,0.0020621,0.068616,0.0804,0.687996,0.000105473,-0.0331683,0.001614297,0.210235,7.76836E-05,1.24513E-05,-4.07966E-05,5.88213E-05,-9.34846E-06,7.44418E-05
0.0031468,0.58405,0.67,5.7333,-0.17959,0.0044118,1.1035,0.0023744,0.00051182,-0.0012361,0.0016808,-0.0003396,0.0022384,0.070086,0.0804,0.687996,0.000113599,-0.0341221,0.000838242,0.209665,8.57158E-05,1.84767E-05,-4.46232E-05,6.06769E-05,-1.22596E-05,8.08062E-05
0.003175,0.59575,0.67,5.7333,-0.18562,-0.001391,1.1053,0.0024138,0.00054718,-0.0011997,0.0015904,-0.00042683,0.0023458,0.07149,0.0804,0.687996,0.000114618,-0.0352678,-0.00026429,0.210007,8.71382E-05,1.97532E-05,-4.33092E-05,5.74134E-05,-1.54086E-05,8.46834E-05
0.0031042,0.6069,0.67,5.7333,-0.19219,-0.0059553,1.11,0.0023122,0.00044866,-0.0011168,0.0014108,-0.0005339,0.0024854,0.072828,0.0804,0.687996,0.000112062,-0.0365161,-0.001131507,0.2109,8.34704E-05,1.61966E-05,-4.03165E-05,5.09299E-05,-1.92738E-05,8.97229E-05
0.0030037,0.61755,0.67,5.7333,-0.19878,-0.0095282,1.1157,0.0021694,0.00029396,-0.00099986,0.0012407,-0.00060968,0.0025973,0.074106,0.0804,0.687996,0.000108434,-0.0377682,-0.001810358,0.211983,7.83153E-05,1.0612E-05,-3.60949E-05,4.47893E-05,-2.20094E-05,9.37625E-05
0.0028267,0.6277,0.67,5.7333,-0.20515,-0.012075,1.1179,0.0019975,0.00012563,-0.00080877,0.0011194,-0.00061331,0.0025366,0.075324,0.0804,0.687996,0.000102044,-0.0389785,-0.00229425,0.212401,7.21098E-05,4.53524E-06,-2.91966E-05,4.04103E-05,-2.21405E-05,9.15713E-05
0.0026397,0.63738,0.67,5.7333,-0.21146,-0.014184,1.1195,0.0018113,-9.20E-06,-0.00061627,0.0010488,-0.00064951,0.0024194,0.0764856,0.0804,0.687996,9.52932E-05,-0.0401774,-0.00269496,0.212705,6.53879E-05,-3.32066E-07,-2.22473E-05,3.78617E-05,-2.34473E-05,8.73403E-05
0.0024729,0.64661,0.67,5.7333,-0.21776,-0.015946,1.122,0.0016609,-8.54E-05,-0.00038051,0.00099804,-0.00070716,0.0022869,0.0775932,0.0804,0.687996,8.92717E-05,-0.0413744,-0.00302974,0.21318,5.99585E-05,-3.08424E-06,-1.37364E-05,3.60292E-05,-2.55285E-05,8.25571E-05
0.0023613,0.65542,0.67,5.7333,-0.22373,-0.017216,1.1249,0.0015706,-0.0001258,-0.0001555,0.0009526,-0.0007549,0.0021995,0.0786504,0.0804,0.687996,8.52429E-05,-0.0425087,-0.00327104,0.213731,5.66987E-05,-4.54138E-06,-5.61355E-06,3.43889E-05,-2.72519E-05,7.9402E-05
0.0023263,0.66381,0.67,5.7333,-0.22897,-0.018354,1.1261,0.001532,-0.00015253,6.44E-05,0.00092316,-0.00078095,0.0021974,0.0796572,0.0804,0.687996,8.39794E-05,-0.0435043,-0.00348726,0.213959,5.53052E-05,-5.50633E-06,2.32466E-06,3.33261E-05,-2.81923E-05,7.93261E-05
0.002382,0.67207,0.67,5.7333,-0.23345,-0.019574,1.1246,0.0015536,-0.00016482,0.00019621,0.00093405,-0.00078346,0.0022763,0.0806484,0.0804,0.687996,8.59902E-05,-0.0443555,-0.00371906,0.213674,5.6085E-05,-5.95E-06,7.08318E-06,3.37192E-05,-2.82829E-05,8.21744E-05
0.002523,0.68032,0.67,5.7333,-0.23742,-0.02049,1.1215,0.0016463,-0.00017246,0.00024496,0.0010001,-0.0007918,0.0023997,0.0816384,0.0804,0.687996,9.10803E-05,-0.0451098,-0.0038931,0.213085,5.94314E-05,-6.22581E-06,8.84306E-06,3.61036E-05,-2.8584E-05,8.66292E-05
0.0026803,0.68858,0.67,5.7333,-0.24104,-0.020571,1.1168,0.001778,-0.00018713,0.00029136,0.0010987,-0.00079015,0.0024838,0.0826296,0.0804,0.687996,9.67588E-05,-0.0457976,-0.00390849,0.212192,6.41858E-05,-6.75539E-06,1.05181E-05,3.96631E-05,-2.85244E-05,8.96652E-05
0.002872,0.69683,0.67,5.7333,-0.24447,-0.01951,1.111,0.0019282,-0.0002002,0.00029521,0.001208,-0.00080173,0.0026078,0.0836196,0.0804,0.687996,0.000103679,-0.0464493,-0.0037069,0.21109,6.9608E-05,-7.22722E-06,1.06571E-05,4.36088E-05,-2.89425E-05,9.41416E-05
0.0031035,0.70509,0.67,5.7333,-0.2477,-0.017417,1.1043,0.00208,-0.00020862,0.00026676,0.0013151,-0.00081489,0.002812,0.0846108,0.0804,0.687996,0.000112036,-0.047063,-0.00330923,0.209817,0.000075088,-7.53118E-06,9.63004E-06,4.74751E-05,-2.94175E-05,0.000101513
0.0033936,0.71335,0.67,5.7333,-0.25046,-0.014457,1.0959,0.0022225,-0.00021872,0.00024269,0.0014481,-0.00084624,0.0031166,0.085602,0.0804,0.687996,0.000122509,-0.0475874,-0.00274683,0.208221,8.02323E-05,-7.89579E-06,8.76111E-06,5.22764E-05,-3.05493E-05,0.000112509
0.0037489,0.7216,0.67,5.7333,-0.25287,-0.011018,1.0861,0.0023511,-0.00021897,0.00025118,0.001617,-0.0009265,0.0035296,0.086592,0.0804,0.687996,0.000135335,-0.0480453,-0.00209342,0.206359,8.48747E-05,-7.90482E-06,9.0676E-06,5.83737E-05,-3.34467E-05,0.000127419
0.0041132,0.72986,0.67,5.7333,-0.2555,-0.0075753,1.0761,0.0025072,-0.00021043,0.00027535,0.0018102,-0.0010437,0.0039089,0.0875832,0.0804,0.687996,0.000148487,-0.048545,-0.001439307,0.204459,9.05099E-05,-7.59652E-06,9.94014E-06,6.53482E-05,-3.76776E-05,0.000141111
0.0044308,0.73811,0.67,5.7333,-0.25858,-0.0045634,1.0671,0.0027032,-0.00021001,0.00031118,0.0019899,-0.0011695,0.0041684,0.0885732,0.0804,0.687996,0.000159952,-0.0491302,-0.000867046,0.202749,9.75855E-05,-7.58136E-06,1.12336E-05,7.18354E-05,-4.2219E-05,0.000150479
0.0046558,0.74637,0.67,5.7333,-0.26191,-0.0022836,1.0595,0.0028668,-0.00022919,0.00036648,0.0021153,-0.0012614,0.0043294,0.0895644,0.0804,0.687996,0.000168074,-0.0497629,-0.000433884,0.201305,0.000103491,-8.27376E-06,1.32299E-05,7.63623E-05,-4.55365E-05,0.000156291
0.0048197,0.75463,0.67,5.7333,-0.26585,-0.00072415,1.0531,0.0030222,-0.00027017,0.00045692,0.0021819,-0.0012867,0.0044354,0.0905556,0.0804,0.687996,0.000173991,-0.0505115,-0.000137589,0.200089,0.000109101,-9.75314E-06,1.64948E-05,7.87666E-05,-4.64499E-05,0.000160118
0.0049378,0.76288,0.67,5.7333,-0.27059,0.00037033,1.0472,0.0031896,-0.00032388,0.00057482,0.0022091,-0.0012165,0.0044769,0.0915456,0.0804,0.687996,0.000178255,-0.0514121,7.03627E-05,0.198968,0.000115145,-1.16921E-05,2.0751E-05,7.97485E-05,-4.39157E-05,0.000161616
0.005054,0.77114,0.67,5.7333,-0.27526,0.0010971,1.0412,0.0033443,-0.00035767,0.00068918,0.0022021,-0.0011266,0.0045617,0.0925368,0.0804,0.687996,0.000182449,-0.0522994,0.000208449,0.197828,0.000120729,-1.29119E-05,2.48794E-05,7.94958E-05,-4.06703E-05,0.000164677
0.005211,0.7794,0.67,5.7333,-0.27961,0.0015393,1.0349,0.0035248,-0.00034952,0.00077767,0.0021433,-0.0010819,0.0047539,0.093528,0.0804,0.687996,0.000188117,-0.0531259,0.000292467,0.196631,0.000127245,-1.26177E-05,2.80739E-05,7.73731E-05,-3.90566E-05,0.000171616
0.0053957,0.78765,0.67,5.7333,-0.2841,0.0019504,1.0281,0.0037311,-0.0003341,0.00082532,0.0020262,-0.0010752,0.0050341,0.094518,0.0804,0.687996,0.000194785,-0.053979,0.000370576,0.195339,0.000134693,-1.2061E-05,2.97941E-05,7.31458E-05,-3.88147E-05,0.000181731
0.0056044,0.79591,0.67,5.7333,-0.28822,0.0023702,1.0202,0.0039711,-0.00031866,0.00081969,0.0018815,-0.0010721,0.0053563,0.0955092,0.0804,0.687996,0.000202319,-0.0547618,0.000450338,0.193838,0.000143357,-1.15036E-05,2.95908E-05,6.79222E-05,-3.87028E-05,0.000193362
0.0057985,0.80416,0.67,5.7333,-0.29174,0.0025223,1.0113,0.0042531,-0.00028204,0.0007869,0.00173,-0.0010422,0.005614,0.0964992,0.0804,0.687996,0.000209326,-0.0554306,0.000479237,0.192147,0.000153537,-1.01816E-05,2.84071E-05,0.000062453,-3.76234E-05,0.000202665
0.005964,0.81242,0.67,5.7333,-0.29532,0.0021863,1.0018,0.0045534,-0.00023632,0.00076394,0.0015858,-0.00098789,0.0057889,0.0974904,0.0804,0.687996,0.0002153,-0.0561108,0.000415397,0.190342,0.000164378,-8.53115E-06,2.75782E-05,5.72474E-05,-3.56628E-05,0.000208979
0.0061586,0.82068,0.67,5.7333,-0.29903,0.0014534,0.9926,0.0049006,-0.00018194,0.0007439,0.0014715,-0.0009471,0.0059452,0.0984816,0.0804,0.687996,0.000222325,-0.0568157,0.000276146,0.188594,0.000176912,-6.56803E-06,2.68548E-05,5.31212E-05,-3.41903E-05,0.000214622
0.0063815,0.82893,0.67,5.7333,-0.30274,0.00054433,0.98433,0.0052691,-0.00012652,0.0007812,0.0013741,-0.0009032,0.0061198,0.0994716,0.0804,0.687996,0.000230372,-0.0575206,0.000103423,0.1870227,0.000190215,-4.56737E-06,2.82013E-05,4.9605E-05,-3.26055E-05,0.000220925
0.0067113,0.83719,0.67,5.7333,-0.30646,-0.00041092,0.97641,0.0056646,-8.11E-05,0.00083304,0.0012706,-0.00084356,0.0064873,0.1004628,0.0804,0.687996,0.000242278,-0.0582274,-7.80748E-05,0.1855179,0.000204492,-2.928E-06,3.00727E-05,4.58687E-05,-3.04525E-05,0.000234192
0.0071068,0.84544,0.67,5.7333,-0.31012,-0.0016588,0.96802,0.0060556,-3.17E-05,0.00091493,0.0011727,-0.00076778,0.0069852,0.1014528,0.0804,0.687996,0.000256555,-0.0589228,-0.000315172,0.1839238,0.000218607,-1.14264E-06,3.3029E-05,4.23345E-05,-2.77169E-05,0.000252166
0.0075881,0.8537,0.67,5.7333,-0.31376,-0.0036948,0.95912,0.0064798,3.44E-05,0.00098063,0.001103,-0.00066371,0.0075934,0.102444,0.0804,0.687996,0.00027393,-0.0596144,-0.000702012,0.1822328,0.000233921,1.24022E-06,3.54007E-05,3.98183E-05,-2.39599E-05,0.000274122
0.0081097,0.86196,0.67,5.7333,-0.31712,-0.0066872,0.9502,0.0070197,0.00010304,0.0010028,0.001065,-0.00052239,0.0081347,0.1034352,0.0804,0.687996,0.00029276,-0.0602528,-0.001270568,0.180538,0.000253411,3.71974E-06,3.62011E-05,3.84465E-05,-1.88583E-05,0.000293663
0.0087289,0.87021,0.67,5.7333,-0.32033,-0.010311,0.94094,0.0076238,0.0001555,0.0010148,0.0010514,-0.00033363,0.0087826,0.1044252,0.0804,0.687996,0.000315113,-0.0608627,-0.00195909,0.1787786,0.000275219,5.61355E-06,3.66343E-05,3.79555E-05,-1.2044E-05,0.000317052
0.009367,0.87847,0.67,5.7333,-0.32335,-0.014093,0.93064,0.0081661,0.00019376,0.0010493,0.0010482,-0.00010669,0.0095198,0.1054164,0.0804,0.687996,0.000338149,-0.0614365,-0.00267767,0.1768216,0.000294796,6.99474E-06,3.78797E-05,3.784E-05,-3.85151E-06,0.000343665
0.01017,0.88672,0.67,5.7333,-0.32551,-0.017342,0.9188,0.0088068,0.00022777,0.0010363,0.0010298,0.00011029,0.010503,0.1064064,0.0804,0.687996,0.000367137,-0.0618469,-0.00329498,0.174572,0.000317925,8.2225E-06,3.74104E-05,3.71758E-05,3.98147E-06,0.000379158
0.010896,0.89498,0.67,5.7333,-0.32753,-0.019565,0.9061,0.0095157,0.00028608,0.0011053,0.000987,0.00025421,0.011289,0.1073976,0.0804,0.687996,0.000393346,-0.0622307,-0.00371735,0.172159,0.000343517,1.03275E-05,3.99013E-05,3.56307E-05,9.17698E-06,0.000407533
0.011533,0.90324,0.67,5.7333,-0.33003,-0.020934,0.8931,0.010078,0.00036489,0.0012194,0.000951,0.00037339,0.012037,0.1083888,0.0804,0.687996,0.000416341,-0.0627057,-0.00397746,0.169689,0.000363816,1.31725E-05,4.40203E-05,3.43311E-05,1.34794E-05,0.000434536
0.012137,0.91149,0.67,5.7333,-0.33229,-0.021653,0.88023,0.010756,0.00043491,0.0012395,0.00094816,0.00051312,0.01257,0.1093788,0.0804,0.687996,0.000438146,-0.0631351,-0.00411407,0.1672437,0.000388292,1.57003E-05,4.4746E-05,3.42286E-05,1.85236E-05,0.000453777
0.012746,0.91975,0.67,5.7333,-0.33464,-0.02178,0.86753,0.011593,0.00049795,0.0012131,0.00098488,0.00062422,0.012915,0.11037,0.0804,0.687996,0.000460131,-0.0635816,-0.0041382,0.1648307,0.000418507,1.7976E-05,4.37929E-05,3.55542E-05,2.25343E-05,0.000466232
0.013418,0.92801,0.67,5.7333,-0.33703,-0.021476,0.8547,0.012459,0.00056752,0.0011914,0.0010709,0.00068181,0.013306,0.1113612,0.0804,0.687996,0.00048439,-0.0640357,-0.00408044,0.162393,0.00044977,2.04875E-05,4.30095E-05,3.86595E-05,2.46133E-05,0.000480347
0.014019,0.93626,0.67,5.7333,-0.33835,-0.020877,0.84145,0.01317,0.00063724,0.0010864,0.0012206,0.0007032,0.013647,0.1123512,0.0804,0.687996,0.000506086,-0.0642865,-0.00396663,0.1598755,0.000475437,2.30044E-05,3.9219E-05,4.40637E-05,2.53855E-05,0.000492657
0.014886,0.94452,0.67,5.7333,-0.3402,-0.019872,0.82858,0.014034,0.00069249,0.0008433,0.00144,0.00069602,0.014297,0.1133424,0.0804,0.687996,0.000537385,-0.064638,-0.00377568,0.1574302,0.000506627,2.49989E-05,3.04431E-05,0.000051984,2.51263E-05,0.000516122
0.015826,0.95277,0.67,5.7333,-0.34205,-0.018526,0.81625,0.015049,0.00072176,0.00063566,0.0016988,0.00063382,0.014905,0.1143324,0.0804,0.687996,0.000571319,-0.0649895,-0.00351994,0.1550875,0.000543269,2.60555E-05,2.29473E-05,6.13267E-05,2.28809E-05,0.000538071
0.016992,0.96103,0.67,5.7333,-0.34269,-0.017476,0.80355,0.015954,0.00075375,0.00050038,0.0019278,0.00057399,0.016102,0.1153236,0.0804,0.687996,0.000613411,-0.0651111,-0.00332044,0.1526745,0.000575939,2.72104E-05,1.80637E-05,6.95936E-05,2.0721E-05,0.000581282
0.018175,0.96929,0.67,5.7333,-0.34431,-0.017306,0.79079,0.016796,0.00079123,0.0004125,0.0020565,0.00055676,0.017497,0.1163148,0.0804,0.687996,0.000656118,-0.0654189,-0.00328814,0.1502501,0.000606336,2.85634E-05,1.48913E-05,7.42397E-05,2.0099E-05,0.000631642
0.01938,0.97754,0.67,5.7333,-0.34562,-0.018189,0.77723,0.017598,0.00080385,0.00016409,0.0020563,0.00055226,0.019105,0.1173048,0.0804,0.687996,0.000699618,-0.0656678,-0.00345591,0.1476737,0.000635288,2.9019E-05,5.92365E-06,7.42324E-05,1.99366E-05,0.000689691
0.020686,0.9858,0.67,5.7333,-0.34581,-0.01978,0.76338,0.018671,0.00077739,0.00016102,0.001941,0.00051821,0.020761,0.118296,0.0804,0.687996,0.000746765,-0.0657039,-0.0037582,0.1450422,0.000674023,2.80638E-05,5.81282E-06,7.00701E-05,1.87074E-05,0.000749472
0.021762,0.99405,0.67,5.7333,-0.34764,-0.021851,0.74984,0.019692,0.00072134,0.00017781,0.0017698,0.00043478,0.022062,0.119286,0.0804,0.687996,0.000785608,-0.0660516,-0.00415169,0.1424696,0.000710881,2.60404E-05,6.41894E-06,6.38898E-05,1.56956E-05,0.000796438
0.02287,1.0023,0.67,5.7333,-0.35032,-0.02431,0.73594,0.020596,0.00068434,0.00017172,0.0015988,0.00032981,0.023546,0.120276,0.0804,0.687996,0.000825607,-0.0665608,-0.0046189,0.1398286,0.000743516,2.47047E-05,6.19909E-06,5.77167E-05,1.19061E-05,0.000850011
0.023968,1.0106,0.67,5.7333,-0.35146,-0.026879,0.72168,0.021521,0.00064614,4.80E-05,0.0014636,0.00023078,0.02495,0.121272,0.0804,0.687996,0.000865245,-0.0667774,-0.00510701,0.1371192,0.000776908,2.33257E-05,1.73136E-06,5.2836E-05,8.33116E-06,0.000900695
0.025264,1.0188,0.67,5.7333,-0.35169,-0.029149,0.70721,0.022472,0.00062907,-0.00025108,0.0013783,0.00011227,0.026677,0.122256,0.0804,0.687996,0.00091203,-0.0668211,-0.00553831,0.1343699,0.000811239,2.27094E-05,-9.06399E-06,4.97566E-05,4.05295E-06,0.00096304
0.026609,1.0271,0.67,5.7333,-0.3523,-0.03087,0.69288,0.023639,0.00063741,-0.00050605,0.001339,-3.81E-05,0.02824,0.123252,0.0804,0.687996,0.000960585,-0.066937,-0.0058653,0.1316472,0.000853368,2.30105E-05,-1.82684E-05,4.83379E-05,-1.37671E-06,0.001019464
0.02799,1.0353,0.67,5.7333,-0.35435,-0.031714,0.67887,0.02507,0.00069307,-0.00071444,0.0013473,-0.00018978,0.029562,0.124236,0.0804,0.687996,0.001010439,-0.0673265,-0.00602566,0.1289853,0.000905027,2.50198E-05,-2.57913E-05,4.86375E-05,-6.85106E-06,0.001067188
0.029608,1.0436,0.67,5.7333,-0.35715,-0.031701,0.66531,0.027148,0.00077781,-0.00072777,0.0013808,-0.00026716,0.030687,0.125232,0.0804,0.687996,0.001068849,-0.0678585,-0.00602319,0.1264089,0.000980043,2.80789E-05,-2.62725E-05,4.98469E-05,-9.64448E-06,0.001107801
0.030779,1.0518,0.67,5.7333,-0.35831,-0.031912,0.65109,0.028812,0.00079592,-0.00083724,0.0014415,-0.00015151,0.031305,0.126216,0.0804,0.687996,0.001111122,-0.0680789,-0.00606328,0.1237071,0.001040113,2.87327E-05,-3.02244E-05,5.20382E-05,-5.46951E-06,0.001130111
0.031723,1.0601,0.67,5.7333,-0.35836,-0.032705,0.63642,0.029821,0.00079332,-0.00082121,0.0015444,0.00013988,0.032081,0.127212,0.0804,0.687996,0.0011452,-0.0680884,-0.00621395,0.1209198,0.001076538,2.86389E-05,-2.96457E-05,5.57528E-05,5.04967E-06,0.001158124
0.032794,1.0684,0.67,5.7333,-0.35794,-0.033648,0.6227,0.031302,0.00080617,-0.00070535,0.0016604,0.0004854,0.032626,0.128208,0.0804,0.687996,0.001183863,-0.0680086,-0.00639312,0.118313,0.001130002,2.91027E-05,-2.54631E-05,5.99404E-05,1.75229E-05,0.001177799
0.03367,1.0766,0.67,5.7333,-0.3573,-0.035505,0.60915,0.032451,0.00075337,-0.00071033,0.0017322,0.00089923,0.033158,0.129192,0.0804,0.687996,0.001215487,-0.067887,-0.00674595,0.1157385,0.001171481,2.71967E-05,-2.56429E-05,6.25324E-05,3.24622E-05,0.001197004
0.034887,1.0849,0.67,5.7333,-0.35773,-0.037719,0.59637,0.033847,0.00072996,-0.00068445,0.0017635,0.0012725,0.034163,0.130188,0.0804,0.687996,0.001259421,-0.0679687,-0.00716661,0.1133103,0.001221877,2.63516E-05,-2.47086E-05,6.36624E-05,4.59373E-05,0.001233284
0.036606,1.0931,0.67,5.7333,-0.35747,-0.039639,0.58385,0.036283,0.00070719,-0.00043296,0.0017882,0.0014735,0.035141,0.131172,0.0804,0.687996,0.001321477,-0.0679193,-0.00753141,0.1109315,0.001309816,2.55296E-05,-1.56299E-05,6.4554E-05,5.31934E-05,0.00126859
0.038563,1.1014,0.67,5.7333,-0.35685,-0.042108,0.57194,0.038928,0.00054603,-0.00042519,0.0017943,0.0016829,0.036404,0.132168,0.0804,0.687996,0.001392124,-0.0678015,-0.00800052,0.1086686,0.001405301,1.97117E-05,-1.53494E-05,6.47742E-05,6.07527E-05,0.001314184
0.040626,1.1096,0.67,5.7333,-0.35676,-0.043549,0.56025,0.041541,0.00045202,0.00019521,0.0018089,0.0019234,0.037901,0.133152,0.0804,0.687996,0.001466599,-0.0677844,-0.00827431,0.1064475,0.00149963,1.63179E-05,7.04708E-06,6.53013E-05,6.94347E-05,0.001368226
0.043064,1.1179,0.67,5.7333,-0.35622,-0.044952,0.54771,0.044144,0.00039289,0.00090819,0.001834,0.0022444,0.040151,0.134148,0.0804,0.687996,0.00155461,-0.0676818,-0.00854088,0.1040649,0.001593598,1.41833E-05,3.27857E-05,6.62074E-05,8.10228E-05,0.001449451
0.045225,1.1262,0.67,5.7333,-0.35396,-0.047606,0.53412,0.045894,0.00026708,0.0011102,0.0018479,0.0025965,0.042708,0.135144,0.0804,0.687996,0.001632623,-0.0672524,-0.00904514,0.1014828,0.001656773,9.64159E-06,4.00782E-05,6.67092E-05,9.37337E-05,0.001541759
0.047424,1.1344,0.67,5.7333,-0.34888,-0.050075,0.51952,0.047249,0.000185,0.0013201,0.0018982,0.0030033,0.045701,0.136128,0.0804,0.687996,0.001712006,-0.0662872,-0.00951425,0.0987088,0.001705689,6.6785E-06,4.76556E-05,6.8525E-05,0.000108419,0.001649806
0.050293,1.1427,0.67,5.7333,-0.34341,-0.052106,0.50754,0.050405,0.00020922,0.0011396,0.0019603,0.0035149,0.04822,0.137124,0.0804,0.687996,0.001815577,-0.0652479,-0.00990014,0.0964326,0.001819621,7.55284E-06,4.11396E-05,7.07668E-05,0.000126888,0.001740742
0.053805,1.1509,0.67,5.7333,-0.33723,-0.053875,0.49643,0.054997,0.00030712,0.001054,0.0020225,0.0039483,0.05059,0.138108,0.0804,0.687996,0.001942361,-0.0640737,-0.01023625,0.0943217,0.001985392,1.1087E-05,3.80494E-05,7.30123E-05,0.000142534,0.001826299
0.05754,1.1592,0.67,5.7333,-0.33,-0.056179,0.48634,0.059409,0.00036394,0.0015186,0.0020855,0.0043039,0.053584,0.139104,0.0804,0.687996,0.002077194,-0.0627,-0.01067401,0.0924046,0.002144665,1.31382E-05,5.48215E-05,7.52866E-05,0.000155371,0.001934382
0.060392,1.1674,0.67,5.7333,-0.32284,-0.058527,0.47691,0.062229,0.00026564,0.0025156,0.0021427,0.0045694,0.056412,0.140088,0.0804,0.687996,0.002180151,-0.0613396,-0.01112013,0.0906129,0.002246467,9.5896E-06,9.08132E-05,7.73515E-05,0.000164955,0.002036473
0.063719,1.1757,0.67,5.7333,-0.31511,-0.061118,0.46796,0.06484,-0.00012641,0.0026142,0.0022412,0.0049095,0.060357,0.141084,0.0804,0.687996,0.002300256,-0.0598709,-0.01161242,0.0889124,0.002340724,-4.5634E-06,9.43726E-05,8.09073E-05,0.000177233,0.002178888
0.067624,1.1839,0.67,5.7333,-0.30676,-0.063646,0.46224,0.068997,-0.00061807,0.0025978,0.0023237,0.0051974,0.063927,0.142068,0.0804,0.687996,0.002441226,-0.0582844,-0.01209274,0.0878256,0.002490792,-2.23123E-05,9.37806E-05,8.38856E-05,0.000187626,0.002307765
0.070846,1.1922,0.67,5.7333,-0.30002,-0.06517,0.46069,0.073414,-0.0010179,0.0041015,0.0023881,0.0052157,0.06589,0.143064,0.0804,0.687996,0.002557541,-0.0570038,-0.0123823,0.0875311,0.002650245,-3.67462E-05,0.000148064,8.62104E-05,0.000188287,0.002378629
0.07335,1.2005,0.67,5.7333,-0.29736,-0.065965,0.46312,0.078105,-0.0013298,0.0064619,0.00244,0.0050297,0.066155,0.14406,0.0804,0.687996,0.002647935,-0.0564984,-0.01253335,0.0879928,0.002819591,-4.80058E-05,0.000233275,0.000088084,0.000181572,0.002388196
0.075579,1.2087,0.67,5.7333,-0.29646,-0.065617,0.46251,0.082804,-0.0014607,0.0090488,0.0024878,0.0047629,0.065866,0.145044,0.0804,0.687996,0.002728402,-0.0563274,-0.01246723,0.0878769,0.002989224,-5.27313E-05,0.000326662,8.98096E-05,0.000171941,0.002377763
0.076913,1.217,0.67,5.7333,-0.29389,-0.064828,0.45428,0.085291,-0.0015009,0.010455,0.0026089,0.0046457,0.065927,0.14604,0.0804,0.687996,0.002776559,-0.0558391,-0.01231732,0.0863132,0.003079005,-5.41825E-05,0.000377426,9.41813E-05,0.00016771,0.002379965
0.077569,1.2252,0.67,5.7333,-0.28709,-0.064448,0.43844,0.085146,-0.0015333,0.009889,0.0027679,0.0047188,0.067224,0.147024,0.0804,0.687996,0.002800241,-0.0545471,-0.01224512,0.0833036,0.003073771,-5.53521E-05,0.000356993,9.99212E-05,0.000170349,0.002426786
0.077241,1.2335,0.67,5.7333,-0.27579,-0.064484,0.42197,0.083928,-0.001569,0.0088626,0.0028883,0.0046893,0.067665,0.14802,0.0804,0.687996,0.0027884,-0.0524001,-0.01225196,0.0801743,0.003029801,-5.66409E-05,0.00031994,0.000104268,0.000169284,0.002442707
0.076132,1.2417,0.67,5.7333,-0.26379,-0.065062,0.40839,0.082221,-0.0015716,0.0087567,0.0029688,0.0044852,0.067074,0.149004,0.0804,0.687996,0.002748365,-0.0501201,-0.01236178,0.0775941,0.002968178,-5.67348E-05,0.000316117,0.000107174,0.000161916,0.002421371
0.074631,1.25,0.67,5.7333,-0.25217,-0.065593,0.39524,0.079833,-0.0014577,0.0090816,0.0030401,0.0042765,0.066389,0.15,0.0804,0.687996,0.002694179,-0.0479123,-0.01246267,0.0750956,0.002881971,-5.2623E-05,0.000327846,0.000109748,0.000154382,0.002396643
0.072485,1.2583,0.67,5.7333,-0.2387,-0.065715,0.38045,0.076254,-0.0012558,0.0090785,0.0031246,0.0041594,0.065591,0.150996,0.0804,0.687996,0.002616709,-0.045353,-0.01248585,0.0722855,0.002752769,-4.53344E-05,0.000327734,0.000112798,0.000150154,0.002367835
0.069782,1.2665,0.67,5.7333,-0.22174,-0.065631,0.36294,0.071371,-0.0010591,0.0087094,0.0031972,0.0041308,0.064997,0.15198,0.0804,0.687996,0.00251913,-0.0421306,-0.01246989,0.0689586,0.002576493,-3.82335E-05,0.000314409,0.000115419,0.000149122,0.002346392
0.067425,1.2748,0.67,5.7333,-0.1999,-0.065674,0.3439,0.066532,-0.00091646,0.0074464,0.0032426,0.0041715,0.065075,0.152976,0.0804,0.687996,0.002434043,-0.037981,-0.01247806,0.065341,0.002401805,-3.30842E-05,0.000268815,0.000117058,0.000150591,0.002349208
0.06663,1.283,0.67,5.7333,-0.17183,-0.065913,0.32628,0.063873,-0.00087396,0.0052395,0.0032356,0.0042385,0.066152,0.15396,0.0804,0.687996,0.002405343,-0.0326477,-0.01252347,0.0619932,0.002305815,-3.155E-05,0.000189146,0.000116805,0.00015301,0.002388087
0.066664,1.2913,0.67,5.7333,-0.13871,-0.06597,0.31728,0.064021,-0.00098245,0.003717,0.0031748,0.0041963,0.066132,0.154956,0.0804,0.687996,0.00240657,-0.0263549,-0.0125343,0.0602832,0.002311158,-3.54664E-05,0.000134184,0.00011461,0.000151486,0.002387365
0.06556,1.2995,0.67,5.7333,-0.10678,-0.065945,0.32061,0.064479,-0.0011646,0.0039419,0.0030743,0.0039887,0.063566,0.15594,0.0804,0.687996,0.002366716,-0.0202882,-0.01252955,0.0609159,0.002327692,-4.20421E-05,0.000142303,0.000110982,0.000143992,0.002294733
0.06247,1.3078,0.67,5.7333,-0.081214,-0.065733,0.32988,0.062164,-0.0012511,0.005002,0.0029001,0.0036581,0.059877,0.156936,0.0804,0.687996,0.002255167,-0.01543066,-0.01248927,0.0626772,0.00224412,-4.51647E-05,0.000180572,0.000104694,0.000132057,0.00216156
0.057936,1.316,0.67,5.7333,-0.062045,-0.065117,0.33711,0.056701,-0.0012784,0.0054697,0.0027069,0.0032935,0.056465,0.15792,0.0804,0.687996,0.00209149,-0.01178855,-0.01237223,0.0640509,0.002046906,-4.61502E-05,0.000197456,9.77191E-05,0.000118895,0.002038387
0.052669,1.3243,0.67,5.7333,-0.046652,-0.06421,0.33781,0.049647,-0.0012761,0.0040254,0.0025465,0.0029622,0.053143,0.158916,0.0804,0.687996,0.001901351,-0.00886388,-0.0121999,0.0641839,0.001792257,-4.60672E-05,0.000145317,9.19287E-05,0.000106935,0.001918462
0.047407,1.3326,0.67,5.7333,-0.032147,-0.062896,0.33184,0.042837,-0.0012414,0.0013978,0.0023978,0.0028725,0.04958,0.159912,0.0804,0.687996,0.001711393,-0.00610793,-0.01195024,0.0630496,0.001546416,-4.48145E-05,5.04606E-05,8.65606E-05,0.000103697,0.001789838
0.042244,1.3408,0.67,5.7333,-0.01459,-0.061978,0.32176,0.037253,-0.0012611,-0.00064889,0.0022382,0.0027847,0.044997,0.160896,0.0804,0.687996,0.001525008,-0.0027721,-0.01177582,0.0611344,0.001344833,-4.55257E-05,-2.34249E-05,8.0799E-05,0.000100528,0.001624392
0.0396,1.3491,0.67,5.7333,0.0099303,-0.061454,0.30997,0.03414,-0.0012968,-0.0020105,0.0020691,0.002543,0.042992,0.161892,0.0804,0.687996,0.00142956,0.001886757,-0.01167626,0.0588943,0.001232454,-4.68145E-05,-7.25791E-05,7.46945E-05,9.18023E-05,0.001552011
0.037554,1.3573,0.67,5.7333,0.038608,-0.060785,0.30978,0.033811,-0.0013384,-0.0033304,0.0019023,0.002333,0.039395,0.162876,0.0804,0.687996,0.001355699,0.00733552,-0.01154915,0.0588582,0.001220577,-4.83162E-05,-0.000120227,6.8673E-05,8.42213E-05,0.00142216
0.035554,1.3656,0.67,5.7333,0.06384,-0.060284,0.31702,0.033624,-0.0014329,-0.00294,0.0017752,0.0020239,0.035707,0.163872,0.0804,0.687996,0.001283499,0.0121296,-0.01145396,0.0602338,0.001213826,-5.17277E-05,-0.000106134,6.40847E-05,7.30628E-05,0.001289023
0.033639,1.3738,0.67,5.7333,0.084457,-0.059479,0.32663,0.032348,-0.0014161,-0.0013806,0.0016164,0.0017141,0.033313,0.164856,0.0804,0.687996,0.001214368,0.01604683,-0.01130101,0.0620597,0.001167763,-5.11212E-05,-4.98397E-05,5.8352E-05,6.1879E-05,0.001202599
0.031102,1.3821,0.67,5.7333,0.10155,-0.058304,0.33935,0.030373,-0.0013445,-0.0006947,0.0014583,0.001549,0.030372,0.165852,0.0804,0.687996,0.001122782,0.0192945,-0.01107776,0.0644765,0.001096465,-4.85365E-05,-2.50787E-05,5.26446E-05,5.59189E-05,0.001096429
0.028636,1.3903,0.67,5.7333,0.1155,-0.057465,0.35006,0.027437,-0.001351,-0.00020295,0.0013582,0.0014195,0.028477,0.166836,0.0804,0.687996,0.00103376,0.021945,-0.01091835,0.0665114,0.000990476,-4.87711E-05,-7.3265E-06,4.9031E-05,5.1244E-05,0.00102802
0.026351,1.3986,0.67,5.7333,0.12612,-0.056423,0.35861,0.024718,-0.0012193,-0.00038642,0.0012746,0.0013509,0.02671,0.167832,0.0804,0.687996,0.000951271,0.0239628,-0.01072037,0.0681359,0.00089232,-4.40167E-05,-1.39498E-05,4.60131E-05,4.87675E-05,0.000964231
0.025332,1.4069,0.67,5.7333,0.13764,-0.055955,0.36461,0.023342,-0.001101,-0.00040231,0.0012437,0.0012888,0.026078,0.168828,0.0804,0.687996,0.000914485,0.0261516,-0.01063145,0.0692759,0.000842646,-3.97461E-05,-1.45234E-05,4.48976E-05,4.65257E-05,0.000941416
0.022586,1.4151,0.67,5.7333,0.15423,-0.055205,0.37542,0.020863,-0.0011199,-0.0014294,0.0012506,0.0011766,0.023059,0.169812,0.0804,0.687996,0.000815355,0.0293037,-0.01048895,0.0713298,0.000753154,-4.04284E-05,-5.16013E-05,4.51467E-05,4.24753E-05,0.00083243
0.020333,1.4234,0.67,5.7333,0.16799,-0.053013,0.3853,0.018312,-0.0012641,-0.0028991,0.0012529,0.0010548,0.021102,0.170808,0.0804,0.687996,0.000734021,0.0319181,-0.01007247,0.073207,0.000661063,-4.5634E-05,-0.000104658,4.52297E-05,3.80783E-05,0.000761782
0.019399,1.4316,0.67,5.7333,0.1797,-0.052645,0.39634,0.017536,-0.0012434,-0.0028025,0.0013011,0.0010085,0.01996,0.171792,0.0804,0.687996,0.000700304,0.034143,-0.01000255,0.0753046,0.00063305,-4.48867E-05,-0.00010117,4.69697E-05,3.64069E-05,0.000720556
0.017662,1.4399,0.67,5.7333,0.19418,-0.05263,0.40892,0.016373,-0.0010924,-0.0024745,0.001397,0.00095393,0.017555,0.172788,0.0804,0.687996,0.000637598,0.0368942,-0.0099997,0.0776948,0.000591065,-3.94356E-05,-8.93295E-05,5.04317E-05,3.44369E-05,0.000633736
0.016509,1.4481,0.67,5.7333,0.20968,-0.050584,0.42166,0.015383,-0.0012424,-0.0024542,0.0015153,0.00085922,0.016121,0.173772,0.0804,0.687996,0.000595975,0.0398392,-0.00961096,0.0801154,0.000555326,-4.48506E-05,-8.85966E-05,5.47023E-05,3.10178E-05,0.000581968
0.015976,1.4564,0.67,5.7333,0.22383,-0.049568,0.43868,0.015517,-0.0012599,-0.0028606,0.0016457,0.00085882,0.014788,0.174768,0.0804,0.687996,0.000576734,0.0425277,-0.00941792,0.0833492,0.000560164,-4.54824E-05,-0.000103268,5.94098E-05,3.10034E-05,0.000533847
0.01465,1.4647,0.67,5.7333,0.23592,-0.049026,0.45468,0.01439,-0.0011123,-0.0023777,0.0017753,0.00084115,0.013134,0.175764,0.0804,0.687996,0.000528865,0.0448248,-0.00931494,0.0863892,0.000519479,-4.0154E-05,-8.5835E-05,6.40883E-05,3.03655E-05,0.000474137
0.013887,1.4729,0.67,5.7333,0.24691,-0.047915,0.47066,0.013199,-0.001055,-0.0025187,0.0019274,0.00094089,0.012647,0.176748,0.0804,0.687996,0.000501321,0.0469129,-0.00910385,0.0894254,0.000476484,-3.80855E-05,-9.09251E-05,6.95791E-05,3.39661E-05,0.000456557
0.013059,1.4812,0.67,5.7333,0.25697,-0.04706,0.48895,0.012683,-0.00096205,-0.0025666,0.0020285,0.00097383,0.011407,0.177744,0.0804,0.687996,0.00047143,0.0488243,-0.0089414,0.0929005,0.000457856,-3.473E-05,-9.26543E-05,7.32289E-05,3.51553E-05,0.000411793
0.012047,1.4894,0.67,5.7333,0.26665,-0.04612,0.50703,0.011387,-0.00087716,-0.0021476,0.0020816,0.00097834,0.010626,0.178728,0.0804,0.687996,0.000434897,0.0506635,-0.0087628,0.0963357,0.000411071,-3.16655E-05,-7.75284E-05,7.51458E-05,3.53181E-05,0.000383599
0.011383,1.4977,0.67,5.7333,0.27528,-0.045734,0.52561,0.010504,-0.00078084,-0.002372,0.0021269,0.0010102,0.010135,0.179724,0.0804,0.687996,0.000410926,0.0523032,-0.00868946,0.0998659,0.000379194,-2.81883E-05,-8.56292E-05,7.67811E-05,3.64682E-05,0.000365874
0.010448,1.5059,0.67,5.7333,0.28374,-0.045604,0.5453,0.0096676,-0.00069286,-0.0019024,0.0021236,0.00094834,0.0091056,0.180708,0.0804,0.687996,0.000377173,0.0539106,-0.00866476,0.103607,0.000349,-2.50122E-05,-6.86766E-05,7.6662E-05,3.42351E-05,0.000328712
0.0099043,1.5142,0.67,5.7333,0.29029,-0.04548,0.56479,0.0090897,-0.00062307,-0.0018463,0.0020509,0.00083204,0.0086679,0.181704,0.0804,0.687996,0.000357545,0.0551551,-0.0086412,0.1073101,0.000328138,-2.24928E-05,-6.66514E-05,7.40375E-05,3.00366E-05,0.000312911
0.0091908,1.5224,0.67,5.7333,0.2946,-0.045476,0.58405,0.0086503,-0.00053134,-0.00186,0.0019481,0.00062012,0.0077833,0.182688,0.0804,0.687996,0.000331788,0.055974,-0.00864044,0.1109695,0.000312276,-1.91814E-05,-0.000067146,7.03264E-05,2.23863E-05,0.000280977
0.0085486,1.5307,0.67,5.7333,0.30027,-0.045147,0.60246,0.0080132,-0.000475,-0.0017826,0.0018542,0.00038613,0.0072298,0.183684,0.0804,0.687996,0.000308604,0.0570513,-0.00857793,0.1144674,0.000289277,-1.71475E-05,-6.43519E-05,6.69366E-05,1.39393E-05,0.000260996
0.0079482,1.539,0.67,5.7333,0.30653,-0.04423,0.62103,0.007519,-0.00042736,-0.0018357,0.0017914,0.00016604,0.0065861,0.18468,0.0804,0.687996,0.00028693,0.0582407,-0.0084037,0.1179957,0.000271436,-1.54277E-05,-6.62688E-05,6.46695E-05,5.99404E-06,0.000237758
0.0074367,1.5472,0.67,5.7333,0.31072,-0.04353,0.63888,0.0070495,-0.00038077,-0.0017027,0.0017645,3.87E-05,0.0060594,0.185664,0.0804,0.687996,0.000268465,0.0590368,-0.0082707,0.1213872,0.000254487,-1.37458E-05,-6.14675E-05,6.36985E-05,1.39653E-06,0.000218744
0.0069523,1.5555,0.67,5.7333,0.31282,-0.043548,0.65561,0.0066106,-0.00037562,-0.001684,0.0017406,-5.09E-05,0.0055534,0.18666,0.0804,0.687996,0.000250978,0.0594358,-0.00827412,0.1245659,0.000238643,-1.35599E-05,-6.07924E-05,6.28357E-05,-1.83825E-06,0.000200478
0.0065293,1.5637,0.67,5.7333,0.31569,-0.043987,0.67167,0.0061943,-0.00040635,-0.0016329,0.0017121,-0.00015285,0.0051522,0.187644,0.0804,0.687996,0.000235708,0.0599811,-0.00835753,0.1276173,0.000223614,-1.46692E-05,-5.89477E-05,6.18068E-05,-5.51789E-06,0.000185994
0.0061586,1.572,0.67,5.7333,0.31904,-0.044245,0.68776,0.0058657,-0.00045257,-0.00157,0.0016828,-0.00031001,0.0047687,0.18864,0.0804,0.687996,0.000222325,0.0606176,-0.00840655,0.1306744,0.000211752,-1.63378E-05,-0.000056677,6.07491E-05,-1.11914E-05,0.00017215
0.0058546,1.5802,0.67,5.7333,0.32046,-0.043725,0.70379,0.0055691,-0.0004742,-0.0014307,0.0016578,-0.00050188,0.0044824,0.189624,0.0804,0.687996,0.000211351,0.0608874,-0.00830775,0.1337201,0.000201045,-1.71186E-05,-5.16483E-05,5.98466E-05,-1.81179E-05,0.000161815
0.0055439,1.5885,0.67,5.7333,0.32169,-0.042264,0.72019,0.0052396,-0.00047853,-0.0012674,0.0016459,-0.00066226,0.0042023,0.19062,0.0804,0.687996,0.000200135,0.0611211,-0.00803016,0.1368361,0.00018915,-1.72749E-05,-4.57531E-05,5.9417E-05,-2.39076E-05,0.000151703
0.0053047,1.5968,0.67,5.7333,0.32414,-0.04005,0.73684,0.0049809,-0.00048368,-0.0010965,0.0016388,-0.00076438,0.0039898,0.191616,0.0804,0.687996,0.0001915,0.0615866,-0.0076095,0.1399996,0.00017981,-1.74608E-05,-3.95837E-05,5.91607E-05,-2.75941E-05,0.000144032
0.0050577,1.605,0.67,5.7333,0.32611,-0.037557,0.75318,0.0047529,-0.0004974,-0.00087453,0.0016383,-0.00082749,0.0037242,0.1926,0.0804,0.687996,0.000182583,0.0619609,-0.00713583,0.1431042,0.00017158,-1.79561E-05,-3.15705E-05,5.91426E-05,-2.98724E-05,0.000134444
0.0048049,1.6133,0.67,5.7333,0.32698,-0.035332,0.76879,0.0045047,-0.00050879,-0.0006562,0.0016406,-0.00085242,0.0034644,0.193596,0.0804,0.687996,0.000173457,0.0621262,-0.00671308,0.1460701,0.00016262,-1.83673E-05,-2.36888E-05,5.92257E-05,-3.07724E-05,0.000125065
0.0045325,1.6215,0.67,5.7333,0.32739,-0.033653,0.78364,0.0042717,-0.00050417,-0.0004006,0.0016204,-0.00085243,0.0031728,0.19458,0.0804,0.687996,0.000163623,0.0622041,-0.00639407,0.1488916,0.000154208,-1.82005E-05,-1.44617E-05,5.84964E-05,-3.07727E-05,0.000114538
0.0042993,1.6298,0.67,5.7333,0.32721,-0.032407,0.79715,0.0041238,-0.00048936,-0.00018087,0.0015542,-0.00083073,0.0029207,0.195576,0.0804,0.687996,0.000155205,0.0621699,-0.00615733,0.1514585,0.000148869,-1.76659E-05,-6.52941E-06,5.61066E-05,-2.99894E-05,0.000105437
0.0040779,1.638,0.67,5.7333,0.32647,-0.031478,0.8093,0.0040213,-0.00048063,-2.04E-05,0.0014462,-0.00079625,0.0026882,0.19656,0.0804,0.687996,0.000147212,0.0620293,-0.00598082,0.153767,0.000145169,-1.73507E-05,-7.35646E-07,5.22078E-05,-2.87446E-05,9.7044E-05
0.0038445,1.6463,0.67,5.7333,0.3248,-0.030729,0.82002,0.0038297,-0.00049179,7.84E-05,0.0013404,-0.00076144,0.0025189,0.197556,0.0804,0.687996,0.000138786,0.061712,-0.00583851,0.1558038,0.000138252,-1.77536E-05,2.83035E-06,4.83884E-05,-2.7488E-05,9.09323E-05
0.0036011,1.6545,0.67,5.7333,0.3219,-0.02977,0.82897,0.0035839,-0.00052225,0.00014475,0.0012725,-0.00071023,0.0023459,0.19854,0.0804,0.687996,0.00013,0.061161,-0.0056563,0.1575043,0.000129379,-1.88532E-05,5.22548E-06,4.59373E-05,-2.56393E-05,8.4687E-05
0.0034085,1.6628,0.67,5.7333,0.31861,-0.028503,0.83684,0.0033956,-0.00055099,0.00017799,0.0012309,-0.00063021,0.0021905,0.199536,0.0804,0.687996,0.000123047,0.0605359,-0.00541557,0.1589996,0.000122581,-1.98907E-05,6.42544E-06,4.44355E-05,-2.27506E-05,7.90771E-05
0.003285,1.6711,0.67,5.7333,0.31521,-0.027189,0.84414,0.0033179,-0.00055725,0.00018959,0.0012107,-0.00053001,0.0020414,0.200532,0.0804,0.687996,0.000118589,0.0598899,-0.00516591,0.1603866,0.000119776,-2.01167E-05,6.8442E-06,4.37063E-05,-1.91334E-05,7.36945E-05
0.0031173,1.6793,0.67,5.7333,0.31123,-0.025807,0.85076,0.0031769,-0.00053939,0.0001295,0.0012313,-0.00040851,0.0018264,0.201516,0.0804,0.687996,0.000112535,0.0591337,-0.00490333,0.1616444,0.000114686,-1.9472E-05,4.67495E-06,4.44499E-05,-1.47472E-05,6.5933E-05
0.0029085,1.6876,0.67,5.7333,0.30667,-0.024082,0.85715,0.0029501,-0.00050173,3.73E-05,0.001284,-0.0002737,0.0015829,0.202512,0.0804,0.687996,0.000104997,0.0582673,-0.00457558,0.1628585,0.000106499,-1.81125E-05,1.34747E-06,4.63524E-05,-9.88057E-06,5.71427E-05
0.002738,1.6958,0.67,5.7333,0.30175,-0.021803,0.86343,0.0027976,-0.00045215,-4.08E-05,0.0013252,-0.00015048,0.0013533,0.203496,0.0804,0.687996,9.88418E-05,0.0573325,-0.00414257,0.1640517,0.000100993,-1.63226E-05,-1.47302E-06,4.78397E-05,-5.43233E-06,4.88541E-05
0.002617,1.7041,0.67,5.7333,0.29663,-0.018961,0.87004,0.002725,-0.00039532,-0.00010851,0.0013082,-6.86E-05,0.0012008,0.204492,0.0804,0.687996,9.44737E-05,0.0563597,-0.00360259,0.1653076,9.83725E-05,-1.42711E-05,-3.91721E-06,4.7226E-05,-2.47527E-06,4.33489E-05
0.0025111,1.7123,0.67,5.7333,0.29161,-0.015972,0.87802,0.002663,-0.00035082,-0.00014499,0.0012311,-4.90E-05,0.0011282,0.205476,0.0804,0.687996,9.06507E-05,0.0554059,-0.00303468,0.1668238,9.61343E-05,-1.26646E-05,-5.23414E-06,4.44427E-05,-1.76785E-06,4.0728E-05
0.0024054,1.7206,0.67,5.7333,0.28686,-0.013554,0.88701,0.002581,-0.00033567,-0.00014944,0.0011371,-7.91E-05,0.0010928,0.206472,0.0804,0.687996,8.68349E-05,0.0545034,-0.00257526,0.1685319,9.31741E-05,-1.21177E-05,-5.39478E-06,4.10493E-05,-2.85479E-06,3.94501E-05
0.0023378,1.7289,0.67,5.7333,0.28212,-0.011913,0.89553,0.0025296,-0.00035072,-0.00013813,0.001065,-0.00011506,0.001081,0.207468,0.0804,0.687996,8.43946E-05,0.0536028,-0.00226347,0.1701507,9.13186E-05,-1.2661E-05,-4.98649E-06,3.84465E-05,-4.15367E-06,3.90241E-05
0.0023124,1.7371,0.67,5.7333,0.2771,-0.010615,0.90351,0.0024857,-0.00038885,-0.0001417,0.0010377,-0.00011254,0.0011014,0.208452,0.0804,0.687996,8.34776E-05,0.052649,-0.00201685,0.1716669,8.97338E-05,-1.40375E-05,-5.11537E-06,3.7461E-05,-4.06269E-06,3.97605E-05
0.0023248,1.7454,0.67,5.7333,0.27205,-0.0093117,0.911,0.0024311,-0.00043364,-0.00013277,0.0010549,-8.07E-05,0.0011635,0.209448,0.0804,0.687996,8.39253E-05,0.0516895,-0.001769223,0.17309,8.77627E-05,-1.56544E-05,-4.793E-06,3.80819E-05,-2.91298E-06,4.20024E-05
0.0024034,1.7536,0.67,5.7333,0.2672,-0.0079502,0.91752,0.0024188,-0.00048596,-4.29E-05,0.0010976,-6.86E-05,0.0012904,0.210432,0.0804,0.687996,8.67627E-05,0.050768,-0.001510538,0.1743288,8.73187E-05,-1.75432E-05,-1.5484E-06,3.96234E-05,-2.47466E-06,4.65834E-05
0.0025336,1.7619,0.67,5.7333,0.26233,-0.0066812,0.9223,0.0024485,-0.00054165,0.00011346,0.0011435,-9.38E-05,0.0014752,0.211428,0.0804,0.687996,9.1463E-05,0.0498427,-0.001269428,0.175237,8.83909E-05,-1.95536E-05,4.09591E-06,4.12804E-05,-3.38517E-06,5.32547E-05
0.0026743,1.7701,0.67,5.7333,0.25767,-0.0055402,0.92647,0.0025207,-0.00058489,0.00028589,0.0011973,-1.00E-04,0.0016305,0.212412,0.0804,0.687996,9.65422E-05,0.0489573,-0.001052638,0.1760293,9.09973E-05,-2.11145E-05,1.03206E-05,4.32225E-05,-3.60866E-06,5.88611E-05
0.00273,1.7784,0.67,5.7333,0.25375,-0.0045844,0.93181,0.0026058,-0.00062233,0.00040181,0.001264,-6.13E-05,0.0015901,0.213408,0.0804,0.687996,0.000098553,0.0482125,-0.000871036,0.1770439,9.40694E-05,-2.24661E-05,1.45053E-05,4.56304E-05,-2.21322E-06,5.74026E-05
0.0027055,1.7866,0.67,5.7333,0.25055,-0.0036414,0.93855,0.0026771,-0.00067084,0.00043931,0.0013458,-9.16E-06,0.0013881,0.214392,0.0804,0.687996,9.76686E-05,0.0476045,-0.000691866,0.1783245,9.66433E-05,-2.42173E-05,1.58591E-05,4.85834E-05,-3.30745E-07,5.01104E-05
0.0026986,1.7949,0.67,5.7333,0.24754,-0.0020181,0.9455,0.0027344,-0.00072985,0.00044257,0.0014393,2.54E-05,0.0012235,0.215388,0.0804,0.687996,9.74195E-05,0.0470326,-0.000383439,0.179645,9.87118E-05,-2.63476E-05,1.59768E-05,5.19587E-05,9.17554E-07,4.41684E-05
0.0027002,1.8032,0.67,5.7333,0.24429,0.00057362,0.95189,0.0027589,-0.00077702,0.00041564,0.0015203,5.30E-05,0.0011212,0.216384,0.0804,0.687996,9.74772E-05,0.0464151,0.000108988,0.1808591,9.95963E-05,-2.80504E-05,1.50046E-05,5.48828E-05,1.91399E-06,4.04753E-05
0.0026683,1.8114,0.67,5.7333,0.24071,0.0033727,0.95782,0.0027328,-0.00080091,0.00034997,0.0015872,7.77E-05,0.0010166,0.217368,0.0804,0.687996,9.63256E-05,0.0457349,0.000640813,0.1819858,9.86541E-05,-2.89129E-05,1.26339E-05,5.72979E-05,2.8045E-06,3.66993E-05
0.0026065,1.8197,0.67,5.7333,0.23692,0.0053233,0.96341,0.0026673,-0.00080388,0.00026359,0.0016359,8.22E-05,0.00090988,0.218364,0.0804,0.687996,9.40947E-05,0.0450148,0.001011427,0.1830479,9.62895E-05,-2.90201E-05,9.5156E-06,5.9056E-05,2.96659E-06,3.28467E-05
0.0025219,1.8279,0.67,5.7333,0.23311,0.0057742,0.96845,0.0026082,-0.00078916,0.00017017,0.001642,6.38E-05,0.00079364,0.219348,0.0804,0.687996,9.10406E-05,0.0442909,0.001097098,0.1840055,9.4156E-05,-2.84887E-05,6.14314E-06,5.92762E-05,2.30329E-06,2.86504E-05
0.0024557,1.8362,0.67,5.7333,0.22944,0.0048245,0.9734,0.0025578,-0.00077071,9.54E-05,0.0016126,2.68E-05,0.00074106,0.220344,0.0804,0.687996,8.86508E-05,0.0435936,0.000916655,0.184946,9.23366E-05,-2.78226E-05,3.44473E-06,5.82149E-05,9.67408E-07,2.67523E-05
0.0024277,1.8446,0.67,5.7333,0.22585,0.0030986,0.97882,0.0025108,-0.0007539,5.06E-05,0.0015667,-2.16E-05,0.00077785,0.221352,0.0804,0.687996,8.764E-05,0.0429115,0.000588734,0.1859758,9.06399E-05,-2.72158E-05,1.82778E-06,5.65579E-05,-7.78966E-07,2.80804E-05
0.0024332,1.8534,0.67,5.7333,0.22209,0.001444,0.98448,0.0024611,-0.0007384,5.08E-05,0.0015437,-6.19E-05,0.00086167,0.222408,0.0804,0.687996,8.78385E-05,0.0421971,0.00027436,0.1870512,8.88457E-05,-2.66562E-05,1.83374E-06,5.57276E-05,-2.23632E-06,3.11063E-05
0.0024446,1.8626,0.67,5.7333,0.21802,0.00069623,0.99046,0.0023849,-0.00073174,0.00012026,0.0015443,-0.00012856,0.00096,0.223512,0.0804,0.687996,8.82501E-05,0.0414238,0.000132284,0.1881874,8.60949E-05,-2.64158E-05,4.34139E-06,5.57492E-05,-4.64102E-06,0.000034656
0.002431,1.8723,0.67,5.7333,0.21357,0.0015147,0.9964,0.0022802,-0.00071934,0.00026162,0.0015364,-0.00023482,0.0010455,0.224676,0.0804,0.687996,8.77591E-05,0.0405783,0.000287793,0.189316,8.23152E-05,-2.59682E-05,9.44448E-06,5.5464E-05,-8.477E-06,3.77426E-05
0.0024388,1.8824,0.67,5.7333,0.20879,0.0029687,1.0019,0.002139,-0.00068362,0.0004061,0.0015345,-0.0003736,0.0012042,0.225888,0.0804,0.687996,8.80407E-05,0.0396701,0.000564053,0.190361,7.72179E-05,-2.46787E-05,1.46602E-05,5.53955E-05,-1.3487E-05,4.34716E-05
0.0024813,1.8931,0.67,5.7333,0.20385,0.0048178,1.0067,0.0019943,-0.0006207,0.00056465,0.0015332,-0.00050972,0.0014351,0.227172,0.0804,0.687996,8.95749E-05,0.0387315,0.000915382,0.191273,7.19942E-05,-2.24073E-05,2.03839E-05,5.53485E-05,-1.84009E-05,5.18071E-05
0.0025202,1.9042,0.67,5.7333,0.19882,0.0066913,1.0114,0.0018721,-0.00055187,0.00062351,0.0015123,-0.00068207,0.0016561,0.228504,0.0804,0.687996,9.09792E-05,0.0377758,0.001271347,0.192166,6.75828E-05,-1.99225E-05,2.25087E-05,5.4594E-05,-2.46227E-05,5.97852E-05
0.0025161,1.9159,0.67,5.7333,0.19359,0.0074896,1.0147,0.0017623,-0.00054643,0.00054823,0.0015022,-0.00074681,0.0017677,0.229908,0.0804,0.687996,9.08312E-05,0.0367821,0.001423024,0.192793,6.3619E-05,-1.97261E-05,1.97911E-05,5.42294E-05,-2.69598E-05,6.3814E-05
0.0025569,1.9282,0.67,5.7333,0.18813,0.0072796,1.0194,0.0017072,-0.00060035,0.00037299,0.0015708,-0.00073377,0.0018358,0.231384,0.0804,0.687996,9.23041E-05,0.0357447,0.001383124,0.193686,6.16299E-05,-2.16726E-05,1.34649E-05,5.67059E-05,-2.64891E-05,6.62724E-05
0.0026254,1.941,0.67,5.7333,0.18234,0.0082499,1.0244,0.00174,-0.0006516,0.00024268,0.0016363,-0.00074516,0.0018746,0.23292,0.0804,0.687996,9.47769E-05,0.0346446,0.001567481,0.194636,0.000062814,-2.35228E-05,8.76075E-06,5.90704E-05,-2.69003E-05,6.76731E-05
0.0027823,1.9545,0.67,5.7333,0.17623,0.0086095,1.0277,0.0018132,-0.00066924,0.00030538,0.0015967,-0.00076124,0.0021547,0.23454,0.0804,0.687996,0.000100441,0.0334837,0.001635805,0.195263,6.54565E-05,-2.41596E-05,1.10242E-05,5.76409E-05,-2.74808E-05,7.77847E-05
0.0028877,1.9686,0.67,5.7333,0.17006,0.0082857,1.0272,0.001855,-0.00060628,0.00021868,0.0015573,-0.00078474,0.0023631,0.236232,0.0804,0.687996,0.000104246,0.0323114,0.001574283,0.195168,6.69655E-05,-2.18867E-05,7.89435E-06,5.62185E-05,-2.83291E-05,8.53079E-05
0.0028478,1.9833,0.67,5.7333,0.16386,0.0077191,1.0307,0.0018371,-0.0003996,0.00013504,0.0013621,-0.00074886,0.0024963,0.237996,0.0804,0.687996,0.000102806,0.0311334,0.001466629,0.195833,6.63193E-05,-1.44256E-05,4.87494E-06,4.91718E-05,-2.70338E-05,9.01164E-05
0.0026418,1.9988,0.67,5.7333,0.15722,0.010289,1.0338,0.0017861,-0.00016948,2.42E-05,0.0012531,-0.00066522,0.0022444,0.239856,0.0804,0.687996,9.5369E-05,0.0298718,0.00195491,0.196422,6.44782E-05,-6.11823E-06,8.72934E-07,4.52369E-05,-2.40144E-05,8.10228E-05
0.0025519,2.0149,0.67,5.7333,0.15074,0.012053,1.0344,0.0017123,-9.35E-06,-2.08E-06,0.001288,-0.00064081,0.0021035,0.241788,0.0804,0.687996,9.21236E-05,0.0286406,0.00229007,0.196536,6.1814E-05,-3.37557E-07,-7.51241E-08,4.64968E-05,-2.31332E-05,7.59364E-05
0.0026628,2.0319,0.67,5.7333,0.1449,0.013582,1.0329,0.0015983,5.79E-05,-7.19E-05,0.0014319,-0.00053636,0.0022955,0.243828,0.0804,0.687996,9.61271E-05,0.027531,0.00258058,0.196251,5.76986E-05,2.08947E-06,-2.59721E-06,5.16916E-05,-1.93626E-05,8.28676E-05
0.0024621,2.0496,0.67,5.7333,0.13895,0.010813,1.027,0.0014496,5.55E-05,-0.00017343,0.0012628,-0.00031327,0.0022118,0.245952,0.0804,0.687996,8.88818E-05,0.0264005,0.00205447,0.19513,5.23306E-05,2.00362E-06,-6.26082E-06,4.55871E-05,-1.1309E-05,7.9846E-05
0.0027414,2.0681,0.67,5.7333,0.13244,0.0063733,1.0255,0.0013939,8.10E-05,0.00017668,0.00092432,3.22E-05,0.0031645,0.248172,0.0804,0.687996,9.89645E-05,0.0251636,0.001210927,0.194845,5.03198E-05,2.92276E-06,6.37815E-06,3.3368E-05,1.16141E-06,0.000114238
0.003422,2.0875,0.67,5.7333,0.12519,0.005513,1.0176,0.0015242,3.17E-05,0.00062131,0.00085232,0.00010487,0.0044674,0.2505,0.0804,0.687996,0.000123534,0.0237861,0.00104747,0.193344,5.50236E-05,1.14386E-06,2.24293E-05,3.07688E-05,3.78581E-06,0.000161273
0.0041119,2.1078,0.67,5.7333,0.11766,0.0040045,1.0105,0.0017679,-0.00014422,0.0012803,0.00070694,-0.00013416,0.005749,0.252936,0.0804,0.687996,0.00014844,0.0223554,0.000760855,0.191995,6.38212E-05,-5.20634E-06,4.62188E-05,2.55205E-05,-4.84318E-06,0.000207539
0.0048768,2.129,0.67,5.7333,0.11032,0.0094861,1.0084,0.0020525,-0.00029417,0.0020575,0.00070632,-0.0002991,0.0069948,0.25548,0.0804,0.687996,0.000176052,0.0209608,0.001802359,0.191596,7.40953E-05,-1.06195E-05,7.42758E-05,2.54982E-05,-1.07975E-05,0.000252512
0.0049089,2.1511,0.67,5.7333,0.10455,0.015261,1.0017,0.0022181,-0.0001858,0.0022266,0.00086834,-8.74E-05,0.0067314,0.258132,0.0804,0.687996,0.000177211,0.0198645,0.00289959,0.190323,8.00734E-05,-6.70738E-06,8.03803E-05,3.13471E-05,-3.15644E-06,0.000243004
0.004053,2.1743,0.67,5.7333,0.10074,0.019278,1.0008,0.0021618,5.02E-05,0.001756,0.0009987,0.00015559,0.0049455,0.260916,0.0804,0.687996,0.000146313,0.0191406,0.00366282,0.190152,7.8041E-05,1.81273E-06,6.33916E-05,3.60531E-05,5.6168E-06,0.000178533
0.0036047,2.1984,0.67,5.7333,0.095185,0.021387,1.0063,0.0019783,0.0001043,0.0016175,0.00097197,-1.66E-05,0.0042593,0.263808,0.0804,0.687996,0.00013013,0.01808515,0.00406353,0.191197,7.14166E-05,3.76523E-06,5.83918E-05,3.50881E-05,-5.99657E-07,0.000153761
0.0039004,2.2237,0.67,5.7333,0.086647,0.024843,0.99096,0.0018076,0.00032593,0.001674,0.0015268,0.00051259,0.0044664,0.266844,0.0804,0.687996,0.000140804,0.01646293,0.00472017,0.1882824,6.52544E-05,1.17661E-05,6.04314E-05,5.51175E-05,1.85045E-05,0.000161237
0.0048659,2.2501,0.67,5.7333,0.077934,0.032143,0.96972,0.0018839,0.00060963,0.0015249,0.0021523,0.0012581,0.0056956,0.270012,0.0804,0.687996,0.000175659,0.01480746,0.00610717,0.1842468,6.80088E-05,2.20076E-05,5.50489E-05,7.7698E-05,4.54174E-05,0.000205611
0.0050881,2.2776,0.67,5.7333,0.069396,0.035536,0.96355,0.0021307,0.00055923,0.0015479,0.0020243,0.00079341,0.0060213,0.273312,0.0804,0.687996,0.00018368,0.01318524,0.00675184,0.1830745,7.69183E-05,2.01882E-05,5.58792E-05,7.30772E-05,2.86421E-05,0.000217369
0.004989,2.3063,0.67,5.7333,0.061332,0.038835,0.94997,0.0022867,0.00034577,0.0013168,0.0017779,-0.00039067,0.0059134,0.276756,0.0804,0.687996,0.000180103,0.01165308,0.00737865,0.1804943,8.25499E-05,1.24823E-05,4.75365E-05,6.41822E-05,-1.41032E-05,0.000213474
0.0058981,2.3362,0.67,5.7333,0.051061,0.049538,0.93588,0.0024078,0.00038046,0.0015065,0.0018799,-0.00055362,0.0075084,0.280344,0.0804,0.687996,0.000212921,0.00970159,0.00941222,0.1778172,8.69216E-05,1.37346E-05,5.43847E-05,6.78644E-05,-1.99857E-05,0.000271053
0.0056376,2.3674,0.67,5.7333,0.038573,0.060045,0.90911,0.0023925,0.00057853,0.0017404,0.0024746,0.0001607,0.0064081,0.284088,0.0804,0.687996,0.000203517,0.00732887,0.01140855,0.1727309,8.63693E-05,2.08849E-05,6.28284E-05,8.93331E-05,5.80127E-06,0.000231332
0.0053969,2.3999,0.67,5.7333,0.028397,0.067771,0.87897,0.0019231,0.00065677,0.0015256,0.0037254,0.00028009,0.0051453,0.287988,0.0804,0.687996,0.000194828,0.00539543,0.01287649,0.1670043,6.94239E-05,2.37094E-05,5.50742E-05,0.000134487,1.01112E-05,0.000185745
0.0051425,2.4338,0.67,5.7333,0.018047,0.07708,0.8438,0.0011021,0.00040883,0.001288,0.0035829,0.00049174,0.0056,0.292056,0.0804,0.687996,0.000185644,0.00342893,0.0146452,0.160322,3.97858E-05,1.47588E-05,4.64968E-05,0.000129343,1.77518E-05,0.00020216
0.003599,2.4691,0.67,5.7333,0.0075877,0.073162,0.72767,0.00035324,6.83E-05,0.00062972,0.0021029,0.00073666,0.0047419,0.296292,0.0804,0.687996,0.000129924,0.001441663,0.01390078,0.1382573,1.2752E-05,2.46512E-06,2.27329E-05,7.59147E-05,2.65934E-05,0.000171183
0.0013651,2.5058,0.67,5.7333,0.0019827,0.032211,0.3203,2.26E-05,1.18E-05,0.00011006,0.00080402,0.00029363,0.0019036,0.300696,0.0804,0.687996,4.92801E-05,0.000376713,0.00612009,0.060857,8.17124E-07,4.25258E-07,3.97317E-06,2.90251E-05,1.06E-05,6.872E-05
2.50E-07,2.544,0.67,5.7333,0.00042377,9.15E-14,-1.71E-17,5.00E-07,1.08E-16,-1.28E-20,2.32E-26,-2.76E-30,6.26E-34,0.30528,0.0804,0.687996,9.01922E-09,8.05163E-05,1.73814E-14,-3.24425E-18,1.80384E-08,3.88761E-18,-4.62802E-22,8.37881E-28,-9.98093E-32,2.25939E-35
0,2.5837,0.67,5.7333,0,0,0,0,0,0,0,0,0,0.310044,0.0804,0.687996,0,0,0,0,0,0,0,0,0,0
0,2.625,0.67,5.7333,0,0,0,0,0,0,0,0,0,0.315,0.0804,0.687996,0,0,0,0,0,0,0,0,0,0
0,-0.125,0.67,5.7416,0,0,0,0,0,0,0,0,0,-0.015,0.0804,0.688992,0,0,0,0,0,0,0,0,0,0
0,-0.083719,0.67,5.7416,0,0,0,0,0,0,0,0,0,-0.01004628,0.0804,0.688992,0,0,0,0,0,0,0,0,0,0
1.50E-07,-0.044001,0.67,5.7416,-0.00052418,-1.47E-13,2.92E-17,3.00E-07,8.40E-17,-1.65E-20,2.35E-26,-4.62E-30,1.08E-33,-0.00528012,0.0804,0.688992,5.4132E-09,-9.95942E-05,-2.78692E-14,5.54762E-18,1.08264E-08,3.03189E-18,-5.95903E-22,8.49072E-28,-1.66923E-31,3.89086E-35
0.00099157,-0.0058053,0.67,5.7416,-0.0030043,0.025278,0.40114,1.03E-05,-2.66E-05,-3.14E-05,0.00080693,-0.00020398,0.0011659,-0.000696636,0.0804,0.688992,3.57957E-05,-0.000570817,0.00480282,0.0762166,3.73274E-07,-9.59719E-07,-1.13213E-06,2.91302E-05,-7.36368E-06,4.2089E-05
0.002579,0.030909,0.67,5.7416,-0.012072,0.05719,0.90738,0.00016023,-0.00015609,-0.00017927,0.002094,-0.00052296,0.0029037,0.00370908,0.0804,0.688992,9.31019E-05,-0.00229368,0.0108661,0.1724022,5.7843E-06,-5.63485E-06,-6.47165E-06,7.55934E-05,-1.88789E-05,0.000104824
0.0026355,0.066184,0.67,5.7416,-0.026664,0.051743,1.0256,0.00042294,-0.00023664,-0.00010156,0.0018521,-0.00062375,0.0029959,0.00794208,0.0804,0.688992,9.51416E-05,-0.00506616,0.00983117,0.194864,1.52681E-05,-8.5427E-06,-3.66632E-06,6.68608E-05,-2.25174E-05,0.000108152
0.0024259,0.10006,0.67,5.7416,-0.04216,0.038061,1.0599,0.0005545,-0.00022493,-6.98E-06,0.0014792,-0.00074437,0.0028181,0.0120072,0.0804,0.688992,8.7575E-05,-0.0080104,0.00723159,0.201381,2.00175E-05,-8.11997E-06,-2.51989E-07,5.33991E-05,-2.68718E-05,0.000101733
0.0029673,0.13258,0.67,5.7416,-0.052851,0.030953,1.0765,0.00056403,-0.0001375,-0.00010504,0.0013735,-0.0009014,0.0039972,0.0159096,0.0804,0.688992,0.00010712,-0.01004169,0.00588107,0.204535,2.03615E-05,-4.96375E-06,-3.79194E-06,4.95834E-05,-3.25405E-05,0.000144299
0.0027253,0.16379,0.67,5.7416,-0.055939,0.020058,1.0926,0.00063859,-4.60E-05,-0.00024358,0.00098996,-0.00072165,0.003822,0.0196548,0.0804,0.688992,9.83833E-05,-0.01062841,0.00381102,0.207594,2.30531E-05,-1.65977E-06,-8.79324E-06,3.57376E-05,-2.60516E-05,0.000137974
0.0025508,0.19372,0.67,5.7416,-0.058075,0.020366,1.1037,0.00084041,-4.24E-06,-0.00041073,0.0011132,-0.00068171,0.003148,0.0232464,0.0804,0.688992,9.20839E-05,-0.01103425,0.00386954,0.209703,3.03388E-05,-1.5306E-07,-1.48274E-05,4.01865E-05,-2.46097E-05,0.000113643
0.0034417,0.22242,0.67,5.7416,-0.061954,0.027197,1.1049,0.0011529,5.83E-05,-0.0007466,0.0011033,-0.00064011,0.0046272,0.0266904,0.0804,0.688992,0.000124245,-0.01177126,0.00516743,0.209931,4.16197E-05,2.10373E-06,-2.69523E-05,3.98291E-05,-2.3108E-05,0.000167042
0.0030179,0.24993,0.67,5.7416,-0.068281,0.027495,1.1103,0.0013462,0.0001543,-0.0008035,0.0010944,-0.00018079,0.0035951,0.0299916,0.0804,0.688992,0.000108946,-0.01297339,0.00522405,0.210957,4.85978E-05,5.57023E-06,-2.90064E-05,3.95078E-05,-6.52652E-06,0.000129783
0.0025152,0.27629,0.67,5.7416,-0.076168,0.026486,1.1124,0.001353,0.00010382,-0.00085239,0.0014441,-0.00034113,0.0022333,0.0331548,0.0804,0.688992,9.07987E-05,-0.01447192,0.00503234,0.211356,4.88433E-05,3.7479E-06,-3.07713E-05,5.2132E-05,-1.23148E-05,8.06221E-05
0.0032786,0.30154,0.67,5.7416,-0.083602,0.021685,1.1149,0.0014593,5.98E-05,-0.00099693,0.0018882,-0.0010911,0.0032098,0.0361848,0.0804,0.688992,0.000118357,-0.01588438,0.00412015,0.211831,5.26807E-05,2.16033E-06,-3.59892E-05,6.8164E-05,-3.93887E-05,0.000115874
0.0032161,0.32572,0.67,5.7416,-0.090417,0.016384,1.1142,0.0015608,0.00012644,-0.00074712,0.0015305,-0.0011679,0.0033409,0.0390864,0.0804,0.688992,0.000116101,-0.01717923,0.00311296,0.211698,5.63449E-05,4.56448E-06,-2.6971E-05,5.52511E-05,-4.21612E-05,0.000120606
0.0025405,0.34887,0.67,5.7416,-0.095773,0.019933,1.1118,0.0015281,8.86E-05,-0.00023961,0.0010519,-0.00054335,0.0025009,0.0418644,0.0804,0.688992,9.17121E-05,-0.01819687,0.00378727,0.211242,5.51644E-05,3.19712E-06,-8.64992E-06,3.79736E-05,-1.96149E-05,9.02825E-05
0.002342,0.37102,0.67,5.7416,-0.10164,0.027764,1.1155,0.0015357,0.00015281,-0.00022562,0.0011533,-0.00049144,0.0019949,0.0445224,0.0804,0.688992,8.45462E-05,-0.0193116,0.00527516,0.211945,5.54388E-05,5.51644E-06,-8.14488E-06,4.16341E-05,-1.7741E-05,7.20159E-05
0.0026675,0.39221,0.67,5.7416,-0.10899,0.034788,1.1141,0.0016704,0.00032044,-0.00054434,0.0012535,-0.00088766,0.0024112,0.0470652,0.0804,0.688992,9.62968E-05,-0.0207081,0.00660972,0.211679,6.03014E-05,1.15679E-05,-1.96507E-05,4.52514E-05,-3.20445E-05,8.70443E-05
0.0033133,0.41248,0.67,5.7416,-0.11471,0.038184,1.1042,0.001922,0.00055568,-0.00085476,0.0014033,-0.0011963,0.0033013,0.0494976,0.0804,0.688992,0.00011961,-0.0217949,0.00725496,0.209798,6.93842E-05,2.006E-05,-3.08568E-05,5.06591E-05,-4.31864E-05,0.000119177
0.0039355,0.43187,0.67,5.7416,-0.11907,0.039671,1.1009,0.0021691,0.00064806,-0.00098828,0.0016138,-0.0013973,0.0040881,0.0518244,0.0804,0.688992,0.000142072,-0.0226233,0.00753749,0.209171,7.83045E-05,2.3395E-05,-3.56769E-05,5.82582E-05,-5.04425E-05,0.00014758
0.0039998,0.4504,0.67,5.7416,-0.12498,0.038466,1.0979,0.0022127,0.00046963,-0.00050719,0.0016395,-0.0013827,0.0041474,0.054048,0.0804,0.688992,0.000144393,-0.0237462,0.00730854,0.208601,7.98785E-05,1.69536E-05,-1.83096E-05,5.9186E-05,-4.99155E-05,0.000149721
0.0034796,0.46812,0.67,5.7416,-0.1329,0.034308,1.1006,0.0019996,0.00016353,-0.00025443,0.0014447,-0.0011825,0.0035148,0.0561744,0.0804,0.688992,0.000125614,-0.025251,0.00651852,0.209114,7.21856E-05,5.90343E-06,-9.18492E-06,5.21537E-05,-4.26883E-05,0.000126884
0.0027693,0.48504,0.67,5.7416,-0.14182,0.030139,1.1016,0.0016847,-9.99E-05,-0.00016063,0.0012592,-0.00085446,0.0025947,0.0582048,0.0804,0.688992,9.99717E-05,-0.0269458,0.00572641,0.209304,6.08177E-05,-3.60498E-06,-5.79874E-06,4.54571E-05,-3.0846E-05,9.36687E-05
0.0026475,0.50122,0.67,5.7416,-0.15031,0.026922,1.1073,0.0014388,-0.0002191,-0.00024719,0.0012545,-0.00068721,0.0026017,0.0601464,0.0804,0.688992,9.55748E-05,-0.0285589,0.00511518,0.210387,5.19407E-05,-7.90951E-06,-8.92356E-06,4.52875E-05,-2.48083E-05,9.39214E-05
0.0026528,0.51667,0.67,5.7416,-0.15762,0.024197,1.1118,0.0013275,-0.00021637,-0.00035691,0.0012745,-0.00045927,0.0027035,0.0620004,0.0804,0.688992,9.57661E-05,-0.0299478,0.00459743,0.211242,4.79228E-05,-7.81096E-06,-1.28845E-05,4.60095E-05,-1.65796E-05,9.75964E-05
0.002428,0.53142,0.67,5.7416,-0.16386,0.019657,1.1135,0.0013692,-0.00013268,-0.00046602,0.0012769,-0.00016026,0.0022099,0.0637704,0.0804,0.688992,8.76508E-05,-0.0311334,0.00373483,0.211565,4.94281E-05,-4.78975E-06,-1.68233E-05,4.60961E-05,-5.78539E-06,7.97774E-05
0.0023745,0.54551,0.67,5.7416,-0.1689,0.015449,1.1129,0.0015561,-5.23E-05,-0.00066484,0.0014048,-5.97E-05,0.0017881,0.0654612,0.0804,0.688992,8.57195E-05,-0.032091,0.00293531,0.211451,5.61752E-05,-1.88958E-06,-2.40007E-05,5.07133E-05,-2.15582E-06,6.45504E-05
0.0026153,0.55896,0.67,5.7416,-0.17297,0.011165,1.1112,0.0018494,0.00012269,-0.00089737,0.0015371,-0.00015919,0.0018442,0.0670752,0.0804,0.688992,9.44123E-05,-0.0328643,0.00212135,0.211128,6.67633E-05,4.42911E-06,-3.23951E-05,5.54893E-05,-5.74676E-06,6.65756E-05
0.0029483,0.5718,0.67,5.7416,-0.17721,0.0080014,1.108,0.0021832,0.00035916,-0.001135,0.0016315,-0.000264,0.0020819,0.068616,0.0804,0.688992,0.000106434,-0.0336699,0.001520266,0.21052,7.88135E-05,1.29657E-05,-4.09735E-05,5.88972E-05,-9.5304E-06,7.51566E-05
0.0031609,0.58405,0.67,5.7416,-0.1825,0.003718,1.1053,0.0023912,0.00052071,-0.0012239,0.0016732,-0.00034963,0.0022575,0.070086,0.0804,0.688992,0.000114108,-0.034675,0.00070642,0.210007,8.63223E-05,1.87976E-05,-4.41828E-05,6.04025E-05,-1.26216E-05,8.14958E-05
0.0031772,0.59575,0.67,5.7416,-0.18876,-0.0020982,1.1077,0.0023989,0.00054219,-0.0011849,0.0015711,-0.00044201,0.0023844,0.07149,0.0804,0.688992,0.000114697,-0.0358644,-0.000398658,0.210463,8.66003E-05,1.95731E-05,-4.27749E-05,5.67167E-05,-1.59566E-05,8.60768E-05
0.003113,0.6069,0.67,5.7416,-0.19555,-0.0065147,1.1126,0.0023045,0.00043007,-0.0010986,0.0013886,-0.0005498,0.0025329,0.072828,0.0804,0.688992,0.000112379,-0.0371545,-0.001237793,0.211394,8.31925E-05,1.55255E-05,-3.96595E-05,5.01285E-05,-1.98478E-05,9.14377E-05
0.0030063,0.61755,0.67,5.7416,-0.20227,-0.0099882,1.1181,0.0021527,0.0002708,-0.0009761,0.0012218,-0.0006147,0.0026381,0.074106,0.0804,0.688992,0.000108527,-0.0384313,-0.001897758,0.212439,7.77125E-05,9.77588E-06,-3.52372E-05,4.4107E-05,-2.21907E-05,9.52354E-05
0.002826,0.6277,0.67,5.7416,-0.20876,-0.01248,1.1199,0.0019788,0.00010692,-0.00079391,0.0011085,-0.00061495,0.0025646,0.075324,0.0804,0.688992,0.000102019,-0.0396644,-0.0023712,0.212781,7.14347E-05,3.85981E-06,-2.86602E-05,4.00169E-05,-2.21997E-05,9.25821E-05
0.0026479,0.63738,0.67,5.7416,-0.21527,-0.014591,1.1217,0.0018184,-2.11E-05,-0.00059186,0.0010426,-0.00065566,0.0024347,0.0764856,0.0804,0.688992,9.55892E-05,-0.0409013,-0.00277229,0.213123,6.56442E-05,-7.63407E-07,-2.13661E-05,3.76379E-05,-2.36693E-05,8.78927E-05
0.0024843,0.64661,0.67,5.7416,-0.22176,-0.016316,1.1243,0.001675,-9.16E-05,-0.00034091,0.00099248,-0.00071389,0.0023011,0.0775932,0.0804,0.688992,8.96832E-05,-0.0421344,-0.00310004,0.213617,6.04675E-05,-3.30647E-06,-1.23069E-05,3.58285E-05,-2.57714E-05,8.30697E-05
0.0023669,0.65542,0.67,5.7416,-0.22776,-0.017552,1.1271,0.0015729,-0.00012833,-0.00010859,0.00094955,-0.00075867,0.0022115,0.0786504,0.0804,0.688992,8.54451E-05,-0.0432744,-0.00333488,0.214149,5.67817E-05,-4.63271E-06,-3.9201E-06,3.42788E-05,-2.7388E-05,7.98352E-05
0.002361,0.66381,0.67,5.7416,-0.23296,-0.018717,1.1277,0.0015587,-0.00014945,9.57E-05,0.00092782,-0.00078336,0.0022356,0.0796572,0.0804,0.688992,8.52321E-05,-0.0442624,-0.00355623,0.214263,5.62691E-05,-5.39515E-06,3.453E-06,3.34943E-05,-2.82793E-05,8.07052E-05
0.0024532,0.67207,0.67,5.7416,-0.23745,-0.019926,1.126,0.0016397,-0.00015667,0.00021218,0.00094964,-0.00078331,0.0023171,0.0806484,0.0804,0.688992,8.85605E-05,-0.0451155,-0.00378594,0.21394,5.91932E-05,-5.65579E-06,7.6597E-06,3.4282E-05,-2.82775E-05,8.36473E-05
0.0026043,0.68032,0.67,5.7416,-0.2415,-0.020688,1.1225,0.0017474,-0.00016762,0.00027684,0.0010235,-0.00079087,0.0024378,0.0816384,0.0804,0.688992,9.40152E-05,-0.045885,-0.00393072,0.213275,6.30811E-05,-6.05108E-06,9.99392E-06,3.69484E-05,-2.85504E-05,8.80046E-05
0.0027674,0.68858,0.67,5.7416,-0.24527,-0.020512,1.1176,0.0018683,-0.00018275,0.00031671,0.0011255,-0.00079148,0.002541,0.0826296,0.0804,0.688992,9.99031E-05,-0.0466013,-0.00389728,0.212344,6.74456E-05,-6.59728E-06,1.14332E-05,4.06306E-05,-2.85724E-05,9.17301E-05
0.0029611,0.69683,0.67,5.7416,-0.2488,-0.019189,1.1116,0.0020072,-0.00019364,0.00030681,0.0012343,-0.00080352,0.0026807,0.0836196,0.0804,0.688992,0.000106896,-0.047272,-0.00364591,0.211204,7.24599E-05,-6.9904E-06,1.10758E-05,4.45582E-05,-2.90071E-05,9.67733E-05
0.0032134,0.70509,0.67,5.7416,-0.25198,-0.016857,1.1045,0.0021511,-0.00020014,0.00027198,0.0013437,-0.00081876,0.002932,0.0846108,0.0804,0.688992,0.000116004,-0.0478762,-0.00320283,0.209855,7.76547E-05,-7.22505E-06,9.81848E-06,4.85076E-05,-2.95572E-05,0.000105845
0.0035407,0.71335,0.67,5.7416,-0.25484,-0.013713,1.0957,0.002313,-0.00021034,0.00024949,0.0014861,-0.00085916,0.0032822,0.085602,0.0804,0.688992,0.000127819,-0.0484196,-0.00260547,0.208183,8.34993E-05,-7.59327E-06,9.00659E-06,5.36482E-05,-3.10157E-05,0.000118487
0.003929,0.7216,0.67,5.7416,-0.25747,-0.010193,1.0857,0.0024732,-0.00021397,0.00026258,0.0016665,-0.00095726,0.0037182,0.086592,0.0804,0.688992,0.000141837,-0.0489193,-0.00193667,0.206283,8.92825E-05,-7.72432E-06,9.47914E-06,6.01607E-05,-3.45571E-05,0.000134227
0.0042866,0.72986,0.67,5.7416,-0.25993,-0.0068092,1.0758,0.0026315,-0.00020347,0.00027449,0.001861,-0.0010825,0.0040806,0.0875832,0.0804,0.688992,0.000154746,-0.0493867,-0.001293748,0.204402,9.49972E-05,-7.34527E-06,9.90909E-06,6.71821E-05,-3.90783E-05,0.00014731
0.0045929,0.73811,0.67,5.7416,-0.26282,-0.0039952,1.0671,0.0028463,-0.00020428,0.00029954,0.0020232,-0.0011988,0.0043163,0.0885732,0.0804,0.688992,0.000165804,-0.0499358,-0.000759088,0.202749,0.000102751,-7.37451E-06,1.08134E-05,7.30375E-05,-4.32767E-05,0.000155818
0.0048157,0.74637,0.67,5.7416,-0.26683,-0.0019685,1.0599,0.0030583,-0.00022748,0.00037418,0.0021268,-0.0012699,0.0044463,0.0895644,0.0804,0.688992,0.000173847,-0.0506977,-0.000374015,0.201381,0.000110405,-8.21203E-06,1.35079E-05,7.67775E-05,-4.58434E-05,0.000160511
0.0049555,0.75463,0.67,5.7416,-0.27148,-0.0006195,1.0537,0.003194,-0.00026946,0.00049053,0.0021818,-0.001263,0.0045353,0.0905556,0.0804,0.688992,0.000178894,-0.0515812,-0.000117705,0.200203,0.000115303,-9.72751E-06,1.77081E-05,7.8763E-05,-4.55943E-05,0.000163724
0.0050755,0.76288,0.67,5.7416,-0.27601,0.00031719,1.0477,0.0033556,-0.00031726,0.00060906,0.0021977,-0.0011771,0.0045976,0.0915456,0.0804,0.688992,0.000183226,-0.0524419,6.02661E-05,0.199063,0.000121137,-1.14531E-05,2.19871E-05,7.9337E-05,-4.24933E-05,0.000165973
0.005221,0.77114,0.67,5.7416,-0.28077,0.00092213,1.0416,0.0035534,-0.00032861,0.00073866,0.0021748,-0.0010987,0.0047139,0.0925368,0.0804,0.688992,0.000188478,-0.0533463,0.000175205,0.197904,0.000128278,-1.18628E-05,2.66656E-05,7.85103E-05,-3.96631E-05,0.000170172
0.0053874,0.7794,0.67,5.7416,-0.28571,0.0013439,1.0353,0.0037262,-0.00030988,0.00083529,0.0021005,-0.0010643,0.0049482,0.093528,0.0804,0.688992,0.000194485,-0.0542849,0.000255341,0.196707,0.000134516,-1.11867E-05,3.0154E-05,7.58281E-05,-3.84212E-05,0.00017863
0.0056057,0.78765,0.67,5.7416,-0.29005,0.0018046,1.0281,0.0039568,-0.00030033,0.00084219,0.0019751,-0.0010695,0.0052794,0.094518,0.0804,0.688992,0.000202366,-0.0551095,0.000342874,0.195339,0.00014284,-1.08419E-05,3.04031E-05,7.13011E-05,-3.8609E-05,0.000190586
0.0058396,0.79591,0.67,5.7416,-0.29403,0.0021597,1.0199,0.0042562,-0.00027528,0.00082475,0.0018279,-0.0010664,0.0055951,0.0955092,0.0804,0.688992,0.00021081,-0.0558657,0.000410343,0.193781,0.000153649,-9.93761E-06,2.97735E-05,6.59872E-05,-3.8497E-05,0.000201983
0.0060344,0.80416,0.67,5.7416,-0.29806,0.0021423,1.0107,0.0045475,-0.00023145,0.0008142,0.0016763,-0.0010223,0.0058451,0.0964992,0.0804,0.688992,0.000217842,-0.0566314,0.000407037,0.192033,0.000164165,-8.35535E-06,2.93926E-05,6.05144E-05,-3.6905E-05,0.000211008
0.0062421,0.81242,0.67,5.7416,-0.30179,0.0016604,1.0011,0.0048881,-0.00018682,0.00077677,0.0015414,-0.00097624,0.0060548,0.0974904,0.0804,0.688992,0.00022534,-0.0573401,0.000315476,0.190209,0.00017646,-6.7442E-06,2.80414E-05,5.56445E-05,-3.52423E-05,0.000218578
0.0064611,0.82068,0.67,5.7416,-0.30546,0.00082414,0.99213,0.0052707,-0.00012561,0.00077388,0.0014342,-0.00093751,0.0062172,0.0984816,0.0804,0.688992,0.000233246,-0.0580374,0.000156587,0.1885047,0.000190272,-4.53452E-06,2.79371E-05,5.17746E-05,-3.38441E-05,0.000224441
0.0067614,0.82893,0.67,5.7416,-0.30945,-0.0001363,0.98397,0.0056949,-7.19E-05,0.00080918,0.0013311,-0.00088222,0.0064968,0.0994716,0.0804,0.688992,0.000244087,-0.0587955,-0.000025897,0.1869543,0.000205586,-2.59602E-06,2.92114E-05,4.80527E-05,-3.18481E-05,0.000234534
0.0071162,0.83719,0.67,5.7416,-0.31349,-0.0011779,0.97588,0.0061045,-3.07E-05,0.00088058,0.0012251,-0.0008207,0.0069027,0.1004628,0.0804,0.688992,0.000256895,-0.0595631,-0.000223801,0.1854172,0.000220372,-1.10665E-06,3.17889E-05,4.42261E-05,-2.96273E-05,0.000249187
0.0075903,0.84544,0.67,5.7416,-0.31725,-0.0027071,0.96719,0.0065072,3.05E-05,0.00096128,0.001137,-0.0007348,0.0075364,0.1014528,0.0804,0.688992,0.00027401,-0.0602775,-0.000514349,0.1837661,0.00023491,1.10239E-06,3.47022E-05,4.10457E-05,-2.65263E-05,0.000272064
0.0081372,0.8537,0.67,5.7416,-0.32083,-0.005112,0.95823,0.007052,0.00010327,0.0009851,0.0010799,-0.00060853,0.0081424,0.102444,0.0804,0.688992,0.000293753,-0.0609577,-0.00097128,0.1820637,0.000254577,3.72805E-06,3.55621E-05,3.89844E-05,-2.19679E-05,0.000293941
0.0087374,0.86196,0.67,5.7416,-0.32463,-0.0083955,0.94928,0.0076662,0.00016337,0.0010213,0.0010522,-0.00043678,0.0087563,0.1034352,0.0804,0.688992,0.00031542,-0.0616797,-0.001595145,0.1803632,0.00027675,5.89766E-06,3.68689E-05,3.79844E-05,-1.57678E-05,0.000316102
0.0093745,0.87021,0.67,5.7416,-0.32806,-0.012212,0.9396,0.0082349,0.00020491,0.0010292,0.0010463,-0.00021621,0.0094679,0.1044252,0.0804,0.688992,0.000338419,-0.0623314,-0.00232028,0.178524,0.00029728,7.39725E-06,3.71541E-05,3.77714E-05,-7.80518E-06,0.000341791
0.010198,0.87847,0.67,5.7416,-0.33053,-0.015912,0.92852,0.0088977,0.00023634,0.0010314,0.0010368,3.55E-05,0.010461,0.1054164,0.0804,0.688992,0.000368148,-0.0628007,-0.00302328,0.1764188,0.000321207,8.53187E-06,3.72335E-05,3.74285E-05,1.28231E-06,0.000377642
0.010987,0.88672,0.67,5.7416,-0.33312,-0.01884,0.91633,0.0095982,0.00028246,0.0010612,0.0010024,0.00022823,0.011374,0.1064064,0.0804,0.688992,0.000396631,-0.0632928,-0.0035796,0.1741027,0.000346495,1.01968E-05,3.83093E-05,3.61866E-05,8.2391E-06,0.000410601
0.011751,0.89498,0.67,5.7416,-0.33572,-0.020812,0.9033,0.010221,0.00034741,0.0011455,0.00096273,0.00036069,0.012318,0.1073976,0.0804,0.688992,0.000424211,-0.0637868,-0.00395428,0.171627,0.000368978,1.25415E-05,4.13526E-05,3.47546E-05,1.30209E-05,0.00044468
0.01251,0.90324,0.67,5.7416,-0.33791,-0.021958,0.89024,0.011007,0.00041645,0.0011449,0.00094299,0.00048544,0.013071,0.1083888,0.0804,0.688992,0.000451611,-0.0642029,-0.00417202,0.1691456,0.000397353,1.50338E-05,4.13309E-05,3.40419E-05,1.75244E-05,0.000471863
0.013201,0.91149,0.67,5.7416,-0.34069,-0.022375,0.87756,0.011884,0.00048291,0.0012401,0.00095227,0.00060135,0.013565,0.1093788,0.0804,0.688992,0.000476556,-0.0647311,-0.00425125,0.1667364,0.000429012,1.74331E-05,4.47676E-05,3.43769E-05,2.17087E-05,0.000489697
0.013854,0.91975,0.67,5.7416,-0.34344,-0.022308,0.86473,0.012689,0.00054471,0.0012767,0.0010108,0.00068068,0.014008,0.11037,0.0804,0.688992,0.000500129,-0.0652536,-0.00423852,0.1642987,0.000458073,1.9664E-05,4.60889E-05,3.64899E-05,2.45725E-05,0.000505689
0.014554,0.92801,0.67,5.7416,-0.34534,-0.021935,0.85148,0.013497,0.00060998,0.0011677,0.0011348,0.00071587,0.014476,0.1113612,0.0804,0.688992,0.000525399,-0.0656146,-0.00416765,0.1617812,0.000487242,2.20203E-05,4.2154E-05,4.09663E-05,2.58429E-05,0.000522584
0.015513,0.93626,0.67,5.7416,-0.3477,-0.021154,0.83845,0.014593,0.0006702,0.0010007,0.0013233,0.00071908,0.015109,0.1123512,0.0804,0.688992,0.000560019,-0.066063,-0.00401926,0.1593055,0.000526807,2.41942E-05,3.61253E-05,4.77711E-05,2.59588E-05,0.000545435
0.016406,0.94452,0.67,5.7416,-0.34949,-0.019895,0.82557,0.015615,0.00070862,0.00082389,0.001556,0.0006634,0.015642,0.1133424,0.0804,0.688992,0.000592257,-0.0664031,-0.00378005,0.1568583,0.000563702,2.55812E-05,2.97424E-05,5.61716E-05,2.39487E-05,0.000564676
0.017508,0.95277,0.67,5.7416,-0.35069,-0.018615,0.81266,0.016476,0.00076022,0.00070163,0.001804,0.00059538,0.016737,0.1143324,0.0804,0.688992,0.000632039,-0.0666311,-0.00353685,0.1544054,0.000594784,2.74439E-05,2.53288E-05,6.51244E-05,2.14932E-05,0.000604206
0.018744,0.96103,0.67,5.7416,-0.35281,-0.018079,0.8,0.017411,0.00080358,0.00041711,0.0020171,0.00057846,0.01806,0.1153236,0.0804,0.688992,0.000676658,-0.0670339,-0.00343501,0.152,0.000628537,2.90092E-05,1.50577E-05,7.28173E-05,2.08824E-05,0.000651966
0.020214,0.96929,0.67,5.7416,-0.35367,-0.018508,0.78632,0.018499,0.00082898,0.00026775,0.0021096,0.00060317,0.019819,0.1163148,0.0804,0.688992,0.000729725,-0.0671973,-0.00351652,0.1494008,0.000667814,2.99262E-05,9.66578E-06,7.61566E-05,2.17744E-05,0.000715466
0.021583,0.97754,0.67,5.7416,-0.35454,-0.019744,0.77255,0.019698,0.00083251,0.00025528,0.0020449,0.00059929,0.021423,0.1173048,0.0804,0.688992,0.000779146,-0.0673626,-0.00375136,0.1467845,0.000711098,3.00536E-05,9.21561E-06,7.38209E-05,2.16344E-05,0.00077337
0.022781,0.9858,0.67,5.7416,-0.35741,-0.021548,0.75896,0.020577,0.0008065,0.0002675,0.0018846,0.00056666,0.023101,0.118296,0.0804,0.688992,0.000822394,-0.0679079,-0.00409412,0.1442024,0.00074283,2.91147E-05,9.65675E-06,6.80341E-05,2.04564E-05,0.000833946
0.023975,0.99405,0.67,5.7416,-0.35906,-0.023919,0.74481,0.021439,0.00077148,0.00021196,0.001713,0.00051377,0.024797,0.119286,0.0804,0.688992,0.000865498,-0.0682214,-0.00454461,0.1415139,0.000773948,2.78504E-05,7.65176E-06,6.18393E-05,1.85471E-05,0.000895172
0.025267,1.0023,0.67,5.7416,-0.35922,-0.026688,0.73025,0.022543,0.00073177,-8.86E-05,0.0015617,0.00045916,0.026429,0.120276,0.0804,0.688992,0.000912139,-0.0682518,-0.00507072,0.1387475,0.000813802,2.64169E-05,-3.19954E-06,5.63774E-05,1.65757E-05,0.000954087
0.026807,1.0106,0.67,5.7416,-0.36063,-0.029289,0.71583,0.023906,0.00070372,-0.00022795,0.0014458,0.00037444,0.028261,0.121272,0.0804,0.688992,0.000967733,-0.0685197,-0.00556491,0.1360077,0.000863007,2.54043E-05,-8.229E-06,5.21934E-05,1.35173E-05,0.001020222
0.028384,1.0188,0.67,5.7416,-0.36336,-0.03118,0.70172,0.025454,0.00075026,-0.00038323,0.0013869,0.00018562,0.029927,0.122256,0.0804,0.688992,0.001024662,-0.0690384,-0.0059242,0.1333268,0.000918889,2.70844E-05,-1.38346E-05,5.00671E-05,6.70088E-06,0.001080365
0.030204,1.0271,0.67,5.7416,-0.36636,-0.032317,0.68776,0.027379,0.0008248,-0.00040405,0.0013727,1.25E-05,0.031656,0.123252,0.0804,0.688992,0.001090364,-0.0696084,-0.00614023,0.1306744,0.000988382,2.97753E-05,-1.45862E-05,4.95545E-05,4.51106E-07,0.001142782
0.03171,1.0353,0.67,5.7416,-0.36821,-0.032871,0.674,0.029078,0.00089034,-0.00056476,0.0013963,-5.64E-05,0.032945,0.124236,0.0804,0.688992,0.001144731,-0.0699599,-0.00624549,0.12806,0.001049716,3.21413E-05,-2.03878E-05,5.04064E-05,-2.03539E-06,0.001189315
0.032851,1.0436,0.67,5.7416,-0.36836,-0.033292,0.65968,0.030141,0.00093436,-0.00084974,0.0014515,2.10E-05,0.03411,0.125232,0.0804,0.688992,0.001185921,-0.0699884,-0.00632548,0.1253392,0.00108809,3.37304E-05,-3.06756E-05,5.23992E-05,7.58172E-07,0.001231371
0.034097,1.0518,0.67,5.7416,-0.36851,-0.034242,0.64508,0.031385,0.00088572,-0.00092704,0.0015298,0.00029067,0.035279,0.126216,0.0804,0.688992,0.001230902,-0.0700169,-0.00650598,0.1225652,0.001132999,3.19745E-05,-3.34661E-05,5.52258E-05,1.04932E-05,0.001273572
0.035344,1.0601,0.67,5.7416,-0.36932,-0.035462,0.63101,0.033011,0.00081407,-0.001239,0.0016284,0.00064342,0.03605,0.127212,0.0804,0.688992,0.001275918,-0.0701708,-0.00673778,0.1198919,0.001191697,2.93879E-05,-4.47279E-05,5.87852E-05,2.32275E-05,0.001301405
0.037047,1.0684,0.67,5.7416,-0.37042,-0.036738,0.61732,0.035507,0.00080027,-0.0013491,0.0017244,0.0010166,0.036864,0.128208,0.0804,0.688992,0.001337397,-0.0703798,-0.00698022,0.1172908,0.001281803,2.88897E-05,-4.87025E-05,6.22508E-05,3.66993E-05,0.00133079
0.039557,1.0766,0.67,5.7416,-0.37199,-0.038814,0.60479,0.039367,0.00077707,-0.0012373,0.0017821,0.0014192,0.037964,0.129192,0.0804,0.688992,0.001428008,-0.0706781,-0.00737466,0.1149101,0.001421149,2.80522E-05,-4.46665E-05,6.43338E-05,5.12331E-05,0.0013705
0.041642,1.0849,0.67,5.7416,-0.37309,-0.04086,0.59208,0.042678,0.00074342,-0.0007945,0.001816,0.0017073,0.038789,0.130188,0.0804,0.688992,0.001503276,-0.0708871,-0.0077634,0.1124952,0.001540676,2.68375E-05,-2.86815E-05,6.55576E-05,6.16335E-05,0.001400283
0.043451,1.0931,0.67,5.7416,-0.37404,-0.042998,0.57879,0.04438,0.00069094,7.32E-05,0.0018438,0.0019536,0.040677,0.131172,0.0804,0.688992,0.001568581,-0.0710676,-0.00816962,0.1099701,0.001602118,2.49429E-05,2.64187E-06,6.65612E-05,7.0525E-05,0.00146844
0.045232,1.1014,0.67,5.7416,-0.37436,-0.045734,0.56683,0.045979,0.00055562,0.00081029,0.0018409,0.0022546,0.042644,0.132168,0.0804,0.688992,0.001632875,-0.0711284,-0.00868946,0.1076977,0.001659842,2.00579E-05,2.92515E-05,6.64565E-05,8.13911E-05,0.001539448
0.047259,1.1096,0.67,5.7416,-0.37336,-0.047502,0.55487,0.047799,0.0004707,0.0010995,0.0018639,0.0025786,0.044856,0.133152,0.0804,0.688992,0.00170605,-0.0709384,-0.00902538,0.1054253,0.001725544,1.69923E-05,3.9692E-05,6.72868E-05,9.30875E-05,0.001619302
0.049794,1.1179,0.67,5.7416,-0.37176,-0.049947,0.54199,0.049706,0.00038803,0.0010636,0.0019167,0.003005,0.047965,0.134148,0.0804,0.688992,0.001797563,-0.0706344,-0.00948993,0.1029781,0.001794387,1.40079E-05,3.8396E-05,6.91929E-05,0.000108481,0.001731537
0.052696,1.1262,0.67,5.7416,-0.36959,-0.05301,0.5267,0.051704,0.00023773,0.0014064,0.001951,0.0034677,0.051736,0.135144,0.0804,0.688992,0.001902326,-0.0702221,-0.0100719,0.100073,0.001866514,8.58205E-06,5.0771E-05,7.04311E-05,0.000125184,0.00186767
0.057243,1.1344,0.67,5.7416,-0.36897,-0.055563,0.51177,0.056029,5.34E-05,0.0012144,0.0020319,0.0040386,0.056425,0.136128,0.0804,0.688992,0.002066472,-0.0701043,-0.01055697,0.0972363,0.002022647,1.92832E-06,4.38398E-05,7.33516E-05,0.000145793,0.002036943
0.063691,1.1427,0.67,5.7416,-0.36706,-0.058292,0.49735,0.064002,-0.00012507,0.0014952,0.0021589,0.0047834,0.061221,0.137124,0.0804,0.688992,0.002299245,-0.0697414,-0.01107548,0.0944965,0.002310472,-4.51503E-06,5.39767E-05,7.79363E-05,0.000172681,0.002210078
0.07163,1.1509,0.67,5.7416,-0.36139,-0.060493,0.48342,0.074384,-0.00032666,0.0027275,0.0022639,0.0052961,0.066613,0.138108,0.0804,0.688992,0.002585843,-0.0686641,-0.01149367,0.0918498,0.002685262,-1.17924E-05,9.84628E-05,8.17268E-05,0.000191189,0.002404729
0.081272,1.1592,0.67,5.7416,-0.35654,-0.062128,0.47373,0.088118,-0.00063598,0.0044252,0.0023532,0.005451,0.072074,0.139104,0.0804,0.688992,0.002933919,-0.0677426,-0.01180432,0.0900087,0.00318106,-2.29589E-05,0.00015975,8.49505E-05,0.000196781,0.002601871
0.096196,1.1674,0.67,5.7416,-0.3594,-0.063811,0.46629,0.11236,-0.0013665,0.0072376,0.0024993,0.0056391,0.077538,0.140088,0.0804,0.688992,0.003472676,-0.068286,-0.01212409,0.0885951,0.004056196,-4.93307E-05,0.000261277,9.02247E-05,0.000203572,0.002799122
0.11677,1.1757,0.67,5.7416,-0.37442,-0.065575,0.46178,0.14961,-0.002573,0.011541,0.0027073,0.0058366,0.081219,0.141084,0.0804,0.688992,0.004215397,-0.0711398,-0.01245925,0.0877382,0.005400921,-9.28853E-05,0.00041663,9.77335E-05,0.000210701,0.002932006
0.14009,1.1839,0.67,5.7416,-0.39923,-0.066388,0.46066,0.19339,-0.0040196,0.019573,0.0028812,0.005722,0.08391,0.142068,0.0804,0.688992,0.005057249,-0.0758537,-0.01261372,0.0875254,0.006981379,-0.000145108,0.000706585,0.000104011,0.000206564,0.003029151
0.16093,1.1922,0.67,5.7416,-0.42619,-0.06618,0.46287,0.2336,-0.005327,0.031188,0.0028945,0.0051361,0.08537,0.143064,0.0804,0.688992,0.005809573,-0.0809761,-0.0125742,0.0879453,0.00843296,-0.000192305,0.001125887,0.000104491,0.000185413,0.003081857
0.17702,1.2005,0.67,5.7416,-0.44858,-0.065198,0.46542,0.26654,-0.0060802,0.042909,0.0027677,0.0043398,0.084726,0.14406,0.0804,0.688992,0.006390422,-0.0852302,-0.01238762,0.0884298,0.009622094,-0.000219495,0.001549015,9.9914E-05,0.000156667,0.003058609
0.19235,1.2087,0.67,5.7416,-0.46398,-0.063168,0.46025,0.29781,-0.006543,0.051314,0.0026944,0.0037025,0.084193,0.145044,0.0804,0.688992,0.006943835,-0.0881562,-0.01200192,0.0874475,0.010750941,-0.000236202,0.001852435,9.72678E-05,0.00013366,0.003039367
0.20663,1.217,0.67,5.7416,-0.4707,-0.061196,0.44577,0.32593,-0.0069993,0.055528,0.0027466,0.0033672,0.084592,0.14604,0.0804,0.688992,0.007459343,-0.089433,-0.01162724,0.0846963,0.011766073,-0.000252675,0.002004561,9.91523E-05,0.000121556,0.003053771
0.21787,1.2252,0.67,5.7416,-0.4708,-0.060104,0.42462,0.34684,-0.0075451,0.058165,0.0028401,0.0032137,0.086049,0.147024,0.0804,0.688992,0.007865107,-0.089452,-0.01141976,0.0806778,0.012520924,-0.000272378,0.002099757,0.000102528,0.000116015,0.003106369
0.22481,1.2335,0.67,5.7416,-0.46859,-0.059906,0.406,0.35959,-0.0081211,0.06329,0.0028907,0.0028379,0.087139,0.14802,0.0804,0.688992,0.008115641,-0.0890321,-0.01138214,0.07714,0.012981199,-0.000293172,0.002284769,0.000104354,0.000102448,0.003145718
0.22813,1.2417,0.67,5.7416,-0.4644,-0.060473,0.39183,0.36574,-0.0084852,0.069526,0.0029241,0.002309,0.087589,0.149004,0.0804,0.688992,0.008235493,-0.088236,-0.01148987,0.0744477,0.013203214,-0.000306316,0.002509889,0.00010556,8.33549E-05,0.003161963
0.22815,1.25,0.67,5.7416,-0.45557,-0.060771,0.37562,0.36566,-0.0083972,0.07357,0.0029688,0.0019539,0.087684,0.15,0.0804,0.688992,0.008236215,-0.0865583,-0.01154649,0.0713678,0.013200326,-0.000303139,0.002655877,0.000107174,7.05358E-05,0.003165392
0.22452,1.2583,0.67,5.7416,-0.43926,-0.060739,0.35568,0.35819,-0.0080547,0.074199,0.0030627,0.0018721,0.087781,0.150996,0.0804,0.688992,0.008105172,-0.0834594,-0.01154041,0.0675792,0.012930659,-0.000290775,0.002678584,0.000110563,6.75828E-05,0.003168894
0.2181,1.2665,0.67,5.7416,-0.41415,-0.061248,0.33221,0.34514,-0.0079908,0.071155,0.0032251,0.0020504,0.087835,0.15198,0.0804,0.688992,0.00787341,-0.0786885,-0.01163712,0.0631199,0.012459554,-0.000288468,0.002568696,0.000116426,7.40194E-05,0.003170844
0.21042,1.2748,0.67,5.7416,-0.38107,-0.062559,0.30719,0.3291,-0.00817,0.065332,0.0033502,0.0023652,0.088387,0.152976,0.0804,0.688992,0.007596162,-0.0724033,-0.01188621,0.0583661,0.01188051,-0.000294937,0.002358485,0.000120942,8.53837E-05,0.003190771
0.20383,1.283,0.67,5.7416,-0.34349,-0.063287,0.28454,0.31416,-0.0079656,0.060142,0.0033123,0.0024908,0.090178,0.15396,0.0804,0.688992,0.007358263,-0.0652631,-0.01202453,0.0540626,0.011341176,-0.000287558,0.002171126,0.000119574,8.99179E-05,0.003255426
0.19702,1.2913,0.67,5.7416,-0.30418,-0.062796,0.27312,0.29933,-0.0071711,0.059808,0.0031628,0.0022398,0.091538,0.154956,0.0804,0.688992,0.007112422,-0.0577942,-0.01193124,0.0518928,0.010805813,-0.000258877,0.002159069,0.000114177,8.08568E-05,0.003304522
0.18626,1.2995,0.67,5.7416,-0.26419,-0.062746,0.27949,0.27896,-0.0064034,0.064128,0.0030396,0.001851,0.090523,0.15594,0.0804,0.688992,0.006723986,-0.0501961,-0.01192174,0.0531031,0.010070456,-0.000231163,0.002315021,0.00010973,6.68211E-05,0.00326788
0.16775,1.3078,0.67,5.7416,-0.22521,-0.063419,0.2954,0.24455,-0.0056352,0.066238,0.0029119,0.0016121,0.08803,0.156936,0.0804,0.688992,0.006055775,-0.0427899,-0.01204961,0.056126,0.008828255,-0.000203431,0.002391192,0.00010512,5.81968E-05,0.003177883
0.13612,1.316,0.67,5.7416,-0.18572,-0.06404,0.30984,0.18565,-0.0042513,0.058268,0.0027391,0.0016691,0.083848,0.15792,0.0804,0.688992,0.004913932,-0.0352868,-0.0121676,0.0588696,0.006701965,-0.000153472,0.002103475,9.88815E-05,6.02545E-05,0.003026913
0.099963,1.3243,0.67,5.7416,-0.14577,-0.064246,0.31413,0.11959,-0.0026849,0.041451,0.0025699,0.0018915,0.077761,0.158916,0.0804,0.688992,0.003608664,-0.0276963,-0.01220674,0.0596847,0.004317199,-9.69249E-05,0.001496381,9.27734E-05,6.82832E-05,0.002807172
0.074166,1.3326,0.67,5.7416,-0.10702,-0.063451,0.30507,0.076494,-0.001715,0.024556,0.0024318,0.0022446,0.069406,0.159912,0.0804,0.688992,0.002677393,-0.0203338,-0.01205569,0.0579633,0.002761433,-6.19115E-05,0.000886472,8.7788E-05,8.10301E-05,0.002505557
0.059337,1.3408,0.67,5.7416,-0.072364,-0.06328,0.29217,0.057536,-0.0014872,0.013987,0.002369,0.0024134,0.058768,0.160896,0.0804,0.688992,0.002142066,-0.01374916,-0.0120232,0.0555123,0.00207705,-5.36879E-05,0.000504931,8.55209E-05,8.71237E-05,0.002121525
0.054569,1.3491,0.67,5.7416,-0.035625,-0.063635,0.27004,0.051383,-0.0015439,0.0067705,0.0022865,0.0024849,0.055468,0.161892,0.0804,0.688992,0.001969941,-0.00676875,-0.01209065,0.0513076,0.001854926,-5.57348E-05,0.000244415,8.25427E-05,8.97049E-05,0.002002395
0.053587,1.3573,0.67,5.7416,0.012905,-0.063412,0.26368,0.052091,-0.0017072,0.0024631,0.0021548,0.0025697,0.052927,0.162876,0.0804,0.688992,0.001934491,0.00245195,-0.01204828,0.0500992,0.001880485,-6.16299E-05,8.89179E-05,7.77883E-05,9.27662E-05,0.001910665
0.050109,1.3656,0.67,5.7416,0.059325,-0.064101,0.2822,0.051358,-0.0020578,0.0017688,0.0020969,0.0022923,0.046764,0.163872,0.0804,0.688992,0.001808935,0.01127175,-0.01217919,0.053618,0.001854024,-7.42866E-05,6.38537E-05,7.56981E-05,8.2752E-05,0.00168818
0.04515,1.3738,0.67,5.7416,0.089003,-0.064256,0.30138,0.045414,-0.0020575,0.0018973,0.0019387,0.0019616,0.042947,0.164856,0.0804,0.688992,0.001629915,0.01691057,-0.01220864,0.0572622,0.001639445,-7.42758E-05,6.84925E-05,6.99871E-05,7.08138E-05,0.001550387
0.039226,1.3821,0.67,5.7416,0.10678,-0.062619,0.31992,0.03858,-0.0017902,0.0019533,0.0017014,0.0017681,0.03817,0.165852,0.0804,0.688992,0.001416059,0.0202882,-0.01189761,0.0607848,0.001392738,-6.46262E-05,7.05141E-05,6.14205E-05,6.38284E-05,0.001377937
0.034991,1.3903,0.67,5.7416,0.12073,-0.061597,0.33183,0.032653,-0.001688,0.001187,0.0015462,0.0016848,0.035781,0.166836,0.0804,0.688992,0.001263175,0.0229387,-0.01170343,0.0630477,0.001178773,-6.09368E-05,4.28507E-05,5.58178E-05,6.08213E-05,0.001291694
0.03089,1.3986,0.67,5.7416,0.13491,-0.060593,0.34211,0.028132,-0.0015521,-0.00036091,0.0014152,0.0015704,0.032233,0.167832,0.0804,0.688992,0.001115129,0.0256329,-0.01151267,0.0650009,0.001015565,-5.60308E-05,-1.30289E-05,5.10887E-05,5.66914E-05,0.001163611
0.028532,1.4069,0.67,5.7416,0.14564,-0.059653,0.34874,0.025607,-0.0013662,-0.0010578,0.0013654,0.0014696,0.030091,0.168828,0.0804,0.688992,0.001030005,0.0276716,-0.01133407,0.0662606,0.000924413,-4.93198E-05,-3.81866E-05,4.92909E-05,5.30526E-05,0.001086285
0.027581,1.4151,0.67,5.7416,0.15651,-0.05855,0.35317,0.024529,-0.0014237,-0.0007492,0.001381,0.0013639,0.029253,0.169812,0.0804,0.688992,0.000995674,0.0297369,-0.0111245,0.0671023,0.000885497,-5.13956E-05,-2.70461E-05,4.98541E-05,4.92368E-05,0.001056033
0.024869,1.4234,0.67,5.7416,0.17434,-0.056208,0.36481,0.023291,-0.0015914,-0.0020899,0.0013669,0.0011816,0.02508,0.170808,0.0804,0.688992,0.000897771,0.0331246,-0.01067952,0.0693139,0.000840805,-5.74495E-05,-7.54454E-05,4.93451E-05,4.26558E-05,0.000905388
0.022429,1.4316,0.67,5.7416,0.19165,-0.05542,0.37658,0.020839,-0.0014387,-0.0029266,0.0013862,0.0010697,0.022633,0.171792,0.0804,0.688992,0.000809687,0.0364135,-0.0105298,0.0715502,0.000752288,-5.19371E-05,-0.00010565,5.00418E-05,3.86162E-05,0.000817051
0.020494,1.4399,0.67,5.7416,0.20629,-0.05528,0.38816,0.018947,-0.0013304,-0.0033328,0.00146,0.00096513,0.020581,0.172788,0.0804,0.688992,0.000739833,0.0391951,-0.0105032,0.0737504,0.000683987,-4.80274E-05,-0.000120314,0.000052706,3.48412E-05,0.000742974
0.019031,1.4481,0.67,5.7416,0.21959,-0.053164,0.40179,0.018207,-0.0014869,-0.0037195,0.0015462,0.00083507,0.018309,0.173772,0.0804,0.688992,0.000687019,0.0417221,-0.01010116,0.0763401,0.000657273,-5.36771E-05,-0.000134274,5.58178E-05,3.0146E-05,0.000660955
0.017267,1.4564,0.67,5.7416,0.23406,-0.05178,0.4179,0.016798,-0.0014352,-0.0030671,0.0016401,0.00078157,0.016096,0.174768,0.0804,0.688992,0.000623339,0.0444714,-0.0098382,0.079401,0.000606408,-5.18107E-05,-0.000110722,5.92076E-05,2.82147E-05,0.000581066
0.016355,1.4647,0.67,5.7416,0.24965,-0.051334,0.4356,0.015838,-0.001322,-0.0031691,0.0017493,0.00079052,0.015122,0.175764,0.0804,0.688992,0.000590416,0.0474335,-0.00975346,0.082764,0.000571752,-4.77242E-05,-0.000114405,6.31497E-05,2.85378E-05,0.000545904
0.015375,1.4729,0.67,5.7416,0.26209,-0.050467,0.45398,0.015253,-0.0012775,-0.0029424,0.0018933,0.00081808,0.013603,0.176748,0.0804,0.688992,0.000555038,0.0497971,-0.00958873,0.0862562,0.000550633,-4.61178E-05,-0.000106221,6.83481E-05,2.95327E-05,0.000491068
0.014065,1.4812,0.67,5.7416,0.27266,-0.049603,0.47242,0.01366,-0.0011716,-0.0019158,0.0020265,0.00090221,0.012444,0.177744,0.0804,0.688992,0.000507747,0.0518054,-0.00942457,0.0897598,0.000493126,-4.22948E-05,-6.91604E-05,7.31567E-05,3.25698E-05,0.000449228
0.013466,1.4894,0.67,5.7416,0.28205,-0.048449,0.49157,0.012845,-0.0010709,-0.0021439,0.0021123,0.0010081,0.011973,0.178728,0.0804,0.688992,0.000486123,0.0535895,-0.00920531,0.0933983,0.000463705,-3.86595E-05,-7.73948E-05,7.6254E-05,3.63924E-05,0.000432225
0.01244,1.4977,0.67,5.7416,0.28963,-0.047733,0.51171,0.012035,-0.00096907,-0.0020931,0.0021553,0.001074,0.010691,0.179724,0.0804,0.688992,0.000449084,0.0550297,-0.00906927,0.0972249,0.000434464,-3.49834E-05,-7.55609E-05,7.78063E-05,3.87714E-05,0.000385945
0.01168,1.5059,0.67,5.7416,0.29597,-0.047576,0.53103,0.010926,-0.00087127,-0.0019866,0.0021569,0.0010546,0.010277,0.180708,0.0804,0.688992,0.000421648,0.0562343,-0.00903944,0.1008957,0.000394429,-3.14528E-05,-7.17163E-05,7.78641E-05,3.80711E-05,0.000371
0.010767,1.5142,0.67,5.7416,0.30349,-0.047496,0.55155,0.010034,-0.0007632,-0.0021207,0.0021072,0.00096127,0.0093935,0.181704,0.0804,0.688992,0.000388689,0.0576631,-0.00902424,0.1047945,0.000362227,-2.75515E-05,-7.65573E-05,7.60699E-05,3.47018E-05,0.000339105
0.0098733,1.5224,0.67,5.7416,0.31106,-0.047088,0.57214,0.009068,-0.00065366,-0.0018851,0.0020183,0.00080976,0.0086603,0.182688,0.0804,0.688992,0.000356426,0.0591014,-0.00894672,0.1087066,0.000327355,-2.35971E-05,-6.80521E-05,7.28606E-05,2.92323E-05,0.000312637
0.009272,1.5307,0.67,5.7416,0.31527,-0.046697,0.59151,0.0086228,-0.00057353,-0.0018607,0.0019176,0.00059584,0.0080035,0.183684,0.0804,0.688992,0.000334719,0.0599013,-0.00887243,0.1123869,0.000311283,-2.07044E-05,-6.71713E-05,6.92254E-05,2.15098E-05,0.000288926
0.0086259,1.539,0.67,5.7416,0.3183,-0.046062,0.61009,0.0081397,-0.00050794,-0.0017152,0.0018307,0.00033848,0.0072814,0.18468,0.0804,0.688992,0.000311395,0.060477,-0.00875178,0.1159171,0.000293843,-1.83366E-05,-6.19187E-05,6.60883E-05,1.22191E-05,0.000262859
0.0080631,1.5472,0.67,5.7416,0.32297,-0.045122,0.62871,0.0076746,-0.00045053,-0.0018098,0.0017848,0.00013973,0.0066668,0.185664,0.0804,0.688992,0.000291078,0.0613643,-0.00857318,0.1194549,0.000277053,-1.62641E-05,-6.53338E-05,6.44313E-05,5.04425E-06,0.000240671
0.007477,1.5555,0.67,5.7416,0.32767,-0.044483,0.64691,0.0072206,-0.00041213,-0.0017423,0.0017569,1.98E-05,0.0059764,0.18666,0.0804,0.688992,0.00026992,0.0622573,-0.00845177,0.1229129,0.000260664,-1.48779E-05,-6.2897E-05,6.34241E-05,7.15574E-07,0.000215748
0.0069651,1.5637,0.67,5.7416,0.32943,-0.04458,0.66376,0.0067354,-0.00041769,-0.0017003,0.0017303,-6.69E-05,0.0054645,0.187644,0.0804,0.688992,0.00025144,0.0625917,-0.0084702,0.1261144,0.000243148,-1.50786E-05,-6.13808E-05,6.24638E-05,-2.41401E-06,0.000197268
0.0065357,1.572,0.67,5.7416,0.33022,-0.045056,0.67967,0.0063536,-0.00045776,-0.0016038,0.0017109,-0.00019941,0.0050069,0.18864,0.0804,0.688992,0.000235939,0.0627418,-0.00856064,0.1291373,0.000229365,-1.65251E-05,-5.78972E-05,6.17635E-05,-7.1987E-06,0.000180749
0.006158,1.5802,0.67,5.7416,0.33292,-0.045047,0.69616,0.0060081,-0.00050396,-0.0014961,0.0016887,-0.0003812,0.0046193,0.189624,0.0804,0.688992,0.000222304,0.0632548,-0.00855893,0.1322704,0.000216892,-1.8193E-05,-5.40092E-05,6.09621E-05,-1.37613E-05,0.000166757
0.0058386,1.5885,0.67,5.7416,0.33519,-0.043991,0.71311,0.0057038,-0.00053471,-0.0013263,0.0016712,-0.00056683,0.0043022,0.19062,0.0804,0.688992,0.000210773,0.0636861,-0.00835829,0.1354909,0.000205907,-1.9303E-05,-4.78794E-05,6.03303E-05,-2.04626E-05,0.000155309
0.0055221,1.5968,0.67,5.7416,0.33605,-0.041956,0.72984,0.0053681,-0.00053428,-0.0011258,0.0016634,-0.00070533,0.0040128,0.191616,0.0804,0.688992,0.000199348,0.0638495,-0.00797164,0.1386696,0.000193788,-1.92875E-05,-4.06414E-05,6.00487E-05,-2.54624E-05,0.000144862
0.00527,1.605,0.67,5.7416,0.33738,-0.039488,0.74651,0.0050978,-0.00052458,-0.00089829,0.0016607,-0.00077804,0.0037815,0.1926,0.0804,0.688992,0.000190247,0.0641022,-0.00750272,0.1418369,0.000184031,-1.89373E-05,-3.24283E-05,5.99513E-05,-2.80872E-05,0.000136512
0.0050414,1.6133,0.67,5.7416,0.33904,-0.037103,0.76283,0.0049242,-0.00052394,-0.00068272,0.0016527,-0.00081771,0.003506,0.193596,0.0804,0.688992,0.000181995,0.0644176,-0.00704957,0.1449377,0.000177764,-1.89142E-05,-2.46462E-05,5.96625E-05,-2.95193E-05,0.000126567
0.004787,1.6215,0.67,5.7416,0.33985,-0.035074,0.77839,0.0047175,-0.00052735,-0.00046463,0.0016318,-0.00082826,0.0032247,0.19458,0.0804,0.688992,0.000172811,0.0645715,-0.00666406,0.1478941,0.000170302,-1.90373E-05,-1.67731E-05,5.8908E-05,-2.99002E-05,0.000116412
0.0044856,1.6298,0.67,5.7416,0.33959,-0.033512,0.79282,0.0044471,-0.00052245,-0.00025356,0.0015879,-0.000821,0.0029361,0.195576,0.0804,0.688992,0.00016193,0.0645221,-0.00636728,0.1506358,0.00016054,-1.88604E-05,-9.15352E-06,5.73232E-05,-2.96381E-05,0.000105993
0.0041951,1.638,0.67,5.7416,0.3382,-0.03237,0.80578,0.0041754,-0.00051357,-4.17E-05,0.0014987,-0.00079347,0.0027161,0.19656,0.0804,0.688992,0.000151443,0.064258,-0.0061503,0.1530982,0.000150732,-1.85399E-05,-1.50703E-06,5.41031E-05,-2.86443E-05,9.80512E-05
0.0039725,1.6463,0.67,5.7416,0.33622,-0.031577,0.81739,0.0040098,-0.00051192,0.00012689,0.001392,-0.00075981,0.0025433,0.197556,0.0804,0.688992,0.000143407,0.0638818,-0.00599963,0.1553041,0.000144754,-1.84803E-05,4.58073E-06,5.02512E-05,-2.74291E-05,9.18131E-05
0.0038026,1.6545,0.67,5.7416,0.33388,-0.030756,0.82738,0.0039038,-0.00052399,0.00021412,0.0013142,-0.0007196,0.0023872,0.19854,0.0804,0.688992,0.000137274,0.0634372,-0.00584364,0.1572022,0.000140927,-1.8916E-05,7.72973E-06,4.74426E-05,-2.59776E-05,8.61779E-05
0.0035752,1.6628,0.67,5.7416,0.33056,-0.029612,0.83589,0.0036856,-0.00055333,0.00022997,0.0012617,-0.00065553,0.0022032,0.199536,0.0804,0.688992,0.000129065,0.0628064,-0.00562628,0.1588191,0.00013305,-1.99752E-05,8.30192E-06,4.55474E-05,-2.36646E-05,7.95355E-05
0.0033665,1.6711,0.67,5.7416,0.32643,-0.028314,0.84351,0.0034396,-0.00057876,0.00023339,0.0012272,-0.00056209,0.0020663,0.200532,0.0804,0.688992,0.000121531,0.0620217,-0.00537966,0.1602669,0.00012417,-2.08932E-05,8.42538E-06,4.43019E-05,-2.02914E-05,7.45934E-05
0.0032254,1.6793,0.67,5.7416,0.32206,-0.026932,0.85049,0.0033132,-0.00057837,0.00023901,0.0012274,-0.00044466,0.0019102,0.201516,0.0804,0.688992,0.000116437,0.0611914,-0.00511708,0.1615931,0.000119607,-2.08792E-05,8.62826E-06,4.43091E-05,-1.60522E-05,6.89582E-05
0.0030656,1.6876,0.67,5.7416,0.31734,-0.025338,0.8572,0.0031856,-0.00054295,0.00016346,0.0012693,-0.00031459,0.0016764,0.202512,0.0804,0.688992,0.000110668,0.0602946,-0.00481422,0.162868,0.000115,-1.96005E-05,5.90091E-06,4.58217E-05,-1.13567E-05,6.0518E-05
0.0028746,1.6958,0.67,5.7416,0.31212,-0.023336,0.86368,0.0029923,-0.00048801,4.23E-05,0.0013216,-0.00019188,0.0014354,0.203496,0.0804,0.688992,0.000103773,0.0593028,-0.00443384,0.1640992,0.000108022,-1.76172E-05,1.52822E-06,4.77098E-05,-6.92687E-06,5.18179E-05
0.0026853,1.7041,0.67,5.7416,0.30665,-0.020657,0.87015,0.0027969,-0.00043239,-6.02E-05,0.0013261,-9.32E-05,0.0012477,0.204492,0.0804,0.688992,9.69393E-05,0.0582635,-0.00392483,0.1653285,0.000100968,-1.56093E-05,-2.1738E-06,4.78722E-05,-3.36434E-06,4.5042E-05
0.0025556,1.7123,0.67,5.7416,0.30132,-0.017554,0.87771,0.0026894,-0.00038452,-0.00010692,0.0012648,-4.53E-05,0.0011569,0.205476,0.0804,0.688992,9.22572E-05,0.0572508,-0.00333526,0.1667649,9.70873E-05,-1.38812E-05,-3.85981E-06,4.56593E-05,-1.63649E-06,4.17641E-05
0.0024815,1.7206,0.67,5.7416,0.29604,-0.01487,0.88661,0.0026727,-0.00036025,-9.85E-05,0.001175,-6.14E-05,0.0011153,0.206472,0.0804,0.688992,8.95822E-05,0.0562476,-0.0028253,0.1684559,9.64845E-05,-1.3005E-05,-3.55412E-06,4.24175E-05,-2.21643E-06,4.02623E-05
0.0024144,1.7289,0.67,5.7416,0.29067,-0.012982,0.89539,0.00265,-0.00036273,-9.54E-05,0.001093,-0.00010303,0.0010858,0.207468,0.0804,0.688992,8.71598E-05,0.0552273,-0.00246658,0.1701241,0.000095665,-1.30946E-05,-3.44278E-06,3.94573E-05,-3.71938E-06,3.91974E-05
0.0023565,1.7371,0.67,5.7416,0.2855,-0.011591,0.90361,0.0025766,-0.00038497,-0.00011363,0.0010465,-0.00011568,0.0010899,0.208452,0.0804,0.688992,8.50697E-05,0.054245,-0.00220229,0.1716859,9.30153E-05,-1.38974E-05,-4.10204E-06,3.77787E-05,-4.17605E-06,3.93454E-05
0.0023327,1.7454,0.67,5.7416,0.28051,-0.010333,0.91134,0.0024872,-0.0004293,-0.00011606,0.0010507,-9.19E-05,0.0011276,0.209448,0.0804,0.688992,8.42105E-05,0.0532969,-0.00196327,0.1731546,8.97879E-05,-1.54977E-05,-4.18977E-06,3.79303E-05,-3.31712E-06,4.07064E-05
0.0023812,1.7536,0.67,5.7416,0.27539,-0.008952,0.91824,0.0024396,-0.00048914,-4.98E-05,0.0010899,-6.75E-05,0.0012329,0.210432,0.0804,0.688992,8.59613E-05,0.0523241,-0.00170088,0.1744656,8.80696E-05,-1.7658E-05,-1.79764E-06,3.93454E-05,-2.43686E-06,4.45077E-05
0.0025073,1.7619,0.67,5.7416,0.2702,-0.0075347,0.92348,0.0024672,-0.00053945,9.28E-05,0.0011384,-8.15E-05,0.001409,0.211428,0.0804,0.688992,9.05135E-05,0.051338,-0.001431593,0.1754612,8.90659E-05,-1.94741E-05,3.3512E-06,4.10962E-05,-2.94226E-06,5.08649E-05
0.0026622,1.7701,0.67,5.7416,0.26516,-0.0062684,0.92765,0.0025334,-0.00058122,0.00025975,0.0011979,-9.71E-05,0.0015931,0.212412,0.0804,0.688992,9.61054E-05,0.0503804,-0.001190996,0.1762535,9.14557E-05,-2.0982E-05,9.37698E-06,4.32442E-05,-3.5047E-06,5.75109E-05
0.0027428,1.7784,0.67,5.7416,0.26063,-0.0052862,0.93256,0.0025955,-0.00062296,0.00038606,0.0012645,-7.03E-05,0.0016255,0.213408,0.0804,0.688992,9.90151E-05,0.0495197,-0.001004378,0.1771864,9.36976E-05,-2.24889E-05,1.39368E-05,4.56485E-05,-2.53815E-06,5.86806E-05
0.0027224,1.7866,0.67,5.7416,0.25681,-0.0044036,0.93902,0.0026571,-0.00066819,0.0004389,0.0013348,-2.10E-05,0.0014529,0.214392,0.0804,0.688992,9.82786E-05,0.0487939,-0.000836684,0.1784138,9.59213E-05,-2.41217E-05,1.58443E-05,4.81863E-05,-7.59291E-07,5.24497E-05
0.0027037,1.7949,0.67,5.7416,0.25346,-0.002928,0.94606,0.00271,-0.00072299,0.00044487,0.0014224,1.35E-05,0.0012751,0.215388,0.0804,0.688992,9.76036E-05,0.0481574,-0.00055632,0.1797514,0.000097831,-2.60999E-05,1.60598E-05,5.13486E-05,4.87783E-07,4.60311E-05
0.0027016,1.8032,0.67,5.7416,0.25011,-0.00044889,0.95266,0.002729,-0.00077458,0.00042873,0.0015087,4.12E-05,0.0011656,0.216384,0.0804,0.688992,9.75278E-05,0.0475209,-8.52891E-05,0.1810054,9.85169E-05,-2.79623E-05,1.54772E-05,5.44641E-05,1.48793E-06,4.20782E-05
0.0026761,1.8114,0.67,5.7416,0.24647,0.0024306,0.95874,0.0027093,-0.0008069,0.00037369,0.0015782,6.93E-05,0.0010647,0.217368,0.0804,0.688992,9.66072E-05,0.0468293,0.000461814,0.1821606,9.78057E-05,-2.91291E-05,1.34902E-05,5.6973E-05,2.50325E-06,3.84357E-05
0.0026269,1.8197,0.67,5.7416,0.24255,0.0046838,0.96446,0.0026653,-0.00081496,0.00029369,0.001631,8.14E-05,0.00095756,0.218364,0.0804,0.688992,9.48311E-05,0.0460845,0.000889922,0.1832474,9.62173E-05,-2.94201E-05,1.06022E-05,5.88791E-05,2.93998E-06,3.45679E-05
0.0025419,1.8279,0.67,5.7416,0.2385,0.0055471,0.96962,0.0026129,-0.00080425,0.00020007,0.0016431,6.84E-05,0.0008278,0.219348,0.0804,0.688992,9.17626E-05,0.045315,0.001053949,0.1842278,9.43257E-05,-2.90334E-05,7.22253E-06,5.93159E-05,2.46917E-06,2.98836E-05
0.0024726,1.8362,0.67,5.7416,0.23456,0.0049278,0.97452,0.0025708,-0.00078506,0.00012209,0.0016186,3.63E-05,0.00075587,0.220344,0.0804,0.688992,8.92609E-05,0.0445664,0.000936282,0.1851588,9.28059E-05,-2.83407E-05,4.40745E-06,5.84315E-05,1.30891E-06,2.72869E-05
0.0024339,1.8446,0.67,5.7416,0.23074,0.0033045,0.97985,0.0025255,-0.00076118,6.96E-05,0.001573,-1.33E-05,0.00076924,0.221352,0.0804,0.688992,8.78638E-05,0.0438406,0.000627855,0.1861715,9.11706E-05,-2.74786E-05,2.51252E-06,5.67853E-05,-4.78433E-07,2.77696E-05
0.0024273,1.8534,0.67,5.7416,0.22682,0.0015375,0.98546,0.0024721,-0.00074011,4.93E-05,0.0015432,-5.24E-05,0.00083921,0.222408,0.0804,0.688992,8.76255E-05,0.0430958,0.000292125,0.1872374,8.92428E-05,-2.6718E-05,1.78013E-06,5.57095E-05,-1.89056E-06,3.02955E-05
0.002439,1.8626,0.67,5.7416,0.22262,0.00050051,0.99138,0.0024006,-0.00073623,9.79E-05,0.0015386,-0.00011345,0.00093879,0.223512,0.0804,0.688992,8.80479E-05,0.0422978,9.50969E-05,0.1883622,8.66617E-05,-2.65779E-05,3.53589E-06,5.55435E-05,-4.09555E-06,3.38903E-05
0.0024237,1.8723,0.67,5.7416,0.21804,0.0010623,0.99735,0.0022939,-0.00072753,0.00023111,0.001528,-0.00021559,0.0010254,0.224676,0.0804,0.688992,8.74956E-05,0.0414276,0.000201837,0.1894965,8.28098E-05,-2.62638E-05,8.34307E-06,5.51608E-05,-7.7828E-06,3.70169E-05
0.0024319,1.8824,0.67,5.7416,0.21308,0.0024286,1.0029,0.0021611,-0.00069466,0.00037625,0.0015252,-0.00035105,0.0011775,0.225888,0.0804,0.688992,8.77916E-05,0.0404852,0.000461434,0.190551,7.80157E-05,-2.50772E-05,1.35826E-05,5.50597E-05,-1.26729E-05,4.25078E-05
0.0024709,1.8931,0.67,5.7416,0.20794,0.0042471,1.0078,0.0020151,-0.00063375,0.0005385,0.0015263,-0.00048332,0.0014005,0.227172,0.0804,0.688992,8.91995E-05,0.0395086,0.000806949,0.191482,7.27451E-05,-2.28784E-05,1.94399E-05,5.50994E-05,-1.74479E-05,5.05581E-05
0.0025145,1.9042,0.67,5.7416,0.2027,0.006249,1.0127,0.0018826,-0.00055819,0.00061179,0.0015088,-0.00065969,0.0016375,0.228504,0.0804,0.688992,9.07735E-05,0.038513,0.00118731,0.192413,6.79619E-05,-2.01507E-05,2.20856E-05,5.44677E-05,-2.38148E-05,5.91138E-05
0.0025167,1.9159,0.67,5.7416,0.19727,0.0073064,1.0161,0.0017733,-0.00054051,0.00055859,0.001492,-0.00074065,0.001768,0.229908,0.0804,0.688992,9.08529E-05,0.0374813,0.001388216,0.193059,6.40161E-05,-1.95124E-05,2.01651E-05,5.38612E-05,-2.67375E-05,6.38248E-05
0.0025532,1.9282,0.67,5.7416,0.19162,0.0071077,1.0207,0.0017073,-0.00058921,0.00038651,0.0015546,-0.00073099,0.0018445,0.231384,0.0804,0.688992,9.21705E-05,0.0364078,0.001350463,0.193933,6.16335E-05,-2.12705E-05,1.3953E-05,5.61211E-05,-2.63887E-05,6.65865E-05
0.0026133,1.941,0.67,5.7416,0.18566,0.0079965,1.0256,0.0017314,-0.00064165,0.00023823,0.0016304,-0.00073649,0.0018648,0.23292,0.0804,0.688992,9.43401E-05,0.0352754,0.001519335,0.194864,6.25035E-05,-2.31636E-05,8.6001E-06,5.88574E-05,-2.65873E-05,6.73193E-05
0.002766,1.9545,0.67,5.7416,0.17939,0.0084611,1.0293,0.0018044,-0.00066651,0.00029625,0.001599,-0.00075486,0.0021286,0.23454,0.0804,0.688992,9.98526E-05,0.0340841,0.001607609,0.195567,6.51388E-05,-2.4061E-05,1.06946E-05,5.77239E-05,-2.72504E-05,7.68425E-05
0.0028799,1.9686,0.67,5.7416,0.17303,0.0082138,1.0289,0.0018434,-0.0006176,0.00021937,0.0015687,-0.00078057,0.0023478,0.236232,0.0804,0.688992,0.000103964,0.0328757,0.001560622,0.195491,6.65467E-05,-2.22954E-05,7.91926E-06,5.66301E-05,-2.81786E-05,8.47556E-05
0.0028575,1.9833,0.67,5.7416,0.16665,0.007516,1.032,0.0018331,-0.00041818,0.00013615,0.0013825,-0.00075234,0.0024993,0.237996,0.0804,0.688992,0.000103156,0.0316635,0.00142804,0.19608,6.61749E-05,-1.50963E-05,4.91502E-06,4.99083E-05,-2.71595E-05,9.02247E-05
0.0026562,1.9988,0.67,5.7416,0.15986,0.010011,1.0351,0.0017819,-0.00018784,2.46E-05,0.0012651,-0.00067552,0.0022655,0.239856,0.0804,0.688992,9.58888E-05,0.0303734,0.00190209,0.196669,6.43266E-05,-6.78102E-06,8.8658E-07,4.56701E-05,-2.43863E-05,8.17846E-05
0.0025568,2.0149,0.67,5.7416,0.15318,0.011895,1.0358,0.0017045,-1.84E-05,1.04E-06,0.0012898,-0.00064917,0.0021194,0.241788,0.0804,0.688992,9.23005E-05,0.0291042,0.00226005,0.196802,6.15325E-05,-6.65865E-07,3.73707E-08,4.65618E-05,-2.3435E-05,7.65103E-05
0.0026693,2.0319,0.67,5.7416,0.14715,0.013648,1.0345,0.0015996,5.55E-05,-6.34E-05,0.0014434,-0.00055121,0.0022957,0.243828,0.0804,0.688992,9.63617E-05,0.0279585,0.00259312,0.196555,5.77456E-05,2.0046E-06,-2.29008E-06,5.21067E-05,-1.98987E-05,8.28748E-05
0.0024618,2.0496,0.67,5.7416,0.14104,0.01115,1.0286,0.0014536,5.40E-05,-0.00017863,0.0012873,-0.0003362,0.0021827,0.245952,0.0804,0.688992,8.8871E-05,0.0267976,0.0021185,0.195434,5.2475E-05,1.94774E-06,-6.44854E-06,4.64715E-05,-1.21368E-05,7.87955E-05
0.0027135,2.0681,0.67,5.7416,0.13441,0.0066407,1.0269,0.00139,8.20E-05,0.00014772,0.00094203,6.30E-06,0.0030949,0.248172,0.0804,0.688992,9.79574E-05,0.0255379,0.001261733,0.195111,0.000050179,2.95879E-06,5.33269E-06,3.40073E-05,2.27452E-07,0.000111726
0.0033805,2.0875,0.67,5.7416,0.12707,0.0056979,1.0193,0.0015119,4.02E-05,0.00058465,0.00086213,0.00010562,0.0043871,0.2505,0.0804,0.688992,0.000122036,0.0241433,0.001082601,0.193667,5.45796E-05,1.45064E-06,2.11059E-05,3.11229E-05,3.81288E-06,0.000158374
0.0040628,2.1078,0.67,5.7416,0.11943,0.0040712,1.0119,0.0017542,-0.00013421,0.0012301,0.00071157,-0.00011466,0.0056598,0.252936,0.0804,0.688992,0.000146667,0.0226917,0.000773528,0.192261,6.33266E-05,-4.84498E-06,4.44066E-05,2.56877E-05,-4.13923E-06,0.000204319
0.0048366,2.129,0.67,5.7416,0.11196,0.0093076,1.0098,0.0020442,-0.00029365,0.0020119,0.00070356,-0.00029801,0.0069254,0.25548,0.0804,0.688992,0.000174601,0.0212724,0.001768444,0.191862,7.37956E-05,-1.06008E-05,7.26296E-05,2.53985E-05,-1.07582E-05,0.000250007
0.0049189,2.1511,0.67,5.7416,0.10598,0.015078,1.0032,0.0022201,-0.00019244,0.002218,0.00086857,-9.48E-05,0.0067491,0.258132,0.0804,0.688992,0.000177572,0.0201362,0.00286482,0.190608,8.01456E-05,-6.94708E-06,8.00698E-05,3.13554E-05,-3.42073E-06,0.000243643
0.004072,2.1743,0.67,5.7416,0.10201,0.019224,1.0018,0.0021712,4.82E-05,0.0017534,0.00099625,0.00015669,0.0049766,0.260916,0.0804,0.688992,0.000146999,0.0193819,0.00365256,0.190342,7.83803E-05,1.73941E-06,6.32977E-05,3.59646E-05,5.65651E-06,0.000179655
0.0036078,2.1984,0.67,5.7416,0.096473,0.021368,1.0074,0.001992,0.00010348,0.0016058,0.00096791,-2.02E-05,0.0042556,0.263808,0.0804,0.688992,0.000130242,0.01832987,0.00405992,0.191406,7.19112E-05,3.73563E-06,5.79694E-05,3.49416E-05,-7.29689E-07,0.000153627
0.0038977,2.2237,0.67,5.7416,0.087889,0.024708,0.99265,0.0018234,0.00031748,0.0016721,0.0015119,0.00049243,0.00446,0.266844,0.0804,0.688992,0.000140707,0.01669891,0.00469452,0.1886035,6.58247E-05,1.1461E-05,6.03628E-05,5.45796E-05,1.77767E-05,0.000161006
0.0048475,2.2501,0.67,5.7416,0.078974,0.032081,0.97134,0.0018963,0.00060797,0.0015206,0.0021394,0.0012447,0.0056594,0.270012,0.0804,0.688992,0.000174995,0.01500506,0.00609539,0.1845546,6.84564E-05,2.19477E-05,5.48937E-05,7.72323E-05,4.49337E-05,0.000204304
0.0050866,2.2776,0.67,5.7416,0.070252,0.035642,0.965,0.002144,0.00056922,0.0015472,0.002033,0.0008049,0.0059961,0.273312,0.0804,0.688992,0.000183626,0.01334788,0.00677198,0.18335,7.73984E-05,2.05488E-05,5.58539E-05,7.33913E-05,2.90569E-05,0.000216459
0.0049922,2.3063,0.67,5.7416,0.062104,0.03895,0.95136,0.0022986,0.00035536,0.0013247,0.0017915,-0.00037697,0.0058944,0.276756,0.0804,0.688992,0.000180218,0.01179976,0.0074005,0.1807584,8.29795E-05,1.28285E-05,4.78217E-05,6.46732E-05,-1.36086E-05,0.000212788
0.0058922,2.3362,0.67,5.7416,0.051788,0.049499,0.93729,0.0024095,0.00037955,0.0015147,0.0018848,-0.0005555,0.0074901,0.280344,0.0804,0.688992,0.000212708,0.00983972,0.00940481,0.1780851,8.6983E-05,1.37018E-05,5.46807E-05,6.80413E-05,-2.00536E-05,0.000270393
0.005644,2.3674,0.67,5.7416,0.039169,0.060027,0.91048,0.0023919,0.00057601,0.0017516,0.0024683,0.00015877,0.0064277,0.284088,0.0804,0.688992,0.000203748,0.00744211,0.01140513,0.1729912,8.63476E-05,2.0794E-05,6.32328E-05,8.91056E-05,5.7316E-06,0.00023204
0.005399,2.3999,0.67,5.7416,0.028837,0.067871,0.88027,0.0019276,0.00065456,0.0015405,0.0037114,0.00027938,0.005159,0.287988,0.0804,0.688992,0.000194904,0.00547903,0.01289549,0.1672513,6.95864E-05,2.36296E-05,5.56121E-05,0.000133982,1.00856E-05,0.00018624
0.0051371,2.4338,0.67,5.7416,0.018394,0.07727,0.84529,0.001106,0.00040431,0.0012986,0.0035692,0.00048473,0.0055991,0.292056,0.0804,0.688992,0.000185449,0.00349486,0.0146813,0.1606051,3.99266E-05,1.45956E-05,4.68795E-05,0.000128848,1.74988E-05,0.000202128
0.0035939,2.4691,0.67,5.7416,0.0077801,0.073435,0.72902,0.00035445,6.65E-05,0.00063271,0.0020977,0.00072984,0.0047357,0.296292,0.0804,0.688992,0.00012974,0.001478219,0.01395265,0.1385138,1.27956E-05,2.40072E-06,2.28408E-05,7.5727E-05,2.63472E-05,0.000170959
0.001363,2.5058,0.67,5.7416,0.0021603,0.032332,0.32091,2.27E-05,1.15E-05,0.00011057,0.0008021,0.00029096,0.0019011,0.300696,0.0804,0.688992,4.92043E-05,0.000410457,0.00614308,0.0609729,8.20878E-07,4.14464E-07,3.99158E-06,2.89558E-05,1.05037E-05,6.86297E-05
2.64E-07,2.544,0.67,5.7416,0.00056189,1.21E-13,-1.73E-18,5.28E-07,1.14E-16,5.46E-21,2.45E-26,1.18E-30,8.45E-34,0.30528,0.0804,0.688992,9.53726E-09,0.000106759,2.30394E-14,-3.28738E-19,1.90742E-08,4.11071E-18,1.97211E-22,8.8593E-28,4.25691E-32,3.05211E-35
0,2.5837,0.67,5.7416,0,0,0,0,0,0,0,0,0,0.310044,0.0804,0.688992,0,0,0,0,0,0,0,0,0,0
0,2.625,0.67,5.7416,0,0,0,0,0,0,0,0,0,0.315,0.0804,0.688992,0,0,0,0,0,0,0,0,0,0
0,-0.125,0.67,5.75,0,0,0,0,0,0,0,0,0,-0.015,0.0804,0.69,0,0,0,0,0,0,0,0,0,0
0,-0.083719,0.67,5.75,0,0,0,0,0,0,0,0,0,-0.01004628,0.0804,0.69,0,0,0,0,0,0,0,0,0,0
1.47E-07,-0.044001,0.67,5.75,-0.00063003,-1.76E-13,2.67E-17,2.95E-07,8.25E-17,-1.02E-20,2.31E-26,-2.84E-30,4.14E-34,-0.00528012,0.0804,0.69,5.31897E-09,-0.000119706,-3.34951E-14,5.07452E-18,1.06376E-08,2.97904E-18,-3.66451E-22,8.34271E-28,-1.02614E-31,1.49468E-35
0.0009926,-0.0058053,0.67,5.75,-0.0031355,0.025264,0.4018,1.04E-05,-2.68E-05,-3.07E-05,0.00080686,-0.00020388,0.001168,-0.000696636,0.0804,0.69,3.58329E-05,-0.000595745,0.00480016,0.076342,3.74321E-07,-9.65928E-07,-1.10989E-06,2.91276E-05,-7.36007E-06,4.21648E-05
0.0025817,0.030909,0.67,5.75,-0.012195,0.057157,0.90883,0.00016078,-0.0001571,-0.00017574,0.0020937,-0.00052264,0.0029088,0.00370908,0.0804,0.69,9.31994E-05,-0.00231705,0.01085983,0.1726777,5.80416E-06,-5.67131E-06,-6.34421E-06,7.55826E-05,-1.88673E-05,0.000105008
0.0026393,0.066184,0.67,5.75,-0.0269,0.051696,1.0272,0.00042349,-0.00023733,-0.00010234,0.0018559,-0.00062815,0.0029992,0.00794208,0.0804,0.69,9.52787E-05,-0.005111,0.00982224,0.195168,1.5288E-05,-8.56761E-06,-3.69447E-06,6.6998E-05,-2.26762E-05,0.000108271
0.0024212,0.10006,0.67,5.75,-0.042441,0.037999,1.0615,0.00055567,-0.00022409,-1.26E-05,0.0014815,-0.0007514,0.0028053,0.0120072,0.0804,0.69,8.74053E-05,-0.00806379,0.00721981,0.201685,2.00597E-05,-8.08965E-06,-4.53813E-07,5.34822E-05,-2.71255E-05,0.000101271
0.0029559,0.13258,0.67,5.75,-0.053142,0.030921,1.0779,0.00056686,-0.00013577,-0.00011321,0.0013721,-0.00090333,0.0039728,0.0159096,0.0804,0.69,0.000106708,-0.01009698,0.00587499,0.204801,2.04636E-05,-4.9013E-06,-4.08688E-06,4.95328E-05,-3.26102E-05,0.000143418
0.0027241,0.16379,0.67,5.75,-0.056274,0.020097,1.0941,0.00064112,-4.55E-05,-0.00025073,0.00099277,-0.00072566,0.0038144,0.0196548,0.0804,0.69,9.834E-05,-0.01069206,0.00381843,0.207879,2.31444E-05,-1.64176E-06,-9.05135E-06,3.5839E-05,-2.61963E-05,0.0001377
0.0025548,0.19372,0.67,5.75,-0.058507,0.02052,1.1053,0.00084351,-5.09E-06,-0.00041501,0.001118,-0.00068846,0.0031481,0.0232464,0.0804,0.69,9.22283E-05,-0.01111633,0.0038988,0.210007,3.04507E-05,-1.83861E-07,-1.49819E-05,4.03598E-05,-2.48534E-05,0.000113646
0.003431,0.22242,0.67,5.75,-0.062504,0.027316,1.1064,0.0011564,5.93E-05,-0.00074383,0.0011036,-0.00063929,0.004602,0.0266904,0.0804,0.69,0.000123859,-0.01187576,0.00519004,0.210216,4.1746E-05,2.14055E-06,-2.68523E-05,3.984E-05,-2.30784E-05,0.000166132
0.003008,0.24993,0.67,5.75,-0.068942,0.027512,1.1119,0.0013501,0.00015376,-0.00079647,0.0010959,-0.00018277,0.00357,0.0299916,0.0804,0.69,0.000108589,-0.01309898,0.00522728,0.211261,4.87386E-05,5.55074E-06,-2.87526E-05,3.9562E-05,-6.598E-06,0.000128877
0.0025295,0.27629,0.67,5.75,-0.076927,0.026439,1.114,0.0013617,0.00010044,-0.00085445,0.0014571,-0.00034938,0.0022403,0.0331548,0.0804,0.69,9.1315E-05,-0.01461613,0.00502341,0.21166,4.91574E-05,3.62588E-06,-3.08456E-05,5.26013E-05,-1.26126E-05,8.08748E-05
0.0032818,0.30154,0.67,5.75,-0.08445,0.021554,1.1166,0.0014681,6.21E-05,-0.001,0.0018849,-0.0010907,0.0032106,0.0361848,0.0804,0.69,0.000118473,-0.0160455,0.00409526,0.212154,5.29984E-05,2.24037E-06,-0.0000361,6.80449E-05,-3.93743E-05,0.000115903
0.0031878,0.32572,0.67,5.75,-0.091323,0.016436,1.1156,0.0015634,0.00012897,-0.00073443,0.0015114,-0.0011508,0.0033008,0.0390864,0.0804,0.69,0.00011508,-0.01735137,0.00312284,0.211964,5.64387E-05,4.65582E-06,-2.65129E-05,5.45615E-05,-4.15439E-05,0.000119159
0.0025179,0.34887,0.67,5.75,-0.096748,0.020194,1.1132,0.0015283,8.96E-05,-0.00023488,0.0010477,-0.00053197,0.0024598,0.0418644,0.0804,0.69,9.08962E-05,-0.01838212,0.00383686,0.211508,5.51716E-05,3.2355E-06,-8.47917E-06,3.7822E-05,-1.92041E-05,8.87988E-05
0.002351,0.37102,0.67,5.75,-0.10275,0.028002,1.1172,0.001546,0.00015766,-0.00023744,0.0011591,-0.00050229,0.0019969,0.0445224,0.0804,0.69,8.48711E-05,-0.0195225,0.00532038,0.212268,5.58106E-05,5.69153E-06,-8.57158E-06,4.18435E-05,-1.81327E-05,7.20881E-05
0.0026947,0.39221,0.67,5.75,-0.11017,0.034934,1.1155,0.0016957,0.0003335,-0.00055858,0.0012609,-0.00090349,0.0024328,0.0470652,0.0804,0.69,9.72787E-05,-0.0209323,0.00663746,0.211945,6.12148E-05,1.20394E-05,-2.01647E-05,4.55185E-05,-3.2616E-05,8.78241E-05
0.0033616,0.41248,0.67,5.75,-0.1159,0.038279,1.1055,0.0019516,0.00057205,-0.00087563,0.001416,-0.0012093,0.0033556,0.0494976,0.0804,0.69,0.000121354,-0.022021,0.00727301,0.210045,7.04528E-05,2.0651E-05,-3.16102E-05,5.11176E-05,-4.36557E-05,0.000121137
0.0039702,0.43187,0.67,5.75,-0.12041,0.039674,1.1025,0.0021972,0.00064926,-0.000982,0.0016222,-0.0013955,0.004121,0.0518244,0.0804,0.69,0.000143324,-0.0228779,0.00753806,0.209475,7.93189E-05,2.34383E-05,-3.54502E-05,5.85614E-05,-5.03776E-05,0.000148768
0.0039863,0.4504,0.67,5.75,-0.12657,0.038261,1.0997,0.0022263,0.00045532,-0.00048626,0.0016285,-0.0013608,0.0041177,0.054048,0.0804,0.69,0.000143905,-0.0240483,0.00726959,0.208943,8.03694E-05,1.64371E-05,-1.7554E-05,5.87889E-05,-4.91249E-05,0.000148649
0.0034407,0.46812,0.67,5.75,-0.13472,0.033948,1.1025,0.0019973,0.00014662,-0.00024809,0.0014214,-0.001153,0.0034627,0.0561744,0.0804,0.69,0.000124209,-0.0255968,0.00645012,0.209475,7.21025E-05,5.29298E-06,-8.95605E-06,5.13125E-05,-4.16233E-05,0.000125003
0.0027501,0.48504,0.67,5.75,-0.14381,0.029785,1.1036,0.0016821,-0.00011008,-0.00016771,0.0012441,-0.00083193,0.0025739,0.0582048,0.0804,0.69,9.92786E-05,-0.0273239,0.00565915,0.209684,6.07238E-05,-3.97389E-06,-6.05433E-06,4.4912E-05,-3.00327E-05,9.29178E-05
0.0026507,0.50122,0.67,5.75,-0.15241,0.026633,1.1095,0.0014334,-0.00022115,-0.00026009,0.001251,-0.00066107,0.0026171,0.0601464,0.0804,0.69,9.56903E-05,-0.0289579,0.00506027,0.210805,5.17457E-05,-7.98352E-06,-9.38925E-06,4.51611E-05,-2.38646E-05,9.44773E-05
0.0026481,0.51667,0.67,5.75,-0.15983,0.023821,1.1139,0.0013321,-0.00021065,-0.00036403,0.0012725,-0.00043231,0.0026917,0.0620004,0.0804,0.69,9.55964E-05,-0.0303677,0.00452599,0.211641,4.80888E-05,-7.60447E-06,-1.31415E-05,4.59373E-05,-1.56064E-05,9.71704E-05
0.0024223,0.53142,0.67,5.75,-0.16615,0.019227,1.1155,0.0013877,-0.00012659,-0.00047248,0.0012812,-0.0001456,0.0021756,0.0637704,0.0804,0.69,8.7445E-05,-0.0315685,0.00365313,0.211945,5.0096E-05,-4.5699E-06,-1.70565E-05,4.62513E-05,-5.25616E-06,7.85392E-05
0.0023824,0.54551,0.67,5.75,-0.17123,0.015005,1.1148,0.0015738,-4.42E-05,-0.000675,0.0014143,-6.01E-05,0.0017767,0.0654612,0.0804,0.69,8.60046E-05,-0.0325337,0.00285095,0.211812,5.68142E-05,-1.59526E-06,-2.43675E-05,5.10562E-05,-2.16925E-06,6.41389E-05
0.0026453,0.55896,0.67,5.75,-0.17541,0.010701,1.1129,0.0018846,0.00013961,-0.00091106,0.0015424,-0.00016656,0.0018635,0.0670752,0.0804,0.69,9.54953E-05,-0.0333279,0.00203319,0.211451,6.80341E-05,5.03992E-06,-3.28893E-05,5.56806E-05,-6.01282E-06,6.72724E-05
0.0029726,0.5718,0.67,5.75,-0.17988,0.0074902,1.1096,0.0022101,0.00037432,-0.0011387,0.001633,-0.00026979,0.0021021,0.068616,0.0804,0.69,0.000107311,-0.0341772,0.001423138,0.210824,7.97846E-05,1.3513E-05,-4.11071E-05,5.89513E-05,-9.73942E-06,7.58858E-05
0.0031687,0.58405,0.67,5.75,-0.18541,0.0030047,1.1073,0.0023893,0.00052445,-0.0012168,0.0016649,-0.00035892,0.0022832,0.070086,0.0804,0.69,0.00011439,-0.0352279,0.000570893,0.210387,8.62537E-05,1.89326E-05,-4.39265E-05,6.01029E-05,-1.2957E-05,8.24235E-05
0.0031858,0.59575,0.67,5.75,-0.19194,-0.0027985,1.1102,0.0023996,0.000532,-0.0011697,0.0015506,-0.00045708,0.0024214,0.07149,0.0804,0.69,0.000115007,-0.0364686,-0.000531715,0.210938,8.66256E-05,1.92052E-05,-4.22262E-05,5.59767E-05,-1.65006E-05,8.74125E-05
0.0031218,0.6069,0.67,5.75,-0.19891,-0.0070592,1.1153,0.0022902,0.00041256,-0.0010837,0.0013657,-0.00056536,0.0025877,0.072828,0.0804,0.69,0.000112697,-0.0377929,-0.001341248,0.211907,8.26762E-05,1.48934E-05,-3.91216E-05,4.93018E-05,-2.04095E-05,9.3416E-05
0.0030127,0.61755,0.67,5.75,-0.20577,-0.010443,1.1204,0.0021414,0.00025245,-0.000963,0.001204,-0.00061878,0.0026799,0.074106,0.0804,0.69,0.000108758,-0.0390963,-0.00198417,0.212876,7.73045E-05,9.11345E-06,-3.47643E-05,4.34644E-05,-2.2338E-05,9.67444E-05
0.0028328,0.6277,0.67,5.75,-0.21245,-0.01289,1.122,0.0019898,8.65E-05,-0.00076161,0.0010988,-0.00061615,0.0025771,0.075324,0.0804,0.69,0.000102264,-0.0403655,-0.0024491,0.21318,7.18318E-05,3.12099E-06,-2.74941E-05,3.96667E-05,-2.2243E-05,9.30333E-05
0.0026543,0.63738,0.67,5.75,-0.21912,-0.015003,1.1239,0.0018204,-3.44E-05,-0.00055123,0.0010365,-0.00066232,0.0024517,0.0764856,0.0804,0.69,9.58202E-05,-0.0416328,-0.00285057,0.213541,6.57164E-05,-1.2418E-06,-1.98994E-05,3.74177E-05,-2.39098E-05,8.85064E-05
0.0024865,0.64661,0.67,5.75,-0.22569,-0.016685,1.1266,0.0016754,-9.45E-05,-0.00030997,0.00098691,-0.00071963,0.0023106,0.0775932,0.0804,0.69,8.97627E-05,-0.0428811,-0.00317015,0.214054,6.04819E-05,-3.41228E-06,-1.11899E-05,3.56275E-05,-2.59786E-05,8.34127E-05
0.0023927,0.65542,0.67,5.75,-0.23176,-0.017896,1.1292,0.0016036,-0.00012727,-7.29E-05,0.00094688,-0.00076271,0.0022348,0.0786504,0.0804,0.69,8.63765E-05,-0.0440344,-0.00340024,0.214548,5.789E-05,-4.59445E-06,-2.63162E-06,3.41824E-05,-2.75338E-05,8.06763E-05
0.0024067,0.66381,0.67,5.75,-0.23703,-0.019084,1.1294,0.0016129,-0.00014403,0.00014056,0.00093362,-0.00078377,0.0022668,0.0796572,0.0804,0.69,8.68819E-05,-0.0450357,-0.00362596,0.214586,5.82257E-05,-5.19948E-06,5.07422E-06,3.37037E-05,-2.82941E-05,8.18315E-05
0.0024969,0.67207,0.67,5.75,-0.24156,-0.020237,1.1273,0.0016753,-0.00015049,0.00024958,0.00096779,-0.00078164,0.0023506,0.0806484,0.0804,0.69,9.01381E-05,-0.0458964,-0.00384503,0.214187,6.04783E-05,-5.43269E-06,9.00984E-06,3.49372E-05,-2.82172E-05,8.48567E-05
0.0026704,0.68032,0.67,5.75,-0.24561,-0.02082,1.1236,0.0017993,-0.00016004,0.0002856,0.0010503,-0.0007916,0.0024912,0.0816384,0.0804,0.69,9.64014E-05,-0.0466659,-0.0039558,0.213484,6.49547E-05,-5.77744E-06,1.03102E-05,3.79158E-05,-2.85768E-05,8.99323E-05
0.0028543,0.68858,0.67,5.75,-0.24938,-0.020396,1.1184,0.0019614,-0.00017474,0.00031734,0.0011533,-0.00079085,0.0025938,0.0826296,0.0804,0.69,0.00010304,-0.0473822,-0.00387524,0.212496,7.08065E-05,-6.30811E-06,1.1456E-05,4.16341E-05,-2.85497E-05,9.36362E-05
0.0030727,0.69683,0.67,5.75,-0.25294,-0.018807,1.1122,0.0021118,-0.00018601,0.00031059,0.0012596,-0.00080525,0.0027739,0.0836196,0.0804,0.69,0.000110924,-0.0480586,-0.00357333,0.211318,7.6236E-05,-6.71496E-06,1.12123E-05,4.54716E-05,-2.90695E-05,0.000100138
0.0033505,0.70509,0.67,5.75,-0.25621,-0.016228,1.1047,0.0022612,-0.00019575,0.00028803,0.0013728,-0.00082188,0.0030671,0.0846108,0.0804,0.69,0.000120953,-0.0486799,-0.00308332,0.209893,8.16293E-05,-7.06658E-06,1.03979E-05,4.95581E-05,-2.96699E-05,0.000110722
0.0036987,0.71335,0.67,5.75,-0.25902,-0.012905,1.0954,0.0024117,-0.0002101,0.00029415,0.0015271,-0.00088043,0.0034586,0.085602,0.0804,0.69,0.000133523,-0.0492138,-0.00245195,0.208126,8.70624E-05,-7.58461E-06,1.06188E-05,5.51283E-05,-3.17835E-05,0.000124855
0.0040967,0.7216,0.67,5.75,-0.26154,-0.0093662,1.0853,0.0025642,-0.00020525,0.00030752,0.0017138,-0.00099445,0.0039155,0.086592,0.0804,0.69,0.000147891,-0.0496926,-0.001779578,0.206207,9.25676E-05,-7.40953E-06,1.11015E-05,6.18682E-05,-3.58996E-05,0.00014135
0.0044525,0.72986,0.67,5.75,-0.26453,-0.0061086,1.0756,0.0027556,-0.00019157,0.0003217,0.0019007,-0.0011143,0.0042487,0.0875832,0.0804,0.69,0.000160735,-0.0502607,-0.001160634,0.204364,9.94772E-05,-6.91568E-06,1.16134E-05,6.86153E-05,-4.02262E-05,0.000153378
0.004745,0.73811,0.67,5.75,-0.26832,-0.0035086,1.0674,0.0030016,-0.00020085,0.00037906,0.0020497,-0.0012189,0.0044388,0.0885732,0.0804,0.69,0.000171295,-0.0509808,-0.000666634,0.202806,0.000108358,-7.25069E-06,1.36841E-05,7.39942E-05,-4.40023E-05,0.000160241
0.0049474,0.74637,0.67,5.75,-0.27239,-0.0017324,1.0605,0.0031999,-0.00022709,0.00046547,0.0021382,-0.0012659,0.0045565,0.0895644,0.0804,0.69,0.000178601,-0.0517541,-0.000329156,0.201495,0.000115516,-8.19795E-06,1.68035E-05,7.7189E-05,-4.5699E-05,0.00016449
0.0050953,0.75463,0.67,5.75,-0.27679,-0.00057093,1.0543,0.0033652,-0.00026382,0.00055563,0.0021737,-0.0012317,0.0046517,0.0905556,0.0804,0.69,0.00018394,-0.0525901,-0.000108477,0.200317,0.000121484,-9.5239E-06,2.00582E-05,7.84706E-05,-4.44644E-05,0.000167926
0.005228,0.76288,0.67,5.75,-0.28192,0.0002313,1.0484,0.0035689,-0.00029639,0.00067975,0.002176,-0.0011398,0.0047111,0.0915456,0.0804,0.69,0.000188731,-0.0535648,0.000043947,0.199196,0.000128837,-1.06997E-05,2.4539E-05,7.85536E-05,-4.11468E-05,0.000170071
0.005388,0.77114,0.67,5.75,-0.28697,0.0007426,1.0422,0.0037499,-0.00029183,0.00079605,0.002144,-0.001071,0.0048822,0.0925368,0.0804,0.69,0.000194507,-0.0545243,0.000141094,0.198018,0.000135371,-1.05351E-05,2.87374E-05,7.73984E-05,-3.86631E-05,0.000176247
0.0055975,0.7794,0.67,5.75,-0.29148,0.0011807,1.0355,0.0039563,-0.00027275,0.00084389,0.0020553,-0.0010526,0.0051833,0.093528,0.0804,0.69,0.00020207,-0.0553812,0.000224333,0.196745,0.000142822,-9.84628E-06,3.04644E-05,7.41963E-05,-3.79989E-05,0.000187117
0.0058311,0.78765,0.67,5.75,-0.29607,0.001647,1.0281,0.0042235,-0.00025756,0.00086816,0.0019213,-0.0010668,0.0055173,0.094518,0.0804,0.69,0.000210503,-0.0562533,0.00031293,0.195339,0.000152468,-9.29792E-06,3.13406E-05,6.93589E-05,-3.85115E-05,0.000199175
0.0060606,0.79591,0.67,5.75,-0.30041,0.0018905,1.0196,0.0045105,-0.00022778,0.00087318,0.0017735,-0.0010482,0.0058374,0.0955092,0.0804,0.69,0.000218788,-0.0570779,0.000359195,0.193724,0.000162829,-8.22286E-06,3.15218E-05,6.40234E-05,-3.784E-05,0.00021073
0.0063171,0.80416,0.67,5.75,-0.30414,0.0017356,1.0101,0.0048825,-0.00018814,0.00081935,0.0016254,-0.0010035,0.0061263,0.0964992,0.0804,0.69,0.000228047,-0.0577866,0.000329764,0.191919,0.000176258,-6.79185E-06,2.95785E-05,5.86769E-05,-3.62264E-05,0.000221159
0.0065515,0.81242,0.67,5.75,-0.30803,0.0011064,1.0007,0.0052834,-0.00012973,0.00079192,0.0014991,-0.00096453,0.0063205,0.0974904,0.0804,0.69,0.000236509,-0.0585257,0.000210216,0.190133,0.000190731,-4.68325E-06,2.85883E-05,5.41175E-05,-3.48195E-05,0.00022817
0.0068109,0.82068,0.67,5.75,-0.31224,0.00015654,0.99185,0.0056734,-6.47E-05,0.00081366,0.0013928,-0.00091496,0.0065556,0.0984816,0.0804,0.69,0.000245873,-0.0593256,2.97426E-05,0.1884515,0.00020481,-2.3369E-06,2.93731E-05,5.02801E-05,-3.30301E-05,0.000236657
0.0071435,0.82893,0.67,5.75,-0.31642,-0.0008466,0.98371,0.0061218,-2.28E-05,0.00085366,0.0012848,-0.00086137,0.0068804,0.0994716,0.0804,0.69,0.00025788,-0.0601198,-0.000160854,0.1869049,0.000220997,-8.21636E-07,3.08171E-05,4.63813E-05,-3.10955E-05,0.000248382
0.0075894,0.83719,0.67,5.75,-0.32042,-0.0020507,0.97534,0.0065729,3.21E-05,0.00093394,0.0011829,-0.00079659,0.0074231,0.1004628,0.0804,0.69,0.000273977,-0.0608798,-0.000389633,0.1853146,0.000237282,1.1582E-06,3.37152E-05,4.27027E-05,-2.87569E-05,0.000267974
0.0081448,0.84544,0.67,5.75,-0.32438,-0.0038902,0.9665,0.0070743,0.00010689,0.00096764,0.0011063,-0.00068681,0.008109,0.1014528,0.0804,0.69,0.000294027,-0.0616322,-0.000739138,0.183635,0.000255382,3.85873E-06,3.49318E-05,3.99374E-05,-2.47938E-05,0.000292735
0.0087243,0.8537,0.67,5.75,-0.32856,-0.0066517,0.9576,0.0076521,0.00016602,0.0010257,0.0010622,-0.00053477,0.0087342,0.102444,0.0804,0.69,0.000314947,-0.0624264,-0.001263823,0.181944,0.000276241,5.99332E-06,3.70278E-05,3.83454E-05,-1.93052E-05,0.000315305
0.0093854,0.86196,0.67,5.75,-0.33225,-0.010244,0.94834,0.0082886,0.00021467,0.0010372,0.0010449,-0.00033262,0.0094372,0.1034352,0.0804,0.69,0.000338813,-0.0631275,-0.00194636,0.1801846,0.000299218,7.74959E-06,3.74429E-05,3.77209E-05,-1.20076E-05,0.000340683
0.010187,0.87021,0.67,5.75,-0.33534,-0.014119,0.93804,0.0089964,0.00025727,0.0010508,0.0010369,-7.25E-05,0.01034,0.1044252,0.0804,0.69,0.000367751,-0.0637146,-0.00268261,0.1782276,0.00032477,9.28745E-06,3.79339E-05,3.74321E-05,-2.61588E-06,0.000373274
0.011034,0.87847,0.67,5.75,-0.33854,-0.017637,0.92654,0.0096795,0.00029109,0.0010652,0.0010132,0.00017216,0.011376,0.1054164,0.0804,0.69,0.000398327,-0.0643226,-0.00335103,0.1760426,0.00034943,1.05083E-05,3.84537E-05,3.65765E-05,6.21498E-06,0.000410674
0.011886,0.88672,0.67,5.75,-0.34108,-0.020287,0.91375,0.010353,0.00033412,0.001108,0.00097516,0.00034835,0.012444,0.1064064,0.0804,0.69,0.000429085,-0.0648052,-0.00385453,0.1736125,0.000373743,1.20617E-05,3.99988E-05,3.52033E-05,1.25754E-05,0.000449228
0.012793,0.89498,0.67,5.75,-0.3434,-0.021938,0.90058,0.011215,0.00040225,0.001079,0.00094441,0.00047172,0.013426,0.1073976,0.0804,0.69,0.000461827,-0.065246,-0.00416822,0.1711102,0.000404862,1.45212E-05,3.89519E-05,3.40932E-05,1.70291E-05,0.000484679
0.013544,0.90324,0.67,5.75,-0.34665,-0.022786,0.88781,0.012064,0.00046327,0.0012315,0.00093421,0.00058386,0.014089,0.1083888,0.0804,0.69,0.000488938,-0.0658635,-0.00432934,0.1686839,0.00043551,1.6724E-05,4.44572E-05,3.3725E-05,2.10773E-05,0.000508613
0.014241,0.91149,0.67,5.75,-0.34956,-0.023018,0.87491,0.012824,0.00051534,0.001309,0.00096668,0.00067686,0.014692,0.1093788,0.0804,0.69,0.0005141,-0.0664164,-0.00437342,0.1662329,0.000462946,1.86038E-05,4.72549E-05,3.48971E-05,2.44346E-05,0.000530381
0.015082,0.91975,0.67,5.75,-0.35189,-0.022821,0.86181,0.01381,0.00058619,0.0012381,0.0010645,0.00072717,0.01529,0.11037,0.0804,0.69,0.00054446,-0.0668591,-0.00433599,0.1637439,0.000498541,2.11615E-05,4.46954E-05,3.84285E-05,2.62508E-05,0.000551969
0.016014,0.92801,0.67,5.75,-0.35459,-0.022232,0.84874,0.014922,0.00065805,0.001148,0.0012251,0.00072857,0.015881,0.1113612,0.0804,0.69,0.000578105,-0.0673721,-0.00422408,0.1612606,0.000538684,2.37556E-05,4.14428E-05,4.42261E-05,2.63014E-05,0.000573304
0.01695,0.93626,0.67,5.75,-0.35639,-0.02119,0.83542,0.015919,0.00070439,0.0010292,0.0014297,0.0006923,0.016553,0.1123512,0.0804,0.69,0.000611895,-0.0677141,-0.0040261,0.1587298,0.000574676,2.54285E-05,3.71541E-05,5.16122E-05,2.4992E-05,0.000597563
0.018014,0.94452,0.67,5.75,-0.35819,-0.019906,0.82233,0.016888,0.00074478,0.00085012,0.0016753,0.00062978,0.017464,0.1133424,0.0804,0.69,0.000650305,-0.0680561,-0.00378214,0.1562427,0.000609657,2.68866E-05,3.06893E-05,6.04783E-05,2.27351E-05,0.00063045
0.019395,0.95277,0.67,5.75,-0.36052,-0.019017,0.80946,0.018074,0.00079401,0.00046627,0.0019363,0.00058955,0.018779,0.1143324,0.0804,0.69,0.00070016,-0.0684988,-0.00361323,0.1537974,0.000652471,2.86638E-05,1.68323E-05,6.99004E-05,2.12828E-05,0.000677922
0.020937,0.96103,0.67,5.75,-0.36141,-0.018939,0.7959,0.019343,0.00084756,0.00045355,0.0021053,0.00060925,0.020426,0.1153236,0.0804,0.69,0.000755826,-0.0686679,-0.00359841,0.151221,0.000698282,3.05969E-05,1.63732E-05,7.60013E-05,2.19939E-05,0.000737379
0.022312,0.96929,0.67,5.75,-0.36332,-0.019751,0.78217,0.02035,0.0008909,0.00035779,0.0021108,0.00064174,0.022164,0.1163148,0.0804,0.69,0.000805463,-0.0690308,-0.00375269,0.1486123,0.000734635,3.21615E-05,1.29162E-05,7.61999E-05,2.31668E-05,0.00080012
0.023747,0.97754,0.67,5.75,-0.36585,-0.021388,0.76827,0.021354,0.00087727,0.00025635,0.001992,0.00067331,0.024148,0.1173048,0.0804,0.69,0.000857267,-0.0695115,-0.00406372,0.1459713,0.000770879,3.16694E-05,9.25424E-06,7.19112E-05,2.43065E-05,0.000871743
0.025209,0.9858,0.67,5.75,-0.36626,-0.023637,0.75386,0.022574,0.00082031,6.19E-05,0.0018287,0.00068172,0.026016,0.118296,0.0804,0.69,0.000910045,-0.0695894,-0.00449103,0.1432334,0.000814921,2.96132E-05,2.23556E-06,6.60161E-05,2.46101E-05,0.000939178
0.026815,0.99405,0.67,5.75,-0.36764,-0.026348,0.73949,0.02401,0.00078266,-0.00010193,0.0016674,0.00066179,0.027954,0.119286,0.0804,0.69,0.000968022,-0.0698516,-0.00500612,0.1405031,0.000866761,2.8254E-05,-3.67967E-06,6.01931E-05,2.38906E-05,0.001009139
0.028505,1.0023,0.67,5.75,-0.37125,-0.029027,0.7253,0.025689,0.00079883,-7.81E-05,0.0015291,0.00058271,0.029791,0.120276,0.0804,0.69,0.001029031,-0.0705375,-0.00551513,0.137807,0.000927373,2.88378E-05,-2.82064E-06,5.52005E-05,2.10358E-05,0.001075455
0.030351,1.0106,0.67,5.75,-0.37425,-0.031194,0.71087,0.027448,0.00087318,-0.00016509,0.0014444,0.00043487,0.031811,0.121272,0.0804,0.69,0.001095671,-0.0711075,-0.00592686,0.1350653,0.000990873,3.15218E-05,-5.95975E-06,5.21428E-05,1.56988E-05,0.001148377
0.03213,1.0188,0.67,5.75,-0.37585,-0.032802,0.69678,0.029051,0.00095123,-0.00038814,0.0014173,0.00029233,0.033792,0.122256,0.0804,0.69,0.001159893,-0.0714115,-0.00623238,0.1323882,0.001048741,3.43394E-05,-1.40119E-05,5.11645E-05,1.05531E-05,0.001219891
0.033614,1.0271,0.67,5.75,-0.37671,-0.034082,0.6826,0.030275,0.00093698,-0.00074507,0.0014234,0.00026079,0.035531,0.123252,0.0804,0.69,0.001213465,-0.0715749,-0.00647558,0.129694,0.001092928,3.3825E-05,-2.6897E-05,5.13847E-05,9.41452E-06,0.001282669
0.035236,1.0353,0.67,5.75,-0.37763,-0.034873,0.66836,0.031732,0.0009066,-0.00097343,0.001457,0.0003108,0.037283,0.124236,0.0804,0.69,0.00127202,-0.0717497,-0.00662587,0.1269884,0.001145525,3.27283E-05,-3.51408E-05,5.25977E-05,1.12199E-05,0.001345916
0.037199,1.0436,0.67,5.75,-0.37971,-0.03542,0.65443,0.034263,0.00089599,-0.0013323,0.0015201,0.00042969,0.038615,0.125232,0.0804,0.69,0.001342884,-0.0721449,-0.0067298,0.1243417,0.001236894,3.23452E-05,-4.8096E-05,5.48756E-05,1.55118E-05,0.001394002
0.03961,1.0518,0.67,5.75,-0.38231,-0.036444,0.64058,0.03774,0.00087729,-0.0017411,0.0016149,0.00071345,0.039864,0.126216,0.0804,0.69,0.001429921,-0.0726389,-0.00692436,0.1217102,0.001362414,3.16702E-05,-6.28537E-05,5.82979E-05,2.57555E-05,0.00143909
0.042012,1.0601,0.67,5.75,-0.38451,-0.037943,0.62691,0.041403,0.00087259,-0.0013814,0.0017257,0.0011334,0.040896,0.127212,0.0804,0.69,0.001516633,-0.0730569,-0.00720917,0.1191129,0.001494648,3.15005E-05,-4.98685E-05,6.22978E-05,4.09157E-05,0.001476346
0.044047,1.0684,0.67,5.75,-0.38665,-0.039966,0.61388,0.044161,0.00090858,-0.00086942,0.0018175,0.0015999,0.042116,0.128208,0.0804,0.69,0.001590097,-0.0734635,-0.00759354,0.1166372,0.001594212,3.27997E-05,-3.13861E-05,6.56118E-05,5.77564E-05,0.001520388
0.045714,1.0766,0.67,5.75,-0.38784,-0.042583,0.60077,0.045916,0.00089806,-0.00034754,0.0018735,0.0020501,0.043639,0.129192,0.0804,0.69,0.001650275,-0.0736896,-0.00809077,0.1141463,0.001657568,3.242E-05,-1.25462E-05,6.76334E-05,7.40086E-05,0.001575368
0.047486,1.0849,0.67,5.75,-0.3881,-0.044873,0.58752,0.047326,0.00076389,0.00045638,0.001907,0.0023889,0.045738,0.130188,0.0804,0.69,0.001714245,-0.073739,-0.00852587,0.1116288,0.001708469,2.75764E-05,1.64753E-05,6.88427E-05,8.62393E-05,0.001651142
0.04959,1.0931,0.67,5.75,-0.38747,-0.047512,0.57398,0.048586,0.00052066,0.00034133,0.0019167,0.0027021,0.048677,0.131172,0.0804,0.69,0.001790199,-0.0736193,-0.00902728,0.1090562,0.001753955,1.87958E-05,1.2322E-05,6.91929E-05,9.75458E-05,0.00175724
0.053243,1.1014,0.67,5.75,-0.38666,-0.050126,0.56119,0.052426,0.00021099,0.00018044,0.0019072,0.0030103,0.052153,0.132168,0.0804,0.69,0.001922072,-0.0734654,-0.00952394,0.1066261,0.001892579,7.61674E-06,6.51388E-06,6.88499E-05,0.000108672,0.001882723
0.058995,1.1096,0.67,5.75,-0.38723,-0.051805,0.5496,0.060249,-1.99E-05,0.00025071,0.0019521,0.0033203,0.055789,0.133152,0.0804,0.69,0.00212972,-0.0735737,-0.00984295,0.104424,0.002174989,-7.1756E-07,9.05063E-06,7.04708E-05,0.000119863,0.002013983
0.065947,1.1179,0.67,5.75,-0.39102,-0.054547,0.53802,0.07062,-0.00034228,0.00095133,0.0020064,0.0037395,0.059268,0.134148,0.0804,0.69,0.002380687,-0.0742938,-0.01036393,0.1022238,0.002549382,-1.23563E-05,3.4343E-05,7.2431E-05,0.000134996,0.002139575
0.081087,1.1262,0.67,5.75,-0.40651,-0.057568,0.5257,0.095906,-0.0012246,0.0015902,0.0020721,0.0043019,0.064197,0.135144,0.0804,0.69,0.002927241,-0.0772369,-0.01093792,0.099883,0.003462207,-4.42081E-05,5.74062E-05,7.48028E-05,0.000155299,0.002317512
0.11057,1.1344,0.67,5.75,-0.43425,-0.060185,0.51318,0.1488,-0.0029439,0.00077436,0.0022488,0.005136,0.070088,0.136128,0.0804,0.69,0.003991577,-0.0825075,-0.01143515,0.0975042,0.00537168,-0.000106275,2.79544E-05,8.11817E-05,0.00018541,0.002530177
0.14622,1.1427,0.67,5.75,-0.46212,-0.061463,0.4982,0.21165,-0.0046091,0.00093401,0.0024093,0.0058941,0.078376,0.137124,0.0804,0.69,0.005278542,-0.0878028,-0.01167797,0.094658,0.007640565,-0.000166389,3.37178E-05,8.69757E-05,0.000212777,0.002829374
0.18011,1.1509,0.67,5.75,-0.48685,-0.060952,0.48439,0.27016,-0.0059977,0.0053301,0.0025367,0.0059745,0.087528,0.138108,0.0804,0.69,0.006501971,-0.0925015,-0.01158088,0.0920341,0.009752776,-0.000216517,0.000192417,9.15749E-05,0.000215679,0.003159761
0.21604,1.1592,0.67,5.75,-0.52302,-0.060357,0.48047,0.33511,-0.0078083,0.016468,0.0027358,0.0054038,0.094229,0.139104,0.0804,0.69,0.007799044,-0.0993738,-0.01146783,0.0912893,0.012097471,-0.00028188,0.000594495,9.87624E-05,0.000195077,0.003401667
0.25858,1.1674,0.67,5.75,-0.58062,-0.058937,0.48498,0.41547,-0.010055,0.032821,0.0029697,0.0045282,0.098709,0.140088,0.0804,0.69,0.009334738,-0.1103178,-0.01119803,0.0921462,0.014998467,-0.000362986,0.001184838,0.000107206,0.000163468,0.003563395
0.30236,1.1757,0.67,5.75,-0.64839,-0.0569,0.49424,0.50342,-0.01287,0.053014,0.0031494,0.0036393,0.098156,0.141084,0.0804,0.69,0.010915196,-0.1231941,-0.010811,0.0939056,0.018173462,-0.000464607,0.001913805,0.000113693,0.000131379,0.003543432
0.33723,1.1839,0.67,5.75,-0.70659,-0.054715,0.50017,0.57387,-0.015134,0.072291,0.0031264,0.0026196,0.097467,0.142068,0.0804,0.69,0.012174003,-0.1342521,-0.01039585,0.0950323,0.020716707,-0.000546337,0.002609705,0.000112863,9.45676E-05,0.003518559
0.35019,1.1922,0.67,5.75,-0.7413,-0.052713,0.51342,0.59996,-0.016132,0.072329,0.0029793,0.001753,0.097435,0.143064,0.0804,0.69,0.012641859,-0.140847,-0.01001547,0.0975498,0.021658556,-0.000582365,0.002611077,0.000107553,6.32833E-05,0.003517404
0.35686,1.2005,0.67,5.75,-0.76086,-0.050891,0.52035,0.61411,-0.016891,0.067751,0.0028235,0.0011848,0.096796,0.14406,0.0804,0.69,0.012882646,-0.1445634,-0.00966929,0.0988665,0.022169371,-0.000609765,0.002445811,0.000101928,4.27713E-05,0.003494336
0.37471,1.2087,0.67,5.75,-0.77308,-0.048286,0.50362,0.64755,-0.017445,0.074957,0.0027178,0.00052958,0.099145,0.145044,0.0804,0.69,0.013527031,-0.1468852,-0.00917434,0.0956878,0.023376555,-0.000629765,0.002705948,9.81126E-05,1.91178E-05,0.003579135
0.39204,1.217,0.67,5.75,-0.77554,-0.04611,0.47935,0.67847,-0.017806,0.079987,0.0027622,0.00018027,0.10285,0.14604,0.0804,0.69,0.014152644,-0.1473526,-0.0087609,0.0910765,0.024492767,-0.000642797,0.002887531,9.97154E-05,6.50775E-06,0.003712885
0.40475,1.2252,0.67,5.75,-0.7744,-0.045219,0.45486,0.70088,-0.018471,0.086128,0.0028448,-0.00012356,0.10577,0.147024,0.0804,0.69,0.014611475,-0.147136,-0.00859161,0.0864234,0.025301768,-0.000666803,0.003109221,0.000102697,-4.46052E-06,0.003818297
0.41346,1.2335,0.67,5.75,-0.77371,-0.045582,0.43519,0.71661,-0.019302,0.096986,0.002897,-0.00083201,0.10742,0.14802,0.0804,0.69,0.014925906,-0.1470049,-0.00866058,0.0826861,0.025869621,-0.000696802,0.003501195,0.000104582,-3.00356E-05,0.003877862
0.41855,1.2417,0.67,5.75,-0.77083,-0.046734,0.41735,0.72563,-0.020001,0.10688,0.002956,-0.0014245,0.10851,0.149004,0.0804,0.69,0.015109655,-0.1464577,-0.00887946,0.0792965,0.026195243,-0.000722036,0.003858368,0.000106712,-5.14245E-05,0.003917211
0.42197,1.25,0.67,5.75,-0.76206,-0.047439,0.39517,0.73122,-0.020204,0.11288,0.0030389,-0.001657,0.10969,0.15,0.0804,0.69,0.015233117,-0.1447914,-0.00901341,0.0750823,0.026397042,-0.000729364,0.004074968,0.000109704,-5.98177E-05,0.003959809
0.42397,1.2583,0.67,5.75,-0.74648,-0.048199,0.36764,0.73437,-0.02024,0.11415,0.0031681,-0.0015054,0.1104,0.150996,0.0804,0.69,0.015305317,-0.1418312,-0.00915781,0.0698516,0.026510757,-0.000730664,0.004120815,0.000114368,-5.43449E-05,0.00398544
0.4248,1.2665,0.67,5.75,-0.72427,-0.049187,0.33596,0.73502,-0.020238,0.11161,0.0032365,-0.0011384,0.11136,0.15198,0.0804,0.69,0.01533528,-0.1376113,-0.00934553,0.0638324,0.026534222,-0.000730592,0.004029121,0.000116838,-4.10962E-05,0.004020096
0.42586,1.2748,0.67,5.75,-0.69592,-0.049391,0.30287,0.73556,-0.019546,0.109,0.0031399,-0.0010161,0.11301,0.152976,0.0804,0.69,0.015373546,-0.1322248,-0.00938429,0.0575453,0.026553716,-0.000705611,0.0039349,0.00011335,-3.66812E-05,0.004079661
0.42916,1.283,0.67,5.75,-0.66386,-0.048372,0.27451,0.7397,-0.018386,0.11131,0.002967,-0.0013871,0.11566,0.15396,0.0804,0.69,0.015492676,-0.1261334,-0.00919068,0.0521569,0.02670317,-0.000663735,0.004018291,0.000107109,-5.00743E-05,0.004175326
0.43177,1.2913,0.67,5.75,-0.63067,-0.04747,0.25941,0.74246,-0.017575,0.12363,0.0028499,-0.0020086,0.11823,0.154956,0.0804,0.69,0.015586897,-0.1198273,-0.0090193,0.0492879,0.026802806,-0.000634458,0.004463043,0.000102881,-7.25105E-05,0.004268103
0.42889,1.2995,0.67,5.75,-0.59843,-0.048103,0.26335,0.73476,-0.017361,0.1475,0.0028057,-0.0026576,0.12021,0.15594,0.0804,0.69,0.015482929,-0.1137017,-0.00913957,0.0500365,0.026524836,-0.000626732,0.00532475,0.000101286,-9.59394E-05,0.004339581
0.42457,1.3078,0.67,5.75,-0.57091,-0.049924,0.26725,0.71537,-0.017655,0.19277,0.0027661,-0.0037329,0.13101,0.156936,0.0804,0.69,0.015326977,-0.1084729,-0.00948556,0.0507775,0.025824857,-0.000637346,0.006958997,9.98562E-05,-0.000134758,0.004729461
0.39982,1.316,0.67,5.75,-0.53956,-0.052141,0.26849,0.6577,-0.016832,0.22121,0.0026464,-0.0043308,0.1393,0.15792,0.0804,0.69,0.014433502,-0.1025164,-0.00990679,0.0510131,0.02374297,-0.000607635,0.007985681,9.5535E-05,-0.000156342,0.00502873
0.34204,1.3243,0.67,5.75,-0.48785,-0.054187,0.26824,0.54939,-0.013893,0.20082,0.002484,-0.0036467,0.13219,0.158916,0.0804,0.69,0.012347644,-0.0926915,-0.01029553,0.0509656,0.019832979,-0.000501537,0.007249602,8.96724E-05,-0.000131646,0.004772059
0.27477,1.3326,0.67,5.75,-0.41358,-0.055567,0.25012,0.4307,-0.010315,0.15946,0.0023678,-0.0021684,0.11647,0.159912,0.0804,0.69,0.009919197,-0.0785802,-0.01055773,0.0475228,0.01554827,-0.000372372,0.005756506,8.54776E-05,-7.82792E-05,0.004204567
0.22089,1.3408,0.67,5.75,-0.33094,-0.05744,0.2318,0.33946,-0.0077693,0.1217,0.0023488,-0.00080932,0.099984,0.160896,0.0804,0.69,0.007974129,-0.0628786,-0.0109136,0.044042,0.012254506,-0.000280472,0.00439337,8.47917E-05,-2.92165E-05,0.003609422
0.18626,1.3491,0.67,5.75,-0.25299,-0.058518,0.20383,0.27944,-0.0062927,0.09252,0.0022627,-0.0001193,0.090813,0.161892,0.0804,0.69,0.006723986,-0.0480681,-0.01111842,0.0387277,0.010087784,-0.000227166,0.003339972,8.16835E-05,-4.30673E-06,0.003278349
0.15617,1.3573,0.67,5.75,-0.16736,-0.058528,0.18678,0.22429,-0.0048528,0.067798,0.0021028,0.00053194,0.085955,0.162876,0.0804,0.69,0.005637737,-0.0317984,-0.01112032,0.0354882,0.008096869,-0.000175186,0.002447508,7.59111E-05,1.9203E-05,0.003102976
0.11438,1.3656,0.67,5.75,-0.066113,-0.062044,0.21902,0.15076,-0.0035808,0.047574,0.0020876,0.0011189,0.075903,0.163872,0.0804,0.69,0.004129118,-0.01256147,-0.01178836,0.0416138,0.005442436,-0.000129267,0.001717421,7.53624E-05,4.03923E-05,0.002740098
0.078485,1.3738,0.67,5.75,0.016472,-0.065842,0.26372,0.089552,-0.0028645,0.031766,0.0020324,0.0012783,0.065385,0.164856,0.0804,0.69,0.002833309,0.00312968,-0.01250998,0.0501068,0.003232827,-0.000103408,0.001146753,7.33696E-05,4.61466E-05,0.002360399
0.05983,1.3821,0.67,5.75,0.059772,-0.06577,0.29642,0.061257,-0.0024189,0.022245,0.0018689,0.0013053,0.056534,0.165852,0.0804,0.69,0.002159863,0.01135668,-0.0124963,0.0563198,0.002211378,-8.73223E-05,0.000803045,6.74673E-05,4.71213E-05,0.002040877
0.04888,1.3903,0.67,5.75,0.08624,-0.064894,0.30859,0.045953,-0.0020779,0.014181,0.0017258,0.0016019,0.050081,0.166836,0.0804,0.69,0.001764568,0.0163856,-0.01232986,0.0586321,0.001658903,-7.50122E-05,0.000511934,6.23014E-05,5.78286E-05,0.001807924
0.04348,1.3986,0.67,5.75,0.11543,-0.063924,0.31415,0.039104,-0.0019552,0.0073394,0.0016097,0.0017466,0.046247,0.167832,0.0804,0.69,0.001569628,0.0219317,-0.01214556,0.0596885,0.001411654,-7.05827E-05,0.000264952,5.81102E-05,6.30523E-05,0.001669517
0.036938,1.4069,0.67,5.75,0.14228,-0.062945,0.33039,0.034417,-0.0019243,0.0016038,0.0015551,0.0015006,0.037904,0.168828,0.0804,0.69,0.001333462,0.0270332,-0.01195955,0.0627741,0.001242454,-6.94672E-05,5.78972E-05,5.61391E-05,5.41717E-05,0.001368334
0.032915,1.4151,0.67,5.75,0.15867,-0.061681,0.33482,0.028891,-0.0018804,-0.0011486,0.0015255,0.0013515,0.035413,0.169812,0.0804,0.69,0.001188232,0.0301473,-0.01171939,0.0636158,0.001042965,-6.78824E-05,-4.14645E-05,5.50706E-05,4.87892E-05,0.001278409
0.029891,1.4234,0.67,5.75,0.17608,-0.059553,0.33792,0.025583,-0.0018539,-0.0020508,0.0014666,0.0012059,0.032733,0.170808,0.0804,0.69,0.001079065,0.0334552,-0.01131507,0.0642048,0.000923546,-6.69258E-05,-7.40339E-05,5.29443E-05,4.3533E-05,0.001181661
0.026518,1.4316,0.67,5.75,0.19811,-0.058684,0.35387,0.024321,-0.0016669,-0.0040998,0.0014786,0.0011346,0.027237,0.171792,0.0804,0.69,0.0009573,0.0376409,-0.01114996,0.0672353,0.000877988,-6.01751E-05,-0.000148003,5.33775E-05,4.09591E-05,0.000983256
0.024639,1.4399,0.67,5.75,0.21581,-0.058456,0.36811,0.023584,-0.001564,-0.0040015,0.0015354,0.0010503,0.024158,0.172788,0.0804,0.69,0.000889468,0.0410039,-0.01110664,0.0699409,0.000851382,-5.64604E-05,-0.000144454,5.54279E-05,3.79158E-05,0.000872104
0.021654,1.4481,0.67,5.75,0.23243,-0.056404,0.38097,0.021322,-0.0017066,-0.0032047,0.0016011,0.0007971,0.020385,0.173772,0.0804,0.69,0.000781709,0.0441617,-0.01071676,0.0723843,0.000769724,-6.16083E-05,-0.00011569,5.77997E-05,2.87753E-05,0.000735899
0.020316,1.4564,0.67,5.75,0.24858,-0.054724,0.3967,0.019991,-0.0017318,-0.0033949,0.001704,0.00073143,0.018938,0.174768,0.0804,0.69,0.000733408,0.0472302,-0.01039756,0.075373,0.000721675,-6.2518E-05,-0.000122556,6.15144E-05,2.64046E-05,0.000683662
0.019255,1.4647,0.67,5.75,0.26237,-0.053892,0.41569,0.019797,-0.0015738,-0.0034459,0.0017881,0.00071119,0.016926,0.175764,0.0804,0.69,0.000695106,0.0498503,-0.01023948,0.0789811,0.000714672,-5.68142E-05,-0.000124397,6.45504E-05,2.5674E-05,0.000611029
0.01724,1.4729,0.67,5.75,0.27633,-0.052534,0.43542,0.017781,-0.0014882,-0.0028257,0.0019056,0.00068476,0.014793,0.176748,0.0804,0.69,0.000622364,0.0525027,-0.00998146,0.0827298,0.000641894,-5.3724E-05,-0.000102008,6.87922E-05,2.47198E-05,0.000534027
0.016317,1.4812,0.67,5.75,0.28849,-0.051744,0.45584,0.016423,-0.0014368,-0.0028406,0.0020221,0.00079743,0.01419,0.177744,0.0804,0.69,0.000589044,0.0548131,-0.00983136,0.0866096,0.00059287,-5.18685E-05,-0.000102546,7.29978E-05,2.87872E-05,0.000512259
0.014805,1.4894,0.67,5.75,0.2976,-0.051033,0.47695,0.014851,-0.0012848,-0.0021374,0.002098,0.00087183,0.012662,0.178728,0.0804,0.69,0.000534461,0.056544,-0.00969627,0.0906205,0.000536121,-4.63813E-05,-7.71601E-05,7.57378E-05,3.14731E-05,0.000457098
0.013503,1.4977,0.67,5.75,0.30644,-0.049945,0.49691,0.012793,-0.001175,-0.0016607,0.0021776,0.0010193,0.012035,0.179724,0.0804,0.69,0.000487458,0.0582236,-0.00948955,0.0944129,0.000461827,-4.24175E-05,-5.99513E-05,7.86114E-05,3.67967E-05,0.000434464
0.012717,1.5059,0.67,5.75,0.31438,-0.049232,0.5183,0.011948,-0.0010484,-0.0018804,0.0022136,0.0011326,0.011272,0.180708,0.0804,0.69,0.000459084,0.0597322,-0.00935408,0.098477,0.000431323,-3.78472E-05,-6.78824E-05,7.9911E-05,4.08869E-05,0.000406919
0.011749,1.5142,0.67,5.75,0.31868,-0.049144,0.53914,0.010966,-0.00095039,-0.0017278,0.0021705,0.0011217,0.010361,0.181704,0.0804,0.69,0.000424139,0.0605492,-0.00933736,0.1024366,0.000395873,-3.43091E-05,-6.23736E-05,7.83551E-05,4.04934E-05,0.000374032
0.010992,1.5224,0.67,5.75,0.3228,-0.049046,0.55965,0.01012,-0.00086078,-0.0019595,0.0020934,0.0010099,0.009771,0.182688,0.0804,0.69,0.000396811,0.061332,-0.00931874,0.1063335,0.000365332,-3.10742E-05,-7.0738E-05,7.55717E-05,3.64574E-05,0.000352733
0.0099993,1.5307,0.67,5.75,0.32918,-0.048721,0.58042,0.009344,-0.00072847,-0.0019694,0.0019955,0.00077571,0.0086592,0.183684,0.0804,0.69,0.000360975,0.0625442,-0.00925699,0.1102798,0.000337318,-2.62978E-05,-7.10953E-05,7.20376E-05,2.80031E-05,0.000312597
0.0093018,1.539,0.67,5.75,0.33464,-0.047911,0.59999,0.0086387,-0.00062542,-0.0019763,0.0018921,0.00054876,0.0080729,0.18468,0.0804,0.69,0.000335795,0.0635816,-0.00910309,0.1139981,0.000311857,-2.25777E-05,-7.13444E-05,6.83048E-05,1.98102E-05,0.000291432
0.0086273,1.5472,0.67,5.75,0.33726,-0.046838,0.61911,0.0081729,-0.00053782,-0.0018364,0.0018286,0.00030244,0.007253,0.185664,0.0804,0.69,0.000311446,0.0640794,-0.00889922,0.1176309,0.000295042,-1.94153E-05,-6.6294E-05,6.60125E-05,1.09181E-05,0.000261833
0.0080752,1.5555,0.67,5.75,0.33956,-0.045915,0.63733,0.0077232,-0.00046712,-0.0017889,0.0017875,0.00012531,0.0066398,0.18666,0.0804,0.69,0.000291515,0.0645164,-0.00872385,0.1210927,0.000278808,-1.6863E-05,-6.45793E-05,6.45288E-05,4.52369E-06,0.000239697
0.007476,1.5637,0.67,5.75,0.34357,-0.045449,0.65548,0.007353,-0.00044937,-0.001792,0.0017507,5.57E-06,0.0058482,0.187644,0.0804,0.69,0.000269884,0.0652783,-0.00863531,0.1245412,0.000265443,-1.62223E-05,-6.46912E-05,6.32003E-05,2.00922E-07,0.00021112
0.0069518,1.572,0.67,5.75,0.34615,-0.045629,0.67258,0.0069046,-0.00047914,-0.0017162,0.0017228,-0.00011469,0.0052761,0.18864,0.0804,0.69,0.00025096,0.0657685,-0.00866951,0.1277902,0.000249256,-1.7297E-05,-6.19548E-05,6.21931E-05,-4.14031E-06,0.000190467
0.0065032,1.5802,0.67,5.75,0.34609,-0.045897,0.68878,0.0064963,-0.00052209,-0.0015755,0.001701,-0.0002761,0.0048092,0.189624,0.0804,0.69,0.000234766,0.0657571,-0.00872043,0.1308682,0.000234516,-1.88474E-05,-5.68756E-05,6.14061E-05,-9.96721E-06,0.000173612
0.0061318,1.5885,0.67,5.75,0.34717,-0.045469,0.70565,0.0061496,-0.00055731,-0.0013978,0.0016877,-0.00046358,0.0044263,0.19062,0.0804,0.69,0.000221358,0.0659623,-0.00863911,0.1340735,0.000222001,-2.01189E-05,-5.04606E-05,6.0926E-05,-1.67352E-05,0.000159789
0.0058031,1.5968,0.67,5.75,0.34942,-0.043933,0.72316,0.0058443,-0.00057912,-0.0011859,0.0016779,-0.0006315,0.0040839,0.191616,0.0804,0.69,0.000209492,0.0663898,-0.00834727,0.1374004,0.000210979,-2.09062E-05,-4.2811E-05,6.05722E-05,-2.27972E-05,0.000147429
0.0054823,1.605,0.67,5.75,0.35042,-0.041487,0.74027,0.0054881,-0.00058257,-0.00098523,0.0016738,-0.00074075,0.0038027,0.1926,0.0804,0.69,0.000197911,0.0665798,-0.00788253,0.1406513,0.00019812,-2.10308E-05,-3.55668E-05,6.04242E-05,-2.67411E-05,0.000137277
0.0051716,1.6133,0.67,5.75,0.35072,-0.038862,0.75687,0.0051281,-0.00056983,-0.0007205,0.0016786,-0.00078884,0.0035365,0.193596,0.0804,0.69,0.000186695,0.0666368,-0.00738378,0.1438053,0.000185124,-2.05709E-05,-2.60101E-05,6.05975E-05,-2.84771E-05,0.000127668
0.004917,1.6215,0.67,5.75,0.35119,-0.036636,0.77304,0.0048882,-0.00056278,-0.0004707,0.0016661,-0.00080438,0.0032797,0.19458,0.0804,0.69,0.000177504,0.0667261,-0.00696084,0.1468776,0.000176464,-2.03164E-05,-1.69923E-05,6.01462E-05,-2.90381E-05,0.000118397
0.0046839,1.6298,0.67,5.75,0.35124,-0.034891,0.78834,0.0047458,-0.00055838,-0.00022123,0.0016237,-0.00079971,0.0029983,0.195576,0.0804,0.69,0.000169089,0.0667356,-0.00662929,0.1497846,0.000171323,-2.01575E-05,-7.9864E-06,5.86156E-05,-2.88695E-05,0.000108239
0.0044171,1.638,0.67,5.75,0.35054,-0.033516,0.8023,0.00455,-0.00054154,-4.84E-05,0.0015454,-0.00078227,0.0027389,0.19656,0.0804,0.69,0.000159457,0.0666026,-0.00636804,0.152437,0.000164255,-1.95496E-05,-1.74562E-06,5.57889E-05,-2.82399E-05,9.88743E-05
0.0041306,1.6463,0.67,5.75,0.34855,-0.032549,0.8149,0.0042707,-0.00053024,0.00012887,0.0014413,-0.00075598,0.0025492,0.197556,0.0804,0.69,0.000149115,0.0662245,-0.00618431,0.154831,0.000154172,-1.91417E-05,4.65221E-06,5.20309E-05,-2.72909E-05,9.20261E-05
0.0038922,1.6545,0.67,5.75,0.34538,-0.031703,0.82573,0.0040224,-0.00054462,0.00026565,0.001351,-0.0007235,0.002411,0.19854,0.0804,0.69,0.000140508,0.0656222,-0.00602357,0.1568887,0.000145209,-1.96608E-05,9.58997E-06,4.87711E-05,-2.61184E-05,8.70371E-05
0.0037183,1.6628,0.67,5.75,0.34195,-0.030593,0.83499,0.0038797,-0.0005706,0.00033536,0.0012905,-0.00066957,0.0022663,0.199536,0.0804,0.69,0.000134231,0.0649705,-0.00581267,0.1586481,0.000140057,-2.05987E-05,1.21065E-05,4.65871E-05,-2.41715E-05,8.18134E-05
0.0035427,1.6711,0.67,5.75,0.33809,-0.029334,0.84325,0.0037417,-0.00059198,0.00032985,0.0012471,-0.00059063,0.0020966,0.200532,0.0804,0.69,0.000127891,0.0642371,-0.00557346,0.1602175,0.000135075,-2.13705E-05,1.19076E-05,4.50203E-05,-2.13217E-05,7.56873E-05
0.0033357,1.6793,0.67,5.75,0.33344,-0.02808,0.85056,0.0034928,-0.00059997,0.00028792,0.0012301,-0.00048815,0.0019486,0.201516,0.0804,0.69,0.000120419,0.0633536,-0.0053352,0.1616064,0.00012609,-2.16589E-05,1.03939E-05,4.44066E-05,-1.76222E-05,7.03445E-05
0.003149,1.6876,0.67,5.75,0.3284,-0.026631,0.85747,0.0032772,-0.00058325,0.00024742,0.0012596,-0.00036176,0.0017613,0.202512,0.0804,0.69,0.000113679,0.062396,-0.00505989,0.1629193,0.000118307,-2.10553E-05,8.93186E-06,4.54716E-05,-1.30595E-05,6.35829E-05
0.0030005,1.6958,0.67,5.75,0.32302,-0.02475,0.86423,0.0031483,-0.00054153,0.00016313,0.0013161,-0.00023171,0.0015366,0.203496,0.0804,0.69,0.000108318,0.0613738,-0.0047025,0.1642037,0.000113654,-1.95492E-05,5.88899E-06,4.75112E-05,-8.36473E-06,5.54713E-05
0.0028424,1.7041,0.67,5.75,0.31716,-0.02231,0.87076,0.0030135,-0.00048367,5.47E-05,0.0013445,-0.00012544,0.0013268,0.204492,0.0804,0.69,0.000102611,0.0602604,-0.0042389,0.1654444,0.000108787,-1.74605E-05,1.97539E-06,4.85365E-05,-4.52838E-06,4.78975E-05
0.0026657,1.7123,0.67,5.75,0.31118,-0.019294,0.87786,0.0028404,-0.00042421,-4.26E-05,0.0013037,-5.95E-05,0.0011873,0.205476,0.0804,0.69,9.62318E-05,0.0591242,-0.00366586,0.1667934,0.000102538,-1.5314E-05,-1.53638E-06,4.70636E-05,-2.14965E-06,4.28615E-05
0.0025294,1.7206,0.67,5.75,0.30566,-0.016321,0.88647,0.0027139,-0.00038546,-6.74E-05,0.0012134,-5.40E-05,0.0011315,0.206472,0.0804,0.69,9.13113E-05,0.0580754,-0.00310099,0.1684293,9.79718E-05,-1.39151E-05,-2.4343E-06,4.38037E-05,-1.94817E-06,4.08472E-05
0.0024493,1.7289,0.67,5.75,0.3003,-0.014115,0.8955,0.0026701,-0.00037784,-5.08E-05,0.0011244,-9.27E-05,0.001104,0.207468,0.0804,0.69,8.84197E-05,0.057057,-0.00268185,0.170145,9.63906E-05,-1.364E-05,-1.83493E-06,4.05908E-05,-3.34788E-06,3.98544E-05
0.0023912,1.7371,0.67,5.75,0.29457,-0.012553,0.90397,0.0026216,-0.00039462,-6.43E-05,0.0010678,-0.00011531,0.0010929,0.208452,0.0804,0.69,8.63223E-05,0.0559683,-0.00238507,0.1717543,9.46398E-05,-1.42458E-05,-2.32137E-06,3.85476E-05,-4.16269E-06,3.94537E-05
0.0023607,1.7454,0.67,5.75,0.28882,-0.011188,0.91185,0.0025566,-0.0004314,-8.24E-05,0.0010549,-9.95E-05,0.0011098,0.209448,0.0804,0.69,8.52213E-05,0.0548758,-0.00212572,0.1732515,9.22933E-05,-1.55735E-05,-2.97413E-06,3.80819E-05,-3.59033E-06,4.00638E-05
0.0023753,1.7536,0.67,5.75,0.28336,-0.0098559,0.91911,0.0024884,-0.00048507,-5.54E-05,0.0010825,-7.13E-05,0.0011797,0.210432,0.0804,0.69,8.57483E-05,0.0538384,-0.001872621,0.1746309,8.98312E-05,-1.7511E-05,-1.99824E-06,3.90783E-05,-2.57505E-06,4.25872E-05
0.0024549,1.7619,0.67,5.75,0.27787,-0.0085614,0.92485,0.002449,-0.00053499,4.99E-05,0.0011276,-7.52E-05,0.0013333,0.211428,0.0804,0.69,8.86219E-05,0.0527953,-0.001626666,0.1757215,8.84089E-05,-1.93131E-05,1.80121E-06,4.07064E-05,-2.71335E-06,4.81321E-05
0.0026045,1.7701,0.67,5.75,0.2724,-0.0072187,0.92914,0.0024871,-0.0005749,0.00021913,0.0011871,-9.73E-05,0.0015347,0.212412,0.0804,0.69,9.40225E-05,0.051756,-0.001371553,0.1765366,8.97843E-05,-2.07539E-05,7.91059E-06,4.28543E-05,-3.51184E-06,5.54027E-05
0.0027293,1.7784,0.67,5.75,0.26748,-0.0059759,0.93367,0.0025683,-0.00061736,0.00037088,0.0012564,-8.50E-05,0.0016339,0.213408,0.0804,0.69,9.85277E-05,0.0508212,-0.001135421,0.1773973,9.27156E-05,-2.22867E-05,1.33888E-05,4.5356E-05,-3.06767E-06,5.89838E-05
0.0027486,1.7866,0.67,5.75,0.26336,-0.0049975,0.93974,0.0026539,-0.0006676,0.00045263,0.0013248,-3.47E-05,0.0015185,0.214392,0.0804,0.69,9.92245E-05,0.0500384,-0.000949525,0.1785506,9.58058E-05,-2.41004E-05,1.63399E-05,4.78253E-05,-1.25303E-06,5.48179E-05
0.0027265,1.7949,0.67,5.75,0.25974,-0.0037372,0.94677,0.0027122,-0.00072565,0.00046359,0.0014128,6.79E-06,0.001328,0.215388,0.0804,0.69,9.84267E-05,0.0493506,-0.000710068,0.1798863,9.79104E-05,-2.6196E-05,1.67356E-05,5.10021E-05,2.45061E-07,4.79408E-05
0.0027171,1.8032,0.67,5.75,0.25611,-0.0014932,0.95357,0.0027251,-0.00077944,0.00044675,0.0015024,3.51E-05,0.0012067,0.216384,0.0804,0.69,9.80873E-05,0.0486609,-0.000283708,0.1811783,9.83761E-05,-2.81378E-05,1.61277E-05,5.42366E-05,1.26769E-06,4.35619E-05
0.002689,1.8114,0.67,5.75,0.25221,0.0014219,0.95979,0.0027006,-0.00081592,0.00039365,0.0015709,6.07E-05,0.0011066,0.217368,0.0804,0.69,9.70729E-05,0.0479199,0.000270161,0.1823601,9.74917E-05,-2.94547E-05,1.42108E-05,5.67095E-05,2.18954E-06,3.99483E-05
0.0026454,1.8197,0.67,5.75,0.24809,0.0039717,0.96565,0.0026601,-0.00082525,0.00031639,0.0016249,7.75E-05,0.0010057,0.218364,0.0804,0.69,9.54989E-05,0.0471371,0.000754623,0.1834735,9.60296E-05,-2.97915E-05,1.14217E-05,5.86589E-05,2.79941E-06,3.63058E-05
0.0025656,1.8279,0.67,5.75,0.24386,0.0052227,0.97095,0.0026169,-0.00081176,0.00022904,0.0016413,7.04E-05,0.00087295,0.219348,0.0804,0.69,9.26182E-05,0.0463334,0.000992313,0.1844805,9.44701E-05,-2.93045E-05,8.26834E-06,5.92509E-05,2.54166E-06,3.15135E-05
0.0024847,1.8362,0.67,5.75,0.2397,0.0049478,0.97582,0.0025749,-0.0007901,0.000141,0.0016204,4.60E-05,0.00077404,0.220344,0.0804,0.69,8.96977E-05,0.045543,0.000940082,0.1854058,9.29539E-05,-2.85226E-05,5.0901E-06,5.84964E-05,1.66208E-06,2.79428E-05
0.0024373,1.8446,0.67,5.75,0.23567,0.0035035,0.98106,0.0025339,-0.00076802,8.56E-05,0.0015736,-4.81E-06,0.00076712,0.221352,0.0804,0.69,8.79865E-05,0.0447773,0.000665665,0.1864014,9.14738E-05,-2.77255E-05,3.0885E-06,5.6807E-05,-1.73807E-07,2.7693E-05
0.0024205,1.8534,0.67,5.75,0.23157,0.0016932,0.9866,0.0024789,-0.00074504,5.78E-05,0.0015376,-4.66E-05,0.00082452,0.222408,0.0804,0.69,8.73801E-05,0.0439983,0.000321708,0.187454,8.94883E-05,-2.68959E-05,2.08683E-06,5.55074E-05,-1.6832E-06,2.97652E-05
0.0024321,1.8626,0.67,5.75,0.22722,0.00037767,0.99244,0.0024089,-0.00073569,8.42E-05,0.0015338,-0.00010159,0.00092141,0.223512,0.0804,0.69,8.77988E-05,0.0431718,7.17573E-05,0.1885636,8.69613E-05,-2.65584E-05,3.03904E-06,5.53702E-05,-3.6674E-06,3.32629E-05
0.0024248,1.8723,0.67,5.75,0.22251,0.00064242,0.99841,0.0023161,-0.00073116,0.00020452,0.0015263,-0.00019713,0.0010073,0.224676,0.0804,0.69,8.75353E-05,0.0422769,0.00012206,0.1896979,8.36112E-05,-2.63949E-05,7.38317E-06,5.50994E-05,-7.11639E-06,3.63635E-05
0.0024257,1.8824,0.67,5.75,0.21739,0.0018979,1.0041,0.0021814,-0.00070411,0.00034062,0.0015195,-0.00033074,0.0011505,0.225888,0.0804,0.69,8.75678E-05,0.0413041,0.000360601,0.190779,7.87485E-05,-2.54184E-05,1.22964E-05,5.4854E-05,-1.19397E-05,4.15331E-05
0.0024619,1.8931,0.67,5.75,0.21203,0.0036751,1.009,0.0020371,-0.00064646,0.00051143,0.001519,-0.00045815,0.0013677,0.227172,0.0804,0.69,8.88746E-05,0.0402857,0.000698269,0.19171,7.35393E-05,-2.33372E-05,1.84626E-05,5.48359E-05,-1.65392E-05,4.9374E-05
0.0025163,1.9042,0.67,5.75,0.20659,0.0057737,1.0141,0.0019078,-0.00056747,0.00060366,0.0015052,-0.00063639,0.0016197,0.228504,0.0804,0.69,9.08384E-05,0.0392521,0.001097003,0.192679,6.88716E-05,-2.04857E-05,2.17921E-05,5.43377E-05,-2.29737E-05,5.84712E-05
0.0025187,1.9159,0.67,5.75,0.20095,0.0071004,1.0176,0.0017866,-0.00053672,0.00056658,0.0014838,-0.00073419,0.001767,0.229908,0.0804,0.69,9.09251E-05,0.0381805,0.001349076,0.193344,6.44963E-05,-1.93756E-05,2.04535E-05,5.35652E-05,-2.65043E-05,6.37887E-05
0.002555,1.9282,0.67,5.75,0.19511,0.0069492,1.022,0.0017133,-0.00057877,0.00040255,0.0015394,-0.00072997,0.0018573,0.231384,0.0804,0.69,9.22355E-05,0.0370709,0.001320348,0.19418,6.18501E-05,-2.08936E-05,1.45321E-05,5.55723E-05,-2.63519E-05,6.70485E-05
0.0026035,1.941,0.67,5.75,0.18897,0.0077467,1.027,0.0017251,-0.00063276,0.00023575,0.0016237,-0.0007289,0.0018582,0.23292,0.0804,0.69,9.39864E-05,0.0359043,0.001471873,0.19513,6.22761E-05,-2.28426E-05,8.51058E-06,5.86156E-05,-2.63133E-05,6.7081E-05
0.0027488,1.9545,0.67,5.75,0.18254,0.0083005,1.0309,0.0017949,-0.00066297,0.00028716,0.0016009,-0.00074823,0.0021018,0.23454,0.0804,0.69,9.92317E-05,0.0346826,0.001577095,0.195871,6.47959E-05,-2.39332E-05,1.03665E-05,5.77925E-05,-2.70111E-05,7.5875E-05
0.002875,1.9686,0.67,5.75,0.17599,0.0081471,1.0306,0.0018407,-0.00062716,0.00021987,0.0015796,-0.00077704,0.0023297,0.236232,0.0804,0.69,0.000103788,0.0334381,0.001547949,0.195814,6.64493E-05,-2.26405E-05,7.93731E-06,5.70236E-05,-2.80511E-05,8.41022E-05
0.0028628,1.9833,0.67,5.75,0.16944,0.0073255,1.0333,0.0018273,-0.0004375,0.00013548,0.0014031,-0.00075461,0.0024951,0.237996,0.0804,0.69,0.000103347,0.0321936,0.001391845,0.196327,6.59655E-05,-1.57938E-05,4.89083E-06,5.06519E-05,-2.72414E-05,9.00731E-05
0.0026701,1.9988,0.67,5.75,0.16248,0.0097289,1.0364,0.0017779,-0.0002062,2.66E-05,0.001278,-0.00068514,0.0022843,0.239856,0.0804,0.69,9.63906E-05,0.0308712,0.001848491,0.196916,6.41822E-05,-7.44382E-06,9.60116E-07,4.61358E-05,-2.47336E-05,8.24632E-05
0.0025638,2.0149,0.67,5.75,0.1556,0.011718,1.0372,0.0017004,-2.83E-05,5.65E-06,0.0012913,-0.00065748,0.0021359,0.241788,0.0804,0.69,9.25532E-05,0.029564,0.00222642,0.197068,6.13844E-05,-1.02066E-06,2.03918E-07,4.66159E-05,-2.3735E-05,7.7106E-05
0.002673,2.0319,0.67,5.75,0.14938,0.013691,1.0362,0.0015974,5.36E-05,-5.68E-05,0.0014533,-0.00056588,0.0022951,0.243828,0.0804,0.69,9.64953E-05,0.0283822,0.00260129,0.196878,5.76661E-05,1.93633E-06,-2.05026E-06,5.24641E-05,-2.04283E-05,8.28531E-05
0.0024617,2.0496,0.67,5.75,0.14312,0.01148,1.0302,0.0014555,5.55E-05,-0.00018417,0.0013118,-0.00035908,0.0021561,0.245952,0.0804,0.69,8.88674E-05,0.0271928,0.0021812,0.195738,5.25436E-05,2.00283E-06,-6.64854E-06,4.7356E-05,-1.29628E-05,7.78352E-05
0.0026858,2.0681,0.67,5.75,0.13638,0.0069152,1.0284,0.0013857,8.40E-05,0.00011967,0.0009606,-2.00E-05,0.0030254,0.248172,0.0804,0.69,9.69574E-05,0.0259122,0.001313888,0.195396,5.00238E-05,3.03413E-06,4.32009E-06,3.46777E-05,-7.20556E-07,0.000109217
0.0033399,2.0875,0.67,5.75,0.12893,0.0058892,1.0211,0.0015015,4.81E-05,0.00054753,0.00087268,0.0001047,0.0043056,0.2505,0.0804,0.69,0.00012057,0.0244967,0.001118948,0.194009,5.42042E-05,1.73753E-06,1.97658E-05,3.15037E-05,3.77967E-06,0.000155432
0.0040157,2.1078,0.67,5.75,0.12118,0.0041511,1.0133,0.0017422,-0.00012447,0.0011809,0.00071712,-9.52E-05,0.0055721,0.252936,0.0804,0.69,0.000144967,0.0230242,0.000788709,0.192527,6.28934E-05,-4.49337E-06,4.26305E-05,2.5888E-05,-3.43549E-06,0.000201153
0.0047963,2.129,0.67,5.75,0.11358,0.0091386,1.0112,0.0020391,-0.000293,0.0019666,0.0007014,-0.0002955,0.006852,0.25548,0.0804,0.69,0.000173146,0.0215802,0.001736334,0.192128,7.36115E-05,-1.05773E-05,7.09943E-05,2.53205E-05,-1.06676E-05,0.000247357
0.0049283,2.1511,0.67,5.75,0.1074,0.01489,1.0047,0.0022239,-0.00020079,0.0022084,0.00086877,-0.00010174,0.0067639,0.258132,0.0804,0.69,0.000177912,0.020406,0.0028291,0.190893,8.02828E-05,-7.24852E-06,7.97232E-05,3.13626E-05,-3.67281E-06,0.000244177
0.0040918,2.1743,0.67,5.75,0.10328,0.019162,1.0029,0.0021799,4.28E-05,0.0017507,0.0009938,0.00015812,0.00501,0.260916,0.0804,0.69,0.000147714,0.0196232,0.00364078,0.190551,7.86944E-05,1.54353E-06,6.32003E-05,3.58762E-05,5.70813E-06,0.000180861
0.0036111,2.1984,0.67,5.75,0.097745,0.021352,1.0084,0.0020057,0.00010029,0.001595,0.00096481,-2.29E-05,0.0042517,0.263808,0.0804,0.69,0.000130361,0.01857155,0.00405688,0.191596,7.24058E-05,3.62047E-06,5.75795E-05,3.48296E-05,-8.28098E-07,0.000153486
0.0038935,2.2237,0.67,5.75,0.089124,0.024573,0.99435,0.0018367,0.00030841,0.0016712,0.0014972,0.0004721,0.004453,0.266844,0.0804,0.69,0.000140555,0.01693356,0.00466887,0.1889265,6.63049E-05,1.11336E-05,6.03303E-05,5.40489E-05,1.70428E-05,0.000160753
0.0048289,2.2501,0.67,5.75,0.080021,0.032008,0.97298,0.0019091,0.00060563,0.0015148,0.0021257,0.0012301,0.0056231,0.270012,0.0804,0.69,0.000174323,0.01520399,0.00608152,0.1848662,6.89185E-05,2.18632E-05,5.46843E-05,7.67378E-05,4.44066E-05,0.000202994
0.0050857,2.2776,0.67,5.75,0.071111,0.03574,0.96646,0.0021584,0.00057847,0.0015456,0.0020412,0.00081611,0.0059717,0.273312,0.0804,0.69,0.000183594,0.01351109,0.0067906,0.1836274,7.79182E-05,2.08828E-05,5.57962E-05,7.36873E-05,2.94616E-05,0.000215578
0.004995,2.3063,0.67,5.75,0.062873,0.039066,0.95276,0.0023086,0.00036533,0.0013328,0.0018052,-0.00036234,0.0058761,0.276756,0.0804,0.69,0.00018032,0.01194587,0.00742254,0.1810244,8.33405E-05,1.31884E-05,4.81141E-05,6.51677E-05,-1.30805E-05,0.000212127
0.0058886,2.3362,0.67,5.75,0.052514,0.049462,0.93871,0.0024154,0.00038031,0.0015226,0.0018899,-0.00055688,0.0074719,0.280344,0.0804,0.69,0.000212578,0.00997766,0.00939778,0.1783549,8.71959E-05,1.37292E-05,5.49659E-05,6.82254E-05,-2.01034E-05,0.000269736
0.0056509,2.3674,0.67,5.75,0.039764,0.060007,0.91187,0.0023926,0.00057418,0.0017618,0.0024626,0.00015694,0.0064468,0.284088,0.0804,0.69,0.000203997,0.00755516,0.01140133,0.1732553,8.63729E-05,2.07279E-05,6.3601E-05,8.88999E-05,5.66553E-06,0.000232729
0.0053994,2.3999,0.67,5.75,0.029274,0.067971,0.8816,0.0019282,0.00065114,0.0015545,0.0036976,0.000279,0.0051729,0.287988,0.0804,0.69,0.000194918,0.00556206,0.01291449,0.167504,6.9608E-05,2.35062E-05,5.61175E-05,0.000133483,1.00719E-05,0.000186742
0.0051337,2.4338,0.67,5.75,0.018742,0.077461,0.84679,0.0011119,0.00040056,0.0013087,0.0035552,0.00047777,0.0056003,0.292056,0.0804,0.69,0.000185327,0.00356098,0.01471759,0.1608901,4.01396E-05,1.44602E-05,4.72441E-05,0.000128343,1.72475E-05,0.000202171
0.0035907,2.4691,0.67,5.75,0.0079766,0.073706,0.73039,0.00035792,6.65E-05,0.00063512,0.0020923,0.00072261,0.0047312,0.296292,0.0804,0.69,0.000129624,0.001515554,0.01400414,0.1387741,1.29209E-05,2.40112E-06,2.29278E-05,7.5532E-05,2.60862E-05,0.000170796
0.0013616,2.5058,0.67,5.75,0.0020219,0.032452,0.32153,2.37E-05,1.15E-05,0.000111,0.0008001,0.00028816,0.0018994,0.300696,0.0804,0.69,4.91538E-05,0.000384161,0.00616588,0.0610907,8.55714E-07,4.14609E-07,4.0071E-06,2.88836E-05,1.04026E-05,6.85683E-05
6.38E-07,2.544,0.67,5.75,0.00038312,8.27E-14,1.13E-17,1.28E-06,2.75E-16,4.69E-20,5.93E-26,1.01E-29,2.09E-33,0.30528,0.0804,0.69,2.30195E-08,7.27928E-05,1.57208E-14,2.14073E-18,4.60383E-08,9.92678E-18,1.69284E-21,2.14037E-27,3.64791E-31,7.53263E-35
0,2.5837,0.67,5.75,0,0,0,0,0,0,0,0,0,0.310044,0.0804,0.69,0,0,0,0,0,0,0,0,0,0
0,2.625,0.67,5.75,0,0,0,0,0,0,0,0,0,0.315,0.0804,0.69,0,0,0,0,0,0,0,0,0,0
0,-0.125,0.67,5.75,0,0,0,0,0,0,0,0,0,-0.015,0.0804,0.69,0,0,0,0,0,0,0,0,0,0
0,-0.12489,0.67,5.75,0,0,0,0,0,0,0,0,0,-0.0149868,0.0804,0.69,0,0,0,0,0,0,0,0,0,0
0,-0.083719,0.67,5.75,0,0,0,0,0,0,0,0,0,-0.01004628,0.0804,0.69,0,0,0,0,0,0,0,0,0,0
4.61E-10,-0.08361,0.67,5.75,-1.86E-06,-5.22E-16,-9.71E-21,9.22E-10,2.58E-19,-2.11E-24,7.23E-29,-5.90E-34,9.13E-37,-0.0100332,0.0804,0.69,1.66453E-11,-3.54236E-07,-9.91287E-17,-1.84443E-21,3.32907E-11,9.32283E-21,-7.61313E-26,2.61082E-30,-2.12856E-35,3.29629E-38
1.47E-07,-0.044001,0.67,5.75,-0.00063016,-1.76E-13,2.66E-17,2.95E-07,8.26E-17,-1.01E-20,2.31E-26,-2.84E-30,4.14E-34,-0.00528012,0.0804,0.69,5.32078E-09,-0.00011973,-3.35027E-14,5.05875E-18,1.06416E-08,2.98016E-18,-3.65513E-22,8.34596E-28,-1.02354E-31,1.49389E-35
2.87E-06,-0.043896,0.67,5.75,-0.00063711,6.93E-05,0.0011054,3.22E-07,-7.36E-08,-8.32E-08,2.22E-06,-5.59E-07,3.21E-06,-0.00526752,0.0804,0.69,1.03777E-07,-0.000121051,1.31759E-05,0.000210026,1.16376E-08,-2.65667E-09,-3.00309E-09,7.99687E-08,-2.01943E-08,1.15942E-07
0.0009926,-0.0058053,0.67,5.75,-0.0031357,0.025264,0.4018,1.04E-05,-2.68E-05,-3.07E-05,0.00080686,-0.00020388,0.001168,-0.000696636,0.0804,0.69,3.58329E-05,-0.000595783,0.00480016,0.076342,3.74321E-07,-9.65928E-07,-1.10986E-06,2.91276E-05,-7.36007E-06,4.21648E-05
0.00099696,-0.0057044,0.67,5.75,-0.0031607,0.025351,0.40319,1.08E-05,-2.71E-05,-3.11E-05,0.0008104,-0.00020475,0.0011728,-0.000684528,0.0804,0.69,3.59903E-05,-0.000600533,0.00481669,0.0766061,3.89194E-07,-9.78888E-07,-1.12401E-06,2.92554E-05,-7.39148E-06,4.23381E-05
0.0025817,0.030909,0.67,5.75,-0.012196,0.057157,0.90884,0.00016078,-0.0001571,-0.00017573,0.0020937,-0.00052264,0.0029088,0.00370908,0.0804,0.69,9.31994E-05,-0.00231724,0.01085983,0.1726796,5.80416E-06,-5.67131E-06,-6.34385E-06,7.55826E-05,-1.88673E-05,0.000105008
0.0025818,0.031006,0.67,5.75,-0.012236,0.057142,0.90916,0.0001615,-0.00015732,-0.00017554,0.0020931,-0.00052294,0.0029091,0.00372072,0.0804,0.69,9.3203E-05,-0.00232484,0.01085698,0.1727404,5.83015E-06,-5.67925E-06,-6.33699E-06,7.55609E-05,-1.88781E-05,0.000105019
0.0026393,0.066184,0.67,5.75,-0.0269,0.051696,1.0272,0.00042349,-0.00023733,-0.00010234,0.0018559,-0.00062816,0.0029992,0.00794208,0.0804,0.69,9.52787E-05,-0.005111,0.00982224,0.195168,1.5288E-05,-8.56761E-06,-3.69447E-06,6.6998E-05,-2.26766E-05,0.000108271
0.0026387,0.066277,0.67,5.75,-0.026943,0.051658,1.0273,0.00042385,-0.00023729,-0.0001021,0.0018549,-0.00062851,0.0029987,0.00795324,0.0804,0.69,9.52571E-05,-0.00511917,0.00981502,0.195187,1.5301E-05,-8.56617E-06,-3.68581E-06,6.69619E-05,-2.26892E-05,0.000108253
0.0024212,0.10006,0.67,5.75,-0.042442,0.037999,1.0615,0.00055568,-0.00022409,-1.26E-05,0.0014815,-0.00075142,0.0028053,0.0120072,0.0804,0.69,8.74053E-05,-0.00806398,0.00721981,0.201685,2.006E-05,-8.08965E-06,-4.54319E-07,5.34822E-05,-2.71263E-05,0.000101271
0.0024227,0.10015,0.67,5.75,-0.042471,0.037979,1.0616,0.00055571,-0.00022384,-1.29E-05,0.0014812,-0.00075182,0.0028084,0.012018,0.0804,0.69,8.74595E-05,-0.00806949,0.00721601,0.201704,2.00611E-05,-8.08062E-06,-4.64571E-07,5.34713E-05,-2.71407E-05,0.000101383
0.0029559,0.13258,0.67,5.75,-0.053143,0.030921,1.0779,0.00056687,-0.00013576,-0.00011323,0.0013721,-0.00090333,0.0039728,0.0159096,0.0804,0.69,0.000106708,-0.01009717,0.00587499,0.204801,2.0464E-05,-4.90094E-06,-4.0876E-06,4.95328E-05,-3.26102E-05,0.000143418
0.0029553,0.13267,0.67,5.75,-0.053152,0.030891,1.0779,0.00056707,-0.00013552,-0.00011361,0.0013711,-0.00090285,0.0039724,0.0159204,0.0804,0.69,0.000106686,-0.01009888,0.00586929,0.204801,2.04712E-05,-4.89227E-06,-4.10132E-06,4.94967E-05,-3.25929E-05,0.000143404
0.0027241,0.16379,0.67,5.75,-0.056274,0.020097,1.0941,0.00064113,-4.55E-05,-0.00025074,0.00099277,-0.00072567,0.0038144,0.0196548,0.0804,0.69,9.834E-05,-0.01069206,0.00381843,0.207879,2.31448E-05,-1.64168E-06,-9.05171E-06,3.5839E-05,-2.61967E-05,0.0001377
0.0027237,0.16387,0.67,5.75,-0.056281,0.020099,1.0941,0.00064169,-4.54E-05,-0.00025119,0.00099312,-0.00072558,0.0038126,0.0196644,0.0804,0.69,9.83256E-05,-0.01069339,0.00381881,0.207879,2.3165E-05,-1.63786E-06,-9.06796E-06,3.58516E-05,-2.61934E-05,0.000137635
0.0025548,0.19372,0.67,5.75,-0.058508,0.020521,1.1053,0.00084352,-5.10E-06,-0.00041502,0.001118,-0.00068848,0.0031481,0.0232464,0.0804,0.69,9.22283E-05,-0.01111652,0.00389899,0.210007,3.04511E-05,-1.8394E-07,-1.49822E-05,4.03598E-05,-2.48541E-05,0.000113646
0.0025572,0.1938,0.67,5.75,-0.058519,0.020539,1.1053,0.00084438,-4.91E-06,-0.00041591,0.001118,-0.00068832,0.003152,0.023256,0.0804,0.69,9.23149E-05,-0.01111861,0.00390241,0.210007,3.04821E-05,-1.77403E-07,-1.50144E-05,4.03598E-05,-2.48484E-05,0.000113787
0.003431,0.22242,0.67,5.75,-0.062505,0.027317,1.1064,0.0011564,5.93E-05,-0.00074382,0.0011036,-0.00063929,0.0046019,0.0266904,0.0804,0.69,0.000123859,-0.01187595,0.00519023,0.210216,4.1746E-05,2.14062E-06,-2.68519E-05,3.984E-05,-2.30784E-05,0.000166129
0.0034298,0.2225,0.67,5.75,-0.062523,0.027317,1.1065,0.001157,5.96E-05,-0.00074396,0.0011036,-0.00063804,0.0045991,0.0267,0.0804,0.69,0.000123816,-0.01187937,0.00519023,0.210235,4.17677E-05,2.14983E-06,-2.6857E-05,3.984E-05,-2.30332E-05,0.000166028
0.003008,0.24993,0.67,5.75,-0.068944,0.027512,1.1119,0.0013501,0.00015376,-0.00079645,0.0010959,-0.00018278,0.0035699,0.0299916,0.0804,0.69,0.000108589,-0.01309936,0.00522728,0.211261,4.87386E-05,5.55074E-06,-2.87518E-05,3.9562E-05,-6.59836E-06,0.000128873
0.0030067,0.25,0.67,5.75,-0.068966,0.027509,1.1119,0.0013502,0.0001536,-0.00079663,0.0010969,-0.00018326,0.0035663,0.03,0.0804,0.69,0.000108542,-0.01310354,0.00522671,0.211261,4.87422E-05,5.54496E-06,-2.87583E-05,3.95981E-05,-6.61569E-06,0.000128743
0.0025296,0.27629,0.67,5.75,-0.076929,0.026439,1.114,0.0013617,0.00010043,-0.00085445,0.0014571,-0.0003494,0.0022403,0.0331548,0.0804,0.69,9.13186E-05,-0.01461651,0.00502341,0.21166,4.91574E-05,3.62552E-06,-3.08456E-05,5.26013E-05,-1.26133E-05,8.08748E-05
0.0025316,0.27636,0.67,5.75,-0.07695,0.026425,1.114,0.001362,0.00010034,-0.00085486,0.0014583,-0.00035141,0.002243,0.0331632,0.0804,0.69,9.13908E-05,-0.0146205,0.00502075,0.21166,4.91682E-05,3.62227E-06,-3.08604E-05,5.26446E-05,-1.26859E-05,8.09723E-05
0.0032818,0.30154,0.67,5.75,-0.084452,0.021554,1.1166,0.0014681,6.21E-05,-0.001,0.0018849,-0.0010907,0.0032106,0.0361848,0.0804,0.69,0.000118473,-0.01604588,0.00409526,0.212154,5.29984E-05,2.24058E-06,-0.0000361,6.80449E-05,-3.93743E-05,0.000115903
0.0032815,0.30161,0.67,5.75,-0.084471,0.02154,1.1166,0.0014684,6.23E-05,-0.00099924,0.0018838,-0.0010908,0.0032108,0.0361932,0.0804,0.69,0.000118462,-0.01604949,0.0040926,0.212154,5.30092E-05,2.24726E-06,-3.60726E-05,6.80052E-05,-3.93779E-05,0.00011591
0.0031877,0.32572,0.67,5.75,-0.091325,0.016436,1.1156,0.0015634,0.00012898,-0.0007344,0.0015113,-0.0011508,0.0033006,0.0390864,0.0804,0.69,0.000115076,-0.01735175,0.00312284,0.211964,5.64387E-05,4.65618E-06,-2.65118E-05,5.45579E-05,-4.15439E-05,0.000119152
0.0031859,0.32578,0.67,5.75,-0.09134,0.016447,1.1156,0.0015633,0.00012887,-0.00073305,0.0015101,-0.0011491,0.0032983,0.0390936,0.0804,0.69,0.000115011,-0.0173546,0.00312493,0.211964,5.64351E-05,4.65221E-06,-2.64631E-05,5.45146E-05,-4.14825E-05,0.000119069
0.0025178,0.34887,0.67,5.75,-0.09675,0.020195,1.1132,0.0015283,8.96E-05,-0.00023487,0.0010477,-0.00053194,0.0024597,0.0418644,0.0804,0.69,9.08926E-05,-0.0183825,0.00383705,0.211508,5.51716E-05,3.23557E-06,-8.47881E-06,3.7822E-05,-1.9203E-05,8.87952E-05
0.0025175,0.34893,0.67,5.75,-0.096767,0.020216,1.1132,0.0015284,8.98E-05,-0.00023492,0.001048,-0.00053192,0.0024586,0.0418716,0.0804,0.69,9.08818E-05,-0.01838573,0.00384104,0.211508,5.51752E-05,3.24279E-06,-8.48061E-06,3.78328E-05,-1.92023E-05,8.87555E-05
0.002351,0.37102,0.67,5.75,-0.10276,0.028002,1.1172,0.001546,0.00015767,-0.00023748,0.0011592,-0.00050232,0.0019969,0.0445224,0.0804,0.69,8.48711E-05,-0.0195244,0.00532038,0.212268,5.58106E-05,5.69189E-06,-8.57303E-06,4.18471E-05,-1.81338E-05,7.20881E-05
0.002352,0.37108,0.67,5.75,-0.10278,0.028021,1.1172,0.0015464,0.00015818,-0.00023836,0.0011594,-0.00050344,0.0019981,0.0445296,0.0804,0.69,8.49072E-05,-0.0195282,0.00532399,0.212268,5.5825E-05,5.7103E-06,-8.6048E-06,4.18543E-05,-1.81742E-05,7.21314E-05
0.0026948,0.39221,0.67,5.75,-0.11017,0.034934,1.1155,0.0016958,0.00033354,-0.00055862,0.0012609,-0.00090353,0.0024328,0.0470652,0.0804,0.69,9.72823E-05,-0.0209323,0.00663746,0.211945,6.12184E-05,1.20408E-05,-2.01662E-05,4.55185E-05,-3.26174E-05,8.78241E-05
0.0026967,0.39227,0.67,5.75,-0.11019,0.034943,1.1155,0.0016965,0.0003342,-0.00055951,0.0012614,-0.00090436,0.0024355,0.0470724,0.0804,0.69,9.73509E-05,-0.0209361,0.00663917,0.211945,6.12437E-05,1.20646E-05,-2.01983E-05,4.55365E-05,-3.26474E-05,8.79216E-05
0.0033617,0.41248,0.67,5.75,-0.11591,0.03828,1.1055,0.0019516,0.0005721,-0.00087569,0.001416,-0.0012094,0.0033558,0.0494976,0.0804,0.69,0.000121357,-0.0220229,0.0072732,0.210045,7.04528E-05,2.06528E-05,-3.16124E-05,5.11176E-05,-4.36593E-05,0.000121144
0.0033634,0.41254,0.67,5.75,-0.11592,0.038283,1.1055,0.0019523,0.00057227,-0.0008759,0.0014166,-0.0012098,0.0033578,0.0495048,0.0804,0.69,0.000121419,-0.0220248,0.00727377,0.210045,7.0478E-05,2.06589E-05,-3.162E-05,5.11393E-05,-4.36738E-05,0.000121217
0.0039703,0.43187,0.67,5.75,-0.12041,0.039674,1.1025,0.0021973,0.00064926,-0.00098198,0.0016222,-0.0013954,0.0041211,0.0518244,0.0804,0.69,0.000143328,-0.0228779,0.00753806,0.209475,7.93225E-05,2.34383E-05,-3.54495E-05,5.85614E-05,-5.03739E-05,0.000148772
0.0039702,0.43192,0.67,5.75,-0.12043,0.03967,1.1025,0.0021973,0.00064869,-0.00098059,0.0016222,-0.0013953,0.004121,0.0518304,0.0804,0.69,0.000143324,-0.0228817,0.0075373,0.209475,7.93225E-05,2.34177E-05,-3.53993E-05,5.85614E-05,-5.03703E-05,0.000148768
0.0039863,0.4504,0.67,5.75,-0.12657,0.03826,1.0997,0.0022264,0.00045528,-0.00048621,0.0016285,-0.0013607,0.0041176,0.054048,0.0804,0.69,0.000143905,-0.0240483,0.0072694,0.208943,8.0373E-05,1.64356E-05,-1.75522E-05,5.87889E-05,-4.91213E-05,0.000148645
0.0039847,0.45045,0.67,5.75,-0.12659,0.038248,1.0997,0.0022257,0.00045443,-0.00048561,0.0016279,-0.0013601,0.0041158,0.054054,0.0804,0.69,0.000143848,-0.0240521,0.00726712,0.208943,8.03478E-05,1.64049E-05,-1.75305E-05,5.87672E-05,-4.90996E-05,0.00014858
0.0034406,0.46812,0.67,5.75,-0.13472,0.033947,1.1025,0.0019973,0.00014658,-0.00024809,0.0014213,-0.0011529,0.0034625,0.0561744,0.0804,0.69,0.000124206,-0.0255968,0.00644993,0.209475,7.21025E-05,5.29154E-06,-8.95605E-06,5.13089E-05,-4.16197E-05,0.000124996
0.0034387,0.46816,0.67,5.75,-0.13475,0.033936,1.1025,0.0019964,0.00014589,-0.00024789,0.0014208,-0.0011521,0.0034602,0.0561792,0.0804,0.69,0.000124137,-0.0256025,0.00644784,0.209475,7.207E-05,5.26663E-06,-8.94883E-06,5.12909E-05,-4.15908E-05,0.000124913
0.00275,0.48504,0.67,5.75,-0.14382,0.029784,1.1036,0.0016821,-0.0001101,-0.00016773,0.0012441,-0.00083187,0.0025739,0.0582048,0.0804,0.69,0.000099275,-0.0273258,0.00565896,0.209684,6.07238E-05,-3.97461E-06,-6.05505E-06,4.4912E-05,-3.00305E-05,9.29178E-05
0.0027498,0.48509,0.67,5.75,-0.14384,0.029776,1.1037,0.0016814,-0.00011038,-0.000168,0.0012442,-0.00083139,0.0025741,0.0582108,0.0804,0.69,9.92678E-05,-0.0273296,0.00565744,0.209703,6.06985E-05,-3.98472E-06,-6.0648E-06,4.49156E-05,-3.00132E-05,9.2925E-05
0.0026508,0.50122,0.67,5.75,-0.15242,0.026632,1.1095,0.0014334,-0.00022115,-0.00026012,0.001251,-0.000661,0.0026171,0.0601464,0.0804,0.69,9.56939E-05,-0.0289598,0.00506008,0.210805,5.17457E-05,-7.98352E-06,-9.39033E-06,4.51611E-05,-2.38621E-05,9.44773E-05
0.0026507,0.50126,0.67,5.75,-0.15244,0.026624,1.1095,0.0014332,-0.0002211,-0.00026039,0.001251,-0.00066037,0.0026172,0.0601512,0.0804,0.69,9.56903E-05,-0.0289636,0.00505856,0.210805,5.17385E-05,-7.98171E-06,-9.40008E-06,4.51611E-05,-2.38394E-05,9.44809E-05
0.0026481,0.51667,0.67,5.75,-0.15984,0.02382,1.1139,0.0013322,-0.00021062,-0.00036405,0.0012725,-0.00043223,0.0026916,0.0620004,0.0804,0.69,9.55964E-05,-0.0303696,0.0045258,0.211641,4.80924E-05,-7.60338E-06,-1.31422E-05,4.59373E-05,-1.56035E-05,9.71668E-05
0.0026475,0.51671,0.67,5.75,-0.15985,0.023807,1.1139,0.0013323,-0.0002104,-0.00036435,0.0012725,-0.00043148,0.0026902,0.0620052,0.0804,0.69,9.55748E-05,-0.0303715,0.00452333,0.211641,4.8096E-05,-7.59544E-06,-1.3153E-05,4.59373E-05,-1.55764E-05,9.71162E-05
0.0024222,0.53142,0.67,5.75,-0.16616,0.019226,1.1155,0.0013877,-0.00012657,-0.0004725,0.0012812,-0.00014556,0.0021756,0.0637704,0.0804,0.69,8.74414E-05,-0.0315704,0.00365294,0.211945,5.0096E-05,-4.56918E-06,-1.70573E-05,4.62513E-05,-5.25472E-06,7.85392E-05
0.0024222,0.53146,0.67,5.75,-0.16617,0.019214,1.1155,0.0013883,-0.00012633,-0.00047307,0.0012816,-0.00014537,0.0021745,0.0637752,0.0804,0.69,8.74414E-05,-0.0315723,0.00365066,0.211945,5.01176E-05,-4.56051E-06,-1.70778E-05,4.62658E-05,-5.24786E-06,7.84995E-05
0.0023825,0.54551,0.67,5.75,-0.17124,0.015003,1.1148,0.0015739,-4.42E-05,-0.00067503,0.0014143,-6.01E-05,0.0017767,0.0654612,0.0804,0.69,8.60083E-05,-0.0325356,0.00285057,0.211812,5.68178E-05,-1.5941E-06,-2.43686E-05,5.10562E-05,-2.16947E-06,6.41389E-05
0.0023832,0.54555,0.67,5.75,-0.17125,0.014991,1.1148,0.0015748,-4.36E-05,-0.00067567,0.0014147,-6.04E-05,0.001777,0.065466,0.0804,0.69,8.60335E-05,-0.0325375,0.00284829,0.211812,5.68503E-05,-1.5754E-06,-2.43917E-05,5.10707E-05,-2.18048E-06,6.41497E-05
0.0026453,0.55896,0.67,5.75,-0.17542,0.010699,1.1129,0.0018847,0.00013965,-0.00091109,0.0015425,-0.00016658,0.0018636,0.0670752,0.0804,0.69,9.54953E-05,-0.0333298,0.00203281,0.211451,6.80377E-05,5.04137E-06,-3.28903E-05,5.56843E-05,-6.01354E-06,6.7276E-05
0.0026462,0.559,0.67,5.75,-0.17543,0.01069,1.1129,0.0018855,0.00014029,-0.0009117,0.0015427,-0.00016686,0.0018642,0.06708,0.0804,0.69,9.55278E-05,-0.0333317,0.0020311,0.211451,6.80666E-05,5.06447E-06,-3.29124E-05,5.56915E-05,-6.02365E-06,6.72976E-05
0.0029727,0.5718,0.67,5.75,-0.17988,0.0074888,1.1096,0.0022101,0.00037435,-0.0011387,0.001633,-0.00026981,0.0021022,0.068616,0.0804,0.69,0.000107314,-0.0341772,0.001422872,0.210824,7.97846E-05,1.3514E-05,-4.11071E-05,5.89513E-05,-9.74014E-06,7.58894E-05
0.0029732,0.57183,0.67,5.75,-0.1799,0.0074759,1.1096,0.0022106,0.00037475,-0.0011389,0.0016331,-0.00027007,0.0021027,0.0686196,0.0804,0.69,0.000107333,-0.034181,0.001420421,0.210824,7.98027E-05,1.35285E-05,-4.11143E-05,5.89549E-05,-9.74953E-06,7.59075E-05
0.0031688,0.58405,0.67,5.75,-0.18542,0.0030027,1.1073,0.0023894,0.00052446,-0.0012168,0.0016648,-0.00035896,0.0022833,0.070086,0.0804,0.69,0.000114394,-0.0352298,0.000570513,0.210387,8.62573E-05,1.8933E-05,-4.39265E-05,6.00993E-05,-1.29585E-05,8.24271E-05
0.0031688,0.58409,0.67,5.75,-0.18544,0.0029869,1.1073,0.0023893,0.00052445,-0.0012166,0.0016645,-0.00035924,0.0022837,0.0700908,0.0804,0.69,0.000114394,-0.0352336,0.000567511,0.210387,8.62537E-05,1.89326E-05,-4.39193E-05,6.00885E-05,-1.29686E-05,8.24416E-05
0.0031858,0.59575,0.67,5.75,-0.19195,-0.0028003,1.1102,0.0023996,0.00053198,-0.0011696,0.0015506,-0.00045713,0.0024215,0.07149,0.0804,0.69,0.000115007,-0.0364705,-0.000532057,0.210938,8.66256E-05,1.92045E-05,-4.22226E-05,5.59767E-05,-1.65024E-05,8.74162E-05
0.0031857,0.59578,0.67,5.75,-0.19197,-0.0028116,1.1102,0.0023993,0.00053162,-0.0011694,0.00155,-0.00045742,0.002422,0.0714936,0.0804,0.69,0.000115004,-0.0364743,-0.000534204,0.210938,8.66147E-05,1.91915E-05,-4.22153E-05,0.000055955,-1.65129E-05,8.74342E-05
0.0031218,0.6069,0.67,5.75,-0.19892,-0.0070607,1.1154,0.0022901,0.00041251,-0.0010837,0.0013657,-0.0005654,0.0025878,0.072828,0.0804,0.69,0.000112697,-0.0377948,-0.001341533,0.211926,8.26726E-05,1.48916E-05,-3.91216E-05,4.93018E-05,-2.04109E-05,9.34196E-05
0.0031215,0.60693,0.67,5.75,-0.19894,-0.0070698,1.1154,0.0022897,0.00041206,-0.0010833,0.0013652,-0.00056551,0.002588,0.0728316,0.0804,0.69,0.000112686,-0.0377986,-0.001343262,0.211926,8.26582E-05,1.48754E-05,-3.91071E-05,4.92837E-05,-2.04149E-05,9.34268E-05
0.0030127,0.61755,0.67,5.75,-0.20578,-0.010444,1.1204,0.0021414,0.00025238,-0.00096292,0.001204,-0.00061878,0.00268,0.074106,0.0804,0.69,0.000108758,-0.0390982,-0.00198436,0.212876,7.73045E-05,9.11092E-06,-3.47614E-05,4.34644E-05,-2.2338E-05,0.000096748
0.0030122,0.61757,0.67,5.75,-0.2058,-0.010451,1.1205,0.0021409,0.00025194,-0.00096238,0.0012037,-0.00061877,0.0026797,0.0741084,0.0804,0.69,0.00010874,-0.039102,-0.00198569,0.212895,7.72865E-05,9.09503E-06,-3.47419E-05,4.34536E-05,-2.23376E-05,9.67372E-05
0.0028328,0.6277,0.67,5.75,-0.21246,-0.012891,1.122,0.0019898,8.64E-05,-0.00076155,0.0010987,-0.00061616,0.0025771,0.075324,0.0804,0.69,0.000102264,-0.0403674,-0.00244929,0.21318,7.18318E-05,3.11904E-06,-2.7492E-05,3.96631E-05,-2.22434E-05,9.30333E-05
0.0028323,0.62772,0.67,5.75,-0.21248,-0.012897,1.122,0.0019893,8.61E-05,-0.00076099,0.0010986,-0.0006163,0.0025768,0.0753264,0.0804,0.69,0.000102246,-0.0403712,-0.00245043,0.21318,7.18137E-05,3.10839E-06,-2.74717E-05,3.96595E-05,-2.22484E-05,9.30225E-05
0.0026544,0.63738,0.67,5.75,-0.21913,-0.015005,1.1239,0.0018205,-3.44E-05,-0.00055118,0.0010365,-0.00066234,0.0024517,0.0764856,0.0804,0.69,9.58238E-05,-0.0416347,-0.00285095,0.213541,6.57201E-05,-1.24245E-06,-1.98976E-05,3.74177E-05,-2.39105E-05,8.85064E-05
0.0026539,0.6374,0.67,5.75,-0.21915,-0.015009,1.1239,0.0018201,-3.46E-05,-0.00055045,0.0010364,-0.00066249,0.0024513,0.076488,0.0804,0.69,9.58058E-05,-0.0416385,-0.00285171,0.213541,6.57056E-05,-1.2479E-06,-1.98712E-05,3.7414E-05,-2.39159E-05,8.84919E-05
0.0024865,0.64661,0.67,5.75,-0.2257,-0.016686,1.1266,0.0016755,-9.45E-05,-0.00030985,0.00098689,-0.00071965,0.0023106,0.0775932,0.0804,0.69,8.97627E-05,-0.042883,-0.00317034,0.214054,6.04856E-05,-3.41242E-06,-1.11856E-05,3.56267E-05,-2.59794E-05,8.34127E-05
0.0024863,0.64664,0.67,5.75,-0.22571,-0.01669,1.1267,0.0016753,-9.46E-05,-0.00030918,0.0009868,-0.00071976,0.0023104,0.0775968,0.0804,0.69,8.97554E-05,-0.0428849,-0.0031711,0.214073,6.04783E-05,-3.41538E-06,-1.11614E-05,3.56235E-05,-2.59833E-05,8.34054E-05
0.0023927,0.65542,0.67,5.75,-0.23177,-0.017897,1.1292,0.0016037,-0.00012726,-7.28E-05,0.00094688,-0.00076272,0.0022349,0.0786504,0.0804,0.69,8.63765E-05,-0.0440363,-0.00340043,0.214548,5.78936E-05,-4.59409E-06,-2.62682E-06,3.41824E-05,-2.75342E-05,8.06799E-05
0.0023928,0.65544,0.67,5.75,-0.23178,-0.0179,1.1292,0.0016037,-0.0001273,-7.22E-05,0.00094688,-0.00076276,0.002235,0.0786528,0.0804,0.69,8.63801E-05,-0.0440382,-0.003401,0.214548,5.78936E-05,-4.59553E-06,-2.6075E-06,3.41824E-05,-2.75356E-05,8.06835E-05
0.0024068,0.66381,0.67,5.75,-0.23704,-0.019085,1.1294,0.001613,-0.00014401,0.00014064,0.00093365,-0.00078377,0.0022669,0.0796572,0.0804,0.69,8.68855E-05,-0.0450376,-0.00362615,0.214586,5.82293E-05,-5.19876E-06,5.0771E-06,3.37048E-05,-2.82941E-05,8.18351E-05
0.0024071,0.66383,0.67,5.75,-0.23705,-0.019088,1.1294,0.0016133,-0.00014402,0.00014088,0.00093377,-0.00078376,0.0022672,0.0796596,0.0804,0.69,8.68963E-05,-0.0450395,-0.00362672,0.214586,5.82401E-05,-5.19912E-06,5.08577E-06,3.37091E-05,-2.82937E-05,8.18459E-05
0.0024971,0.67207,0.67,5.75,-0.24157,-0.020238,1.1273,0.0016755,-0.00015046,0.0002496,0.00096785,-0.00078164,0.0023508,0.0806484,0.0804,0.69,9.01453E-05,-0.0458983,-0.00384522,0.214187,6.04856E-05,-5.43161E-06,9.01056E-06,3.49394E-05,-2.82172E-05,8.48639E-05
0.0024976,0.67209,0.67,5.75,-0.24158,-0.020239,1.1273,0.0016759,-0.0001505,0.00024975,0.00096809,-0.00078166,0.0023511,0.0806508,0.0804,0.69,9.01634E-05,-0.0459002,-0.00384541,0.214187,6.05E-05,-5.43305E-06,9.01598E-06,3.4948E-05,-2.82179E-05,8.48747E-05
0.0026706,0.68032,0.67,5.75,-0.24563,-0.02082,1.1236,0.0017996,-0.00016002,0.00028567,0.0010503,-0.0007916,0.0024913,0.0816384,0.0804,0.69,9.64087E-05,-0.0466697,-0.0039558,0.213484,6.49656E-05,-5.77672E-06,1.03127E-05,3.79158E-05,-2.85768E-05,8.99359E-05
0.0026711,0.68034,0.67,5.75,-0.24564,-0.020818,1.1236,0.0018,-0.00016008,0.00028578,0.0010506,-0.00079161,0.0024917,0.0816408,0.0804,0.69,9.64267E-05,-0.0466716,-0.00395542,0.213484,0.00006498,-5.77889E-06,1.03167E-05,3.79267E-05,-2.85771E-05,8.99504E-05
0.0028545,0.68858,0.67,5.75,-0.24939,-0.020395,1.1184,0.0019617,-0.00017474,0.00031743,0.0011534,-0.00079085,0.002594,0.0826296,0.0804,0.69,0.000103047,-0.0473841,-0.00387505,0.212496,7.08174E-05,-6.30811E-06,1.14592E-05,4.16377E-05,-2.85497E-05,9.36434E-05
0.0028552,0.6886,0.67,5.75,-0.2494,-0.02039,1.1184,0.0019621,-0.00017476,0.00031735,0.0011537,-0.00079089,0.0025946,0.082632,0.0804,0.69,0.000103073,-0.047386,-0.0038741,0.212496,7.08318E-05,-6.30884E-06,1.14563E-05,4.16486E-05,-2.85511E-05,9.36651E-05
0.003073,0.69683,0.67,5.75,-0.25295,-0.018805,1.1122,0.0021121,-0.000186,0.00031062,0.0012596,-0.00080525,0.0027742,0.0836196,0.0804,0.69,0.000110935,-0.0480605,-0.00357295,0.211318,7.62468E-05,-6.7146E-06,1.12134E-05,4.54716E-05,-2.90695E-05,0.000100149
0.0030738,0.69686,0.67,5.75,-0.25296,-0.018798,1.1122,0.0021125,-0.00018603,0.00031057,0.00126,-0.00080531,0.0027751,0.0836232,0.0804,0.69,0.000110964,-0.0480624,-0.00357162,0.211318,7.62613E-05,-6.71568E-06,1.12116E-05,0.000045486,-2.90717E-05,0.000100181
0.0033509,0.70509,0.67,5.75,-0.25622,-0.016226,1.1047,0.0022614,-0.00019575,0.00028807,0.0013729,-0.0008219,0.0030675,0.0846108,0.0804,0.69,0.000120967,-0.0486818,-0.00308294,0.209893,8.16365E-05,-7.06658E-06,1.03993E-05,4.95617E-05,-2.96706E-05,0.000110737
0.003352,0.70511,0.67,5.75,-0.25623,-0.016216,1.1047,0.0022618,-0.00019577,0.00028807,0.0013733,-0.00082212,0.0030688,0.0846132,0.0804,0.69,0.000121007,-0.0486837,-0.00308104,0.209893,8.1651E-05,-7.0673E-06,1.03993E-05,4.95761E-05,-2.96785E-05,0.000110784
0.0036992,0.71335,0.67,5.75,-0.25903,-0.012902,1.0954,0.0024119,-0.00021008,0.00029417,0.0015272,-0.00088051,0.0034592,0.085602,0.0804,0.69,0.000133541,-0.0492157,-0.00245138,0.208126,8.70696E-05,-7.58389E-06,1.06195E-05,5.51319E-05,-3.17864E-05,0.000124877
0.0037003,0.71337,0.67,5.75,-0.25904,-0.012893,1.0954,0.0024124,-0.00021006,0.00029419,0.0015278,-0.00088084,0.0034604,0.0856044,0.0804,0.69,0.000133581,-0.0492176,-0.00244967,0.208126,8.70876E-05,-7.58317E-06,1.06203E-05,5.51536E-05,-3.17983E-05,0.00012492
0.0040972,0.7216,0.67,5.75,-0.26155,-0.0093639,1.0853,0.0025645,-0.00020521,0.00030752,0.0017139,-0.00099454,0.003916,0.086592,0.0804,0.69,0.000147909,-0.0496945,-0.001779141,0.206207,9.25785E-05,-7.40808E-06,1.11015E-05,6.18718E-05,-3.59029E-05,0.000141368
0.0040981,0.72162,0.67,5.75,-0.26156,-0.0093553,1.0853,0.0025651,-0.0002052,0.00030757,0.0017144,-0.00099486,0.0039168,0.0865944,0.0804,0.69,0.000147941,-0.0496964,-0.001777507,0.206207,9.26001E-05,-7.40772E-06,1.11033E-05,6.18898E-05,-3.59144E-05,0.000141396
0.004453,0.72986,0.67,5.75,-0.26455,-0.0061068,1.0756,0.002756,-0.00019156,0.00032172,0.0019008,-0.0011144,0.0042492,0.0875832,0.0804,0.69,0.000160753,-0.0502645,-0.001160292,0.204364,9.94916E-05,-6.91532E-06,1.16141E-05,6.86189E-05,-4.02298E-05,0.000153396
0.0044537,0.72988,0.67,5.75,-0.26456,-0.0061003,1.0756,0.0027567,-0.00019157,0.00032186,0.0019012,-0.0011147,0.0042496,0.0875856,0.0804,0.69,0.000160779,-0.0502664,-0.001159057,0.204364,9.95169E-05,-6.91568E-06,1.16191E-05,6.86333E-05,-4.02407E-05,0.000153411
0.0047454,0.73811,0.67,5.75,-0.26834,-0.0035074,1.0674,0.003002,-0.00020083,0.00037906,0.0020498,-0.001219,0.0044391,0.0885732,0.0804,0.69,0.000171309,-0.0509846,-0.000666406,0.202806,0.000108372,-7.24996E-06,1.36841E-05,7.39978E-05,-4.40059E-05,0.000160252
0.004746,0.73814,0.67,5.75,-0.26835,-0.0035032,1.0674,0.0030027,-0.00020087,0.00037927,0.00205,-0.001219,0.0044394,0.0885768,0.0804,0.69,0.000171331,-0.0509865,-0.000665608,0.202806,0.000108397,-7.25141E-06,1.36916E-05,0.000074005,-4.40059E-05,0.000160262
0.0049478,0.74637,0.67,5.75,-0.2724,-0.001732,1.0605,0.0032005,-0.00022704,0.00046545,0.0021382,-0.0012658,0.0045569,0.0895644,0.0804,0.69,0.000178616,-0.051756,-0.00032908,0.201495,0.000115538,-8.19614E-06,1.68027E-05,7.7189E-05,-4.56954E-05,0.000164504
0.0049482,0.74639,0.67,5.75,-0.27242,-0.0017292,1.0605,0.003201,-0.00022715,0.00046581,0.0021383,-0.0012657,0.004557,0.0895668,0.0804,0.69,0.00017863,-0.0517598,-0.000328548,0.201495,0.000115556,-8.20012E-06,1.68157E-05,7.71926E-05,-4.56918E-05,0.000164508
0.0050958,0.75463,0.67,5.75,-0.27681,-0.00057092,1.0543,0.0033659,-0.00026378,0.00055572,0.0021736,-0.0012316,0.004652,0.0905556,0.0804,0.69,0.000183958,-0.0525939,-0.000108475,0.200317,0.000121509,-9.52246E-06,2.00615E-05,7.8467E-05,-4.44608E-05,0.000167937
0.0050961,0.75465,0.67,5.75,-0.27682,-0.00056911,1.0543,0.0033663,-0.00026383,0.00055614,0.0021736,-0.0012313,0.0046523,0.090558,0.0804,0.69,0.000183969,-0.0525958,-0.000108131,0.200317,0.000121523,-9.52426E-06,2.00767E-05,7.8467E-05,-4.44499E-05,0.000167948
0.0052284,0.76288,0.67,5.75,-0.28194,0.00023092,1.0484,0.0035694,-0.00029632,0.00067992,0.002176,-0.0011397,0.0047114,0.0915456,0.0804,0.69,0.000188745,-0.0535686,4.38748E-05,0.199196,0.000128855,-1.06972E-05,2.45451E-05,7.85536E-05,-4.11432E-05,0.000170082
0.005229,0.76291,0.67,5.75,-0.28195,0.0002322,1.0484,0.0035701,-0.00029627,0.00068017,0.0021759,-0.0011395,0.0047121,0.0915492,0.0804,0.69,0.000188767,-0.0535705,0.000044118,0.199196,0.000128881,-1.06953E-05,2.45541E-05,7.855E-05,-4.1136E-05,0.000170107
0.0053886,0.77114,0.67,5.75,-0.28698,0.0007421,1.0422,0.0037505,-0.00029171,0.00079616,0.0021439,-0.001071,0.0048828,0.0925368,0.0804,0.69,0.000194528,-0.0545262,0.000140999,0.198018,0.000135393,-1.05307E-05,2.87414E-05,7.73948E-05,-3.86631E-05,0.000176269
0.0053893,0.77116,0.67,5.75,-0.287,0.00074345,1.0422,0.0037513,-0.00029166,0.00079632,0.0021436,-0.001071,0.0048837,0.0925392,0.0804,0.69,0.000194554,-0.05453,0.000141256,0.198018,0.000135422,-1.05289E-05,2.87472E-05,7.7384E-05,-3.86631E-05,0.000176302
0.0055981,0.7794,0.67,5.75,-0.29149,0.0011803,1.0355,0.0039572,-0.00027263,0.00084402,0.0020551,-0.0010526,0.005184,0.093528,0.0804,0.69,0.000202091,-0.0553831,0.000224257,0.196745,0.000142855,-9.84194E-06,3.04691E-05,7.41891E-05,-3.79989E-05,0.000187142
0.0055988,0.77942,0.67,5.75,-0.2915,0.0011815,1.0355,0.0039578,-0.00027258,0.00084407,0.0020548,-0.0010526,0.005185,0.0935304,0.0804,0.69,0.000202117,-0.055385,0.000224485,0.196745,0.000142877,-9.84014E-06,3.04709E-05,7.41783E-05,-3.79989E-05,0.000187179
0.0058317,0.78765,0.67,5.75,-0.29608,0.0016466,1.0281,0.0042243,-0.00025743,0.00086827,0.0019212,-0.0010667,0.005518,0.094518,0.0804,0.69,0.000210524,-0.0562552,0.000312854,0.195339,0.000152497,-9.29322E-06,3.13445E-05,6.93553E-05,-3.85079E-05,0.0001992
0.0058325,0.78767,0.67,5.75,-0.2961,0.0016469,1.0281,0.0042252,-0.00025734,0.00086815,0.0019208,-0.0010666,0.005519,0.0945204,0.0804,0.69,0.000210553,-0.056259,0.000312911,0.195339,0.00015253,-9.28997E-06,3.13402E-05,6.93409E-05,-3.85043E-05,0.000199236
0.0060614,0.79591,0.67,5.75,-0.30042,0.0018897,1.0196,0.0045114,-0.00022764,0.00087315,0.0017733,-0.0010481,0.0058382,0.0955092,0.0804,0.69,0.000218817,-0.0570798,0.000359043,0.193724,0.000162862,-8.2178E-06,3.15207E-05,6.40161E-05,-3.78364E-05,0.000210759
0.0060622,0.79593,0.67,5.75,-0.30044,0.0018888,1.0196,0.0045126,-0.00022752,0.00087308,0.0017729,-0.001048,0.0058389,0.0955116,0.0804,0.69,0.000218845,-0.0570836,0.000358872,0.193724,0.000162905,-8.21347E-06,3.15182E-05,6.40017E-05,-3.78328E-05,0.000210784
0.0063179,0.80416,0.67,5.75,-0.30416,0.0017343,1.0101,0.0048835,-0.00018799,0.0008194,0.0016253,-0.0010034,0.006127,0.0964992,0.0804,0.69,0.000228076,-0.0577904,0.000329517,0.191919,0.000176294,-6.78644E-06,2.95803E-05,5.86733E-05,-3.62227E-05,0.000221185
0.0063187,0.80419,0.67,5.75,-0.30417,0.0017321,1.0101,0.0048846,-0.0001878,0.0008194,0.001625,-0.0010033,0.0061277,0.0965028,0.0804,0.69,0.000228105,-0.0577923,0.000329099,0.191919,0.000176334,-6.77958E-06,2.95803E-05,5.86625E-05,-3.62191E-05,0.00022121
0.0065524,0.81242,0.67,5.75,-0.30805,0.0011046,1.0007,0.0052845,-0.00012956,0.00079205,0.001499,-0.00096448,0.0063213,0.0974904,0.0804,0.69,0.000236542,-0.0585295,0.000209874,0.190133,0.00019077,-4.67712E-06,2.8593E-05,5.41139E-05,-3.48177E-05,0.000228199
0.0065533,0.81244,0.67,5.75,-0.30806,0.0011019,1.0006,0.0052857,-0.0001294,0.00079204,0.0014987,-0.00096433,0.0063221,0.0974928,0.0804,0.69,0.000236574,-0.0585314,0.000209361,0.190114,0.000190814,-4.67134E-06,2.85926E-05,5.41031E-05,-3.48123E-05,0.000228228
0.006812,0.82068,0.67,5.75,-0.31226,0.00015466,0.99185,0.0056747,-6.46E-05,0.00081372,0.0013926,-0.0009149,0.0065567,0.0984816,0.0804,0.69,0.000245913,-0.0593294,2.93854E-05,0.1884515,0.000204857,-2.33159E-06,2.93753E-05,5.02729E-05,-3.30279E-05,0.000236697
0.006813,0.8207,0.67,5.75,-0.31227,0.00015174,0.99183,0.005676,-6.45E-05,0.00081391,0.0013923,-0.00091476,0.0065578,0.098484,0.0804,0.69,0.000245949,-0.0593313,2.88306E-05,0.1884477,0.000204904,-2.32693E-06,2.93822E-05,5.0262E-05,-3.30228E-05,0.000236737
0.0071447,0.82893,0.67,5.75,-0.31644,-0.00084865,0.98371,0.0061231,-2.26E-05,0.0008538,0.0012847,-0.00086132,0.0068817,0.0994716,0.0804,0.69,0.000257924,-0.0601236,-0.000161244,0.1869049,0.000221044,-8.15824E-07,3.08222E-05,4.63777E-05,-3.10937E-05,0.000248429
0.0071463,0.82895,0.67,5.75,-0.31645,-0.00085258,0.98368,0.0061245,-2.24E-05,0.00085393,0.0012844,-0.00086108,0.0068836,0.099474,0.0804,0.69,0.000257981,-0.0601255,-0.00016199,0.1868992,0.000221094,-8.08784E-07,3.08269E-05,4.63668E-05,-3.1085E-05,0.000248498
0.007591,0.83719,0.67,5.75,-0.32044,-0.0020534,0.97534,0.0065744,3.23E-05,0.00093399,0.0011828,-0.00079648,0.0074247,0.1004628,0.0804,0.69,0.000274035,-0.0608836,-0.000390146,0.1853146,0.000237336,1.16563E-06,3.3717E-05,4.26991E-05,-2.87529E-05,0.000268032
0.0075926,0.83721,0.67,5.75,-0.32045,-0.0020594,0.97532,0.006576,3.25E-05,0.00093414,0.0011826,-0.00079612,0.0074265,0.1004652,0.0804,0.69,0.000274093,-0.0608855,-0.000391286,0.1853108,0.000237394,1.17191E-06,3.37225E-05,4.26919E-05,-2.87399E-05,0.000268097
0.0081464,0.84544,0.67,5.75,-0.3244,-0.0038938,0.9665,0.007076,0.00010706,0.00096774,0.0011063,-0.00068664,0.0081106,0.1014528,0.0804,0.69,0.000294085,-0.061636,-0.000739822,0.183635,0.000255444,3.86487E-06,3.49354E-05,3.99374E-05,-2.47877E-05,0.000292793
0.0081482,0.84547,0.67,5.75,-0.32441,-0.0039024,0.96648,0.0070777,0.0001072,0.00096783,0.0011062,-0.00068615,0.0081126,0.1014564,0.0804,0.69,0.00029415,-0.0616379,-0.000741456,0.1836312,0.000255505,3.86992E-06,3.49387E-05,3.99338E-05,-2.477E-05,0.000292865
0.0087261,0.8537,0.67,5.75,-0.32858,-0.0066564,0.9576,0.0076539,0.00016618,0.0010258,0.0010622,-0.00053453,0.008736,0.102444,0.0804,0.69,0.000315012,-0.0624302,-0.001264716,0.181944,0.000276306,5.9991E-06,3.70314E-05,3.83454E-05,-1.92965E-05,0.00031537
0.0087281,0.85372,0.67,5.75,-0.32859,-0.0066668,0.95757,0.0076559,0.00016631,0.0010258,0.0010621,-0.00053385,0.0087382,0.1024464,0.0804,0.69,0.000315084,-0.0624321,-0.001266692,0.1819383,0.000276378,6.00379E-06,3.70314E-05,3.83418E-05,-1.9272E-05,0.000315449
0.0093874,0.86196,0.67,5.75,-0.33227,-0.01025,0.94833,0.0082906,0.00021482,0.0010373,0.0010449,-0.00033226,0.0094393,0.1034352,0.0804,0.69,0.000338885,-0.0631313,-0.0019475,0.1801827,0.000299291,7.755E-06,3.74465E-05,3.77209E-05,-1.19946E-05,0.000340759
0.0093899,0.86198,0.67,5.75,-0.33228,-0.01026,0.9483,0.0082926,0.00021492,0.0010374,0.0010449,-0.00033149,0.0094423,0.1034376,0.0804,0.69,0.000338975,-0.0631332,-0.0019494,0.180177,0.000299363,7.75861E-06,3.74501E-05,3.77209E-05,-1.19668E-05,0.000340867
0.010189,0.87021,0.67,5.75,-0.33537,-0.014124,0.93804,0.0089984,0.0002574,0.0010509,0.0010368,-7.20E-05,0.010343,0.1044252,0.0804,0.69,0.000367823,-0.0637203,-0.00268356,0.1782276,0.000324842,9.29214E-06,3.79375E-05,3.74285E-05,-2.60072E-06,0.000373382
0.010192,0.87024,0.67,5.75,-0.33537,-0.014133,0.93801,0.0090005,0.0002575,0.0010509,0.0010368,-7.14E-05,0.010346,0.1044288,0.0804,0.69,0.000367931,-0.0637203,-0.00268527,0.1782219,0.000324918,9.29575E-06,3.79375E-05,3.74285E-05,-2.57761E-06,0.000373491
0.011037,0.87847,0.67,5.75,-0.33856,-0.017641,0.92653,0.0096817,0.00029123,0.0010653,0.0010131,0.00017255,0.011379,0.1054164,0.0804,0.69,0.000398436,-0.0643264,-0.00335179,0.1760407,0.000349509,1.05134E-05,3.84573E-05,3.65729E-05,6.22906E-06,0.000410782
0.01104,0.87849,0.67,5.75,-0.33857,-0.017647,0.9265,0.0096842,0.00029137,0.0010652,0.001013,0.00017297,0.011382,0.1054188,0.0804,0.69,0.000398544,-0.0643283,-0.00335293,0.176035,0.0003496,1.05185E-05,3.84537E-05,3.65693E-05,6.24422E-06,0.00041089
0.011889,0.88672,0.67,5.75,-0.3411,-0.02029,0.91374,0.010356,0.00033427,0.0011079,0.0009751,0.00034868,0.012448,0.1064064,0.0804,0.69,0.000429193,-0.064809,-0.0038551,0.1736106,0.000373852,1.20671E-05,3.99952E-05,3.52011E-05,1.25873E-05,0.000449373
0.011892,0.88675,0.67,5.75,-0.34111,-0.020294,0.91371,0.010358,0.00033443,0.0011082,0.00097503,0.00034898,0.01245,0.10641,0.0804,0.69,0.000429301,-0.0648109,-0.00385586,0.1736049,0.000373924,1.20729E-05,4.0006E-05,3.51986E-05,1.25982E-05,0.000449445
0.012796,0.89498,0.67,5.75,-0.34342,-0.021941,0.90057,0.011218,0.00040237,0.0010793,0.00094436,0.000472,0.013429,0.1073976,0.0804,0.69,0.000461936,-0.0652498,-0.00416879,0.1711083,0.00040497,1.45256E-05,3.89627E-05,3.40914E-05,1.70392E-05,0.000484787
0.012798,0.895,0.67,5.75,-0.34343,-0.021942,0.90053,0.01122,0.00040248,0.0010795,0.00094439,0.00047226,0.013432,0.1074,0.0804,0.69,0.000462008,-0.0652517,-0.00416898,0.1711007,0.000405042,1.45295E-05,3.897E-05,3.40925E-05,1.70486E-05,0.000484895
0.013547,0.90324,0.67,5.75,-0.34668,-0.022789,0.8878,0.012067,0.00046333,0.0012316,0.00093422,0.0005841,0.014093,0.1083888,0.0804,0.69,0.000489047,-0.0658692,-0.00432991,0.168682,0.000435619,1.67262E-05,4.44608E-05,3.37253E-05,2.1086E-05,0.000508757
0.01355,0.90326,0.67,5.75,-0.34668,-0.022789,0.88777,0.01207,0.00046352,0.0012315,0.0009344,0.00058426,0.014095,0.1083912,0.0804,0.69,0.000489155,-0.0658692,-0.00432991,0.1686763,0.000435727,1.67331E-05,4.44572E-05,3.37318E-05,2.10918E-05,0.00050883
0.014245,0.91149,0.67,5.75,-0.34959,-0.02302,0.8749,0.012828,0.00051545,0.0013088,0.00096678,0.00067701,0.014695,0.1093788,0.0804,0.69,0.000514245,-0.0664221,-0.0043738,0.166231,0.000463091,1.86077E-05,4.72477E-05,3.49008E-05,2.44401E-05,0.00053049
0.014248,0.91152,0.67,5.75,-0.3496,-0.023019,0.87486,0.012831,0.0005157,0.0013089,0.00096715,0.00067704,0.014697,0.1093824,0.0804,0.69,0.000514353,-0.066424,-0.00437361,0.1662234,0.000463199,1.86168E-05,4.72513E-05,3.49141E-05,2.44411E-05,0.000530562
0.015086,0.91975,0.67,5.75,-0.35192,-0.022822,0.8618,0.013814,0.00058636,0.0012382,0.0010647,0.0007272,0.015293,0.11037,0.0804,0.69,0.000544605,-0.0668648,-0.00433618,0.163742,0.000498685,2.11676E-05,4.4699E-05,3.84357E-05,2.62519E-05,0.000552077
0.015089,0.91977,0.67,5.75,-0.35192,-0.02282,0.86177,0.013817,0.00058652,0.001238,0.0010652,0.00072714,0.015296,0.1103724,0.0804,0.69,0.000544713,-0.0668648,-0.0043358,0.1637363,0.000498794,2.11734E-05,4.46918E-05,3.84537E-05,2.62498E-05,0.000552186
0.016018,0.92801,0.67,5.75,-0.35461,-0.022232,0.84873,0.014926,0.00065818,0.0011481,0.0012253,0.00072854,0.015885,0.1113612,0.0804,0.69,0.00057825,-0.0673759,-0.00422408,0.1612587,0.000538829,2.37603E-05,4.14464E-05,4.42333E-05,2.63003E-05,0.000573449
0.016021,0.92803,0.67,5.75,-0.35462,-0.022229,0.84869,0.014929,0.00065826,0.0011474,0.001226,0.00072839,0.015888,0.1113636,0.0804,0.69,0.000578358,-0.0673778,-0.00422351,0.1612511,0.000538937,2.37632E-05,4.14211E-05,4.42586E-05,2.62949E-05,0.000573557
0.016955,0.93626,0.67,5.75,-0.35642,-0.02119,0.83541,0.015923,0.00070447,0.001029,0.00143,0.00069222,0.016557,0.1123512,0.0804,0.69,0.000612076,-0.0677198,-0.0040261,0.1587279,0.00057482,2.54314E-05,3.71469E-05,0.000051623,2.49891E-05,0.000597708
0.016959,0.93628,0.67,5.75,-0.35642,-0.021187,0.83538,0.015927,0.0007046,0.0010282,0.0014308,0.00069205,0.016561,0.1123536,0.0804,0.69,0.00061222,-0.0677198,-0.00402553,0.1587222,0.000574965,2.54361E-05,3.7118E-05,5.16519E-05,2.4983E-05,0.000597852
0.01802,0.94452,0.67,5.75,-0.35822,-0.019906,0.82233,0.016893,0.00074487,0.00084958,0.0016757,0.0006297,0.01747,0.1133424,0.0804,0.69,0.000650522,-0.0680618,-0.00378214,0.1562427,0.000609837,2.68898E-05,3.06698E-05,6.04928E-05,2.27322E-05,0.000630667
0.018024,0.94454,0.67,5.75,-0.35823,-0.019905,0.82229,0.016897,0.0007451,0.00084952,0.0016763,0.00062968,0.017474,0.1133448,0.0804,0.69,0.000650666,-0.0680637,-0.00378195,0.1562351,0.000609982,2.68981E-05,3.06677E-05,6.05144E-05,2.27314E-05,0.000630811
0.019401,0.95277,0.67,5.75,-0.36054,-0.019018,0.80945,0.018079,0.0007942,0.00046672,0.0019366,0.00058956,0.018786,0.1143324,0.0804,0.69,0.000700376,-0.0685026,-0.00361342,0.1537955,0.000652652,2.86706E-05,1.68486E-05,6.99113E-05,2.12831E-05,0.000678175
0.019405,0.9528,0.67,5.75,-0.36055,-0.01902,0.80941,0.018082,0.00079439,0.0004663,0.0019368,0.00058975,0.018791,0.114336,0.0804,0.69,0.000700521,-0.0685045,-0.0036138,0.1537879,0.00065276,2.86775E-05,1.68334E-05,6.99185E-05,2.129E-05,0.000678355
0.020943,0.96103,0.67,5.75,-0.36144,-0.018942,0.79589,0.019348,0.00084779,0.00045362,0.0021054,0.00060939,0.020433,0.1153236,0.0804,0.69,0.000756042,-0.0686736,-0.00359898,0.1512191,0.000698463,3.06052E-05,1.63757E-05,7.60049E-05,2.1999E-05,0.000737631
0.020948,0.96105,0.67,5.75,-0.36144,-0.018946,0.79585,0.019352,0.0008478,0.00045297,0.0021052,0.00060963,0.020439,0.115326,0.0804,0.69,0.000756223,-0.0686736,-0.00359974,0.1512115,0.000698607,3.06056E-05,1.63522E-05,7.59977E-05,2.20076E-05,0.000737848
0.022319,0.96929,0.67,5.75,-0.36335,-0.019755,0.78216,0.020356,0.00089102,0.00035746,0.0021108,0.00064203,0.022172,0.1163148,0.0804,0.69,0.000805716,-0.0690365,-0.00375345,0.1486104,0.000734852,3.21658E-05,1.29043E-05,7.61999E-05,2.31773E-05,0.000800409
0.022324,0.96931,0.67,5.75,-0.36335,-0.01976,0.78212,0.02036,0.00089088,0.00035697,0.0021104,0.00064217,0.022178,0.1163172,0.0804,0.69,0.000805896,-0.0690365,-0.0037544,0.1486028,0.000734996,3.21608E-05,1.28866E-05,7.61854E-05,2.31823E-05,0.000800626
0.023755,0.97754,0.67,5.75,-0.36587,-0.021393,0.76825,0.021361,0.00087729,0.00025581,0.0019918,0.00067365,0.024156,0.1173048,0.0804,0.69,0.000857556,-0.0695153,-0.00406467,0.1459675,0.000771132,3.16702E-05,9.23474E-06,7.1904E-05,2.43188E-05,0.000872032
0.02376,0.97757,0.67,5.75,-0.36588,-0.0214,0.76821,0.021366,0.00087727,0.00025615,0.0019914,0.00067368,0.024162,0.1173084,0.0804,0.69,0.000857736,-0.0695172,-0.004066,0.1459599,0.000771313,3.16694E-05,9.24702E-06,7.18895E-05,2.43198E-05,0.000872248
0.025218,0.9858,0.67,5.75,-0.36629,-0.023643,0.75384,0.022583,0.00082047,6.23E-05,0.0018285,0.00068207,0.026025,0.118296,0.0804,0.69,0.00091037,-0.0695951,-0.00449217,0.1432296,0.000815246,2.9619E-05,2.24766E-06,6.60089E-05,2.46227E-05,0.000939503
0.025223,0.98582,0.67,5.75,-0.3663,-0.02365,0.75381,0.022587,0.00082061,6.22E-05,0.0018281,0.00068198,0.026031,0.1182984,0.0804,0.69,0.00091055,-0.069597,-0.0044935,0.1432239,0.000815391,2.9624E-05,2.24697E-06,6.59944E-05,2.46195E-05,0.000939719
0.026824,0.99405,0.67,5.75,-0.36768,-0.026354,0.73948,0.024018,0.00078305,-0.00010117,0.0016673,0.0006621,0.027963,0.119286,0.0804,0.69,0.000968346,-0.0698592,-0.00500726,0.1405012,0.00086705,2.82681E-05,-3.65224E-06,6.01895E-05,2.39018E-05,0.001009464
0.02683,0.99408,0.67,5.75,-0.36768,-0.026361,0.73943,0.024022,0.00078322,-0.00010201,0.001667,0.00066199,0.02797,0.1192896,0.0804,0.69,0.000968563,-0.0698592,-0.00500859,0.1404917,0.000867194,2.82742E-05,-3.68256E-06,6.01787E-05,2.38978E-05,0.001009717
0.028514,1.0023,0.67,5.75,-0.37128,-0.029033,0.72528,0.025697,0.00079935,-7.83E-05,0.0015291,0.00058312,0.029802,0.120276,0.0804,0.69,0.001029355,-0.0705432,-0.00551627,0.1378032,0.000927662,2.88565E-05,-2.82584E-06,5.52005E-05,2.10506E-05,0.001075852
0.02852,1.0023,0.67,5.75,-0.37129,-0.029039,0.72524,0.025702,0.00079939,-7.95E-05,0.001529,0.00058297,0.029809,0.120276,0.0804,0.69,0.001029572,-0.0705451,-0.00551741,0.1377956,0.000927842,2.8858E-05,-2.87103E-06,5.51969E-05,2.10452E-05,0.001076105
0.030361,1.0106,0.67,5.75,-0.37427,-0.0312,0.71086,0.027455,0.00087354,-0.00016625,0.0014445,0.00043554,0.031823,0.121272,0.0804,0.69,0.001096032,-0.0711113,-0.005928,0.1350634,0.000991126,3.15348E-05,-6.00163E-06,5.21465E-05,1.5723E-05,0.00114881
0.030367,1.0106,0.67,5.75,-0.37428,-0.031205,0.71082,0.027461,0.00087343,-0.00016725,0.0014444,0.00043532,0.031829,0.121272,0.0804,0.69,0.001096249,-0.0711132,-0.00592895,0.1350558,0.000991342,3.15308E-05,-6.03773E-06,5.21428E-05,1.57151E-05,0.001149027
0.032141,1.0188,0.67,5.75,-0.37588,-0.032807,0.69676,0.02906,0.00095127,-0.00038969,0.0014174,0.00029318,0.033804,0.122256,0.0804,0.69,0.00116029,-0.0714172,-0.00623333,0.1323844,0.001049066,3.43408E-05,-1.40678E-05,5.11681E-05,1.05838E-05,0.001220324
0.032148,1.0188,0.67,5.75,-0.37589,-0.03281,0.69673,0.029068,0.00095122,-0.00039033,0.0014174,0.00029295,0.03381,0.122256,0.0804,0.69,0.001160543,-0.0714191,-0.0062339,0.1323787,0.001049355,3.4339E-05,-1.40909E-05,5.11681E-05,1.05755E-05,0.001220541
0.033628,1.0271,0.67,5.75,-0.37674,-0.034087,0.68259,0.030289,0.000937,-0.00074627,0.0014235,0.0002615,0.035544,0.123252,0.0804,0.69,0.001213971,-0.0715806,-0.00647653,0.1296921,0.001093433,3.38257E-05,-2.69403E-05,5.13884E-05,9.44015E-06,0.001283138
0.033636,1.0271,0.67,5.75,-0.37675,-0.034088,0.68255,0.030299,0.00093713,-0.00074697,0.0014236,0.00026156,0.035549,0.123252,0.0804,0.69,0.00121426,-0.0715825,-0.00647672,0.1296845,0.001093794,3.38304E-05,-2.69656E-05,5.1392E-05,9.44232E-06,0.001283319
0.035253,1.0353,0.67,5.75,-0.37767,-0.034876,0.66835,0.031752,0.00090684,-0.00097471,0.0014572,0.00031143,0.037297,0.124236,0.0804,0.69,0.001272633,-0.0717573,-0.00662644,0.1269865,0.001146247,3.27369E-05,-3.5187E-05,5.26049E-05,1.12426E-05,0.001346422
0.03526,1.0354,0.67,5.75,-0.37768,-0.03488,0.66831,0.03176,0.00090699,-0.00097373,0.0014575,0.00031224,0.037302,0.124248,0.0804,0.69,0.001272886,-0.0717592,-0.0066272,0.1269789,0.001146536,3.27423E-05,-3.51517E-05,5.26158E-05,1.12719E-05,0.001346602
0.037217,1.0436,0.67,5.75,-0.37975,-0.035425,0.65442,0.034284,0.0008964,-0.0013316,0.0015204,0.00043081,0.03863,0.125232,0.0804,0.69,0.001343534,-0.0721525,-0.00673075,0.1243398,0.001237652,3.236E-05,-4.80708E-05,5.48864E-05,1.55522E-05,0.001394543
0.037222,1.0436,0.67,5.75,-0.37976,-0.035431,0.65438,0.03429,0.00089653,-0.0013309,0.0015207,0.00043226,0.038634,0.125232,0.0804,0.69,0.001343714,-0.0721544,-0.00673189,0.1243322,0.001237869,3.23647E-05,-4.80455E-05,5.48973E-05,1.56046E-05,0.001394687
0.039626,1.0518,0.67,5.75,-0.38235,-0.036452,0.64057,0.037758,0.00087788,-0.0017386,0.0016153,0.00071523,0.039879,0.126216,0.0804,0.69,0.001430499,-0.0726465,-0.00692588,0.1217083,0.001363064,3.16915E-05,-6.27635E-05,5.83123E-05,2.58198E-05,0.001439632
0.039631,1.0519,0.67,5.75,-0.38235,-0.036458,0.64054,0.037762,0.00087767,-0.0017384,0.0016156,0.0007168,0.039885,0.126228,0.0804,0.69,0.001430679,-0.0726465,-0.00692702,0.1217026,0.001363208,3.16839E-05,-6.27562E-05,5.83232E-05,2.58765E-05,0.001439849
0.042027,1.0601,0.67,5.75,-0.38454,-0.037954,0.6269,0.041414,0.00087299,-0.0013797,0.0017261,0.0011356,0.040914,0.127212,0.0804,0.69,0.001517175,-0.0730626,-0.00721126,0.119111,0.001495045,3.15149E-05,-4.98072E-05,6.23122E-05,4.09952E-05,0.001476995
0.042033,1.0601,0.67,5.75,-0.38454,-0.037961,0.62686,0.041419,0.00087239,-0.0013792,0.0017263,0.001137,0.040921,0.127212,0.0804,0.69,0.001517391,-0.0730626,-0.00721259,0.1191034,0.001495226,3.14933E-05,-4.97891E-05,6.23194E-05,4.10457E-05,0.001477248
0.044062,1.0684,0.67,5.75,-0.38668,-0.039978,0.61387,0.04417,0.00090828,-0.00086861,0.0018178,0.0016022,0.042137,0.128208,0.0804,0.69,0.001590638,-0.0734692,-0.00759582,0.1166353,0.001594537,3.27889E-05,-3.13568E-05,6.56226E-05,5.78394E-05,0.001521146
0.044073,1.0684,0.67,5.75,-0.38668,-0.039984,0.61383,0.044184,0.00090746,-0.00086936,0.0018179,0.0016032,0.042145,0.128208,0.0804,0.69,0.001591035,-0.0734692,-0.00759696,0.1166277,0.001595042,3.27593E-05,-3.13839E-05,6.56262E-05,5.78755E-05,0.001521435
0.045735,1.0766,0.67,5.75,-0.38787,-0.042594,0.60076,0.045933,0.00089696,-0.00034891,0.0018737,0.0020522,0.043664,0.129192,0.0804,0.69,0.001651034,-0.0736953,-0.00809286,0.1141444,0.001658181,3.23803E-05,-1.25957E-05,6.76406E-05,7.40844E-05,0.00157627
0.045753,1.0766,0.67,5.75,-0.38788,-0.042599,0.60073,0.045959,0.00089597,-0.00035034,0.0018738,0.0020527,0.043674,0.129192,0.0804,0.69,0.001651683,-0.0736972,-0.00809381,0.1141387,0.00165912,3.23445E-05,-1.26473E-05,6.76442E-05,7.41025E-05,0.001576631
0.04752,1.0849,0.67,5.75,-0.38814,-0.044882,0.58751,0.047365,0.00076217,0.00045138,0.0019072,0.0023906,0.045768,0.130188,0.0804,0.69,0.001715472,-0.0737466,-0.00852758,0.1116269,0.001709877,2.75143E-05,1.62948E-05,6.88499E-05,8.63007E-05,0.001652225
0.047552,1.0849,0.67,5.75,-0.38817,-0.044889,0.58748,0.047419,0.00076031,0.00045152,0.0019072,0.0023915,0.045778,0.130188,0.0804,0.69,0.001716627,-0.0737523,-0.00852891,0.1116212,0.001711826,2.74472E-05,1.62999E-05,6.88499E-05,8.63332E-05,0.001652586
0.04965,1.0931,0.67,5.75,-0.38754,-0.047521,0.57398,0.048675,0.00051775,0.00033678,0.0019169,0.0027039,0.048708,0.131172,0.0804,0.69,0.001792365,-0.0736326,-0.00902899,0.1090562,0.001757168,1.86908E-05,1.21578E-05,6.92001E-05,9.76108E-05,0.001758359
0.049725,1.0932,0.67,5.75,-0.38762,-0.047527,0.57397,0.048813,0.00051403,0.00033165,0.001917,0.002705,0.04872,0.131184,0.0804,0.69,0.001795073,-0.0736478,-0.00903013,0.1090543,0.001762149,1.85565E-05,1.19726E-05,6.92037E-05,9.76505E-05,0.001758792
0.053369,1.1014,0.67,5.75,-0.38682,-0.050133,0.5612,0.052643,0.0002052,0.0001712,0.0019075,0.0030124,0.052187,0.132168,0.0804,0.69,0.001926621,-0.0734958,-0.00952527,0.106628,0.001900412,7.40772E-06,6.18032E-06,6.88608E-05,0.000108748,0.001883951
0.053472,1.1014,0.67,5.75,-0.38693,-0.050136,0.56119,0.052836,0.00020032,0.0001649,0.0019076,0.0030134,0.0522,0.132168,0.0804,0.69,0.001930339,-0.0735167,-0.00952584,0.1066261,0.00190738,7.23155E-06,5.95289E-06,6.88644E-05,0.000108784,0.00188442
0.059207,1.1096,0.67,5.75,-0.3875,-0.051811,0.54964,0.060637,-2.99E-05,0.00023499,0.0019524,0.0033226,0.055825,0.133152,0.0804,0.69,0.002137373,-0.073625,-0.00984409,0.1044316,0.002188996,-1.07961E-06,8.48314E-06,7.04816E-05,0.000119946,0.002015283
0.059311,1.1097,0.67,5.75,-0.38762,-0.051815,0.54962,0.06083,-3.57E-05,0.00024155,0.0019525,0.0033236,0.055838,0.133164,0.0804,0.69,0.002141127,-0.0736478,-0.00984485,0.1044278,0.002195963,-1.28967E-06,8.71996E-06,7.04853E-05,0.000119982,0.002015752
0.066244,1.1179,0.67,5.75,-0.3914,-0.054549,0.53807,0.071173,-0.00035724,0.00094025,0.0020066,0.0037416,0.059309,0.134148,0.0804,0.69,0.002391408,-0.074366,-0.01036431,0.1022333,0.002569345,-1.28964E-05,3.3943E-05,7.24383E-05,0.000135072,0.002141055
0.066386,1.1179,0.67,5.75,-0.39158,-0.054551,0.53806,0.071446,-0.00036658,0.00094806,0.002007,0.0037425,0.05932,0.134148,0.0804,0.69,0.002396535,-0.0744002,-0.01036469,0.1022314,0.002579201,-1.32335E-05,3.4225E-05,7.24527E-05,0.000135104,0.002141452
0.081485,1.1262,0.67,5.75,-0.40703,-0.057564,0.52578,0.096663,-0.0012465,0.0015852,0.0020725,0.0043033,0.064234,0.135144,0.0804,0.69,0.002941609,-0.0773357,-0.01093716,0.0998982,0.003489534,-4.49987E-05,5.72257E-05,7.48173E-05,0.000155349,0.002318847
0.08167,1.1262,0.67,5.75,-0.40722,-0.057561,0.52577,0.097014,-0.0012585,0.0015773,0.0020732,0.0043049,0.064253,0.135144,0.0804,0.69,0.002948287,-0.0773718,-0.01093659,0.0998963,0.003502205,-4.54319E-05,5.69405E-05,7.48425E-05,0.000155407,0.002319533
0.11107,1.1344,0.67,5.75,-0.43488,-0.060171,0.51328,0.14976,-0.0029731,0.00076365,0.0022494,0.0051368,0.070129,0.136128,0.0804,0.69,0.004009627,-0.0826272,-0.01143249,0.0975232,0.005406336,-0.000107329,2.75678E-05,8.12033E-05,0.000185438,0.002531657
0.11119,1.1344,0.67,5.75,-0.43498,-0.060165,0.51328,0.14995,-0.0029798,0.00071081,0.00225,0.0051388,0.070173,0.136128,0.0804,0.69,0.004013959,-0.0826462,-0.01143135,0.0975232,0.005413195,-0.000107571,2.56602E-05,0.000081225,0.000185511,0.002533245
0.14674,1.1427,0.67,5.75,-0.46278,-0.06144,0.49834,0.21263,-0.0046404,0.00087001,0.00241,0.0058948,0.078438,0.137124,0.0804,0.69,0.005297314,-0.0879282,-0.0116736,0.0946846,0.007675943,-0.000167518,3.14074E-05,0.000087001,0.000212802,0.002831612
0.14679,1.1427,0.67,5.75,-0.46285,-0.061434,0.49835,0.2127,-0.0046426,0.00085324,0.0024108,0.005894,0.078476,0.137124,0.0804,0.69,0.005299119,-0.0879415,-0.01167246,0.0946865,0.00767847,-0.000167598,3.0802E-05,8.70299E-05,0.000212773,0.002832984
0.18059,1.1509,0.67,5.75,-0.48751,-0.060924,0.48458,0.27105,-0.0060274,0.0052372,0.0025379,0.0059742,0.087603,0.138108,0.0804,0.69,0.006519299,-0.0926269,-0.01157556,0.0920702,0.009784905,-0.000217589,0.000189063,9.16182E-05,0.000215669,0.003162468
0.18066,1.1509,0.67,5.75,-0.48765,-0.060919,0.48458,0.27117,-0.0060309,0.0053035,0.0025389,0.0059699,0.08762,0.138108,0.0804,0.69,0.006521826,-0.0926535,-0.01157461,0.0920702,0.009789237,-0.000217715,0.000191456,9.16543E-05,0.000215513,0.003163082
0.21649,1.1592,0.67,5.75,-0.52372,-0.060325,0.48067,0.33595,-0.0078366,0.016411,0.0027374,0.0054008,0.094302,0.139104,0.0804,0.69,0.007815289,-0.0995068,-0.01146175,0.0913273,0.012127795,-0.000282901,0.000592437,9.88201E-05,0.000194969,0.003404302
0.21654,1.1592,0.67,5.75,-0.52387,-0.060315,0.48069,0.33604,-0.0078405,0.016495,0.0027378,0.005396,0.094307,0.139104,0.0804,0.69,0.007817094,-0.0995353,-0.01145985,0.0913311,0.012131044,-0.000283042,0.00059547,9.88346E-05,0.000194796,0.003404483
0.25896,1.1674,0.67,5.75,-0.58131,-0.0589,0.48519,0.41618,-0.010081,0.032803,0.0029711,0.0045228,0.098774,0.140088,0.0804,0.69,0.009348456,-0.1104489,-0.011191,0.0921861,0.015024098,-0.000363924,0.001184188,0.000107257,0.000163273,0.003565741
0.259,1.1675,0.67,5.75,-0.58143,-0.058889,0.48521,0.41626,-0.010086,0.032892,0.0029706,0.0045178,0.09877,0.1401,0.0804,0.69,0.0093499,-0.1104717,-0.01118891,0.0921899,0.015026986,-0.000364105,0.001187401,0.000107239,0.000163093,0.003565597
0.30267,1.1757,0.67,5.75,-0.64901,-0.056858,0.49444,0.50397,-0.012893,0.05303,0.0031499,0.0036314,0.098219,0.141084,0.0804,0.69,0.010926387,-0.1233119,-0.01080302,0.0939436,0.018193317,-0.000465437,0.001914383,0.000113711,0.000131094,0.003545706
0.3027,1.1757,0.67,5.75,-0.64908,-0.056849,0.49443,0.50403,-0.012895,0.05309,0.0031493,0.0036269,0.098218,0.141084,0.0804,0.69,0.01092747,-0.1233252,-0.01080131,0.0939417,0.018195483,-0.00046551,0.001916549,0.00011369,0.000130931,0.00354567
0.33747,1.1839,0.67,5.75,-0.70713,-0.054671,0.50035,0.57428,-0.015153,0.072314,0.0031264,0.00261,0.097531,0.142068,0.0804,0.69,0.012182667,-0.1343547,-0.01038749,0.0950665,0.020731508,-0.000547023,0.002610535,0.000112863,0.000094221,0.003520869
0.33745,1.184,0.67,5.75,-0.70712,-0.054666,0.50035,0.57424,-0.015153,0.072299,0.0031261,0.0026075,0.097536,0.14208,0.0804,0.69,0.012181945,-0.1343528,-0.01038654,0.0950665,0.020730064,-0.000547023,0.002609994,0.000112852,9.41308E-05,0.00352105
0.35037,1.1922,0.67,5.75,-0.74172,-0.052669,0.51357,0.60026,-0.016148,0.072337,0.0029794,0.0017433,0.097505,0.143064,0.0804,0.69,0.012648357,-0.1409268,-0.01000711,0.0975783,0.021669386,-0.000582943,0.002611366,0.000107556,6.29331E-05,0.003519931
0.35035,1.1922,0.67,5.75,-0.74168,-0.052665,0.51354,0.60021,-0.016148,0.072316,0.0029792,0.0017421,0.097513,0.143064,0.0804,0.69,0.012647635,-0.1409192,-0.01000635,0.0975726,0.021667581,-0.000582943,0.002610608,0.000107549,6.28898E-05,0.003520219
0.35701,1.2005,0.67,5.75,-0.76119,-0.050849,0.52044,0.61432,-0.016905,0.067751,0.0028237,0.0011754,0.096875,0.14406,0.0804,0.69,0.012888061,-0.1446261,-0.00966131,0.0988836,0.022176952,-0.000610271,0.002445811,0.000101936,4.24319E-05,0.003497188
0.35702,1.2005,0.67,5.75,-0.76114,-0.050845,0.52036,0.61433,-0.016905,0.06777,0.0028237,0.0011741,0.096893,0.14406,0.0804,0.69,0.012888422,-0.1446166,-0.00966055,0.0988684,0.022177313,-0.000610271,0.002446497,0.000101936,4.2385E-05,0.003497837
0.37482,1.2087,0.67,5.75,-0.77334,-0.048247,0.50367,0.64768,-0.017457,0.074956,0.0027184,0.0005207,0.099235,0.145044,0.0804,0.69,0.013531002,-0.1469346,-0.00916693,0.0956973,0.023381248,-0.000630198,0.002705912,9.81342E-05,1.87973E-05,0.003582384
0.37483,1.2087,0.67,5.75,-0.7733,-0.048245,0.5036,0.64769,-0.017457,0.074965,0.0027186,0.0005202,0.099254,0.145044,0.0804,0.69,0.013531363,-0.146927,-0.00916655,0.095684,0.023381609,-0.000630198,0.002706237,9.81415E-05,1.87792E-05,0.003583069
0.39212,1.217,0.67,5.75,-0.77575,-0.046075,0.4794,0.67853,-0.017818,0.079981,0.0027629,0.00017185,0.10295,0.14604,0.0804,0.69,0.014155532,-0.1473925,-0.00875425,0.091086,0.024494933,-0.00064323,0.002887314,9.97407E-05,6.20379E-06,0.003716495
0.39213,1.217,0.67,5.75,-0.77572,-0.046075,0.47933,0.67853,-0.017818,0.079994,0.0027631,0.000171,0.10296,0.14604,0.0804,0.69,0.014155893,-0.1473868,-0.00875425,0.0910727,0.024494933,-0.00064323,0.002887783,9.97479E-05,6.1731E-06,0.003716856
0.4048,1.2252,0.67,5.75,-0.77458,-0.045186,0.4549,0.70088,-0.01848,0.086118,0.0028455,-0.000132,0.10588,0.147024,0.0804,0.69,0.01461328,-0.1471702,-0.00858534,0.086431,0.025301768,-0.000667128,0.00310886,0.000102723,-4.7652E-06,0.003822268
0.4048,1.2252,0.67,5.75,-0.77456,-0.045191,0.45486,0.70088,-0.018481,0.086142,0.0028458,-0.00013396,0.10588,0.147024,0.0804,0.69,0.01461328,-0.1471664,-0.00858629,0.0864234,0.025301768,-0.000667164,0.003109726,0.000102733,-4.83596E-06,0.003822268
0.41349,1.2335,0.67,5.75,-0.77387,-0.045553,0.43524,0.71657,-0.019311,0.09697,0.0028979,-0.00084047,0.10752,0.14802,0.0804,0.69,0.014926989,-0.1470353,-0.00865507,0.0826956,0.025868177,-0.000697127,0.003500617,0.000104614,-3.0341E-05,0.003881472
0.4135,1.2335,0.67,5.75,-0.77386,-0.045558,0.43518,0.71657,-0.019312,0.096984,0.0028982,-0.00084156,0.10752,0.14802,0.0804,0.69,0.01492735,-0.1470334,-0.00865602,0.0826842,0.025868177,-0.000697163,0.003501122,0.000104625,-3.03803E-05,0.003881472
0.41857,1.2417,0.67,5.75,-0.77099,-0.046706,0.41739,0.72557,-0.020009,0.10685,0.002957,-0.0014324,0.10862,0.149004,0.0804,0.69,0.015110377,-0.1464881,-0.00887414,0.0793041,0.026193077,-0.000722325,0.003857285,0.000106748,-5.17096E-05,0.003921182
0.41858,1.2418,0.67,5.75,-0.77097,-0.046709,0.41732,0.72558,-0.020009,0.10686,0.0029572,-0.0014325,0.10862,0.149016,0.0804,0.69,0.015110738,-0.1464843,-0.00887471,0.0792908,0.026193438,-0.000722325,0.003857646,0.000106755,-5.17133E-05,0.003921182
0.42199,1.25,0.67,5.75,-0.76223,-0.047413,0.39521,0.73115,-0.020211,0.11284,0.0030398,-0.0016644,0.10979,0.15,0.0804,0.69,0.015233839,-0.1448237,-0.00900847,0.0750899,0.026394515,-0.000729617,0.004073524,0.000109737,-6.00848E-05,0.003963419
0.422,1.25,0.67,5.75,-0.76221,-0.047413,0.39513,0.73118,-0.020211,0.11283,0.0030397,-0.0016637,0.10979,0.15,0.0804,0.69,0.0152342,-0.1448199,-0.00900847,0.0750747,0.026395598,-0.000729617,0.004073163,0.000109733,-6.00596E-05,0.003963419
0.42399,1.2583,0.67,5.75,-0.74667,-0.048171,0.36767,0.73432,-0.020246,0.11409,0.0031686,-0.0015126,0.1105,0.150996,0.0804,0.69,0.015306039,-0.1418673,-0.00915249,0.0698573,0.026508952,-0.000730881,0.004118649,0.000114386,-5.46049E-05,0.00398905
0.42402,1.2583,0.67,5.75,-0.74665,-0.048166,0.36757,0.73436,-0.020244,0.11409,0.0031681,-0.001512,0.1105,0.150996,0.0804,0.69,0.015307122,-0.1418635,-0.00915154,0.0698383,0.026510396,-0.000730808,0.004118649,0.000114368,-5.45832E-05,0.00398905
0.42485,1.2665,0.67,5.75,-0.7245,-0.049151,0.33598,0.735,-0.020242,0.11156,0.0032363,-0.0011459,0.11146,0.15198,0.0804,0.69,0.015337085,-0.137655,-0.00933869,0.0638362,0.0265335,-0.000730736,0.004027316,0.00011683,-4.1367E-05,0.004023706
0.42488,1.2665,0.67,5.75,-0.72447,-0.049145,0.33587,0.73506,-0.02024,0.11156,0.0032359,-0.0011464,0.11146,0.15198,0.0804,0.69,0.015338168,-0.1376493,-0.00933755,0.0638153,0.026535666,-0.000730664,0.004027316,0.000116816,-4.1385E-05,0.004023706
0.42593,1.2748,0.67,5.75,-0.6962,-0.049348,0.30288,0.73561,-0.019549,0.10897,0.0031396,-0.0010244,0.11312,0.152976,0.0804,0.69,0.015376073,-0.132278,-0.00937612,0.0575472,0.026555521,-0.000705719,0.003933817,0.00011334,-3.69808E-05,0.004083632
0.42598,1.2748,0.67,5.75,-0.69616,-0.049345,0.30279,0.73568,-0.019549,0.10899,0.0031398,-0.0010259,0.11313,0.152976,0.0804,0.69,0.015377878,-0.1322704,-0.00937555,0.0575301,0.026558048,-0.000705719,0.003934539,0.000113347,-3.7035E-05,0.004083993
0.42927,1.283,0.67,5.75,-0.66419,-0.048329,0.2745,0.73981,-0.018392,0.11129,0.0029674,-0.0013958,0.11577,0.15396,0.0804,0.69,0.015496647,-0.1261961,-0.00918251,0.052155,0.026707141,-0.000663951,0.004017569,0.000107123,-5.03884E-05,0.004179297
0.42932,1.283,0.67,5.75,-0.66416,-0.048333,0.27446,0.7399,-0.018394,0.11135,0.0029678,-0.0013977,0.11577,0.15396,0.0804,0.69,0.015498452,-0.1261904,-0.00918327,0.0521474,0.02671039,-0.000664023,0.004019735,0.000107138,-5.0457E-05,0.004179297
0.43193,1.2913,0.67,5.75,-0.63106,-0.047434,0.25941,0.74266,-0.017586,0.12364,0.0028511,-0.0020174,0.11834,0.154956,0.0804,0.69,0.015592673,-0.1199014,-0.00901246,0.0492879,0.026810026,-0.000634855,0.004463404,0.000102925,-7.28281E-05,0.004272074
0.43197,1.2913,0.67,5.75,-0.63104,-0.04744,0.25944,0.74275,-0.017589,0.12373,0.0028511,-0.0020197,0.11835,0.154956,0.0804,0.69,0.015594117,-0.1198976,-0.0090136,0.0492936,0.026813275,-0.000634963,0.004466653,0.000102925,-7.29112E-05,0.004272435
0.4291,1.2995,0.67,5.75,-0.5989,-0.048072,0.26336,0.73507,-0.017375,0.14753,0.002807,-0.0026669,0.12032,0.15594,0.0804,0.69,0.01549051,-0.113791,-0.00913368,0.0500384,0.026536027,-0.000627238,0.005325833,0.000101333,-9.62751E-05,0.004343552
0.42915,1.2996,0.67,5.75,-0.59891,-0.048079,0.26339,0.73516,-0.017379,0.14769,0.0028067,-0.0026714,0.12034,0.155952,0.0804,0.69,0.015492315,-0.1137929,-0.00913501,0.0500441,0.026539276,-0.000627382,0.005331609,0.000101322,-9.64375E-05,0.004344274
0.42485,1.3078,0.67,5.75,-0.57146,-0.049895,0.26728,0.71581,-0.017671,0.19283,0.0027672,-0.0037436,0.13111,0.156936,0.0804,0.69,0.015337085,-0.1085774,-0.00948005,0.0507832,0.025840741,-0.000637923,0.006961163,9.98959E-05,-0.000135144,0.004733071
0.42486,1.3078,0.67,5.75,-0.57147,-0.049901,0.26728,0.71583,-0.017673,0.19296,0.0027666,-0.0037469,0.13113,0.156936,0.0804,0.69,0.015337446,-0.1085793,-0.00948119,0.0507832,0.025841463,-0.000637995,0.006965856,9.98743E-05,-0.000135263,0.004733793
0.40018,1.316,0.67,5.75,-0.54021,-0.052112,0.26852,0.65831,-0.016853,0.22133,0.0026473,-0.0043432,0.1394,0.15792,0.0804,0.69,0.014446498,-0.1026399,-0.00990128,0.0510188,0.023764991,-0.000608393,0.007990013,9.55675E-05,-0.00015679,0.00503234
0.40011,1.3161,0.67,5.75,-0.54018,-0.052117,0.26849,0.6582,-0.016849,0.22132,0.0026466,-0.0043417,0.13937,0.157932,0.0804,0.69,0.014443971,-0.1026342,-0.00990223,0.0510131,0.02376102,-0.000608249,0.007989652,9.55423E-05,-0.000156735,0.005031257
0.34248,1.3243,0.67,5.75,-0.48861,-0.054157,0.26824,0.5502,-0.013918,0.20099,0.0024846,-0.0036595,0.13228,0.158916,0.0804,0.69,0.012363528,-0.0928359,-0.01028983,0.0509656,0.01986222,-0.00050244,0.007255739,8.96941E-05,-0.000132108,0.004775308
0.34238,1.3243,0.67,5.75,-0.48851,-0.05416,0.26814,0.55004,-0.013911,0.20093,0.0024841,-0.0036548,0.13223,0.158916,0.0804,0.69,0.012359918,-0.0928169,-0.0102904,0.0509466,0.019856444,-0.000502187,0.007253573,8.9676E-05,-0.000131938,0.004773503
0.2753,1.3326,0.67,5.75,-0.41445,-0.055535,0.25007,0.43167,-0.010343,0.15968,0.0023682,-0.0021806,0.11656,0.159912,0.0804,0.69,0.00993833,-0.0787455,-0.01055165,0.0475133,0.015583287,-0.000373382,0.005764448,8.5492E-05,-7.87197E-05,0.004207816
0.27523,1.3326,0.67,5.75,-0.4143,-0.055536,0.24995,0.43157,-0.010336,0.15961,0.0023678,-0.0021761,0.11652,0.159912,0.0804,0.69,0.009935803,-0.078717,-0.01055184,0.0474905,0.015579677,-0.00037313,0.005761921,8.54776E-05,-7.85572E-05,0.004206372
0.2215,1.3408,0.67,5.75,-0.33189,-0.057404,0.23168,0.34058,-0.0077964,0.12195,0.0023489,-0.00082071,0.10008,0.160896,0.0804,0.69,0.00799615,-0.0630591,-0.01090676,0.0440192,0.012294938,-0.00028145,0.004402395,8.47953E-05,-2.96276E-05,0.003612888
0.22147,1.3408,0.67,5.75,-0.3317,-0.057402,0.23156,0.34052,-0.0077907,0.12191,0.0023485,-0.00081909,0.10006,0.160896,0.0804,0.69,0.007995067,-0.063023,-0.01090638,0.0439964,0.012292772,-0.000281244,0.004400951,8.47809E-05,-2.95691E-05,0.003612166
0.18693,1.3491,0.67,5.75,-0.25396,-0.058477,0.20367,0.28067,-0.0063182,0.092814,0.0022627,-0.00013096,0.090919,0.161892,0.0804,0.69,0.006748173,-0.0482524,-0.01111063,0.0386973,0.010132187,-0.000228087,0.003350585,8.16835E-05,-4.72766E-06,0.003282176
0.1869,1.3491,0.67,5.75,-0.25377,-0.058477,0.20354,0.28061,-0.0063158,0.092835,0.0022625,-0.00013069,0.090937,0.161892,0.0804,0.69,0.00674709,-0.0482163,-0.01111063,0.0386726,0.010130021,-0.000228,0.003351344,8.16763E-05,-4.71791E-06,0.003282826
0.1569,1.3573,0.67,5.75,-0.16838,-0.058487,0.18654,0.2256,-0.0048798,0.068181,0.002103,0.00051876,0.086093,0.162876,0.0804,0.69,0.00566409,-0.0319922,-0.01111253,0.0354426,0.00814416,-0.000176161,0.002461334,7.59183E-05,1.87272E-05,0.003107957
0.15676,1.3573,0.67,5.75,-0.1681,-0.058502,0.18657,0.22531,-0.0048761,0.068194,0.0021028,0.00051979,0.086102,0.162876,0.0804,0.69,0.005659036,-0.031939,-0.01111538,0.0354483,0.008133691,-0.000176027,0.002461803,7.59111E-05,1.87644E-05,0.003108282
0.11508,1.3656,0.67,5.75,-0.067136,-0.062009,0.21873,0.15199,-0.0036077,0.048026,0.0020877,0.0011051,0.076077,0.163872,0.0804,0.69,0.004154388,-0.01275584,-0.01178171,0.0415587,0.005486839,-0.000130238,0.001733739,7.5366E-05,3.98941E-05,0.00274638
0.11485,1.3656,0.67,5.75,-0.066772,-0.062028,0.2189,0.15157,-0.0036004,0.047957,0.0020872,0.001107,0.076053,0.163872,0.0804,0.69,0.004146085,-0.01268668,-0.01178532,0.041591,0.005471677,-0.000129974,0.001731248,7.53479E-05,3.99627E-05,0.002745513
0.079062,1.3738,0.67,5.75,0.015587,-0.065816,0.26347,0.090528,-0.0028861,0.032193,0.0020322,0.001266,0.065564,0.164856,0.0804,0.69,0.002854138,0.00296153,-0.01250504,0.0500593,0.003268061,-0.000104188,0.001162167,7.33624E-05,4.57026E-05,0.00236686
0.07889,1.3739,0.67,5.75,0.015904,-0.065827,0.26362,0.090214,-0.0028797,0.032105,0.0020319,0.001268,0.065534,0.164868,0.0804,0.69,0.002847929,0.00302176,-0.01250713,0.0500878,0.003256725,-0.000103957,0.001158991,7.33516E-05,4.57748E-05,0.002365777
0.060286,1.3821,0.67,5.75,0.059084,-0.065755,0.29623,0.061997,-0.0024353,0.02261,0.0018688,0.0012949,0.056707,0.165852,0.0804,0.69,0.002176325,0.01122596,-0.01249345,0.0562837,0.002238092,-8.79143E-05,0.000816221,6.74637E-05,4.67459E-05,0.002047123
0.060102,1.3821,0.67,5.75,0.059328,-0.065761,0.2963,0.061685,-0.0024287,0.022482,0.0018686,0.0012982,0.056651,0.165852,0.0804,0.69,0.002169682,0.01127232,-0.01249459,0.056297,0.002226829,-8.76761E-05,0.0008116,6.74565E-05,4.6865E-05,0.002045101
0.049182,1.3903,0.67,5.75,0.085723,-0.064887,0.30844,0.046423,-0.0020888,0.014441,0.0017258,0.001594,0.050216,0.166836,0.0804,0.69,0.00177547,0.01628737,-0.01232853,0.0586036,0.00167587,-7.54057E-05,0.00052132,6.23014E-05,5.75434E-05,0.001812798
0.049003,1.3904,0.67,5.75,0.085974,-0.064888,0.30846,0.046119,-0.0020813,0.01429,0.0017255,0.0015979,0.050163,0.166848,0.0804,0.69,0.001769008,0.01633506,-0.01232872,0.0586074,0.001664896,-7.51349E-05,0.000515869,6.22906E-05,5.76842E-05,0.001810884
0.043619,1.3986,0.67,5.75,0.11508,-0.063922,0.314,0.039288,-0.0019589,0.0074674,0.0016098,0.0017422,0.046339,0.167832,0.0804,0.69,0.001574646,0.0218652,-0.01214518,0.05966,0.001418297,-7.07163E-05,0.000269573,5.81138E-05,6.28934E-05,0.001672838
0.043519,1.3986,0.67,5.75,0.1153,-0.063923,0.31408,0.039141,-0.0019556,0.007382,0.0016098,0.0017439,0.046288,0.167832,0.0804,0.69,0.001571036,0.021907,-0.01214537,0.0596752,0.00141299,-7.05972E-05,0.00026649,5.81138E-05,6.29548E-05,0.001670997
0.036995,1.4069,0.67,5.75,0.14208,-0.062947,0.33028,0.034468,-0.0019247,0.0016622,0.0015553,0.0014986,0.037967,0.168828,0.0804,0.69,0.00133552,0.0269952,-0.01195993,0.0627532,0.001244295,-6.94817E-05,6.00054E-05,5.61463E-05,5.40995E-05,0.001370609
0.036961,1.4069,0.67,5.75,0.14222,-0.062947,0.33032,0.034432,-0.0019252,0.0016285,0.0015554,0.0014989,0.037935,0.168828,0.0804,0.69,0.001334292,0.0270218,-0.01195993,0.0627608,0.001242995,-6.94997E-05,5.87889E-05,5.61499E-05,5.41103E-05,0.001369454
0.032949,1.4151,0.67,5.75,0.15856,-0.061686,0.33473,0.02892,-0.0018815,-0.0011163,0.0015259,0.0013503,0.035452,0.169812,0.0804,0.69,0.001189459,0.0301264,-0.01172034,0.0635987,0.001044012,-6.79222E-05,-4.02984E-05,5.5085E-05,4.87458E-05,0.001279817
0.032937,1.4151,0.67,5.75,0.15867,-0.061681,0.33473,0.028905,-0.001882,-0.0011377,0.0015258,0.0013504,0.035444,0.169812,0.0804,0.69,0.001189026,0.0301473,-0.01171939,0.0635987,0.001043471,-6.79402E-05,-4.1071E-05,5.50814E-05,4.87494E-05,0.001279528
0.029922,1.4234,0.67,5.75,0.17603,-0.059559,0.33782,0.025606,-0.0018555,-0.0020375,0.0014671,0.0012052,0.032772,0.170808,0.0804,0.69,0.001080184,0.0334457,-0.01131621,0.0641858,0.000924377,-6.69836E-05,-7.35538E-05,5.29623E-05,4.35077E-05,0.001183069
0.029905,1.4234,0.67,5.75,0.17613,-0.059557,0.33788,0.0256,-0.0018552,-0.00205,0.0014671,0.0012051,0.032743,0.170808,0.0804,0.69,0.001079571,0.0334647,-0.01131583,0.0641972,0.00092416,-6.69727E-05,-0.000074005,5.29623E-05,4.35041E-05,0.001182022
0.026542,1.4316,0.67,5.75,0.1981,-0.05869,0.35379,0.024342,-0.0016687,-0.0040934,0.0014791,0.0011341,0.027262,0.171792,0.0804,0.69,0.000958166,0.037639,-0.0111511,0.0672201,0.000878746,-6.02401E-05,-0.000147772,5.33955E-05,4.0941E-05,0.000984158
0.026526,1.4317,0.67,5.75,0.19817,-0.05869,0.35385,0.024331,-0.0016681,-0.0040982,0.0014792,0.001134,0.027242,0.171804,0.0804,0.69,0.000957589,0.0376523,-0.0111511,0.0672315,0.000878349,-6.02184E-05,-0.000147945,5.33991E-05,4.09374E-05,0.000983436
0.024652,1.4399,0.67,5.75,0.21582,-0.058463,0.36805,0.023596,-0.0015655,-0.0040002,0.0015359,0.0010499,0.024171,0.172788,0.0804,0.69,0.000889937,0.0410058,-0.01110797,0.0699295,0.000851816,-5.65146E-05,-0.000144407,5.5446E-05,3.79014E-05,0.000872573
0.024643,1.4399,0.67,5.75,0.21588,-0.058459,0.36809,0.023589,-0.0015655,-0.0040014,0.0015358,0.0010493,0.024162,0.172788,0.0804,0.69,0.000889612,0.0410172,-0.01110721,0.0699371,0.000851563,-5.65146E-05,-0.000144451,5.54424E-05,3.78797E-05,0.000872248
0.021667,1.4481,0.67,5.75,0.23245,-0.056412,0.3809,0.021333,-0.0017077,-0.0032068,0.0016014,0.00079681,0.0204,0.173772,0.0804,0.69,0.000782179,0.0441655,-0.01071828,0.072371,0.000770121,-6.1648E-05,-0.000115765,5.78105E-05,2.87648E-05,0.00073644
0.021659,1.4482,0.67,5.75,0.23251,-0.056407,0.38095,0.021329,-0.0017074,-0.0032079,0.0016015,0.00079673,0.020388,0.173784,0.0804,0.69,0.00078189,0.0441769,-0.01071733,0.0723805,0.000769977,-6.16371E-05,-0.000115805,5.78142E-05,2.8762E-05,0.000736007
0.020325,1.4564,0.67,5.75,0.24861,-0.054732,0.39664,0.020002,-0.0017325,-0.0033976,0.0017041,0.00073124,0.018945,0.174768,0.0804,0.69,0.000733733,0.0472359,-0.01039908,0.0753616,0.000722072,-6.25433E-05,-0.000122653,6.1518E-05,2.63978E-05,0.000683915
0.020319,1.4564,0.67,5.75,0.24866,-0.05473,0.3967,0.019996,-0.0017319,-0.0033947,0.0017044,0.00073103,0.018937,0.174768,0.0804,0.69,0.000733516,0.0472454,-0.0103987,0.075373,0.000721856,-6.25216E-05,-0.000122549,6.15288E-05,2.63902E-05,0.000683626
0.019261,1.4647,0.67,5.75,0.26242,-0.053901,0.41563,0.019802,-0.0015743,-0.0034456,0.0017882,0.00071085,0.016931,0.175764,0.0804,0.69,0.000695322,0.0498598,-0.01024119,0.0789697,0.000714852,-5.68322E-05,-0.000124386,6.4554E-05,2.56617E-05,0.000611209
0.019258,1.4647,0.67,5.75,0.26246,-0.053897,0.41569,0.019801,-0.0015744,-0.0034437,0.0017885,0.00071068,0.016928,0.175764,0.0804,0.69,0.000695214,0.0498674,-0.01024043,0.0789811,0.000714816,-5.68358E-05,-0.000124318,6.45649E-05,2.56555E-05,0.000611101
0.017249,1.4729,0.67,5.75,0.27638,-0.052542,0.43537,0.017791,-0.001489,-0.0028252,0.0019057,0.00068433,0.0148,0.176748,0.0804,0.69,0.000622689,0.0525122,-0.00998298,0.0827203,0.000642255,-5.37529E-05,-0.00010199,6.87958E-05,2.47043E-05,0.00053428
0.017245,1.4729,0.67,5.75,0.27641,-0.052538,0.43543,0.017788,-0.0014887,-0.0028235,0.001906,0.0006845,0.014795,0.176748,0.0804,0.69,0.000622545,0.0525179,-0.00998222,0.0827317,0.000642147,-5.37421E-05,-0.000101928,6.88066E-05,2.47105E-05,0.0005341
0.016324,1.4812,0.67,5.75,0.28854,-0.05175,0.4558,0.016433,-0.0014374,-0.0028384,0.0020222,0.00079686,0.014194,0.177744,0.0804,0.69,0.000589296,0.0548226,-0.0098325,0.086602,0.000593231,-5.18901E-05,-0.000102466,7.30014E-05,2.87666E-05,0.000512403
0.016319,1.4812,0.67,5.75,0.28857,-0.051747,0.45586,0.016426,-0.0014369,-0.002837,0.0020223,0.00079714,0.01419,0.177744,0.0804,0.69,0.000589116,0.0548283,-0.00983193,0.0866134,0.000592979,-5.18721E-05,-0.000102416,7.3005E-05,2.87768E-05,0.000512259
0.014811,1.4894,0.67,5.75,0.29766,-0.051039,0.47691,0.014858,-0.0012853,-0.0021358,0.002098,0.00087134,0.012667,0.178728,0.0804,0.69,0.000534677,0.0565554,-0.00969741,0.0906129,0.000536374,-4.63993E-05,-7.71024E-05,7.57378E-05,3.14554E-05,0.000457279
0.014808,1.4894,0.67,5.75,0.29767,-0.051036,0.47697,0.014853,-0.0012851,-0.0021362,0.0020981,0.00087168,0.012664,0.178728,0.0804,0.69,0.000534569,0.0565573,-0.00969684,0.0906243,0.000536193,-4.63921E-05,-7.71168E-05,7.57414E-05,3.14676E-05,0.00045717
0.013509,1.4977,0.67,5.75,0.30648,-0.04995,0.49687,0.012801,-0.0011757,-0.0016608,0.0021775,0.0010187,0.012039,0.179724,0.0804,0.69,0.000487675,0.0582312,-0.0094905,0.0944053,0.000462116,-4.24428E-05,-5.99549E-05,7.86078E-05,3.67751E-05,0.000434608
0.013504,1.4977,0.67,5.75,0.3065,-0.049948,0.49693,0.012795,-0.0011753,-0.0016604,0.0021776,0.0010191,0.012036,0.179724,0.0804,0.69,0.000487494,0.058235,-0.00949012,0.0944167,0.0004619,-4.24283E-05,-5.99404E-05,7.86114E-05,3.67895E-05,0.0004345
0.01272,1.5059,0.67,5.75,0.31442,-0.049237,0.51826,0.011952,-0.001049,-0.0018795,0.0022136,0.0011321,0.011275,0.180708,0.0804,0.69,0.000459192,0.0597398,-0.00935503,0.0984694,0.000431467,-3.78689E-05,-6.785E-05,7.9911E-05,4.08688E-05,0.000407028
0.012717,1.506,0.67,5.75,0.31444,-0.049236,0.51832,0.011947,-0.0010487,-0.0018803,0.0022136,0.0011325,0.011274,0.18072,0.0804,0.69,0.000459084,0.0597436,-0.00935484,0.0984808,0.000431287,-3.78581E-05,-6.78788E-05,7.9911E-05,4.08833E-05,0.000406991
0.011752,1.5142,0.67,5.75,0.31873,-0.049149,0.53911,0.010968,-0.00095092,-0.0017281,0.0021706,0.0011216,0.010365,0.181704,0.0804,0.69,0.000424247,0.0605587,-0.00933831,0.1024309,0.000395945,-3.43282E-05,-6.23844E-05,7.83587E-05,4.04898E-05,0.000374177
0.011749,1.5142,0.67,5.75,0.31874,-0.049148,0.53917,0.010965,-0.0009507,-0.0017281,0.0021704,0.0011217,0.010362,0.181704,0.0804,0.69,0.000424139,0.0605606,-0.00933812,0.1024423,0.000395837,-3.43203E-05,-6.23844E-05,7.83514E-05,4.04934E-05,0.000374068
0.010994,1.5224,0.67,5.75,0.32285,-0.04905,0.55962,0.010121,-0.00086133,-0.0019591,0.0020935,0.0010102,0.0097734,0.182688,0.0804,0.69,0.000396883,0.0613415,-0.0093195,0.1063278,0.000365368,-3.1094E-05,-7.07235E-05,7.55754E-05,3.64682E-05,0.00035282
0.010992,1.5225,0.67,5.75,0.32285,-0.04905,0.55967,0.010119,-0.00086104,-0.0019592,0.0020933,0.0010099,0.0097714,0.1827,0.0804,0.69,0.000396811,0.0613415,-0.0093195,0.1063373,0.000365296,-3.10835E-05,-7.07271E-05,7.55681E-05,3.64574E-05,0.000352748
0.010002,1.5307,0.67,5.75,0.32922,-0.048726,0.58039,0.0093459,-0.0007291,-0.0019691,0.0019956,0.0007763,0.0086626,0.183684,0.0804,0.69,0.000361072,0.0625518,-0.00925794,0.1102741,0.000337387,-2.63205E-05,-7.10845E-05,7.20412E-05,2.80244E-05,0.00031272
0.0099998,1.5307,0.67,5.75,0.32923,-0.048725,0.58044,0.0093446,-0.00072875,-0.0019696,0.0019953,0.00077562,0.0086595,0.183684,0.0804,0.69,0.000360993,0.0625537,-0.00925775,0.1102836,0.00033734,-2.63079E-05,-7.11026E-05,7.20303E-05,2.79999E-05,0.000312608
0.0093041,1.539,0.67,5.75,0.33467,-0.047917,0.59996,0.0086411,-0.00062599,-0.0019765,0.0018922,0.0005493,0.0080749,0.18468,0.0804,0.69,0.000335878,0.0635873,-0.00910423,0.1139924,0.000311944,-2.25982E-05,-7.13517E-05,6.83084E-05,1.98297E-05,0.000291504
0.009302,1.539,0.67,5.75,0.33469,-0.047913,0.60001,0.0086392,-0.00062563,-0.0019765,0.001892,0.00054856,0.0080728,0.18468,0.0804,0.69,0.000335802,0.0635911,-0.00910347,0.1140019,0.000311875,-2.25852E-05,-7.13517E-05,6.83012E-05,1.9803E-05,0.000291428
0.0086293,1.5472,0.67,5.75,0.3373,-0.046844,0.61909,0.0081747,-0.00053827,-0.0018369,0.0018287,0.00030292,0.0072551,0.185664,0.0804,0.69,0.000311518,0.064087,-0.00890036,0.1176271,0.000295107,-1.94315E-05,-6.63121E-05,6.60161E-05,1.09354E-05,0.000261909
0.0086272,1.5472,0.67,5.75,0.33731,-0.04684,0.61914,0.0081732,-0.00053797,-0.0018369,0.0018286,0.00030231,0.0072527,0.185664,0.0804,0.69,0.000311442,0.0640889,-0.0088996,0.1176366,0.000295053,-1.94207E-05,-6.63121E-05,6.60125E-05,1.09134E-05,0.000261822
0.0080767,1.5555,0.67,5.75,0.3396,-0.04592,0.63731,0.0077247,-0.00046746,-0.0017896,0.0017876,0.00012567,0.0066411,0.18666,0.0804,0.69,0.000291569,0.064524,-0.0087248,0.1210889,0.000278862,-1.68753E-05,-6.46046E-05,6.45324E-05,4.53669E-06,0.000239744
0.0080751,1.5555,0.67,5.75,0.3396,-0.045917,0.63736,0.0077235,-0.00046724,-0.001789,0.0017875,0.00012525,0.0066392,0.18666,0.0804,0.69,0.000291511,0.064524,-0.00872423,0.1210984,0.000278818,-1.68674E-05,-6.45829E-05,6.45288E-05,4.52153E-06,0.000239675
0.0074775,1.5637,0.67,5.75,0.3436,-0.045452,0.65546,0.0073543,-0.00044954,-0.0017921,0.0017508,5.83E-06,0.0058498,0.187644,0.0804,0.69,0.000269938,0.065284,-0.00863588,0.1245374,0.00026549,-1.62284E-05,-6.46948E-05,6.32039E-05,2.10441E-07,0.000211178
0.0074759,1.5638,0.67,5.75,0.34361,-0.045452,0.6555,0.0073534,-0.00044949,-0.001792,0.0017508,5.48E-06,0.0058477,0.187656,0.0804,0.69,0.00026988,0.0652859,-0.00863588,0.124545,0.000265458,-1.62266E-05,-6.46912E-05,6.32039E-05,1.98005E-07,0.000211102
0.0069532,1.572,0.67,5.75,0.34618,-0.045631,0.67256,0.0069062,-0.00047918,-0.0017164,0.0017229,-0.00011444,0.0052772,0.18864,0.0804,0.69,0.000251011,0.0657742,-0.00866989,0.1277864,0.000249314,-1.72984E-05,-6.1962E-05,6.21967E-05,-4.13128E-06,0.000190507
0.0069517,1.572,0.67,5.75,0.34619,-0.045631,0.67261,0.0069051,-0.00047931,-0.001716,0.0017229,-0.00011486,0.0052755,0.18864,0.0804,0.69,0.000250956,0.0657761,-0.00866989,0.1277959,0.000249274,-1.73031E-05,-6.19476E-05,6.21967E-05,-4.14645E-06,0.000190446
0.0065044,1.5802,0.67,5.75,0.34613,-0.045899,0.68876,0.0064979,-0.00052214,-0.0015757,0.001701,-0.00027583,0.0048098,0.189624,0.0804,0.69,0.000234809,0.0657647,-0.00872081,0.1308644,0.000234574,-1.88493E-05,-5.68828E-05,6.14061E-05,-9.95746E-06,0.000173634
0.0065031,1.5803,0.67,5.75,0.34613,-0.045899,0.68881,0.0064967,-0.0005223,-0.0015752,0.001701,-0.00027635,0.0048085,0.189636,0.0804,0.69,0.000234762,0.0657647,-0.00872081,0.1308739,0.000234531,-1.8855E-05,-5.68647E-05,6.14061E-05,-9.97624E-06,0.000173587
0.0061326,1.5885,0.67,5.75,0.34721,-0.045472,0.70563,0.0061509,-0.00055742,-0.0013979,0.0016877,-0.00046331,0.0044267,0.19062,0.0804,0.69,0.000221387,0.0659699,-0.00863968,0.1340697,0.000222047,-2.01229E-05,-5.04642E-05,6.0926E-05,-1.67255E-05,0.000159804
0.0061316,1.5885,0.67,5.75,0.34721,-0.045469,0.70568,0.0061498,-0.00055748,-0.0013973,0.0016877,-0.00046382,0.0044257,0.19062,0.0804,0.69,0.000221351,0.0659699,-0.00863911,0.1340792,0.000222008,-2.0125E-05,-5.04425E-05,6.0926E-05,-1.67439E-05,0.000159768
0.0058038,1.5968,0.67,5.75,0.34946,-0.043937,0.72314,0.0058454,-0.00057923,-0.001186,0.001678,-0.00063129,0.0040842,0.191616,0.0804,0.69,0.000209517,0.0663974,-0.00834803,0.1373966,0.000211019,-2.09102E-05,-4.28146E-05,6.05758E-05,-2.27896E-05,0.00014744
0.0058029,1.5968,0.67,5.75,0.34946,-0.043932,0.72319,0.0058447,-0.00057924,-0.0011854,0.0016779,-0.00063167,0.0040833,0.191616,0.0804,0.69,0.000209485,0.0663974,-0.00834708,0.1374061,0.000210994,-2.09106E-05,-4.27929E-05,6.05722E-05,-2.28033E-05,0.000147407
0.0054831,1.605,0.67,5.75,0.35046,-0.041493,0.74026,0.0054895,-0.00058268,-0.00098521,0.0016738,-0.00074062,0.0038029,0.1926,0.0804,0.69,0.00019794,0.0665874,-0.00788367,0.1406494,0.000198171,-2.10347E-05,-3.55661E-05,6.04242E-05,-2.67364E-05,0.000137285
0.0054823,1.605,0.67,5.75,0.35046,-0.041486,0.74031,0.0054887,-0.00058269,-0.00098462,0.0016738,-0.00074082,0.0038022,0.1926,0.0804,0.69,0.000197911,0.0665874,-0.00788234,0.1406589,0.000198142,-2.10351E-05,-3.55448E-05,6.04242E-05,-2.67436E-05,0.000137259
0.0051724,1.6133,0.67,5.75,0.35076,-0.038868,0.75685,0.0051296,-0.00056998,-0.00072062,0.0016786,-0.00078878,0.0035367,0.193596,0.0804,0.69,0.000186724,0.0666444,-0.00738492,0.1438015,0.000185179,-2.05763E-05,-2.60144E-05,6.05975E-05,-2.8475E-05,0.000127675
0.0051715,1.6133,0.67,5.75,0.35076,-0.038861,0.7569,0.0051286,-0.00056996,-0.00071997,0.0016786,-0.00078886,0.0035358,0.193596,0.0804,0.69,0.000186691,0.0666444,-0.00738359,0.143811,0.000185142,-2.05756E-05,-2.59909E-05,6.05975E-05,-2.84778E-05,0.000127642
0.0049176,1.6215,0.67,5.75,0.35122,-0.036641,0.77303,0.0048893,-0.00056293,-0.00047086,0.0016661,-0.00080436,0.0032798,0.19458,0.0804,0.69,0.000177525,0.0667318,-0.00696179,0.1468757,0.000176504,-2.03218E-05,-1.6998E-05,6.01462E-05,-2.90374E-05,0.000118401
0.0049167,1.6215,0.67,5.75,0.35122,-0.036635,0.77307,0.0048883,-0.00056291,-0.0004702,0.0016661,-0.00080435,0.0032791,0.19458,0.0804,0.69,0.000177493,0.0667318,-0.00696065,0.1468833,0.000176468,-2.03211E-05,-1.69742E-05,6.01462E-05,-2.9037E-05,0.000118376
0.0046843,1.6298,0.67,5.75,0.35128,-0.034895,0.78832,0.0047464,-0.00055853,-0.00022141,0.0016237,-0.0007997,0.0029985,0.195576,0.0804,0.69,0.000169103,0.0667432,-0.00663005,0.1497808,0.000171345,-2.01629E-05,-7.9929E-06,5.86156E-05,-2.88692E-05,0.000108246
0.0046835,1.6298,0.67,5.75,0.35127,-0.03489,0.78836,0.0047457,-0.0005585,-0.0002207,0.0016236,-0.00079964,0.0029978,0.195576,0.0804,0.69,0.000169074,0.0667413,-0.0066291,0.1497884,0.00017132,-2.01619E-05,-7.96727E-06,5.8612E-05,-2.8867E-05,0.000108221
0.0044175,1.638,0.67,5.75,0.35058,-0.033519,0.80229,0.0045504,-0.00054171,-4.83E-05,0.0015456,-0.00078225,0.002739,0.19656,0.0804,0.69,0.000159472,0.0666102,-0.00636861,0.1524351,0.000164269,-1.95557E-05,-1.74349E-06,5.57962E-05,-2.82392E-05,9.88779E-05
0.0044169,1.6381,0.67,5.75,0.35057,-0.033516,0.80233,0.0045501,-0.00054164,-4.77E-05,0.0015453,-0.00078217,0.0027385,0.196572,0.0804,0.69,0.00015945,0.0666083,-0.00636804,0.1524427,0.000164259,-1.95532E-05,-1.72313E-06,5.57853E-05,-2.82363E-05,9.88599E-05
0.0041312,1.6463,0.67,5.75,0.34859,-0.032552,0.81489,0.0042715,-0.00053037,0.00012901,0.0014415,-0.00075595,0.0025494,0.197556,0.0804,0.69,0.000149136,0.0662321,-0.00618488,0.1548291,0.000154201,-1.91464E-05,4.65726E-06,5.20382E-05,-2.72898E-05,9.20333E-05
0.0041306,1.6463,0.67,5.75,0.34858,-0.032549,0.81492,0.004271,-0.00053034,0.00012943,0.0014412,-0.00075588,0.0025489,0.197556,0.0804,0.69,0.000149115,0.0662302,-0.00618431,0.1548348,0.000154183,-1.91453E-05,4.67242E-06,5.20273E-05,-2.72873E-05,9.20153E-05
0.0038928,1.6545,0.67,5.75,0.34542,-0.031705,0.82573,0.0040235,-0.00054468,0.00026583,0.0013511,-0.0007235,0.0024111,0.19854,0.0804,0.69,0.00014053,0.0656298,-0.00602395,0.1568887,0.000145248,-1.96629E-05,9.59646E-06,4.87747E-05,-2.61184E-05,8.70407E-05
0.0038921,1.6546,0.67,5.75,0.3454,-0.031703,0.82575,0.0040225,-0.00054473,0.00026598,0.0013509,-0.00072341,0.0024107,0.198552,0.0804,0.69,0.000140505,0.065626,-0.00602357,0.1568925,0.000145212,-1.96648E-05,9.60188E-06,4.87675E-05,-2.61151E-05,8.70263E-05
0.0037186,1.6628,0.67,5.75,0.34198,-0.030596,0.83498,0.0038802,-0.00057063,0.0003355,0.0012906,-0.00066962,0.0022664,0.199536,0.0804,0.69,0.000134241,0.0649762,-0.00581324,0.1586462,0.000140075,-2.05997E-05,1.21116E-05,4.65907E-05,-2.41733E-05,8.1817E-05
0.0037181,1.6628,0.67,5.75,0.34197,-0.030593,0.83501,0.0038797,-0.0005707,0.00033564,0.0012904,-0.00066943,0.002266,0.199536,0.0804,0.69,0.000134223,0.0649743,-0.00581267,0.1586519,0.000140057,-2.06023E-05,1.21166E-05,4.65834E-05,-2.41664E-05,8.18026E-05
0.003543,1.6711,0.67,5.75,0.33812,-0.029337,0.84325,0.003742,-0.00059202,0.00033015,0.0012472,-0.00059071,0.0020968,0.200532,0.0804,0.69,0.000127902,0.0642428,-0.00557403,0.1602175,0.000135086,-2.13719E-05,1.19184E-05,4.50239E-05,-2.13246E-05,7.56945E-05
0.0035426,1.6711,0.67,5.75,0.33811,-0.029333,0.84327,0.0037417,-0.00059206,0.00033016,0.0012471,-0.00059045,0.0020964,0.200532,0.0804,0.69,0.000127888,0.0642409,-0.00557327,0.1602213,0.000135075,-2.13734E-05,1.19188E-05,4.50203E-05,-2.13152E-05,7.568E-05
0.0033362,1.6793,0.67,5.75,0.33347,-0.028083,0.85056,0.0034935,-0.00060003,0.00028834,0.0012302,-0.00048825,0.0019487,0.201516,0.0804,0.69,0.000120437,0.0633593,-0.00533577,0.1616064,0.000126115,-2.16611E-05,1.04091E-05,4.44102E-05,-1.76258E-05,7.03481E-05
0.0033357,1.6793,0.67,5.75,0.33346,-0.028079,0.85058,0.003493,-0.00060001,0.00028813,0.0012302,-0.00048794,0.0019483,0.201516,0.0804,0.69,0.000120419,0.0633574,-0.00533501,0.1616102,0.000126097,-2.16604E-05,1.04015E-05,4.44102E-05,-1.76146E-05,7.03336E-05
0.0031495,1.6876,0.67,5.75,0.32843,-0.026634,0.85747,0.0032779,-0.00058334,0.00024774,0.0012596,-0.0003619,0.0017615,0.202512,0.0804,0.69,0.000113697,0.0624017,-0.00506046,0.1629193,0.000118332,-2.10586E-05,8.94341E-06,4.54716E-05,-1.30646E-05,6.35902E-05
0.0031489,1.6876,0.67,5.75,0.32841,-0.02663,0.85749,0.0032772,-0.00058326,0.00024744,0.0012597,-0.00036155,0.0017609,0.202512,0.0804,0.69,0.000113675,0.0623979,-0.0050597,0.1629231,0.000118307,-2.10557E-05,8.93258E-06,4.54752E-05,-1.3052E-05,6.35685E-05
0.0030008,1.6958,0.67,5.75,0.32305,-0.024754,0.86423,0.0031486,-0.00054165,0.00016339,0.0013161,-0.00023187,0.0015368,0.203496,0.0804,0.69,0.000108329,0.0613795,-0.00470326,0.1642037,0.000113664,-1.95536E-05,5.89838E-06,4.75112E-05,-8.37051E-06,5.54785E-05
0.0030002,1.6958,0.67,5.75,0.32304,-0.024748,0.86425,0.003148,-0.00054151,0.00016308,0.0013162,-0.00023154,0.0015362,0.203496,0.0804,0.69,0.000108307,0.0613776,-0.00470212,0.1642075,0.000113643,-1.95485E-05,5.88719E-06,4.75148E-05,-8.35859E-06,5.54568E-05
0.0028425,1.7041,0.67,5.75,0.31719,-0.022315,0.87076,0.0030136,-0.0004838,5.50E-05,0.0013445,-0.00012556,0.001327,0.204492,0.0804,0.69,0.000102614,0.0602661,-0.00423985,0.1654444,0.000108791,-1.74652E-05,1.98406E-06,4.85365E-05,-4.53272E-06,4.79047E-05
0.0028422,1.7041,0.67,5.75,0.31717,-0.022307,0.87078,0.0030133,-0.00048363,5.47E-05,0.0013445,-0.00012532,0.0013266,0.204492,0.0804,0.69,0.000102603,0.0602623,-0.00423833,0.1654482,0.00010878,-1.7459E-05,1.97536E-06,4.85365E-05,-4.52405E-06,4.78903E-05
0.002666,1.7123,0.67,5.75,0.31121,-0.019298,0.87787,0.0028407,-0.00042433,-4.23E-05,0.0013038,-5.96E-05,0.0011875,0.205476,0.0804,0.69,9.62426E-05,0.0591299,-0.00366662,0.1667953,0.000102549,-1.53183E-05,-1.52674E-06,4.70672E-05,-2.15163E-06,4.28688E-05
0.0026656,1.7124,0.67,5.75,0.31119,-0.01929,0.87789,0.0028405,-0.00042419,-4.25E-05,0.0013036,-5.95E-05,0.0011872,0.205488,0.0804,0.69,9.62282E-05,0.0591261,-0.0036651,0.1667991,0.000102542,-1.53133E-05,-1.53248E-06,4.706E-05,-2.14871E-06,4.28579E-05
0.0025297,1.7206,0.67,5.75,0.30568,-0.016326,0.88647,0.0027142,-0.00038555,-6.73E-05,0.0012136,-5.40E-05,0.0011315,0.206472,0.0804,0.69,9.13222E-05,0.0580792,-0.00310194,0.1684293,9.79826E-05,-1.39184E-05,-2.42794E-06,4.3811E-05,-1.94778E-06,4.08472E-05
0.0025294,1.7206,0.67,5.75,0.30567,-0.016319,0.8865,0.002714,-0.00038548,-6.73E-05,0.0012133,-5.40E-05,0.0011314,0.206472,0.0804,0.69,9.13113E-05,0.0580773,-0.00310061,0.168435,9.79754E-05,-1.39158E-05,-2.43007E-06,4.38001E-05,-1.95052E-06,4.08435E-05
0.0024495,1.7289,0.67,5.75,0.30032,-0.014119,0.8955,0.0026703,-0.00037789,-5.08E-05,0.0011245,-9.27E-05,0.0011041,0.207468,0.0804,0.69,8.8427E-05,0.0570608,-0.00268261,0.170145,9.63978E-05,-1.36418E-05,-1.83236E-06,4.05945E-05,-3.3464E-06,3.9858E-05
0.0024492,1.7289,0.67,5.75,0.30031,-0.014114,0.89552,0.0026701,-0.0003779,-5.08E-05,0.0011243,-9.28E-05,0.001104,0.207468,0.0804,0.69,8.84161E-05,0.0570589,-0.00268166,0.1701488,9.63906E-05,-1.36422E-05,-1.83262E-06,4.05872E-05,-3.34994E-06,3.98544E-05
0.0023913,1.7371,0.67,5.75,0.29459,-0.012556,0.90398,0.0026218,-0.00039463,-6.42E-05,0.0010679,-0.00011531,0.001093,0.208452,0.0804,0.69,8.63259E-05,0.0559721,-0.00238564,0.1717562,9.4647E-05,-1.42461E-05,-2.31776E-06,3.85512E-05,-4.16269E-06,3.94573E-05
0.0023912,1.7371,0.67,5.75,0.29457,-0.012552,0.904,0.0026215,-0.00039474,-6.42E-05,0.0010678,-0.0001153,0.001093,0.208452,0.0804,0.69,8.63223E-05,0.0559683,-0.00238488,0.17176,9.46362E-05,-1.42501E-05,-2.31906E-06,3.85476E-05,-4.16233E-06,3.94573E-05
0.0023607,1.7454,0.67,5.75,0.28884,-0.011191,0.91185,0.0025567,-0.00043142,-8.23E-05,0.001055,-9.95E-05,0.0011098,0.209448,0.0804,0.69,8.52213E-05,0.0548796,-0.00212629,0.1732515,9.22969E-05,-1.55743E-05,-2.96998E-06,3.80855E-05,-3.59166E-06,4.00638E-05
0.0023607,1.7454,0.67,5.75,0.28882,-0.011187,0.91187,0.0025565,-0.00043156,-8.22E-05,0.001055,-9.94E-05,0.0011099,0.209448,0.0804,0.69,8.52213E-05,0.0548758,-0.00212553,0.1732553,9.22897E-05,-1.55793E-05,-2.96861E-06,3.80855E-05,-3.58834E-06,4.00674E-05
0.0023754,1.7536,0.67,5.75,0.28338,-0.0098585,0.91911,0.0024886,-0.00048508,-5.53E-05,0.0010825,-7.14E-05,0.0011796,0.210432,0.0804,0.69,8.57519E-05,0.0538422,-0.001873115,0.1746309,8.98385E-05,-1.75114E-05,-1.99539E-06,3.90783E-05,-2.57584E-06,4.25836E-05
0.0023756,1.7536,0.67,5.75,0.28337,-0.0098546,0.91913,0.0024885,-0.0004852,-5.51E-05,0.0010827,-7.13E-05,0.00118,0.210432,0.0804,0.69,8.57592E-05,0.0538403,-0.001872374,0.1746347,8.98349E-05,-1.75157E-05,-1.98741E-06,3.90855E-05,-2.57487E-06,0.000042598
0.0024549,1.7619,0.67,5.75,0.27789,-0.0085637,0.92485,0.0024492,-0.00053499,4.99E-05,0.0011276,-7.51E-05,0.0013331,0.211428,0.0804,0.69,8.86219E-05,0.0527991,-0.001627103,0.1757215,8.84161E-05,-1.93131E-05,1.80157E-06,4.07064E-05,-2.71281E-06,4.81249E-05
0.0024553,1.7619,0.67,5.75,0.27788,-0.00856,0.92486,0.0024492,-0.00053509,5.03E-05,0.0011278,-7.52E-05,0.0013337,0.211428,0.0804,0.69,8.86363E-05,0.0527972,-0.0016264,0.1757234,8.84161E-05,-1.93167E-05,1.81554E-06,4.07136E-05,-2.71486E-06,4.81466E-05
0.0026044,1.7701,0.67,5.75,0.27242,-0.007221,0.92915,0.0024872,-0.00057489,0.00021906,0.0011871,-9.73E-05,0.0015345,0.212412,0.0804,0.69,9.40188E-05,0.0517598,-0.00137199,0.1765385,8.97879E-05,-2.07535E-05,7.90807E-06,4.28543E-05,-3.51116E-06,5.53955E-05
0.0026048,1.7702,0.67,5.75,0.2724,-0.0072176,0.92916,0.0024873,-0.00057501,0.00021947,0.0011873,-9.73E-05,0.0015349,0.212424,0.0804,0.69,9.40333E-05,0.051756,-0.001371344,0.1765404,8.97915E-05,-2.07579E-05,7.92287E-06,4.28615E-05,-3.51141E-06,5.54099E-05
0.0027292,1.7784,0.67,5.75,0.2675,-0.0059782,0.93367,0.0025683,-0.00061735,0.0003708,0.0012564,-8.50E-05,0.0016338,0.213408,0.0804,0.69,9.85241E-05,0.050825,-0.001135858,0.1773973,9.27156E-05,-2.22863E-05,1.33859E-05,4.5356E-05,-3.06846E-06,5.89802E-05
0.0027293,1.7784,0.67,5.75,0.26748,-0.0059753,0.93369,0.0025684,-0.00061749,0.00037106,0.0012565,-8.49E-05,0.0016337,0.213408,0.0804,0.69,9.85277E-05,0.0508212,-0.001135307,0.1774011,9.27192E-05,-2.22914E-05,1.33953E-05,4.53597E-05,-3.06438E-06,5.89766E-05
0.0027486,1.7866,0.67,5.75,0.26338,-0.0049995,0.93975,0.0026538,-0.00066759,0.00045258,0.0013248,-3.48E-05,0.0015186,0.214392,0.0804,0.69,9.92245E-05,0.0500422,-0.000949905,0.1785525,9.58022E-05,-2.41E-05,1.63381E-05,4.78253E-05,-1.25473E-06,5.48215E-05
0.0027485,1.7867,0.67,5.75,0.26337,-0.0049962,0.93977,0.0026539,-0.00066775,0.00045266,0.001325,-3.46E-05,0.0015181,0.214404,0.0804,0.69,9.92209E-05,0.0500403,-0.000949278,0.1785563,9.58058E-05,-2.41058E-05,1.6341E-05,4.78325E-05,-1.2505E-06,5.48034E-05
0.0027265,1.7949,0.67,5.75,0.25975,-0.0037394,0.94678,0.002712,-0.00072564,0.00046359,0.0014127,6.74E-06,0.0013282,0.215388,0.0804,0.69,9.84267E-05,0.0493525,-0.000710486,0.1798882,9.79032E-05,-2.61956E-05,1.67356E-05,5.09985E-05,2.43462E-07,4.7948E-05
0.0027264,1.7949,0.67,5.75,0.25974,-0.0037337,0.9468,0.0027121,-0.0007258,0.00046356,0.001413,6.83E-06,0.0013278,0.215388,0.0804,0.69,9.8423E-05,0.0493506,-0.000709403,0.179892,9.79068E-05,-2.62014E-05,1.67345E-05,5.10093E-05,2.46585E-07,4.79336E-05
0.002717,1.8032,0.67,5.75,0.25612,-0.0014959,0.95357,0.0027249,-0.00077944,0.00044676,0.0015024,3.51E-05,0.0012068,0.216384,0.0804,0.69,9.80837E-05,0.0486628,-0.000284221,0.1811783,9.83689E-05,-2.81378E-05,1.6128E-05,5.42366E-05,1.26639E-06,4.35655E-05
0.002717,1.8032,0.67,5.75,0.25611,-0.0014881,0.95359,0.0027249,-0.00077955,0.00044665,0.0015026,3.52E-05,0.0012065,0.216384,0.0804,0.69,9.80837E-05,0.0486609,-0.000282739,0.1811821,9.83689E-05,-2.81418E-05,1.61241E-05,5.42439E-05,1.2692E-06,4.35547E-05
0.002689,1.8114,0.67,5.75,0.25223,0.001419,0.95979,0.0027005,-0.00081593,0.0003937,0.0015709,6.06E-05,0.0011067,0.217368,0.0804,0.69,9.70729E-05,0.0479237,0.00026961,0.1823601,9.74881E-05,-2.94551E-05,1.42126E-05,5.67095E-05,2.18856E-06,3.99519E-05
0.0026889,1.8114,0.67,5.75,0.25222,0.0014266,0.95981,0.0027004,-0.00081598,0.00039351,0.001571,6.07E-05,0.0011064,0.217368,0.0804,0.69,9.70693E-05,0.0479218,0.000271054,0.1823639,9.74844E-05,-2.94569E-05,1.42057E-05,5.67131E-05,2.19076E-06,3.9941E-05
0.0026454,1.8197,0.67,5.75,0.2481,0.0039694,0.96565,0.0026601,-0.00082529,0.00031646,0.0016249,7.75E-05,0.0010059,0.218364,0.0804,0.69,9.54989E-05,0.047139,0.000754186,0.1834735,9.60296E-05,-2.9793E-05,1.14242E-05,5.86589E-05,2.79898E-06,3.6313E-05
0.0026452,1.8197,0.67,5.75,0.24809,0.003974,0.96567,0.00266,-0.00082526,0.00031624,0.0016249,7.75E-05,0.0010055,0.218364,0.0804,0.69,9.54917E-05,0.0471371,0.00075506,0.1834773,0.000096026,-2.97919E-05,1.14163E-05,5.86589E-05,2.79858E-06,3.62986E-05
0.0025656,1.8279,0.67,5.75,0.24387,0.0052216,0.97095,0.0026169,-0.0008118,0.00022912,0.0016413,7.04E-05,0.00087307,0.219348,0.0804,0.69,9.26182E-05,0.0463353,0.000992104,0.1844805,9.44701E-05,-2.9306E-05,8.27123E-06,5.92509E-05,2.54155E-06,3.15178E-05
0.0025654,1.8279,0.67,5.75,0.24386,0.0052219,0.97096,0.0026168,-0.00081173,0.00022888,0.0016412,7.04E-05,0.00087276,0.219348,0.0804,0.69,9.26109E-05,0.0463334,0.000992161,0.1844824,9.44665E-05,-2.93035E-05,8.26257E-06,5.92473E-05,2.53985E-06,3.15066E-05
0.0024847,1.8362,0.67,5.75,0.23972,0.0049477,0.97583,0.0025749,-0.00079013,0.00014108,0.0016204,4.61E-05,0.00077413,0.220344,0.0804,0.69,8.96977E-05,0.0455468,0.000940063,0.1854077,9.29539E-05,-2.85237E-05,5.09299E-06,5.84964E-05,1.66266E-06,2.79461E-05
0.0024845,1.8362,0.67,5.75,0.2397,0.0049444,0.97584,0.0025748,-0.00079005,0.00014088,0.0016203,4.59E-05,0.00077403,0.220344,0.0804,0.69,8.96905E-05,0.045543,0.000939436,0.1854096,9.29503E-05,-2.85208E-05,5.08577E-06,5.84928E-05,1.65818E-06,2.79425E-05
0.0024373,1.8446,0.67,5.75,0.23568,0.003504,0.98106,0.0025339,-0.00076803,8.56E-05,0.0015736,-4.78E-06,0.00076712,0.221352,0.0804,0.69,8.79865E-05,0.0447792,0.00066576,0.1864014,9.14738E-05,-2.77259E-05,3.08962E-06,5.6807E-05,-1.72663E-07,2.7693E-05
0.0024372,1.8446,0.67,5.75,0.23567,0.0034991,0.98108,0.0025337,-0.00076796,8.55E-05,0.0015735,-4.91E-06,0.00076724,0.221352,0.0804,0.69,8.79829E-05,0.0447773,0.000664829,0.1864052,9.14666E-05,-2.77234E-05,3.08601E-06,5.68034E-05,-1.77215E-07,2.76974E-05
0.0024205,1.8534,0.67,5.75,0.23158,0.0016937,0.98661,0.0024789,-0.00074505,5.78E-05,0.0015376,-4.66E-05,0.00082448,0.222408,0.0804,0.69,8.73801E-05,0.0440002,0.000321803,0.1874559,8.94883E-05,-2.68963E-05,2.08709E-06,5.55074E-05,-1.68244E-06,2.97637E-05
0.0024205,1.8534,0.67,5.75,0.23157,0.0016895,0.98662,0.0024787,-0.00074502,5.78E-05,0.0015375,-4.68E-05,0.00082475,0.222408,0.0804,0.69,8.73801E-05,0.0439983,0.000321005,0.1874578,8.94811E-05,-2.68952E-05,2.08806E-06,5.55038E-05,-1.68768E-06,2.97735E-05
0.002432,1.8626,0.67,5.75,0.22724,0.00037758,0.99244,0.0024089,-0.0007357,8.41E-05,0.0015338,-0.00010156,0.00092137,0.223512,0.0804,0.69,8.77952E-05,0.0431756,7.17402E-05,0.1885636,8.69613E-05,-2.65588E-05,3.03763E-06,5.53702E-05,-3.66632E-06,3.32615E-05
0.002432,1.8626,0.67,5.75,0.22722,0.00037743,0.99246,0.0024086,-0.00073568,8.44E-05,0.0015338,-0.0001018,0.00092161,0.223512,0.0804,0.69,8.77952E-05,0.0431718,7.17117E-05,0.1885674,8.69505E-05,-2.6558E-05,3.0485E-06,5.53702E-05,-3.67498E-06,3.32701E-05
0.0024248,1.8723,0.67,5.75,0.22252,0.00064146,0.99841,0.0023161,-0.00073117,0.00020446,0.0015262,-0.00019707,0.0010073,0.224676,0.0804,0.69,8.75353E-05,0.0422788,0.000121877,0.1896979,8.36112E-05,-2.63952E-05,7.38101E-06,5.50958E-05,-7.11423E-06,3.63635E-05
0.0024248,1.8723,0.67,5.75,0.22251,0.00064448,0.99843,0.0023158,-0.0007311,0.00020482,0.0015262,-0.00019744,0.0010077,0.224676,0.0804,0.69,8.75353E-05,0.0422769,0.000122451,0.1897017,8.36004E-05,-2.63927E-05,7.394E-06,5.50958E-05,-7.12758E-06,3.6378E-05
0.0024257,1.8824,0.67,5.75,0.2174,0.0018965,1.0041,0.0021814,-0.00070412,0.00034054,0.0015195,-0.00033069,0.0011505,0.225888,0.0804,0.69,8.75678E-05,0.041306,0.000360335,0.190779,7.87485E-05,-2.54187E-05,1.22935E-05,5.4854E-05,-1.19379E-05,4.15331E-05
0.0024258,1.8825,0.67,5.75,0.21739,0.0019012,1.0041,0.002181,-0.00070398,0.00034099,0.0015195,-0.00033103,0.001151,0.2259,0.0804,0.69,8.75714E-05,0.0413041,0.000361228,0.190779,7.87341E-05,-2.54137E-05,1.23097E-05,5.4854E-05,-1.19502E-05,4.15511E-05
0.0024618,1.8931,0.67,5.75,0.21204,0.0036735,1.0091,0.0020371,-0.00064649,0.00051133,0.001519,-0.00045808,0.0013676,0.227172,0.0804,0.69,8.8871E-05,0.0402876,0.000697965,0.191729,7.35393E-05,-2.33383E-05,1.8459E-05,5.48359E-05,-1.65367E-05,4.93704E-05
0.002462,1.8931,0.67,5.75,0.21203,0.0036795,1.0091,0.0020368,-0.00064627,0.00051163,0.0015189,-0.00045857,0.0013683,0.227172,0.0804,0.69,8.88782E-05,0.0402857,0.000699105,0.191729,7.35285E-05,-2.33303E-05,1.84698E-05,5.48323E-05,-1.65544E-05,4.93956E-05
0.0025163,1.9042,0.67,5.75,0.2066,0.0057723,1.0141,0.0019078,-0.00056749,0.0006036,0.0015052,-0.00063632,0.0016197,0.228504,0.0804,0.69,9.08384E-05,0.039254,0.001096737,0.192679,6.88716E-05,-2.04864E-05,2.179E-05,5.43377E-05,-2.29712E-05,5.84712E-05
0.0025164,1.9043,0.67,5.75,0.20658,0.0057767,1.0141,0.0019075,-0.00056738,0.00060357,0.0015051,-0.00063664,0.0016201,0.228516,0.0804,0.69,9.0842E-05,0.0392502,0.001097573,0.192679,6.88608E-05,-2.04824E-05,2.17889E-05,5.43341E-05,-2.29827E-05,5.84856E-05
0.0025187,1.9159,0.67,5.75,0.20096,0.0070997,1.0176,0.0017867,-0.00053671,0.0005666,0.0014837,-0.00073417,0.001767,0.229908,0.0804,0.69,9.09251E-05,0.0381824,0.001348943,0.193344,6.44999E-05,-1.93752E-05,2.04543E-05,5.35616E-05,-2.65035E-05,6.37887E-05
0.0025188,1.916,0.67,5.75,0.20095,0.0070996,1.0177,0.0017865,-0.00053681,0.00056617,0.0014839,-0.00073418,0.0017673,0.22992,0.0804,0.69,9.09287E-05,0.0381805,0.001348924,0.193363,6.44927E-05,-1.93788E-05,2.04387E-05,5.35688E-05,-2.65039E-05,6.37995E-05
0.002555,1.9282,0.67,5.75,0.19512,0.0069488,1.022,0.0017133,-0.00057874,0.00040259,0.0015394,-0.00072997,0.0018573,0.231384,0.0804,0.69,9.22355E-05,0.0370728,0.001320272,0.19418,6.18501E-05,-2.08925E-05,1.45335E-05,5.55723E-05,-2.63519E-05,6.70485E-05
0.0025551,1.9282,0.67,5.75,0.1951,0.0069507,1.0221,0.0017133,-0.00057889,0.00040209,0.0015396,-0.00072995,0.0018573,0.231384,0.0804,0.69,9.22391E-05,0.037069,0.001320633,0.194199,6.18501E-05,-2.08979E-05,1.45154E-05,5.55796E-05,-2.63512E-05,6.70485E-05
0.0026035,1.941,0.67,5.75,0.18898,0.007746,1.027,0.0017251,-0.00063273,0.00023575,0.0016237,-0.00072888,0.0018582,0.23292,0.0804,0.69,9.39864E-05,0.0359062,0.00147174,0.19513,6.22761E-05,-2.28416E-05,8.51058E-06,5.86156E-05,-2.63126E-05,6.7081E-05
0.0026039,1.9411,0.67,5.75,0.18897,0.0077477,1.027,0.0017253,-0.00063283,0.00023586,0.0016237,-0.00072894,0.0018588,0.232932,0.0804,0.69,9.40008E-05,0.0359043,0.001472063,0.19513,6.22833E-05,-2.28452E-05,8.51455E-06,5.86156E-05,-2.63147E-05,6.71027E-05
0.0027488,1.9545,0.67,5.75,0.18255,0.0083,1.0309,0.0017948,-0.00066296,0.00028713,0.0016009,-0.00074821,0.0021018,0.23454,0.0804,0.69,9.92317E-05,0.0346845,0.001577,0.195871,6.47923E-05,-2.39329E-05,1.03654E-05,5.77925E-05,-2.70104E-05,7.5875E-05
0.0027491,1.9545,0.67,5.75,0.18253,0.0082999,1.0309,0.001795,-0.00066289,0.00028697,0.0016009,-0.00074829,0.0021024,0.23454,0.0804,0.69,9.92425E-05,0.0346807,0.001576981,0.195871,6.47995E-05,-2.39303E-05,1.03596E-05,5.77925E-05,-2.70133E-05,7.58966E-05
0.002875,1.9686,0.67,5.75,0.176,0.0081469,1.0306,0.0018407,-0.00062718,0.00021986,0.0015796,-0.00077702,0.0023296,0.236232,0.0804,0.69,0.000103788,0.03344,0.001547911,0.195814,6.64493E-05,-2.26412E-05,7.93695E-06,5.70236E-05,-2.80504E-05,8.40986E-05
0.002875,1.9686,0.67,5.75,0.17598,0.0081443,1.0306,0.0018407,-0.00062669,0.00021964,0.0015792,-0.00077698,0.0023301,0.236232,0.0804,0.69,0.000103788,0.0334362,0.001547417,0.195814,6.64493E-05,-2.26235E-05,7.929E-06,5.70091E-05,-2.8049E-05,8.41166E-05
0.0028628,1.9833,0.67,5.75,0.16945,0.007325,1.0333,0.0018273,-0.00043755,0.00013548,0.0014032,-0.00075462,0.0024951,0.237996,0.0804,0.69,0.000103347,0.0321955,0.00139175,0.196327,6.59655E-05,-1.57956E-05,4.89083E-06,5.06555E-05,-2.72418E-05,9.00731E-05
0.0028623,1.9834,0.67,5.75,0.16943,0.0073313,1.0333,0.0018272,-0.00043691,0.00013518,0.0014028,-0.00075445,0.0024946,0.238008,0.0804,0.69,0.000103329,0.0321917,0.001392947,0.196327,6.59619E-05,-1.57725E-05,4.88E-06,5.06411E-05,-2.72356E-05,9.00551E-05
0.0026701,1.9988,0.67,5.75,0.16249,0.0097281,1.0364,0.0017779,-0.00020625,2.66E-05,0.001278,-0.00068516,0.0022843,0.239856,0.0804,0.69,9.63906E-05,0.0308731,0.001848339,0.196916,6.41822E-05,-7.44563E-06,9.60116E-07,4.61358E-05,-2.47343E-05,8.24632E-05
0.0026698,1.9988,0.67,5.75,0.16247,0.0097338,1.0365,0.0017777,-0.00020574,2.66E-05,0.001278,-0.00068508,0.0022839,0.239856,0.0804,0.69,9.63798E-05,0.0308693,0.001849422,0.196935,6.4175E-05,-7.42721E-06,9.58599E-07,4.61358E-05,-2.47314E-05,8.24488E-05
0.0025638,2.0149,0.67,5.75,0.15561,0.011718,1.0372,0.0017004,-2.83E-05,5.66E-06,0.0012913,-0.0006575,0.0021359,0.241788,0.0804,0.69,9.25532E-05,0.0295659,0.00222642,0.197068,6.13844E-05,-1.02167E-06,2.04456E-07,4.66159E-05,-2.37358E-05,7.7106E-05
0.0025641,2.015,0.67,5.75,0.15559,0.011724,1.0372,0.0017001,-2.81E-05,5.49E-06,0.0012918,-0.00065727,0.0021363,0.2418,0.0804,0.69,9.2564E-05,0.0295621,0.00222756,0.197068,6.13736E-05,-1.01271E-06,1.98305E-07,4.6634E-05,-2.37274E-05,7.71204E-05
0.002673,2.0319,0.67,5.75,0.14939,0.013691,1.0362,0.0015975,5.36E-05,-5.68E-05,0.0014534,-0.00056592,0.0022951,0.243828,0.0804,0.69,9.64953E-05,0.0283841,0.00260129,0.196878,5.76698E-05,1.93615E-06,-2.04969E-06,5.24677E-05,-2.04297E-05,8.28531E-05
0.0026724,2.0319,0.67,5.75,0.14937,0.013685,1.0362,0.0015971,5.36E-05,-5.72E-05,0.001453,-0.00056538,0.0022947,0.243828,0.0804,0.69,9.64736E-05,0.0283803,0.00260015,0.196878,5.76553E-05,1.93651E-06,-2.0633E-06,5.24533E-05,-2.04102E-05,8.28387E-05
0.0024617,2.0496,0.67,5.75,0.14313,0.011481,1.0302,0.0014555,5.55E-05,-0.00018418,0.0013119,-0.00035914,0.002156,0.245952,0.0804,0.69,8.88674E-05,0.0271947,0.00218139,0.195738,5.25436E-05,2.00283E-06,-6.6489E-06,4.73596E-05,-1.2965E-05,7.78316E-05
0.0024623,2.0496,0.67,5.75,0.14311,0.011468,1.0302,0.0014553,5.56E-05,-0.00018341,0.0013109,-0.00035822,0.0021583,0.245952,0.0804,0.69,8.8889E-05,0.0271909,0.00217892,0.195738,5.25363E-05,2.00579E-06,-6.6211E-06,4.73235E-05,-1.29317E-05,7.79146E-05
0.0026858,2.0681,0.67,5.75,0.13638,0.006916,1.0284,0.0013857,8.41E-05,0.0001196,0.00096065,-2.00E-05,0.0030252,0.248172,0.0804,0.69,9.69574E-05,0.0259122,0.00131404,0.195396,5.00238E-05,3.03428E-06,4.31756E-06,3.46795E-05,-7.23227E-07,0.00010921
0.0026875,2.0682,0.67,5.75,0.13636,0.0069129,1.0283,0.001386,8.40E-05,0.00012074,0.00096038,-1.96E-05,0.0030286,0.248184,0.0804,0.69,9.70188E-05,0.0259084,0.001313451,0.195377,5.00346E-05,3.03153E-06,4.35871E-06,3.46697E-05,-7.08426E-07,0.000109332
0.0033398,2.0875,0.67,5.75,0.12893,0.0058897,1.0211,0.0015014,4.82E-05,0.00054743,0.0008727,0.00010469,0.0043054,0.2505,0.0804,0.69,0.000120567,0.0244967,0.001119043,0.194009,5.42005E-05,1.7385E-06,1.97622E-05,3.15045E-05,3.77931E-06,0.000155425
0.0033416,2.0876,0.67,5.75,0.12891,0.0058847,1.021,0.0015021,4.77E-05,0.00054914,0.00087226,0.0001042,0.0043089,0.250512,0.0804,0.69,0.000120632,0.0244929,0.001118093,0.19399,5.42258E-05,1.72168E-06,1.9824E-05,3.14886E-05,3.76162E-06,0.000155551
0.0040156,2.1078,0.67,5.75,0.12119,0.0041513,1.0133,0.0017422,-0.00012444,0.0011807,0.00071714,-9.51E-05,0.0055718,0.252936,0.0804,0.69,0.000144963,0.0230261,0.000788747,0.192527,6.28934E-05,-4.49228E-06,4.26233E-05,2.58888E-05,-3.43351E-06,0.000201142
0.0040177,2.1078,0.67,5.75,0.12117,0.0041644,1.0133,0.001743,-0.00012493,0.0011829,0.00071707,-9.57E-05,0.0055754,0.252936,0.0804,0.69,0.000145039,0.0230223,0.000791236,0.192527,6.29223E-05,-4.50997E-06,4.27027E-05,2.58862E-05,-3.45499E-06,0.000201272
0.0047962,2.129,0.67,5.75,0.11359,0.0091382,1.0112,0.0020391,-0.000293,0.0019665,0.0007014,-0.00029549,0.0068518,0.25548,0.0804,0.69,0.000173143,0.0215821,0.001736258,0.192128,7.36115E-05,-1.05773E-05,7.09907E-05,2.53205E-05,-1.06672E-05,0.00024735
0.0047967,2.129,0.67,5.75,0.11357,0.0091539,1.0112,0.0020396,-0.00029277,0.0019672,0.00070186,-0.00029498,0.0068518,0.25548,0.0804,0.69,0.000173161,0.0215783,0.001739241,0.192128,7.36296E-05,-1.0569E-05,7.10159E-05,2.53371E-05,-1.06488E-05,0.00024735
0.0049283,2.1511,0.67,5.75,0.1074,0.014889,1.0047,0.0022239,-0.00020081,0.0022084,0.00086877,-0.00010176,0.0067639,0.258132,0.0804,0.69,0.000177912,0.020406,0.00282891,0.190893,8.02828E-05,-7.24924E-06,7.97232E-05,3.13626E-05,-3.67354E-06,0.000244177
0.004926,2.1512,0.67,5.75,0.10739,0.014901,1.0047,0.0022238,-0.00020013,0.0022071,0.00086911,-0.00010102,0.0067592,0.258144,0.0804,0.69,0.000177829,0.0204041,0.00283119,0.190893,8.02792E-05,-7.22469E-06,7.96763E-05,3.13749E-05,-3.64682E-06,0.000244007
0.0040919,2.1743,0.67,5.75,0.10328,0.019162,1.0029,0.0021799,4.27E-05,0.0017507,0.00099379,0.00015813,0.0050101,0.260916,0.0804,0.69,0.000147718,0.0196232,0.00364078,0.190551,7.86944E-05,1.54317E-06,6.32003E-05,3.58758E-05,5.70849E-06,0.000180865
0.0040905,2.1743,0.67,5.75,0.10327,0.019168,1.0029,0.0021794,4.29E-05,0.0017502,0.00099371,0.00015762,0.0050079,0.260916,0.0804,0.69,0.000147667,0.0196213,0.00364192,0.190551,7.86763E-05,1.54905E-06,6.31822E-05,3.58729E-05,5.69008E-06,0.000180785
0.0036111,2.1984,0.67,5.75,0.097749,0.021352,1.0085,0.0020058,0.00010029,0.001595,0.0009648,-2.29E-05,0.0042517,0.263808,0.0804,0.69,0.000130361,0.01857231,0.00405688,0.191615,7.24094E-05,3.62047E-06,5.75795E-05,3.48293E-05,-8.28315E-07,0.000153486
0.0036119,2.1985,0.67,5.75,0.097725,0.02136,1.0084,0.0020053,0.00010084,0.0015952,0.00096623,-2.16E-05,0.0042522,0.26382,0.0804,0.69,0.00013039,0.01856775,0.0040584,0.191596,7.23913E-05,3.64032E-06,5.75867E-05,3.48809E-05,-7.81096E-07,0.000153504
0.0038934,2.2237,0.67,5.75,0.089127,0.024573,0.99436,0.0018367,0.00030838,0.0016712,0.0014972,0.00047204,0.004453,0.266844,0.0804,0.69,0.000140552,0.01693413,0.00466887,0.1889284,6.63049E-05,1.11325E-05,6.03303E-05,5.40489E-05,1.70406E-05,0.000160753
0.003896,2.2238,0.67,5.75,0.089102,0.024593,0.9943,0.0018369,0.00030922,0.0016708,0.0014989,0.00047414,0.0044561,0.266856,0.0804,0.69,0.000140646,0.01692938,0.00467267,0.188917,6.63121E-05,1.11628E-05,6.03159E-05,5.41103E-05,1.71165E-05,0.000160865
0.0048289,2.2501,0.67,5.75,0.080024,0.032008,0.97298,0.0019092,0.00060563,0.0015148,0.0021256,0.0012301,0.005623,0.270012,0.0804,0.69,0.000174323,0.01520456,0.00608152,0.1848662,6.89221E-05,2.18632E-05,5.46843E-05,7.67342E-05,4.44066E-05,0.00020299
0.0048296,2.2501,0.67,5.75,0.079999,0.032018,0.97296,0.0019099,0.00060558,0.0015149,0.0021255,0.001229,0.0056239,0.270012,0.0804,0.69,0.000174349,0.01519981,0.00608342,0.1848624,6.89474E-05,2.18614E-05,5.46879E-05,7.67306E-05,4.43669E-05,0.000203023
0.0050856,2.2776,0.67,5.75,0.071113,0.035741,0.96646,0.0021585,0.00057849,0.0015456,0.0020412,0.00081614,0.0059716,0.273312,0.0804,0.69,0.00018359,0.01351147,0.00679079,0.1836274,7.79219E-05,2.08835E-05,5.57962E-05,7.36873E-05,2.94627E-05,0.000215575
0.0050854,2.2776,0.67,5.75,0.07109,0.03575,0.96643,0.0021589,0.00057791,0.001545,0.0020406,0.00081292,0.0059714,0.273312,0.0804,0.69,0.000183583,0.0135071,0.0067925,0.1836217,7.79363E-05,2.08626E-05,5.57745E-05,7.36657E-05,2.93464E-05,0.000215568
0.004995,2.3063,0.67,5.75,0.062875,0.039066,0.95276,0.0023087,0.00036535,0.0013328,0.0018052,-0.0003623,0.0058761,0.276756,0.0804,0.69,0.00018032,0.01194625,0.00742254,0.1810244,8.33441E-05,1.31891E-05,4.81141E-05,6.51677E-05,-1.3079E-05,0.000212127
0.0049974,2.3064,0.67,5.75,0.062847,0.039094,0.95272,0.002309,0.00036537,0.0013334,0.0018054,-0.00036288,0.0058804,0.276768,0.0804,0.69,0.000180406,0.01194093,0.00742786,0.1810168,8.33549E-05,1.31899E-05,4.81357E-05,6.51749E-05,-1.31E-05,0.000212282
0.0058886,2.3362,0.67,5.75,0.052516,0.049462,0.93872,0.0024154,0.00038031,0.0015226,0.0018899,-0.00055689,0.0074718,0.280344,0.0804,0.69,0.000212578,0.00997804,0.00939778,0.1783568,8.71959E-05,1.37292E-05,5.49659E-05,6.82254E-05,-2.01037E-05,0.000269732
0.005888,2.3363,0.67,5.75,0.052481,0.049491,0.93864,0.0024154,0.00038083,0.0015232,0.0018915,-0.00055493,0.0074691,0.280356,0.0804,0.69,0.000212557,0.00997139,0.00940329,0.1783416,8.71959E-05,1.3748E-05,5.49875E-05,6.82832E-05,-2.0033E-05,0.000269635
0.005651,2.3674,0.67,5.75,0.039765,0.060007,0.91188,0.0023926,0.00057418,0.0017619,0.0024625,0.00015694,0.0064468,0.284088,0.0804,0.69,0.000204001,0.00755535,0.01140133,0.1732572,8.63729E-05,2.07279E-05,6.36046E-05,8.88963E-05,5.66553E-06,0.000232729
0.0056502,2.3675,0.67,5.75,0.039736,0.060029,0.91179,0.0023913,0.00057439,0.0017613,0.0024659,0.00015728,0.0064433,0.2841,0.0804,0.69,0.000203972,0.00754984,0.01140551,0.1732401,8.63259E-05,2.07355E-05,6.35829E-05,8.9019E-05,5.67781E-06,0.000232603
0.0053994,2.3999,0.67,5.75,0.029275,0.067971,0.8816,0.0019282,0.00065113,0.0015545,0.0036976,0.000279,0.0051729,0.287988,0.0804,0.69,0.000194918,0.00556225,0.01291449,0.167504,6.9608E-05,2.35058E-05,5.61175E-05,0.000133483,1.00719E-05,0.000186742
0.0053986,2.4,0.67,5.75,0.029246,0.067997,0.8815,0.001926,0.00065044,0.0015538,0.0036972,0.00027953,0.0051741,0.288,0.0804,0.69,0.000194889,0.00555674,0.01291943,0.167485,6.95286E-05,2.34809E-05,5.60922E-05,0.000133469,1.0091E-05,0.000186785
0.0051337,2.4338,0.67,5.75,0.018743,0.077461,0.8468,0.001112,0.00040055,0.0013088,0.0035552,0.00047775,0.0056003,0.292056,0.0804,0.69,0.000185327,0.00356117,0.01471759,0.160892,4.01432E-05,1.44599E-05,4.72477E-05,0.000128343,1.72468E-05,0.000202171
0.0051295,2.4339,0.67,5.75,0.018713,0.077451,0.84648,0.0011099,0.00039964,0.0013069,0.0035512,0.00047842,0.0055979,0.292068,0.0804,0.69,0.000185175,0.00355547,0.01471569,0.1608312,4.00674E-05,1.4427E-05,4.71791E-05,0.000128198,1.7271E-05,0.000202084
0.0035907,2.4691,0.67,5.75,0.0079772,0.073707,0.7304,0.00035793,6.65E-05,0.00063513,0.0020923,0.00072259,0.0047312,0.296292,0.0804,0.69,0.000129624,0.001515668,0.01400433,0.138776,1.29213E-05,2.40123E-06,2.29282E-05,7.5532E-05,2.60855E-05,0.000170796
0.0035846,2.4692,0.67,5.75,0.0079603,0.073593,0.72927,0.000357,6.64E-05,0.00063369,0.0020888,0.0007214,0.0047235,0.296304,0.0804,0.69,0.000129404,0.001512457,0.01398267,0.1385613,1.28877E-05,2.3957E-06,2.28762E-05,7.54057E-05,2.60425E-05,0.000170518
0.0013616,2.5058,0.67,5.75,0.0020219,0.032453,0.32153,2.37E-05,1.15E-05,0.000111,0.0008001,0.00028816,0.0018994,0.300696,0.0804,0.69,4.91538E-05,0.000384161,0.00616607,0.0610907,8.55714E-07,4.14645E-07,4.0071E-06,2.88836E-05,1.04026E-05,6.85683E-05
0.0013578,2.5059,0.67,5.75,0.0020173,0.032363,0.32064,2.36E-05,1.15E-05,0.0001107,0.0007979,0.00028737,0.0018941,0.300708,0.0804,0.69,4.90166E-05,0.000383287,0.00614897,0.0609216,8.53476E-07,4.13489E-07,3.99627E-06,2.88042E-05,1.03741E-05,6.8377E-05
6.38E-07,2.544,0.67,5.75,0.00038299,8.27E-14,1.12E-17,1.28E-06,2.75E-16,4.69E-20,5.93E-26,1.01E-29,2.09E-33,0.30528,0.0804,0.69,2.30138E-08,7.27681E-05,1.57151E-14,2.13484E-18,4.60275E-08,9.92425E-18,1.69147E-21,2.13983E-27,3.64502E-31,7.52902E-35
6.36E-07,2.5441,0.67,5.75,0.00038207,8.25E-14,1.12E-17,1.27E-06,2.74E-16,4.68E-20,5.91E-26,1.01E-29,2.08E-33,0.305292,0.0804,0.69,2.29564E-08,7.25933E-05,1.56777E-14,2.13484E-18,4.5912E-08,9.89934E-18,1.68818E-21,2.13448E-27,3.6378E-31,7.51169E-35
0,2.5837,0.67,5.75,0,0,0,0,0,0,0,0,0,0.310044,0.0804,0.69,0,0,0,0,0,0,0,0,0,0
0,2.5838,0.67,5.75,0,0,0,0,0,0,0,0,0,0.310056,0.0804,0.69,0,0,0,0,0,0,0,0,0,0
0,2.625,0.67,5.75,0,0,0,0,0,0,0,0,0,0.315,0.0804,0.69,0,0,0,0,0,0,0,0,0,0
0,-0.125,0.67,4.75,0,0,0,0,0,0,0,0,0,-0.015,0.0804,0.57,0,0,0,0,0,0,0,0,0,0
0,-0.11856,0.67,4.75,0,0,0,0,0,0,0,0,0,-0.0142272,0.0804,0.57,0,0,0,0,0,0,0,0,0,0
0,-0.083719,0.67,4.75,0,0,0,0,0,0,0,0,0,-0.01004628,0.0804,0.57,0,0,0,0,0,0,0,0,0,0
8.98E-09,-0.077525,0.67,4.75,-4.14E-05,-1.13E-14,1.30E-19,1.80E-08,4.90E-18,-3.16E-22,1.34E-27,-8.62E-32,6.38E-36,-0.009303,0.0804,0.57,3.24023E-10,-7.85688E-06,-2.14909E-15,2.47931E-20,6.48031E-10,1.76836E-19,-1.14011E-23,4.82549E-29,-3.11034E-33,2.30325E-37
6.40E-08,-0.044001,0.67,4.75,-0.00011966,-3.28E-14,3.69E-19,1.28E-07,3.49E-17,2.50E-21,9.53E-27,6.82E-31,2.70E-34,-0.00528012,0.0804,0.57,2.31134E-09,-2.27354E-05,-6.22706E-15,7.00644E-20,4.62261E-09,1.26094E-18,9.02175E-23,3.43943E-28,2.46191E-32,9.76433E-36
0.00020677,-0.038044,0.67,4.75,-0.00035368,0.0033279,0.055502,1.89E-06,-3.20E-06,-4.53E-06,0.00012001,-1.96E-05,0.00029162,-0.00456528,0.0804,0.57,7.4644E-06,-6.71992E-05,0.000632301,0.01054538,6.84059E-08,-1.15524E-07,-1.63493E-07,4.33236E-06,-7.08463E-07,1.05275E-05
0.0013427,-0.0058053,0.67,4.75,-0.0015818,0.021152,0.35496,1.13E-05,-1.78E-05,-2.99E-05,0.00076403,-0.00012335,0.0019101,-0.000696636,0.0804,0.57,4.84715E-05,-0.000300542,0.00401888,0.0674424,4.09194E-07,-6.44024E-07,-1.07842E-06,2.75815E-05,-4.45294E-06,6.89546E-05
0.0016711,-7.95E-05,0.67,4.75,-0.0024455,0.025371,0.42529,3.77E-05,-3.35E-05,-5.13E-05,0.00095667,-0.00015532,0.0023477,-9.54528E-06,0.0804,0.57,6.03267E-05,-0.000464645,0.00482049,0.0808051,1.3627E-06,-1.20765E-06,-1.85161E-06,3.45358E-05,-5.60705E-06,8.4752E-05
0.003473,0.030909,0.67,4.75,-0.0071168,0.04797,0.80478,0.00017885,-0.00010482,-0.00017123,0.0019905,-0.00032468,0.0047767,0.00370908,0.0804,0.57,0.000125375,-0.001352192,0.0091143,0.1529082,6.45649E-06,-3.784E-06,-6.1814E-06,7.18571E-05,-1.17209E-05,0.000172439
0.0035332,0.03641,0.67,4.75,-0.0083074,0.047289,0.82161,0.00023206,-0.00011806,-0.00021021,0.0019586,-0.00029909,0.0048758,0.0043692,0.0804,0.57,0.000127549,-0.001578406,0.00898491,0.1561059,8.37737E-06,-4.26197E-06,-7.58858E-06,7.07055E-05,-1.07971E-05,0.000176016
0.0039107,0.066184,0.67,4.75,-0.014508,0.043643,0.91189,0.00051912,-0.00019266,-0.00045043,0.001807,-0.00015875,0.0054953,0.00794208,0.0804,0.57,0.000141176,-0.00275652,0.00829217,0.1732591,1.87402E-05,-6.95503E-06,-1.62605E-05,6.52327E-05,-5.73088E-06,0.00019838
0.0039601,0.071467,0.67,4.75,-0.015213,0.041536,0.91682,0.00055536,-0.00018372,-0.00043709,0.001714,-0.00016303,0.0056508,0.00857604,0.0804,0.57,0.00014296,-0.00289047,0.00789184,0.1741958,2.00485E-05,-6.63229E-06,-1.57789E-05,6.18754E-05,-5.88538E-06,0.000203994
0.0041991,0.10006,0.67,4.75,-0.018954,0.029937,0.94405,0.00076335,-0.00013838,-0.00035083,0.0012085,-0.00017263,0.0064263,0.0120072,0.0804,0.57,0.000151588,-0.00360126,0.00568803,0.1793695,2.75569E-05,-4.99552E-06,-1.2665E-05,4.36269E-05,-6.23194E-06,0.000231989
0.0042051,0.10513,0.67,4.75,-0.018967,0.028576,0.94833,0.00075105,-0.00011411,-0.00030532,0.0012216,-0.00029192,0.0064376,0.0126156,0.0804,0.57,0.000151804,-0.00360373,0.00542944,0.1801827,2.71129E-05,-4.11937E-06,-1.10221E-05,4.40998E-05,-1.05383E-05,0.000232397
0.0042191,0.13258,0.67,4.75,-0.019114,0.021084,0.97215,0.00069354,1.70E-05,-2.89E-05,0.0012935,-0.00094874,0.0064512,0.0159096,0.0804,0.57,0.00015231,-0.00363166,0.00400596,0.1847085,2.50368E-05,6.14133E-07,-1.04242E-06,4.66954E-05,-3.42495E-05,0.000232888
0.0040482,0.13745,0.67,4.75,-0.018813,0.019129,0.97651,0.00066808,3.30E-05,-3.19E-05,0.0012833,-0.00092362,0.0061449,0.016494,0.0804,0.57,0.00014614,-0.00357447,0.00363451,0.1855369,2.41177E-05,1.19289E-06,-1.1504E-06,4.63271E-05,-3.33427E-05,0.000221831
0.0031368,0.16379,0.67,4.75,-0.017083,0.0088357,1.0002,0.00052067,0.0001102,-5.35E-05,0.001262,-0.00080559,0.004491,0.0196548,0.0804,0.57,0.000113238,-0.00324577,0.001678783,0.190038,1.87962E-05,3.97822E-06,-1.93142E-06,4.55582E-05,-2.90818E-05,0.000162125
0.0030471,0.16845,0.67,4.75,-0.016792,0.0078743,1.0012,0.00052883,0.00012255,-9.51E-05,0.0012405,-0.00072528,0.0043249,0.020214,0.0804,0.57,0.00011,-0.00319048,0.001496117,0.190228,1.90908E-05,4.42406E-06,-3.43445E-06,4.47821E-05,-2.61826E-05,0.000156129
0.0025266,0.19372,0.67,4.75,-0.014995,0.0026704,1.0066,0.00056583,0.00018965,-0.0003364,0.0011189,-0.00028616,0.0033685,0.0232464,0.0804,0.57,9.12103E-05,-0.00284905,0.000507376,0.191254,2.04265E-05,6.84637E-06,-1.2144E-05,4.03923E-05,-1.03304E-05,0.000121603
0.0026005,0.19819,0.67,4.75,-0.014631,0.0030308,1.0079,0.00059858,0.00018277,-0.00042898,0.0011092,-0.0003014,0.0034931,0.0237828,0.0804,0.57,9.38781E-05,-0.00277989,0.000575852,0.191501,2.16087E-05,6.598E-06,-1.54862E-05,4.00421E-05,-1.08805E-05,0.000126101
0.0029773,0.22242,0.67,4.75,-0.012503,0.004794,1.0151,0.00077925,0.00014787,-0.00093681,0.0010365,-0.00037494,0.0041388,0.0266904,0.0804,0.57,0.000107481,-0.00237557,0.00091086,0.192869,2.81309E-05,5.33811E-06,-3.38188E-05,3.74177E-05,-1.35353E-05,0.000149411
0.0029382,0.22671,0.67,4.75,-0.012441,0.0057538,1.017,0.0008072,0.0001094,-0.0009224,0.0010354,-0.00036866,0.0040338,0.0272052,0.0804,0.57,0.000106069,-0.00236379,0.001093222,0.19323,2.91399E-05,3.94934E-06,-3.32986E-05,3.73779E-05,-1.33086E-05,0.00014562
0.0026897,0.24993,0.67,4.75,-0.012067,0.010859,1.0272,0.00094981,-9.40E-05,-0.0007971,0.0010098,-0.00034653,0.0034198,0.0299916,0.0804,0.57,9.70982E-05,-0.00229273,0.00206321,0.195168,3.42881E-05,-3.39477E-06,-2.87753E-05,3.64538E-05,-1.25097E-05,0.000123455
0.0026114,0.25404,0.67,4.75,-0.012361,0.011909,1.0277,0.00095679,-8.87E-05,-0.00078779,0.0010011,-0.00032846,0.0032649,0.0304848,0.0804,0.57,9.42715E-05,-0.00234859,0.00226271,0.195263,3.45401E-05,-3.20344E-06,-2.84392E-05,3.61397E-05,-1.18574E-05,0.000117863
0.0021917,0.27629,0.67,4.75,-0.013932,0.0177,1.0297,0.00097929,-6.59E-05,-0.00072808,0.00094091,-0.00023935,0.0024633,0.0331548,0.0804,0.57,7.91204E-05,-0.00264708,0.003363,0.195643,3.53524E-05,-2.37863E-06,-2.62837E-05,3.39669E-05,-8.64054E-06,8.89251E-05
0.0022665,0.28023,0.67,4.75,-0.014034,0.017918,1.0299,0.00098455,-3.09E-05,-0.00074949,0.00094416,-0.00022335,0.0026043,0.0336276,0.0804,0.57,8.18207E-05,-0.00266646,0.00340442,0.195681,3.55423E-05,-1.11668E-06,-2.70566E-05,3.40842E-05,-8.06294E-06,9.40152E-05
0.0026768,0.30154,0.67,4.75,-0.014527,0.019283,1.0312,0.0010164,0.00015,-0.00091174,0.00096418,-0.00012217,0.003373,0.0361848,0.0804,0.57,9.66325E-05,-0.00276013,0.00366377,0.195928,3.6692E-05,0.000005415,-3.29138E-05,3.48069E-05,-4.41034E-06,0.000121765
0.0027497,0.30531,0.67,4.75,-0.014381,0.018268,1.0313,0.0010268,0.00015569,-0.00090336,0.0010163,-0.00018352,0.0034562,0.0366372,0.0804,0.57,9.92642E-05,-0.00273239,0.00347092,0.195947,3.70675E-05,5.62041E-06,-3.26113E-05,3.66884E-05,-6.62507E-06,0.000124769
0.0031202,0.32572,0.67,4.75,-0.013627,0.012951,1.0316,0.0011003,0.00019172,-0.00086252,0.0012897,-0.00049622,0.0038504,0.0390864,0.0804,0.57,0.000112639,-0.00258913,0.00246069,0.196004,3.97208E-05,6.92109E-06,-3.1137E-05,4.65582E-05,-1.79135E-05,0.000138999
0.0031429,0.32933,0.67,4.75,-0.0136,0.012033,1.0344,0.0011087,0.00018568,-0.00088217,0.0013287,-0.00056484,0.0038485,0.0395196,0.0804,0.57,0.000113459,-0.002584,0.00228627,0.196536,4.00241E-05,6.70305E-06,-3.18463E-05,4.79661E-05,-2.03907E-05,0.000138931
0.0032913,0.34887,0.67,4.75,-0.013584,0.0070488,1.0496,0.0011593,0.00016392,-0.00098581,0.0015463,-0.00094676,0.003877,0.0418644,0.0804,0.57,0.000118816,-0.00258096,0.001339272,0.199424,4.18507E-05,5.91751E-06,-3.55877E-05,5.58214E-05,-3.4178E-05,0.00013996
0.0032537,0.35232,0.67,4.75,-0.013744,0.0076955,1.0502,0.0011669,0.00016821,-0.00092296,0.0015656,-0.00095149,0.0037749,0.0422784,0.0804,0.57,0.000117459,-0.00261136,0.001462145,0.199538,4.21251E-05,6.07238E-06,-3.33189E-05,5.65182E-05,-3.43488E-05,0.000136274
0.0030991,0.37102,0.67,4.75,-0.014638,0.011068,1.0541,0.0012011,0.00018377,-0.00059036,0.0016948,-0.00099826,0.0033023,0.0445224,0.0804,0.57,0.000111878,-0.00278122,0.00210292,0.200279,4.33597E-05,6.6341E-06,-2.1312E-05,6.11823E-05,-3.60372E-05,0.000119213
0.0030427,0.37432,0.67,4.75,-0.014761,0.012384,1.0532,0.0012088,0.00019966,-0.00058786,0.0016965,-0.00094843,0.00318,0.0449184,0.0804,0.57,0.000109841,-0.00280459,0.00235296,0.200108,4.36377E-05,7.20773E-06,-2.12217E-05,6.12437E-05,-3.42383E-05,0.000114798
0.0027342,0.39221,0.67,4.75,-0.015228,0.019509,1.0484,0.0012575,0.00026404,-0.00056795,0.0017183,-0.00067362,0.0024925,0.0470652,0.0804,0.57,9.87046E-05,-0.00289332,0.00370671,0.199196,4.53958E-05,9.53184E-06,-2.0503E-05,6.20306E-05,-2.43177E-05,8.99793E-05
0.002658,0.39537,0.67,4.75,-0.015339,0.020491,1.0481,0.0012749,0.00025919,-0.00056624,0.0016914,-0.00063341,0.0023497,0.0474444,0.0804,0.57,9.59538E-05,-0.00291441,0.00389329,0.199139,4.60239E-05,9.35676E-06,-2.04413E-05,6.10595E-05,-2.28661E-05,8.48242E-05
0.0022389,0.41248,0.67,4.75,-0.015718,0.025789,1.0462,0.001387,0.00023958,-0.00056564,0.0015568,-0.00040894,0.0015341,0.0494976,0.0804,0.57,8.08243E-05,-0.00298642,0.00489991,0.198778,5.00707E-05,8.64884E-06,-2.04196E-05,5.62005E-05,-1.47627E-05,5.5381E-05
0.0022134,0.41551,0.67,4.75,-0.015907,0.026354,1.0467,0.0013963,0.00021168,-0.00051597,0.0015486,-0.00042372,0.001482,0.0498612,0.0804,0.57,7.99037E-05,-0.00302233,0.00500726,0.198873,5.04064E-05,7.64165E-06,-1.86265E-05,5.59045E-05,-1.52963E-05,5.35002E-05
0.0020914,0.43187,0.67,4.75,-0.016831,0.029511,1.0494,0.0014552,7.82E-05,-0.00025986,0.0015264,-0.00050299,0.0012012,0.0518244,0.0804,0.57,7.54995E-05,-0.00319789,0.00560709,0.199386,5.25327E-05,2.82461E-06,-9.38095E-06,5.5103E-05,-1.81579E-05,4.33633E-05
0.0020871,0.43476,0.67,4.75,-0.017026,0.029935,1.0497,0.001441,6.28E-05,-0.00023776,0.0015079,-0.00051873,0.0012254,0.0521712,0.0804,0.57,7.53443E-05,-0.00323494,0.00568765,0.199443,5.20201E-05,2.26867E-06,-8.58314E-06,5.44352E-05,-1.87262E-05,4.42369E-05
0.0020472,0.4504,0.67,4.75,-0.018076,0.032271,1.0517,0.0013566,-2.62E-05,-9.18E-05,0.0014005,-0.00060421,0.0013373,0.054048,0.0804,0.57,7.39039E-05,-0.00343444,0.00613149,0.199823,4.89733E-05,-9.4647E-07,-3.31301E-06,5.05581E-05,-2.1812E-05,4.82765E-05
0.0020869,0.45316,0.67,4.75,-0.018191,0.032337,1.0514,0.0013387,-1.54E-05,-8.60E-05,0.0014102,-0.00064979,0.001425,0.0543792,0.0804,0.57,7.53371E-05,-0.00345629,0.00614403,0.199766,4.83271E-05,-5.55471E-07,-3.10409E-06,5.09082E-05,-2.34574E-05,5.14425E-05
0.0022364,0.46812,0.67,4.75,-0.01884,0.032523,1.0501,0.0012293,3.40E-05,-2.36E-05,0.0014136,-0.00085242,0.0018299,0.0561744,0.0804,0.57,8.0734E-05,-0.0035796,0.00617937,0.199519,4.43777E-05,1.22819E-06,-8.52032E-07,5.1031E-05,-3.07724E-05,6.60594E-05
0.0022605,0.47076,0.67,4.75,-0.018859,0.03222,1.0507,0.0012188,4.89E-05,-3.97E-05,0.0014407,-0.00088556,0.0018615,0.0564912,0.0804,0.57,8.16041E-05,-0.00358321,0.0061218,0.199633,4.39987E-05,1.76565E-06,-1.43227E-06,5.20093E-05,-3.19687E-05,6.72002E-05
0.0023862,0.48504,0.67,4.75,-0.018895,0.030524,1.0535,0.0011562,0.00013241,-0.00013614,0.0015797,-0.0010569,0.0020365,0.0582048,0.0804,0.57,8.61418E-05,-0.00359005,0.00579956,0.200165,4.17388E-05,4.78E-06,-4.91465E-06,5.70272E-05,-3.81541E-05,7.35177E-05
0.0023853,0.48757,0.67,4.75,-0.018916,0.03021,1.0543,0.0011522,0.00012652,-0.00014255,0.0015994,-0.001064,0.0020191,0.0585084,0.0804,0.57,8.61093E-05,-0.00359404,0.0057399,0.200317,4.15944E-05,4.56737E-06,-5.14606E-06,5.77383E-05,-3.84104E-05,7.28895E-05
0.0024197,0.50122,0.67,4.75,-0.018896,0.028453,1.0585,0.0011334,0.00010734,-0.00019457,0.0017191,-0.0011464,0.0019869,0.0601464,0.0804,0.57,8.73512E-05,-0.00359024,0.00540607,0.201115,4.09157E-05,3.87497E-06,-7.02398E-06,6.20595E-05,-4.1385E-05,7.17271E-05
0.0024364,0.50363,0.67,4.75,-0.018888,0.028515,1.0587,0.0011378,9.55E-05,-0.0001905,0.0017501,-0.0011483,0.0019849,0.0604356,0.0804,0.57,8.7954E-05,-0.00358872,0.00541785,0.201153,4.10746E-05,3.44575E-06,-6.87705E-06,6.31786E-05,-4.14536E-05,7.16549E-05
0.0025385,0.51667,0.67,4.75,-0.018831,0.028749,1.0599,0.0011632,4.19E-05,-0.00018237,0.0019184,-0.0011713,0.0019953,0.0620004,0.0804,0.57,9.16399E-05,-0.00357789,0.00546231,0.201381,4.19915E-05,1.51396E-06,-6.58356E-06,6.92542E-05,-4.22839E-05,7.20303E-05
0.0025264,0.51897,0.67,4.75,-0.01874,0.028904,1.0604,0.0011686,5.02E-05,-0.00017696,0.0019419,-0.0011456,0.0019422,0.0622764,0.0804,0.57,9.1203E-05,-0.0035606,0.00549176,0.201476,4.21865E-05,1.81283E-06,-6.38826E-06,7.01026E-05,-4.13562E-05,7.01134E-05
0.0024828,0.53142,0.67,4.75,-0.018345,0.029964,1.0628,0.0011881,9.48E-05,-0.00015626,0.0020954,-0.0010129,0.0016821,0.0637704,0.0804,0.57,8.96291E-05,-0.00348555,0.00569316,0.201932,4.28904E-05,3.42058E-06,-5.64099E-06,7.56439E-05,-3.65657E-05,6.07238E-05
0.0024579,0.53362,0.67,4.75,-0.018284,0.02981,1.0633,0.001183,0.00011025,-0.0001544,0.0020952,-0.0009884,0.0016377,0.0640344,0.0804,0.57,8.87302E-05,-0.00347396,0.0056639,0.202027,4.27063E-05,3.98003E-06,-5.57384E-06,7.56367E-05,-3.56812E-05,5.9121E-05
0.0023369,0.54551,0.67,4.75,-0.018002,0.029167,1.0656,0.0011481,0.00019103,-0.00014759,0.0021218,-0.00086291,0.0014039,0.0654612,0.0804,0.57,8.43621E-05,-0.00342038,0.00554173,0.202464,4.14464E-05,6.89618E-06,-5.328E-06,7.6597E-05,-3.11511E-05,5.06808E-05
0.0022985,0.54761,0.67,4.75,-0.017969,0.02887,1.0654,0.0011325,0.00019056,-0.00014686,0.0020769,-0.00083265,0.0013876,0.0657132,0.0804,0.57,8.29759E-05,-0.00341411,0.0054853,0.202426,4.08833E-05,6.87922E-06,-5.30165E-06,7.49761E-05,-3.00587E-05,5.00924E-05
0.0020873,0.55896,0.67,4.75,-0.017753,0.027176,1.064,0.0010511,0.00018629,-0.00014016,0.0018232,-0.00066972,0.0013002,0.0670752,0.0804,0.57,7.53515E-05,-0.00337307,0.00516344,0.20216,3.79447E-05,6.72507E-06,-5.05978E-06,6.58175E-05,-2.41769E-05,4.69372E-05
0.0020539,0.56096,0.67,4.75,-0.0177,0.026642,1.0634,0.0010309,0.00017251,-0.00015171,0.0017672,-0.00062037,0.0013098,0.0673152,0.0804,0.57,7.41458E-05,-0.003363,0.00506198,0.202046,3.72155E-05,6.22761E-06,-5.47673E-06,6.37959E-05,-2.23954E-05,4.72838E-05
0.0018656,0.5718,0.67,4.75,-0.01732,0.02367,1.0599,0.0009246,9.46E-05,-0.00020348,0.0014346,-0.00035407,0.001372,0.068616,0.0804,0.57,6.73482E-05,-0.0032908,0.0044973,0.201381,3.33781E-05,3.41434E-06,-7.34563E-06,5.17891E-05,-1.27819E-05,4.95292E-05
0.0018475,0.57371,0.67,4.75,-0.017311,0.02303,1.0601,0.00090603,8.17E-05,-0.00021569,0.0014339,-0.00030597,0.001355,0.0688452,0.0804,0.57,6.66948E-05,-0.00328909,0.0043757,0.201419,3.27077E-05,2.95009E-06,-7.78641E-06,5.17638E-05,-1.10455E-05,4.89155E-05
0.0017315,0.58405,0.67,4.75,-0.017162,0.019564,1.061,0.00080524,5.79E-06,-0.00027343,0.0014099,-3.31E-05,0.0012478,0.070086,0.0804,0.57,6.25072E-05,-0.00326078,0.00371716,0.20159,2.90692E-05,2.08979E-07,-9.87082E-06,5.08974E-05,-1.19437E-06,4.50456E-05
0.001727,0.58588,0.67,4.75,-0.017225,0.019229,1.0615,0.00079254,7.32E-06,-0.00028104,0.001452,-1.56E-05,0.0012095,0.0703056,0.0804,0.57,6.23447E-05,-0.00327275,0.00365351,0.201685,2.86107E-05,2.64111E-07,-1.01455E-05,5.24172E-05,-5.61463E-07,4.3663E-05
0.0016869,0.59575,0.67,4.75,-0.017508,0.017455,1.0642,0.00072192,5.69E-06,-0.00031684,0.0016776,9.41E-05,0.00097414,0.07149,0.0804,0.57,6.08971E-05,-0.00332652,0.00331645,0.202198,2.60613E-05,2.0534E-07,-1.14379E-05,6.05614E-05,3.39546E-06,3.51665E-05
0.001698,0.59749,0.67,4.75,-0.017596,0.017236,1.0646,0.00071713,1.60E-05,-0.00032857,0.0017063,9.69E-05,0.00097268,0.0716988,0.0804,0.57,6.12978E-05,-0.00334324,0.00327484,0.202274,2.58884E-05,5.76698E-07,-1.18614E-05,6.15974E-05,3.49719E-06,3.51137E-05
0.0017542,0.6069,0.67,4.75,-0.018022,0.016053,1.0669,0.00068975,6.37E-05,-0.00038764,0.0018646,0.0001185,0.00095405,0.072828,0.0804,0.57,6.33266E-05,-0.00342418,0.00305007,0.202711,2.49E-05,2.30033E-06,-1.39938E-05,6.73121E-05,4.27785E-06,3.44412E-05
0.001766,0.60856,0.67,4.75,-0.018061,0.015723,1.0674,0.00069406,7.06E-05,-0.00039345,0.0018709,0.00013051,0.00096702,0.0730272,0.0804,0.57,6.37526E-05,-0.00343159,0.00298737,0.202806,2.50556E-05,2.54707E-06,-1.42035E-05,6.75395E-05,4.71141E-06,3.49094E-05
0.001828,0.61755,0.67,4.75,-0.018225,0.013851,1.0701,0.00071777,0.0001038,-0.00042211,0.0019009,0.00019857,0.0010374,0.074106,0.0804,0.57,6.59908E-05,-0.00346275,0.00263169,0.203319,2.59115E-05,3.74718E-06,-1.52382E-05,6.86225E-05,7.16838E-06,3.74501E-05
0.0018408,0.61913,0.67,4.75,-0.018178,0.013358,1.0708,0.00072881,0.00010598,-0.00042221,0.0018831,0.00021994,0.0010696,0.0742956,0.0804,0.57,6.64529E-05,-0.00345382,0.00253802,0.203452,2.631E-05,3.82588E-06,-1.52418E-05,6.79799E-05,7.93983E-06,3.86126E-05
0.001904,0.6277,0.67,4.75,-0.017887,0.010599,1.0748,0.00078956,0.0001162,-0.00041877,0.0017772,0.0003401,0.0012413,0.075324,0.0804,0.57,6.87344E-05,-0.00339853,0.00201381,0.204212,2.85031E-05,4.19482E-06,-1.51176E-05,6.41569E-05,1.22776E-05,4.48109E-05
0.0019123,0.62921,0.67,4.75,-0.017787,0.0099873,1.0755,0.00080152,0.00011654,-0.00041011,0.0017479,0.00036276,0.0012753,0.0755052,0.0804,0.57,6.9034E-05,-0.00337953,0.001897587,0.204345,2.89349E-05,4.20709E-06,-1.4805E-05,6.30992E-05,1.30956E-05,4.60383E-05
0.0019593,0.63738,0.67,4.75,-0.017244,0.0066634,1.0794,0.00086503,0.00011778,-0.0003639,0.0015834,0.0004863,0.0014701,0.0764856,0.0804,0.57,7.07307E-05,-0.00327636,0.001266046,0.205086,3.12276E-05,4.25186E-06,-1.31368E-05,5.71607E-05,1.75554E-05,5.30706E-05
0.0019558,0.63882,0.67,4.75,-0.017167,0.0060498,1.0799,0.00087235,0.00011729,-0.00034791,0.0015626,0.00049981,0.0014767,0.0766584,0.0804,0.57,7.06044E-05,-0.00326173,0.001149462,0.205181,3.14918E-05,4.23417E-06,-1.25596E-05,5.64099E-05,1.80431E-05,5.33089E-05
0.0019438,0.64661,0.67,4.75,-0.016774,0.0027945,1.083,0.00090803,0.00011521,-0.0002673,0.0014502,0.00057365,0.0015294,0.0775932,0.0804,0.57,7.01712E-05,-0.00318706,0.000530955,0.20577,3.27799E-05,4.15908E-06,-9.64953E-06,5.23522E-05,2.07088E-05,5.52113E-05
0.001928,0.64799,0.67,4.75,-0.016769,0.0023011,1.0836,0.00090782,0.00011377,-0.00025185,0.0014392,0.00057537,0.001509,0.0777588,0.0804,0.57,6.96008E-05,-0.00318611,0.000437209,0.205884,3.27723E-05,4.1071E-06,-9.09179E-06,5.19551E-05,2.07709E-05,5.44749E-05
0.0018489,0.65542,0.67,4.75,-0.016773,-0.00024713,1.0863,0.00090197,0.00010913,-0.00017585,0.0013852,0.00058893,0.0014107,0.0786504,0.0804,0.57,6.67453E-05,-0.00318687,-4.69547E-05,0.206397,3.25611E-05,3.93959E-06,-6.34819E-06,5.00057E-05,2.12604E-05,5.09263E-05
0.0018242,0.65672,0.67,4.75,-0.016838,-0.000586,1.0869,0.00089376,0.00010736,-0.00016563,0.0013758,0.00057932,0.0013789,0.0788064,0.0804,0.57,6.58536E-05,-0.00319922,-0.00011134,0.206511,3.22647E-05,3.8757E-06,-5.97924E-06,4.96664E-05,2.09135E-05,4.97783E-05
0.0016946,0.66381,0.67,4.75,-0.017219,-0.0022773,1.0901,0.00084711,0.00010196,-0.00011268,0.0013318,0.00053219,0.0012102,0.0796572,0.0804,0.57,6.11751E-05,-0.00327161,-0.000432687,0.207119,3.05807E-05,3.68076E-06,-4.06775E-06,4.8078E-05,1.92121E-05,4.36882E-05
0.0016663,0.6651,0.67,4.75,-0.017326,-0.0025268,1.0909,0.00083264,0.00010122,-0.00010505,0.0013229,0.0005132,0.0011771,0.079812,0.0804,0.57,6.01534E-05,-0.00329194,-0.000480092,0.207271,3.00583E-05,3.65404E-06,-3.79231E-06,4.77567E-05,1.85265E-05,4.24933E-05
0.0015115,0.67207,0.67,4.75,-0.01791,-0.0037564,1.095,0.00075662,0.00010068,-6.08E-05,0.0012774,0.00041161,0.00098901,0.0806484,0.0804,0.57,5.45652E-05,-0.0034029,-0.000713716,0.20805,2.7314E-05,3.63455E-06,-2.19596E-06,4.61141E-05,1.48591E-05,3.57033E-05
0.0014849,0.67335,0.67,4.75,-0.018027,-0.0040035,1.0959,0.00073919,0.00010149,-5.50E-05,0.0012699,0.00038508,0.00096078,0.080802,0.0804,0.57,5.36049E-05,-0.00342513,-0.000760665,0.208221,2.66848E-05,3.66379E-06,-1.9837E-06,4.58434E-05,1.39014E-05,3.46842E-05
0.0013358,0.68032,0.67,4.75,-0.018638,-0.0052764,1.1006,0.00065005,0.00010889,-2.02E-05,0.0012294,0.00023843,0.0007922,0.0816384,0.0804,0.57,4.82224E-05,-0.00354122,-0.001002516,0.209114,2.34668E-05,3.93093E-06,-7.30411E-07,4.43813E-05,8.60732E-06,2.85984E-05
0.0013167,0.68161,0.67,4.75,-0.018749,-0.0055541,1.1015,0.00063268,0.00011063,-1.87E-05,0.0012225,0.00020615,0.00077812,0.0817932,0.0804,0.57,4.75329E-05,-0.00356231,-0.001055279,0.209285,2.28397E-05,3.99374E-06,-6.75142E-07,4.41323E-05,7.44202E-06,2.80901E-05
0.0012096,0.68858,0.67,4.75,-0.019318,-0.007056,1.106,0.00054366,0.00012176,-7.90E-06,0.0011867,3.02E-05,0.00068874,0.0826296,0.0804,0.57,4.36666E-05,-0.00367042,-0.00134064,0.21014,1.96261E-05,4.39554E-06,-2.85316E-07,4.28399E-05,1.0887E-06,2.48635E-05
0.0011987,0.68987,0.67,4.75,-0.019426,-0.0073088,1.1068,0.00052813,0.00012336,-1.12E-05,0.0011776,-9.85E-07,0.00069155,0.0827844,0.0804,0.57,4.32731E-05,-0.00369094,-0.001388672,0.210292,1.90655E-05,4.4533E-06,-4.02587E-07,4.25114E-05,-3.55701E-08,2.4965E-05
0.0011433,0.69683,0.67,4.75,-0.019982,-0.0087368,1.111,0.00044684,0.00013309,-2.59E-05,0.001134,-0.00017226,0.00070587,0.0836196,0.0804,0.57,4.12731E-05,-0.00379658,-0.001659992,0.21109,1.61309E-05,4.80455E-06,-9.36506E-07,4.09374E-05,-6.21859E-06,2.54819E-05
0.001135,0.69812,0.67,4.75,-0.020086,-0.0089135,1.1117,0.00043432,0.00013316,-3.12E-05,0.0011193,-0.0001944,0.00071624,0.0837744,0.0804,0.57,4.09735E-05,-0.00381634,-0.001693565,0.211223,1.5679E-05,4.80708E-06,-1.1252E-06,4.04067E-05,-7.01784E-06,2.58563E-05
0.0010979,0.70509,0.67,4.75,-0.020623,-0.0099497,1.1155,0.00036676,0.00013689,-5.94E-05,0.0010448,-0.00032106,0.00078433,0.0846108,0.0804,0.57,3.96342E-05,-0.00391837,-0.001890443,0.211945,1.324E-05,4.94173E-06,-2.1456E-06,3.77173E-05,-1.15903E-05,2.83143E-05
0.0010901,0.70638,0.67,4.75,-0.020716,-0.010106,1.116,0.0003582,0.00013447,-6.25E-05,0.0010257,-0.00033455,0.00079636,0.0847656,0.0804,0.57,3.93526E-05,-0.00393604,-0.00192014,0.21204,1.2931E-05,4.85437E-06,-2.25694E-06,3.70278E-05,-1.20773E-05,2.87486E-05
0.0010521,0.71335,0.67,4.75,-0.021172,-0.010985,1.119,0.00031061,0.00012607,-8.39E-05,0.00092208,-0.00041221,0.00087158,0.085602,0.0804,0.57,3.79808E-05,-0.00402268,-0.00208715,0.21261,1.1213E-05,4.55113E-06,-3.02832E-06,3.32871E-05,-1.48808E-05,3.1464E-05
0.0010472,0.71463,0.67,4.75,-0.021257,-0.011204,1.1193,0.00030624,0.00012204,-8.28E-05,0.00090447,-0.00042222,0.00088369,0.0857556,0.0804,0.57,3.78039E-05,-0.00403883,-0.00212876,0.212667,1.10553E-05,4.40564E-06,-2.98998E-06,3.26514E-05,-1.52421E-05,3.19012E-05
0.0010193,0.7216,0.67,4.75,-0.021661,-0.012393,1.1212,0.00028092,0.00010369,-8.14E-05,0.00080738,-0.00047709,0.00095028,0.086592,0.0804,0.57,3.67967E-05,-0.00411559,-0.00235467,0.213028,1.01412E-05,3.74321E-06,-2.93865E-06,2.91464E-05,-1.72229E-05,3.43051E-05
0.0010148,0.72289,0.67,4.75,-0.021756,-0.012657,1.1214,0.00028006,9.91E-05,-7.80E-05,0.00079472,-0.00048434,0.00095473,0.0867468,0.0804,0.57,3.66343E-05,-0.00413364,-0.00240483,0.213066,1.01102E-05,3.57621E-06,-2.81497E-06,2.86894E-05,-1.74847E-05,3.44658E-05
0.00098879,0.72986,0.67,4.75,-0.022238,-0.014115,1.1227,0.00027339,7.73E-05,-6.04E-05,0.00072691,-0.00052569,0.00097727,0.0875832,0.0804,0.57,3.56953E-05,-0.00422522,-0.00268185,0.213313,9.86938E-06,2.78898E-06,-2.17936E-06,2.62415E-05,-1.89774E-05,3.52794E-05
0.00098249,0.73115,0.67,4.75,-0.022357,-0.014375,1.1228,0.00027494,7.15E-05,-5.75E-05,0.00071817,-0.00052728,0.00097186,0.087738,0.0804,0.57,3.54679E-05,-0.00424783,-0.00273125,0.213332,9.92533E-06,2.58086E-06,-2.07593E-06,2.59259E-05,-1.90348E-05,3.50841E-05
0.00094557,0.73811,0.67,4.75,-0.022982,-0.015831,1.1238,0.00028087,4.36E-05,-4.06E-05,0.0006713,-0.00053961,0.00093897,0.0885732,0.0804,0.57,3.41351E-05,-0.00436658,-0.00300789,0.213522,1.01394E-05,1.57396E-06,-1.46663E-06,2.42339E-05,-1.94799E-05,3.38968E-05
0.00094041,0.7394,0.67,4.75,-0.023118,-0.016079,1.124,0.00028399,3.64E-05,-3.93E-05,0.0006653,-0.00053472,0.00093153,0.088728,0.0804,0.57,3.39488E-05,-0.00439242,-0.00305501,0.21356,1.0252E-05,1.31509E-06,-1.4179E-06,2.40173E-05,-1.93034E-05,3.36282E-05
0.00090593,0.74637,0.67,4.75,-0.023832,-0.017455,1.1251,0.00029797,-9.39E-07,-2.90E-05,0.00063097,-0.00050961,0.00088293,0.0895644,0.0804,0.57,3.27041E-05,-0.00452808,-0.00331645,0.213769,1.07567E-05,-3.3891E-08,-1.04715E-06,2.2778E-05,-1.83969E-05,3.18738E-05
0.00090525,0.74766,0.67,4.75,-0.023959,-0.017678,1.1252,0.00030223,-8.49E-06,-2.83E-05,0.00062779,-0.00050162,0.00088047,0.0897192,0.0804,0.57,3.26795E-05,-0.00455221,-0.00335882,0.213788,1.09105E-05,-3.06464E-07,-1.02318E-06,2.26632E-05,-1.81085E-05,3.1785E-05
0.00089505,0.75463,0.67,4.75,-0.024659,-0.018902,1.1259,0.00032219,-5.02E-05,-2.33E-05,0.00060914,-0.00045683,0.00085877,0.0905556,0.0804,0.57,3.23113E-05,-0.00468521,-0.00359138,0.213921,1.16311E-05,-1.81291E-06,-8.42105E-07,2.199E-05,-1.64916E-05,3.10016E-05
0.00089985,0.75591,0.67,4.75,-0.024755,-0.019066,1.1258,0.00032729,-5.72E-05,-2.26E-05,0.00060927,-0.00045075,0.00086314,0.0907092,0.0804,0.57,3.24846E-05,-0.00470345,-0.00362254,0.213902,1.18152E-05,-2.06423E-06,-8.1568E-07,2.19946E-05,-1.62721E-05,3.11594E-05
0.00092169,0.76288,0.67,4.75,-0.025328,-0.019996,1.1251,0.00035209,-9.73E-05,-1.97E-05,0.00060851,-0.00041435,0.00088277,0.0915456,0.0804,0.57,3.3273E-05,-0.00481232,-0.00379924,0.213769,1.27104E-05,-3.5121E-06,-7.10268E-07,2.19672E-05,-1.4958E-05,3.1868E-05
0.00093056,0.76417,0.67,4.75,-0.025389,-0.020077,1.1247,0.00035774,-0.00010308,-1.93E-05,0.00061294,-0.00041183,0.00089044,0.0917004,0.0804,0.57,3.35932E-05,-0.00482391,-0.00381463,0.213693,1.29144E-05,-3.72119E-06,-6.95936E-07,2.21271E-05,-1.48671E-05,3.21449E-05
0.00097614,0.77114,0.67,4.75,-0.025759,-0.020569,1.1225,0.00038639,-0.00013826,-1.86E-05,0.00063308,-0.00039584,0.00093282,0.0925368,0.0804,0.57,3.52387E-05,-0.00489421,-0.00390811,0.213275,1.39487E-05,-4.99119E-06,-6.69836E-07,2.28542E-05,-1.42898E-05,3.36748E-05
0.00098763,0.77243,0.67,4.75,-0.025782,-0.020567,1.1219,0.00039187,-0.00014176,-1.81E-05,0.00064296,-0.00039525,0.00094042,0.0926916,0.0804,0.57,3.56534E-05,-0.00489858,-0.00390773,0.213161,1.41465E-05,-5.11754E-06,-6.5424E-07,2.32109E-05,-1.42685E-05,3.39492E-05
0.0010485,0.7794,0.67,4.75,-0.025952,-0.0206,1.1188,0.00042124,-0.00016564,-1.66E-05,0.00069226,-0.00039214,0.00098341,0.093528,0.0804,0.57,3.78509E-05,-0.00493088,-0.003914,0.212572,1.52068E-05,-5.9796E-06,-5.98105E-07,2.49906E-05,-1.41563E-05,3.55011E-05
0.0010619,0.78068,0.67,4.75,-0.025938,-0.020536,1.1183,0.00042561,-0.00016575,-1.57E-05,0.00070876,-0.0003933,0.00098947,0.0936816,0.0804,0.57,3.83346E-05,-0.00492822,-0.00390184,0.212477,1.53645E-05,-5.98358E-06,-5.66409E-07,2.55862E-05,-1.41981E-05,3.57199E-05
0.0011331,0.78765,0.67,4.75,-0.02594,-0.020233,1.1153,0.00045024,-0.00017116,-8.19E-06,0.00079365,-0.0004001,0.0010223,0.094518,0.0804,0.57,4.09049E-05,-0.0049286,-0.00384427,0.211907,1.62537E-05,-6.17888E-06,-2.95562E-07,2.86508E-05,-1.44436E-05,3.6905E-05
0.0011475,0.78894,0.67,4.75,-0.0259,-0.020121,1.1149,0.00045338,-0.00016774,-6.87E-06,0.00081704,-0.00040571,0.0010245,0.0946728,0.0804,0.57,4.14248E-05,-0.004921,-0.00382299,0.211831,1.6367E-05,-6.05541E-06,-2.48003E-07,2.94951E-05,-1.46461E-05,3.69845E-05
0.0012253,0.79591,0.67,4.75,-0.025748,-0.019574,1.1129,0.00047143,-0.00015284,5.83E-06,0.00093698,-0.00043522,0.0010421,0.0955092,0.0804,0.57,4.42333E-05,-0.00489212,-0.00371906,0.211451,1.70186E-05,-5.51752E-06,2.10459E-07,3.3825E-05,-1.57114E-05,3.76198E-05
0.0012392,0.79719,0.67,4.75,-0.025693,-0.01941,1.1127,0.00047377,-0.00014619,1.02E-05,0.00096448,-0.00044692,0.0010402,0.0956628,0.0804,0.57,4.47351E-05,-0.00488167,-0.0036879,0.211413,1.71031E-05,-5.27746E-06,3.69989E-07,3.48177E-05,-1.61338E-05,3.75512E-05
0.0013176,0.80416,0.67,4.75,-0.025428,-0.018583,1.1118,0.00048731,-0.00011341,3.51E-05,0.0011079,-0.00050997,0.00104,0.0964992,0.0804,0.57,4.75654E-05,-0.00483132,-0.00353077,0.211242,1.75919E-05,-4.0941E-06,1.26877E-06,3.99952E-05,-1.84099E-05,0.000037544
0.001332,0.80545,0.67,4.75,-0.025357,-0.018349,1.1117,0.00048943,-0.0001045,4.41E-05,0.0011338,-0.00052571,0.0010408,0.096654,0.0804,0.57,4.80852E-05,-0.00481783,-0.00348631,0.211223,1.76684E-05,-3.77245E-06,1.59107E-06,4.09302E-05,-1.89781E-05,3.75729E-05
0.0014112,0.81242,0.67,4.75,-0.025026,-0.017146,1.1113,0.00050127,-5.92E-05,9.13E-05,0.001274,-0.00061267,0.0010472,0.0974904,0.0804,0.57,5.09443E-05,-0.00475494,-0.00325774,0.211147,1.80958E-05,-2.13885E-06,3.29694E-06,4.59914E-05,-2.21174E-05,3.78039E-05
0.0014253,0.81371,0.67,4.75,-0.024944,-0.016819,1.1112,0.00050392,-5.03E-05,0.00010097,0.0012929,-0.00062966,0.0010538,0.0976452,0.0804,0.57,5.14533E-05,-0.00473936,-0.00319561,0.211128,1.81915E-05,-1.81579E-06,3.64502E-06,4.66737E-05,-2.27307E-05,3.80422E-05
0.0015045,0.82068,0.67,4.75,-0.024546,-0.015138,1.1109,0.00051814,-3.54E-06,0.0001588,0.0013988,-0.00072179,0.001092,0.0984816,0.0804,0.57,5.43125E-05,-0.00466374,-0.00287622,0.211071,1.87049E-05,-1.27935E-07,5.73268E-06,5.04967E-05,-2.60566E-05,3.94212E-05
0.0015167,0.82196,0.67,4.75,-0.024456,-0.014704,1.1108,0.00052139,3.05E-06,0.00016419,0.0014112,-0.00073884,0.0011009,0.0986352,0.0804,0.57,5.47529E-05,-0.00464664,-0.00279376,0.211052,1.88222E-05,1.10221E-07,5.92726E-06,5.09443E-05,-2.66721E-05,3.97425E-05
0.0015861,0.82893,0.67,4.75,-0.023999,-0.012466,1.1103,0.00054074,3.77E-05,0.00020418,0.0014785,-0.00082745,0.001153,0.0994716,0.0804,0.57,5.72582E-05,-0.00455981,-0.00236854,0.210957,1.95207E-05,1.36176E-06,7.3709E-06,5.33739E-05,-2.98709E-05,4.16233E-05
0.0016006,0.83022,0.67,4.75,-0.023907,-0.011972,1.11,0.00054395,4.05E-05,0.00020497,0.0014902,-0.00084302,0.0011671,0.0996264,0.0804,0.57,5.77817E-05,-0.00454233,-0.00227468,0.2109,1.96366E-05,1.46176E-06,7.39942E-06,5.37962E-05,-3.0433E-05,4.21323E-05
0.0016766,0.83719,0.67,4.75,-0.023443,-0.0093442,1.109,0.00056571,5.65E-05,0.00021499,0.0015501,-0.00092836,0.0012373,0.1004628,0.0804,0.57,6.05253E-05,-0.00445417,-0.001775398,0.21071,2.04221E-05,2.04073E-06,7.76114E-06,5.59586E-05,-3.35138E-05,4.46665E-05
0.0016941,0.83848,0.67,4.75,-0.023365,-0.0088684,1.1087,0.00056851,5.33E-05,0.00021599,0.001563,-0.00093825,0.0012567,0.1006176,0.0804,0.57,6.1157E-05,-0.00443935,-0.001684996,0.210653,2.05232E-05,1.92467E-06,7.79724E-06,5.64243E-05,-3.38708E-05,4.53669E-05
0.00179,0.84544,0.67,4.75,-0.022952,-0.0063019,1.1071,0.00058684,4.36E-05,0.00022151,0.0016322,-0.0010031,0.0013609,0.1014528,0.0804,0.57,0.000064619,-0.00436088,-0.001197361,0.210349,2.11849E-05,1.57226E-06,7.99651E-06,5.89224E-05,-3.62119E-05,4.91285E-05
0.0018077,0.84673,0.67,4.75,-0.022902,-0.0058369,1.1068,0.00058887,3.02E-05,0.00022481,0.0016465,-0.0010053,0.00138,0.1016076,0.0804,0.57,6.5258E-05,-0.00435138,-0.001109011,0.210292,2.12582E-05,1.09051E-06,8.11564E-06,5.94387E-05,-3.62913E-05,0.000049818
0.0019036,0.8537,0.67,4.75,-0.022597,-0.0034018,1.105,0.00059997,-2.76E-05,0.00024789,0.0017219,-0.0010287,0.0014853,0.102444,0.0804,0.57,6.872E-05,-0.00429343,-0.000646342,0.20995,2.16589E-05,-9.97299E-07,8.94883E-06,6.21606E-05,-3.71361E-05,5.36193E-05
0.0019244,0.85499,0.67,4.75,-0.022582,-0.0028942,1.1046,0.00060048,-5.19E-05,0.00024948,0.0017425,-0.0010231,0.0015059,0.1025988,0.0804,0.57,6.94708E-05,-0.00429058,-0.000549898,0.209874,2.16773E-05,-1.87449E-06,9.00623E-06,6.29043E-05,-3.69339E-05,5.4363E-05
0.0020304,0.86196,0.67,4.75,-0.02245,-0.00019006,1.1029,0.00060273,-0.00017207,0.00026414,0.0018493,-0.0010036,0.0016088,0.1034352,0.0804,0.57,7.32974E-05,-0.0042655,-3.61114E-05,0.209551,2.17586E-05,-6.21173E-06,9.53545E-06,6.67597E-05,-3.623E-05,5.80777E-05
0.002053,0.86324,0.67,4.75,-0.022474,0.00030233,1.1025,0.00060163,-0.00019826,0.00026425,0.0018717,-0.00099589,0.0016326,0.1035888,0.0804,0.57,7.41133E-05,-0.00427006,5.74427E-05,0.209475,2.17188E-05,-7.15719E-06,9.53943E-06,6.75684E-05,-3.59516E-05,5.89369E-05
0.0021724,0.87021,0.67,4.75,-0.022555,0.0031259,1.1005,0.0005951,-0.00034326,0.00025454,0.0020008,-0.00094899,0.0017489,0.1044252,0.0804,0.57,7.84236E-05,-0.00428545,0.000593921,0.209095,2.14831E-05,-1.23917E-05,9.18889E-06,7.22289E-05,-3.42585E-05,6.31353E-05
0.0021872,0.8715,0.67,4.75,-0.02261,0.0035352,1.0998,0.00059356,-0.0003613,0.00025928,0.0020152,-0.0009505,0.0017657,0.10458,0.0804,0.57,7.89579E-05,-0.0042959,0.000671688,0.208962,2.14275E-05,-1.30429E-05,9.36001E-06,7.27487E-05,-3.43131E-05,6.37418E-05
0.0022652,0.87847,0.67,4.75,-0.022851,0.0059178,1.0967,0.00058293,-0.00046912,0.00026221,0.0021033,-0.000929,0.0018441,0.1054164,0.0804,0.57,8.17737E-05,-0.00434169,0.001124382,0.208373,2.10438E-05,-1.69352E-05,9.46578E-06,7.59291E-05,-3.35369E-05,6.6572E-05
0.0022714,0.87976,0.67,4.75,-0.022915,0.0062947,1.0958,0.00058265,-0.00048032,0.00027193,0.0021156,-0.0009438,0.0018445,0.1055712,0.0804,0.57,8.19975E-05,-0.00435385,0.001195993,0.208202,2.10337E-05,-1.73396E-05,9.81667E-06,7.63732E-05,-3.40712E-05,6.65865E-05
0.0022931,0.88672,0.67,4.75,-0.02319,0.0083177,1.0917,0.00057617,-0.00054165,0.00030461,0.0021757,-0.00098994,0.0018343,0.1064064,0.0804,0.57,8.27809E-05,-0.0044061,0.001580363,0.207423,2.07997E-05,-1.95536E-05,1.09964E-05,7.85428E-05,-3.57368E-05,6.62182E-05
0.0023017,0.88801,0.67,4.75,-0.023243,0.0086904,1.0908,0.0005781,-0.00055166,0.00031631,0.0021943,-0.0010162,0.0018309,0.1065612,0.0804,0.57,8.30914E-05,-0.00441617,0.001651176,0.207252,2.08694E-05,-1.99149E-05,1.14188E-05,7.92142E-05,-3.66848E-05,6.60955E-05
0.0023296,0.89498,0.67,4.75,-0.023471,0.010643,1.0861,0.00058163,-0.0005962,0.00036314,0.0022851,-0.0011348,0.0017924,0.1073976,0.0804,0.57,8.40986E-05,-0.00445949,0.00202217,0.206359,2.09968E-05,-2.15228E-05,1.31094E-05,8.24921E-05,-4.09663E-05,6.47056E-05
0.0023432,0.89627,0.67,4.75,-0.023506,0.01098,1.0852,0.00058506,-0.00060676,0.0003754,0.0023073,-0.0011631,0.0017941,0.1075524,0.0804,0.57,8.45895E-05,-0.00446614,0.0020862,0.206188,2.11207E-05,-2.1904E-05,1.35519E-05,8.32935E-05,-4.19879E-05,6.4767E-05
0.0024101,0.90324,0.67,4.75,-0.023651,0.012766,1.0802,0.00059761,-0.00065058,0.00043408,0.0024194,-0.0013194,0.0018033,0.1083888,0.0804,0.57,8.70046E-05,-0.00449369,0.00242554,0.205238,2.15737E-05,-2.34859E-05,1.56703E-05,8.73403E-05,-4.76303E-05,6.50991E-05
0.0024137,0.90452,0.67,4.75,-0.023664,0.013059,1.0795,0.00060167,-0.00066072,0.00044261,0.0024373,-0.001329,0.0017885,0.1085424,0.0804,0.57,8.71346E-05,-0.00449616,0.00248121,0.205105,2.17203E-05,-2.3852E-05,1.59782E-05,8.79865E-05,-4.79769E-05,6.45649E-05
0.002457,0.91149,0.67,4.75,-0.023708,0.014656,1.0752,0.00062005,-0.00070912,0.00049786,0.0025364,-0.0014209,0.0017574,0.1093788,0.0804,0.57,8.86977E-05,-0.00450452,0.00278464,0.204288,2.23838E-05,-2.55992E-05,1.79727E-05,9.1564E-05,-5.12945E-05,6.34421E-05
0.0024428,0.91278,0.67,4.75,-0.023689,0.014863,1.0748,0.00062526,-0.00071451,0.00050145,0.0025357,-0.0014057,0.0017247,0.1095336,0.0804,0.57,8.81851E-05,-0.00450091,0.00282397,0.204212,2.25719E-05,-2.57938E-05,1.81023E-05,9.15388E-05,-5.07458E-05,6.22617E-05
0.0024038,0.91975,0.67,4.75,-0.023609,0.016178,1.0724,0.00065175,-0.00075398,0.00053282,0.0025661,-0.0013669,0.0015897,0.11037,0.0804,0.57,8.67772E-05,-0.00448571,0.00307382,0.203756,2.35282E-05,-2.72187E-05,1.92348E-05,9.26362E-05,-4.93451E-05,5.73882E-05
0.0023842,0.92104,0.67,4.75,-0.02355,0.01626,1.0722,0.00065948,-0.00075145,0.00053566,0.0025449,-0.0013416,0.0015641,0.1105248,0.0804,0.57,8.60696E-05,-0.0044745,0.0030894,0.203718,2.38072E-05,-2.71273E-05,1.93373E-05,9.18709E-05,-4.84318E-05,5.6464E-05
0.0022969,0.92801,0.67,4.75,-0.023284,0.016971,1.0711,0.00070108,-0.00075531,0.00055642,0.002463,-0.0012196,0.0014298,0.1113612,0.0804,0.57,8.29181E-05,-0.00442396,0.00322449,0.203509,2.5309E-05,-2.72667E-05,2.00868E-05,8.89143E-05,-4.40276E-05,5.16158E-05
0.0022845,0.92929,0.67,4.75,-0.023191,0.016973,1.071,0.00071254,-0.00074934,0.00056021,0.0024422,-0.0011977,0.0014142,0.1115148,0.0804,0.57,8.24705E-05,-0.00440629,0.00322487,0.20349,2.57227E-05,-2.70512E-05,2.02236E-05,8.81634E-05,-4.3237E-05,5.10526E-05
0.0022125,0.93626,0.67,4.75,-0.022727,0.017079,1.0704,0.00077499,-0.00072501,0.00058555,0.0023243,-0.0010732,0.0013257,0.1123512,0.0804,0.57,7.98713E-05,-0.00431813,0.00324501,0.203376,2.79771E-05,-2.61729E-05,2.11384E-05,8.39072E-05,-3.87425E-05,4.78578E-05
0.0022117,0.93755,0.67,4.75,-0.022621,0.017013,1.0703,0.00078982,-0.00072173,0.0005909,0.0023128,-0.001065,0.0013207,0.112506,0.0804,0.57,7.98424E-05,-0.00429799,0.00323247,0.203357,2.85125E-05,-2.60545E-05,2.13315E-05,8.34921E-05,-3.84465E-05,4.76773E-05
0.002192,0.94452,0.67,4.75,-0.022071,0.016655,1.0698,0.00087125,-0.00070414,0.00062321,0.0022388,-0.001004,0.001274,0.1133424,0.0804,0.57,7.91312E-05,-0.00419349,0.00316445,0.203262,3.14521E-05,-2.54195E-05,2.24979E-05,8.08207E-05,-3.62444E-05,4.59914E-05
0.0021972,0.94581,0.67,4.75,-0.021978,0.016451,1.0696,0.00088675,-0.00070299,0.00063062,0.0022228,-0.0010117,0.0012849,0.1134972,0.0804,0.57,7.93189E-05,-0.00417582,0.00312569,0.203224,3.20117E-05,-2.53779E-05,2.27654E-05,8.02431E-05,-3.65224E-05,4.63849E-05
0.0022219,0.95277,0.67,4.75,-0.021496,0.015428,1.0687,0.00097349,-0.00070122,0.00067293,0.0021503,-0.0010449,0.00132,0.1143324,0.0804,0.57,8.02106E-05,-0.00408424,0.00293132,0.203053,3.5143E-05,-2.5314E-05,2.42928E-05,7.76258E-05,-3.77209E-05,0.000047652
0.0022167,0.95406,0.67,4.75,-0.021433,0.015044,1.0684,0.00098621,-0.00069674,0.00067695,0.0021175,-0.0010546,0.0013296,0.1144872,0.0804,0.57,8.00229E-05,-0.00407227,0.00285836,0.202996,3.56022E-05,-2.51523E-05,2.44379E-05,7.64418E-05,-3.80711E-05,4.79986E-05
0.0022074,0.96103,0.67,4.75,-0.021136,0.013151,1.0668,0.0010571,-0.00068348,0.00070404,0.0019737,-0.0011164,0.001384,0.1153236,0.0804,0.57,7.96871E-05,-0.00401584,0.00249869,0.202692,3.81613E-05,-2.46736E-05,2.54158E-05,7.12506E-05,-4.0302E-05,4.99624E-05
0.0021867,0.96232,0.67,4.75,-0.021114,0.012649,1.0665,0.0010656,-0.00067211,0.00070073,0.0019278,-0.0011145,0.0013801,0.1154784,0.0804,0.57,7.89399E-05,-0.00401166,0.00240331,0.202635,3.84682E-05,-2.42632E-05,2.52964E-05,6.95936E-05,-4.02335E-05,4.98216E-05
0.002095,0.96929,0.67,4.75,-0.021021,0.010124,1.0644,0.0011094,-0.00062112,0.00068973,0.0017038,-0.0011216,0.0013769,0.1163148,0.0804,0.57,7.56295E-05,-0.00399399,0.00192356,0.202236,4.00493E-05,-2.24224E-05,2.48993E-05,6.15072E-05,-4.04898E-05,4.97061E-05
0.0020723,0.97057,0.67,4.75,-0.021031,0.009647,1.064,0.0011152,-0.00060482,0.00068088,0.0016601,-0.0011106,0.0013692,0.1164684,0.0804,0.57,7.481E-05,-0.00399589,0.00183293,0.20216,4.02587E-05,-2.1834E-05,2.45798E-05,5.99296E-05,-4.00927E-05,4.94281E-05
0.0019443,0.97754,0.67,4.75,-0.021086,0.0071144,1.0618,0.0011415,-0.00051986,0.00063442,0.0014177,-0.0010552,0.0013294,0.1173048,0.0804,0.57,7.01892E-05,-0.00400634,0.001351736,0.201742,4.12082E-05,-1.87669E-05,2.29026E-05,5.1179E-05,-3.80927E-05,4.79913E-05
0.0019285,0.97883,0.67,4.75,-0.021089,0.0068003,1.0613,0.001147,-0.00050328,0.00062415,0.0013876,-0.0010407,0.0013224,0.1174596,0.0804,0.57,6.96189E-05,-0.00400691,0.001292057,0.201647,4.14067E-05,-1.81684E-05,2.25318E-05,5.00924E-05,-3.75693E-05,4.77386E-05
0.0018197,0.9858,0.67,4.75,-0.021183,0.0049498,1.0586,0.0011729,-0.00040759,0.00055992,0.001198,-0.0009487,0.0012685,0.118296,0.0804,0.57,6.56912E-05,-0.00402477,0.000940462,0.201134,4.23417E-05,-1.4714E-05,2.02131E-05,4.32478E-05,-3.42481E-05,4.57929E-05
0.0018123,0.98709,0.67,4.75,-0.021146,0.0048874,1.0578,0.0011793,-0.00039394,0.00055188,0.0011812,-0.00092997,0.001264,0.1184508,0.0804,0.57,6.5424E-05,-0.00401774,0.000928606,0.200982,4.25727E-05,-1.42212E-05,1.99229E-05,4.26413E-05,-3.35719E-05,4.56304E-05
0.0017454,0.99405,0.67,4.75,-0.021073,0.0042961,1.0538,0.0012123,-0.00030813,0.0004944,0.001064,-0.00081247,0.0012145,0.119286,0.0804,0.57,6.30089E-05,-0.00400387,0.000816259,0.200222,4.3764E-05,-1.11235E-05,1.78478E-05,3.84104E-05,-2.93302E-05,4.38435E-05
0.0017421,0.99534,0.67,4.75,-0.021,0.0045107,1.0527,0.0012197,-0.00029935,0.00048737,0.0010568,-0.0007915,0.0012077,0.1194408,0.0804,0.57,6.28898E-05,-0.00399,0.000857033,0.200013,4.40312E-05,-1.08065E-05,1.75941E-05,3.81505E-05,-2.85732E-05,4.3598E-05
0.0017082,1.0023,0.67,4.75,-0.020642,0.0054426,1.0474,0.0012592,-0.00023957,0.00043958,0.0010001,-0.00066721,0.001157,0.120276,0.0804,0.57,6.1666E-05,-0.00392198,0.001034094,0.199006,4.54571E-05,-8.64848E-06,1.58688E-05,3.61036E-05,-2.40863E-05,4.17677E-05
0.0017086,1.0036,0.67,4.75,-0.020551,0.0058265,1.0463,0.0012675,-0.00023638,0.00043119,0.0010034,-0.00065367,0.0011463,0.120432,0.0804,0.57,6.16805E-05,-0.00390469,0.001107035,0.198797,4.57568E-05,-8.53332E-06,1.5566E-05,3.62227E-05,-2.35975E-05,4.13814E-05
0.0017096,1.0106,0.67,4.75,-0.020051,0.0077832,1.0405,0.0013125,-0.00021135,0.00038675,0.0010094,-0.00057293,0.0010972,0.121272,0.0804,0.57,6.17166E-05,-0.00380969,0.001478808,0.197695,4.73813E-05,-7.62974E-06,1.39617E-05,3.64393E-05,-2.06828E-05,3.96089E-05
0.0017192,1.0119,0.67,4.75,-0.019964,0.0081487,1.0394,0.0013222,-0.0002116,0.00037668,0.0010254,-0.00056995,0.0010907,0.121428,0.0804,0.57,6.20631E-05,-0.00379316,0.001548253,0.197486,4.77314E-05,-7.63876E-06,1.35981E-05,3.70169E-05,-2.05752E-05,3.93743E-05
0.0017743,1.0188,0.67,4.75,-0.019508,0.010125,1.0339,0.0013758,-0.00021025,0.00033349,0.001103,-0.00054847,0.0010698,0.122256,0.0804,0.57,6.40522E-05,-0.00370652,0.00192375,0.196441,4.96664E-05,-7.59003E-06,1.2039E-05,3.98183E-05,-1.97998E-05,3.86198E-05
0.0017913,1.0201,0.67,4.75,-0.019428,0.010401,1.033,0.0013873,-0.00021072,0.0003236,0.001127,-0.00054963,0.0010684,0.122412,0.0804,0.57,6.46659E-05,-0.00369132,0.00197619,0.19627,5.00815E-05,-7.60699E-06,1.1682E-05,4.06847E-05,-1.98416E-05,3.85692E-05
0.0018913,1.0271,0.67,4.75,-0.019061,0.011922,1.0283,0.0014529,-0.00021287,0.00028421,0.0012479,-0.00055525,0.0010818,0.123252,0.0804,0.57,6.82759E-05,-0.00362159,0.00226518,0.195377,5.24497E-05,-7.68461E-06,1.026E-05,4.50492E-05,-2.00445E-05,3.9053E-05
0.0019088,1.0284,0.67,4.75,-0.018966,0.012201,1.0276,0.0014658,-0.00021215,0.00027912,0.0012682,-0.00055769,0.0010836,0.123408,0.0804,0.57,6.89077E-05,-0.00360354,0.00231819,0.195244,5.29154E-05,-7.65862E-06,1.00762E-05,4.5782E-05,-2.01326E-05,3.9118E-05
0.0020068,1.0353,0.67,4.75,-0.018568,0.013681,1.0241,0.0015408,-0.00020886,0.00025884,0.0013671,-0.00056878,0.0011058,0.124236,0.0804,0.57,7.24455E-05,-0.00352792,0.00259939,0.194579,5.56229E-05,-7.53985E-06,9.34412E-06,4.93523E-05,-2.0533E-05,3.99194E-05
0.002017,1.0366,0.67,4.75,-0.018437,0.014045,1.0238,0.0015545,-0.00020774,0.00025889,0.0013741,-0.00057089,0.0011055,0.124392,0.0804,0.57,7.28137E-05,-0.00350303,0.00266855,0.194522,5.61175E-05,-7.49941E-06,9.34593E-06,4.9605E-05,-2.06091E-05,3.99086E-05
0.0020705,1.0436,0.67,4.75,-0.017826,0.015968,1.0218,0.0016306,-0.00020567,0.00025706,0.0014032,-0.00058481,0.0011072,0.125232,0.0804,0.57,7.47451E-05,-0.00338694,0.00303392,0.194142,5.88647E-05,-7.42469E-06,9.27987E-06,5.06555E-05,-2.11116E-05,3.99699E-05
0.0020721,1.0449,0.67,4.75,-0.01766,0.016352,1.0216,0.0016446,-0.00020436,0.00025878,0.0013978,-0.00058236,0.0011018,0.125388,0.0804,0.57,7.48028E-05,-0.0033554,0.00310688,0.194104,5.93701E-05,-7.3774E-06,9.34196E-06,5.04606E-05,-2.10232E-05,3.9775E-05
0.0020842,1.0518,0.67,4.75,-0.016794,0.018491,1.0207,0.0017162,-0.00020602,0.00026395,0.0013721,-0.00057716,0.0010802,0.126216,0.0804,0.57,7.52396E-05,-0.00319086,0.00351329,0.193933,6.19548E-05,-7.43732E-06,9.5286E-06,4.95328E-05,-2.08355E-05,3.89952E-05
0.0020831,1.0531,0.67,4.75,-0.016622,0.01876,1.0206,0.0017304,-0.00020278,0.00026716,0.0013625,-0.00056891,0.0010732,0.126372,0.0804,0.57,7.51999E-05,-0.00315818,0.0035644,0.193914,6.24674E-05,-7.32036E-06,9.64448E-06,4.91863E-05,-2.05377E-05,3.87425E-05
0.002081,1.0601,0.67,4.75,-0.015661,0.020408,1.02,0.0017975,-0.00019564,0.00028122,0.0013259,-0.00053574,0.0010385,0.127212,0.0804,0.57,7.51241E-05,-0.00297559,0.00387752,0.1938,6.48898E-05,-7.0626E-06,1.0152E-05,4.7865E-05,-1.93402E-05,3.74899E-05
0.0020821,1.0614,0.67,4.75,-0.015522,0.020517,1.0199,0.0018112,-0.00018911,0.00028335,0.0013163,-0.00052932,0.0010367,0.127368,0.0804,0.57,7.51638E-05,-0.00294918,0.00389823,0.193781,6.53843E-05,-6.82687E-06,1.02289E-05,4.75184E-05,-1.91085E-05,3.74249E-05
0.0020871,1.0684,0.67,4.75,-0.014708,0.021351,1.019,0.0018722,-0.00016386,0.00028995,0.0012861,-0.00050262,0.0010159,0.128208,0.0804,0.57,7.53443E-05,-0.00279452,0.00405669,0.19361,6.75864E-05,-5.91535E-06,1.04672E-05,4.64282E-05,-1.81446E-05,3.6674E-05
0.0020928,1.0696,0.67,4.75,-0.014625,0.021367,1.0188,0.0018834,-0.00015406,0.0002875,0.0012764,-0.00050421,0.0010257,0.128352,0.0804,0.57,7.55501E-05,-0.00277875,0.00405973,0.193572,6.79907E-05,-5.56157E-06,1.03788E-05,4.6078E-05,-1.8202E-05,3.70278E-05
0.0021176,1.0766,0.67,4.75,-0.014119,0.021654,1.0177,0.001935,-0.00010925,0.00027374,0.0012434,-0.00051262,0.0010569,0.129192,0.0804,0.57,7.64454E-05,-0.00268261,0.00411426,0.193363,6.98535E-05,-3.94393E-06,9.88201E-06,4.48867E-05,-1.85056E-05,3.81541E-05
0.0021261,1.0779,0.67,4.75,-0.014092,0.02166,1.0175,0.0019429,-9.80E-05,0.00026762,0.0012334,-0.00052124,0.001076,0.129348,0.0804,0.57,7.67522E-05,-0.00267748,0.0041154,0.193325,7.01387E-05,-3.53686E-06,9.66108E-06,4.45257E-05,-1.88168E-05,3.88436E-05
0.0021627,1.0849,0.67,4.75,-0.013899,0.021782,1.0166,0.0019799,-3.71E-05,0.00023275,0.0011876,-0.00056553,0.0011579,0.130188,0.0804,0.57,7.80735E-05,-0.00264081,0.00413858,0.193154,7.14744E-05,-1.33902E-06,8.40228E-06,4.28724E-05,-2.04156E-05,4.18002E-05
0.0021698,1.0862,0.67,4.75,-0.013905,0.021823,1.0164,0.0019843,-2.62E-05,0.00022556,0.0011784,-0.0005763,0.0011769,0.130344,0.0804,0.57,7.83298E-05,-0.00264195,0.00414637,0.193116,7.16332E-05,-9.45603E-07,8.14272E-06,4.25402E-05,-2.08044E-05,4.24861E-05
0.002199,1.0931,0.67,4.75,-0.01391,0.022055,1.0156,0.0020013,4.07E-05,0.00018348,0.0011265,-0.00062991,0.0012701,0.131172,0.0804,0.57,7.93839E-05,-0.0026429,0.00419045,0.192964,7.22469E-05,1.46848E-06,6.62363E-06,4.06667E-05,-2.27398E-05,4.58506E-05
0.0022049,1.0944,0.67,4.75,-0.013922,0.02211,1.0154,0.0020017,5.09E-05,0.00017798,0.0011206,-0.00064101,0.0012874,0.131328,0.0804,0.57,7.95969E-05,-0.00264518,0.0042009,0.192926,7.22614E-05,1.83742E-06,6.42508E-06,4.04537E-05,-2.31405E-05,4.64751E-05
0.0022321,1.1014,0.67,4.75,-0.013967,0.022424,1.0145,0.0019997,0.00011381,0.00014457,0.0010829,-0.00069994,0.0013817,0.132168,0.0804,0.57,8.05788E-05,-0.00265373,0.00426056,0.192755,7.21892E-05,4.10854E-06,5.21898E-06,3.90927E-05,-2.52678E-05,4.98794E-05
0.0022421,1.1027,0.67,4.75,-0.013962,0.022426,1.0142,0.0019961,0.00012296,0.00014097,0.0010832,-0.00071538,0.0014049,0.132324,0.0804,0.57,8.09398E-05,-0.00265278,0.00426094,0.192698,7.20592E-05,4.43886E-06,5.08902E-06,3.91035E-05,-2.58252E-05,5.07169E-05
0.0022922,1.1096,0.67,4.75,-0.013906,0.022444,1.0132,0.001982,0.00017698,0.0001163,0.0010793,-0.00079708,0.0015231,0.133152,0.0804,0.57,8.27484E-05,-0.00264214,0.00426436,0.192508,7.15502E-05,6.38898E-06,4.19843E-06,3.89627E-05,-2.87746E-05,5.49839E-05
0.0023056,1.1109,0.67,4.75,-0.01387,0.022354,1.0129,0.0019757,0.00018294,0.00011519,0.0010852,-0.00081538,0.0015502,0.133308,0.0804,0.57,8.32322E-05,-0.0026353,0.00424726,0.192451,7.13228E-05,6.60413E-06,4.15836E-06,3.91757E-05,-2.94352E-05,5.59622E-05
0.0023703,1.1179,0.67,4.75,-0.013633,0.021787,1.0119,0.0019548,0.00021986,0.00011141,0.0011138,-0.00090631,0.001672,0.134148,0.0804,0.57,8.55678E-05,-0.00259027,0.00413953,0.192261,7.05683E-05,7.93695E-06,4.0219E-06,4.02082E-05,-3.27178E-05,6.03592E-05
0.00238,1.1192,0.67,4.75,-0.013556,0.021642,1.0117,0.0019474,0.00022041,0.00011533,0.0011209,-0.00092124,0.0016916,0.134304,0.0804,0.57,0.000085918,-0.00257564,0.00411198,0.192223,7.03011E-05,7.9568E-06,4.16341E-06,4.04645E-05,-3.32568E-05,6.10668E-05
0.0024305,1.1262,0.67,4.75,-0.013123,0.020688,1.0108,0.0019187,0.00022757,0.00014333,0.0011588,-0.00099774,0.0017836,0.135144,0.0804,0.57,8.77411E-05,-0.00249337,0.00393072,0.192052,6.92651E-05,8.21528E-06,5.17421E-06,4.18327E-05,-3.60184E-05,6.4388E-05
0.0024343,1.1274,0.67,4.75,-0.013008,0.020574,1.0107,0.0019115,0.00022349,0.00015206,0.001163,-0.0010044,0.001794,0.135288,0.0804,0.57,8.78782E-05,-0.00247152,0.00390906,0.192033,6.90052E-05,8.06799E-06,5.48937E-06,4.19843E-05,-3.62588E-05,6.47634E-05
0.0024573,1.1344,0.67,4.75,-0.012392,0.019801,1.01,0.001877,0.00020364,0.00021131,0.0011873,-0.0010374,0.0018503,0.136128,0.0804,0.57,8.87085E-05,-0.00235448,0.00376219,0.1919,6.77597E-05,7.3514E-06,7.62829E-06,4.28615E-05,-3.74501E-05,6.67958E-05
0.0024584,1.1357,0.67,4.75,-0.012248,0.019817,1.0099,0.0018705,0.00019767,0.00022181,0.0011865,-0.0010355,0.0018597,0.136284,0.0804,0.57,8.87482E-05,-0.00232712,0.00376523,0.191881,6.75251E-05,7.13589E-06,8.00734E-06,4.28327E-05,-3.73816E-05,6.71352E-05
0.0024674,1.1427,0.67,4.75,-0.011489,0.019785,1.0094,0.0018374,0.00016851,0.00028854,0.0011837,-0.0010216,0.0019136,0.137124,0.0804,0.57,8.90731E-05,-0.00218291,0.00375915,0.191786,6.63301E-05,6.08321E-06,1.04163E-05,4.27316E-05,-3.68798E-05,6.9081E-05
0.0024735,1.144,0.67,4.75,-0.011329,0.01996,1.0092,0.0018308,0.0001628,0.00029531,0.001181,-0.0010191,0.0019353,0.13728,0.0804,0.57,8.92934E-05,-0.00215251,0.0037924,0.191748,6.60919E-05,5.87708E-06,1.06607E-05,4.26341E-05,-3.67895E-05,6.98643E-05
0.0025125,1.1509,0.67,4.75,-0.010495,0.020833,1.0086,0.0018035,0.00013778,0.00033808,0.0011656,-0.00099653,0.0020559,0.138108,0.0804,0.57,9.07013E-05,-0.00199405,0.00395827,0.191634,6.51064E-05,4.97386E-06,1.22047E-05,4.20782E-05,-3.59747E-05,7.4218E-05
0.00253,1.1522,0.67,4.75,-0.010344,0.021056,1.0084,0.0017966,0.00013306,0.00033878,0.0011695,-0.0010024,0.0020939,0.138264,0.0804,0.57,0.000091333,-0.00196536,0.00400064,0.191596,6.48573E-05,4.80347E-06,1.223E-05,4.2219E-05,-3.61866E-05,7.55898E-05
0.0026265,1.1592,0.67,4.75,-0.0095606,0.022252,1.0073,0.0017717,0.00011204,0.00034476,0.0011859,-0.0010271,0.0022955,0.139104,0.0804,0.57,9.48167E-05,-0.001816514,0.00422788,0.191387,6.39584E-05,4.04464E-06,1.24458E-05,4.2811E-05,-3.70783E-05,8.28676E-05
0.0026541,1.1605,0.67,4.75,-0.0094409,0.022382,1.0071,0.0017654,0.00010701,0.00034289,0.0012016,-0.001046,0.0023411,0.13926,0.0804,0.57,9.5813E-05,-0.001793771,0.00425258,0.191349,6.37309E-05,3.86306E-06,1.23783E-05,4.33778E-05,-3.77606E-05,8.45137E-05
0.0028071,1.1674,0.67,4.75,-0.0088164,0.023082,1.0057,0.0017401,8.00E-05,0.0003316,0.0012795,-0.001155,0.0025946,0.140088,0.0804,0.57,0.000101336,-0.001675116,0.00438558,0.191083,6.28176E-05,2.88955E-06,1.19708E-05,4.619E-05,-4.16955E-05,9.36651E-05
0.0028381,1.1687,0.67,4.75,-0.0087179,0.023104,1.0054,0.0017352,7.24E-05,0.00033063,0.0013042,-0.0011823,0.0026368,0.140244,0.0804,0.57,0.000102455,-0.001656401,0.00438976,0.191026,6.26407E-05,2.61422E-06,1.19357E-05,4.70816E-05,-4.2681E-05,9.51885E-05
0.0030119,1.1757,0.67,4.75,-0.0081972,0.023167,1.0042,0.0017149,3.08E-05,0.00033121,0.0014303,-0.0013402,0.0028785,0.141084,0.0804,0.57,0.00010873,-0.001557468,0.00440173,0.190798,6.19079E-05,1.11358E-06,1.19567E-05,5.16338E-05,-4.83812E-05,0.000103914
0.0030342,1.177,0.67,4.75,-0.0080847,0.02317,1.0041,0.0017108,1.95E-05,0.0003325,0.0014545,-0.0013642,0.002903,0.14124,0.0804,0.57,0.000109535,-0.001536093,0.0044023,0.190779,6.17599E-05,7.04239E-07,1.20033E-05,5.25075E-05,-4.92476E-05,0.000104798
0.0031586,1.1839,0.67,4.75,-0.0075083,0.023093,1.0038,0.0016961,-4.03E-05,0.00035131,0.0015801,-0.0015027,0.0030409,0.142068,0.0804,0.57,0.000114025,-0.001426577,0.00438767,0.190722,6.12292E-05,-1.4531E-06,1.26823E-05,5.70416E-05,-5.42475E-05,0.000109776
0.0031646,1.1852,0.67,4.75,-0.0073646,0.023151,1.0039,0.0016905,-5.38E-05,0.00035553,0.0015955,-0.001517,0.0030431,0.142224,0.0804,0.57,0.000114242,-0.001399274,0.00439869,0.190741,6.10271E-05,-1.94334E-06,1.28346E-05,5.75976E-05,-5.47637E-05,0.000109856
0.0032018,1.1922,0.67,4.75,-0.0066535,0.02339,1.0046,0.0016677,-0.00012715,0.00038218,0.001674,-0.0015983,0.0030618,0.143064,0.0804,0.57,0.000115585,-0.001264165,0.0044441,0.190874,6.0204E-05,-4.59012E-06,1.37967E-05,6.04314E-05,-5.76986E-05,0.000110531
0.0031961,1.1935,0.67,4.75,-0.0064871,0.023511,1.0049,0.0016574,-0.00013975,0.00038854,0.001677,-0.0016053,0.0030577,0.14322,0.0804,0.57,0.000115379,-0.001232549,0.00446709,0.190931,5.98321E-05,-5.04498E-06,1.40263E-05,6.05397E-05,-5.79513E-05,0.000110383
0.0031761,1.2005,0.67,4.75,-0.0056596,0.024133,1.0064,0.0016085,-0.00021042,0.00041648,0.0016923,-0.0016313,0.0030514,0.14406,0.0804,0.57,0.000114657,-0.001075324,0.00458527,0.191216,5.80669E-05,-7.59616E-06,1.50349E-05,6.1092E-05,-5.88899E-05,0.000110156
0.0031662,1.2017,0.67,4.75,-0.0054838,0.024281,1.0067,0.0015929,-0.00021881,0.00042328,0.001683,-0.0016347,0.0030566,0.144204,0.0804,0.57,0.0001143,-0.001041922,0.00461339,0.191273,5.75037E-05,-7.89904E-06,1.52804E-05,6.07563E-05,-5.90127E-05,0.000110343
0.0031307,1.2087,0.67,4.75,-0.0045752,0.025096,1.0088,0.0015153,-0.00026862,0.00045882,0.0016399,-0.0016347,0.003106,0.145044,0.0804,0.57,0.000113018,-0.000869288,0.00476824,0.191672,5.47023E-05,-9.69718E-06,1.65634E-05,5.92004E-05,-5.90127E-05,0.000112127
0.0031189,1.21,0.67,4.75,-0.004403,0.025233,1.0093,0.0014988,-0.00027159,0.00046464,0.0016212,-0.0016319,0.0031178,0.1452,0.0804,0.57,0.000112592,-0.00083657,0.00479427,0.191767,5.41067E-05,-9.8044E-06,1.67735E-05,5.85253E-05,-5.89116E-05,0.000112553
0.0030694,1.217,0.67,4.75,-0.0034702,0.026021,1.0118,0.0014122,-0.0002945,0.00050156,0.0015313,-0.0016123,0.0031952,0.14604,0.0804,0.57,0.000110805,-0.000659338,0.00494399,0.192242,5.09804E-05,-1.06315E-05,1.81063E-05,5.52799E-05,-5.8204E-05,0.000115347
0.0030543,1.2183,0.67,4.75,-0.0033116,0.026136,1.0123,0.0013989,-0.00029425,0.00050518,0.001508,-0.0015991,0.0032017,0.146196,0.0804,0.57,0.00011026,-0.000629204,0.00496584,0.192337,5.05003E-05,-1.06224E-05,1.8237E-05,5.44388E-05,-5.77275E-05,0.000115581
0.0029682,1.2252,0.67,4.75,-0.0024365,0.026777,1.015,0.0013239,-0.00030017,0.00052824,0.001389,-0.0015413,0.0032234,0.147024,0.0804,0.57,0.000107152,-0.000462935,0.00508763,0.19285,4.77928E-05,-1.08361E-05,1.90695E-05,5.01429E-05,-5.56409E-05,0.000116365
0.00295,1.2265,0.67,4.75,-0.0022934,0.026846,1.0155,0.0013138,-0.00030005,0.00052942,0.0013672,-0.0015212,0.003219,0.14718,0.0804,0.57,0.000106495,-0.000435746,0.00510074,0.192945,4.74282E-05,-1.08318E-05,1.91121E-05,4.93559E-05,-5.49153E-05,0.000116206
0.0028311,1.2335,0.67,4.75,-0.0015207,0.027187,1.0181,0.0012537,-0.00030438,0.00052837,0.0012516,-0.0014254,0.003157,0.14802,0.0804,0.57,0.000102203,-0.000288933,0.00516553,0.193439,4.52586E-05,-1.09881E-05,1.90742E-05,4.51828E-05,-5.14569E-05,0.000113968
0.0028095,1.2348,0.67,4.75,-0.0013905,0.027135,1.0185,0.0012463,-0.00030496,0.00052726,0.0012363,-0.0014077,0.0031364,0.148176,0.0804,0.57,0.000101423,-0.000264195,0.00515565,0.193515,4.49914E-05,-1.10091E-05,1.90341E-05,4.46304E-05,-5.0818E-05,0.000113224
0.0026838,1.2417,0.67,4.75,-0.00071861,0.026844,1.0207,0.0012029,-0.00031033,0.00050983,0.0011541,-0.0013128,0.0030107,0.149004,0.0804,0.57,9.68852E-05,-0.000136536,0.00510036,0.193933,4.34247E-05,-1.12029E-05,1.84049E-05,4.1663E-05,-4.73921E-05,0.000108686
0.0026576,1.243,0.67,4.75,-0.00060326,0.026622,1.0209,0.0011991,-0.00030984,0.00050595,0.0011467,-0.0013015,0.0029695,0.14916,0.0804,0.57,9.59394E-05,-0.000114619,0.00505818,0.193971,4.32875E-05,-1.11852E-05,1.82648E-05,4.13959E-05,-4.69842E-05,0.000107199
0.0025253,1.25,0.67,4.75,-3.77E-05,0.025461,1.0221,0.0011761,-0.00030529,0.00047917,0.0011054,-0.0012432,0.0027691,0.15,0.0804,0.57,9.11633E-05,-7.15388E-06,0.00483759,0.194199,4.24572E-05,-1.1021E-05,1.7298E-05,3.99049E-05,-4.48795E-05,9.99645E-05
0.002494,1.2513,0.67,4.75,5.78E-05,0.025122,1.0221,0.0011755,-0.00030258,0.00047187,0.0011037,-0.0012296,0.0027087,0.150156,0.0804,0.57,9.00334E-05,1.09736E-05,0.00477318,0.194199,4.24356E-05,-1.09231E-05,1.70345E-05,3.98436E-05,-4.43886E-05,9.77841E-05
0.0023274,1.2583,0.67,4.75,0.00049176,0.023354,1.0221,0.0011685,-0.00028139,0.00042769,0.0010922,-0.0011626,0.0023941,0.150996,0.0804,0.57,8.40191E-05,9.34344E-05,0.00443726,0.194199,4.21829E-05,-1.01582E-05,1.54396E-05,3.94284E-05,-4.19699E-05,8.6427E-05
0.0022941,1.2595,0.67,4.75,0.0005679,0.023013,1.0219,0.0011693,-0.00027685,0.00041851,0.001092,-0.0011401,0.0023268,0.15114,0.0804,0.57,8.2817E-05,0.000107901,0.00437247,0.194161,4.22117E-05,-9.99429E-06,1.51082E-05,3.94212E-05,-4.11576E-05,8.39975E-05
0.0021117,1.2665,0.67,4.75,0.00088522,0.021249,1.021,0.0011703,-0.00024602,0.00036843,0.0010904,-0.0010169,0.0019626,0.15198,0.0804,0.57,7.62324E-05,0.000168192,0.00403731,0.19399,4.22478E-05,-8.88132E-06,1.33003E-05,3.93634E-05,-3.67101E-05,7.08499E-05
0.0020879,1.2678,0.67,4.75,0.00094708,0.02098,1.0209,0.0011697,-0.00024144,0.00036036,0.0010913,-0.00099435,0.0019148,0.152136,0.0804,0.57,7.53732E-05,0.000179945,0.0039862,0.193971,4.22262E-05,-8.71598E-06,1.3009E-05,3.93959E-05,-3.5896E-05,6.91243E-05
0.0019594,1.2748,0.67,4.75,0.0012057,0.019601,1.0205,0.0011641,-0.00021403,0.00032797,0.0010947,-0.00086763,0.0016599,0.152976,0.0804,0.57,7.07343E-05,0.000229083,0.00372419,0.193895,4.2024E-05,-7.72648E-06,1.18397E-05,3.95187E-05,-3.13214E-05,5.99224E-05
0.0019462,1.2761,0.67,4.75,0.0012583,0.0194,1.0208,0.0011615,-0.00021113,0.000324,0.0010995,-0.00084946,0.0016314,0.153132,0.0804,0.57,7.02578E-05,0.000239077,0.003686,0.193952,4.19302E-05,-7.62179E-06,1.16964E-05,3.9692E-05,-3.06655E-05,5.88935E-05
0.0018793,1.283,0.67,4.75,0.0014944,0.018378,1.0221,0.001146,-0.0001965,0.00030849,0.0011237,-0.00075605,0.0014889,0.15396,0.0804,0.57,6.78427E-05,0.000283936,0.00349182,0.194199,4.13706E-05,-7.09365E-06,1.11365E-05,4.05656E-05,-2.72934E-05,5.37493E-05
0.0018736,1.2843,0.67,4.75,0.0015413,0.018186,1.0226,0.001143,-0.00019517,0.00030629,0.0011321,-0.00073616,0.0014722,0.154116,0.0804,0.57,6.7637E-05,0.000292847,0.00345534,0.194294,4.12623E-05,-7.04564E-06,1.10571E-05,4.08688E-05,-2.65754E-05,5.31464E-05
0.00185,1.2913,0.67,4.75,0.0017781,0.017199,1.025,0.0011275,-0.00019132,0.00028668,0.0011766,-0.00063583,0.0013959,0.154956,0.0804,0.57,0.000066785,0.000337839,0.00326781,0.19475,4.07028E-05,-6.90665E-06,1.03491E-05,4.24753E-05,-2.29535E-05,5.0392E-05
0.0018475,1.2926,0.67,4.75,0.001819,0.016974,1.0252,0.0011246,-0.00018967,0.00028301,0.0011814,-0.0006141,0.0013891,0.155112,0.0804,0.57,6.66948E-05,0.00034561,0.00322506,0.194788,4.05981E-05,-6.84709E-06,1.02167E-05,4.26485E-05,-2.2169E-05,5.01465E-05
0.0018376,1.2995,0.67,4.75,0.0020407,0.015785,1.0264,0.0011097,-0.00018222,0.00025408,0.0012042,-0.00050282,0.0013614,0.15594,0.0804,0.57,6.63374E-05,0.000387733,0.00299915,0.195016,4.00602E-05,-6.57814E-06,9.17229E-06,4.34716E-05,-1.81518E-05,4.91465E-05
0.0018249,1.3008,0.67,4.75,0.002064,0.01556,1.0263,0.0011062,-0.00017842,0.00024807,0.0011969,-0.00048313,0.0013467,0.156096,0.0804,0.57,6.58789E-05,0.00039216,0.0029564,0.194997,3.99338E-05,-6.44096E-06,8.95533E-06,4.32081E-05,-1.7441E-05,4.86159E-05
0.0017583,1.3078,0.67,4.75,0.0021747,0.014356,1.0256,0.0010893,-0.00015655,0.00020299,0.0011508,-0.00038367,0.0012765,0.156936,0.0804,0.57,6.34746E-05,0.000413193,0.00272764,0.194864,3.93237E-05,-5.65146E-06,7.32794E-06,4.15439E-05,-1.38505E-05,4.60817E-05
0.0017376,1.3091,0.67,4.75,0.0021664,0.014182,1.0255,0.0010838,-0.00015114,0.0001929,0.001131,-0.00036538,0.0012603,0.157092,0.0804,0.57,6.27274E-05,0.000411616,0.00269458,0.194845,3.91252E-05,-5.45615E-06,6.96369E-06,4.08291E-05,-1.31902E-05,4.54968E-05
0.0016227,1.316,0.67,4.75,0.0020673,0.013223,1.0245,0.0010579,-0.00012183,0.00012336,0.0010199,-0.00026658,0.0011676,0.15792,0.0804,0.57,5.85795E-05,0.000392787,0.00251237,0.194655,3.81902E-05,-4.39806E-06,4.4533E-06,3.68184E-05,-9.62354E-06,4.21504E-05
0.0016072,1.3173,0.67,4.75,0.0020289,0.013116,1.0244,0.0010499,-0.00011745,0.00011124,0.00099637,-0.00024853,0.0011682,0.158076,0.0804,0.57,5.80199E-05,0.000385491,0.00249204,0.194636,3.79014E-05,-4.23995E-06,4.01576E-06,3.5969E-05,-8.97193E-06,4.2172E-05
0.0015168,1.3243,0.67,4.75,0.0017537,0.012503,1.024,0.0010091,-9.53E-05,4.36E-05,0.00087083,-0.00014899,0.0011537,0.158916,0.0804,0.57,5.47565E-05,0.000333203,0.00237557,0.19456,3.64285E-05,-3.44159E-06,1.57512E-06,3.1437E-05,-5.37854E-06,4.16486E-05
0.0015074,1.3256,0.67,4.75,0.0017102,0.012451,1.024,0.0010014,-9.34E-05,3.11E-05,0.00085143,-0.00013316,0.0011619,0.159072,0.0804,0.57,5.44171E-05,0.000324938,0.00236569,0.19456,3.61505E-05,-3.37308E-06,1.12322E-06,3.07366E-05,-4.80708E-06,4.19446E-05
0.0014592,1.3326,0.67,4.75,0.0014255,0.012129,1.0239,0.00096021,-8.42E-05,-2.97E-05,0.00074953,-4.98E-05,0.0012088,0.159912,0.0804,0.57,5.26771E-05,0.000270845,0.00230451,0.194541,3.46636E-05,-3.04096E-06,-1.07163E-06,2.7058E-05,-1.79807E-06,4.36377E-05
0.0014503,1.3338,0.67,4.75,0.00141,0.012079,1.0239,0.00095542,-8.41E-05,-4.00E-05,0.00073432,-4.03E-05,0.0012109,0.160056,0.0804,0.57,5.23558E-05,0.0002679,0.00229501,0.194541,3.44907E-05,-3.03532E-06,-1.44541E-06,2.6509E-05,-1.45414E-06,4.37135E-05
0.0014044,1.3408,0.67,4.75,0.0012963,0.011786,1.0238,0.00092881,-8.31E-05,-9.50E-05,0.00065311,1.26E-05,0.0012269,0.160896,0.0804,0.57,5.06988E-05,0.000246297,0.00223934,0.194522,3.353E-05,-2.99821E-06,-3.43123E-06,2.35773E-05,4.54463E-07,4.42911E-05
0.0013948,1.3421,0.67,4.75,0.0013219,0.011692,1.0236,0.00092735,-8.36E-05,-0.0001014,0.00063828,1.27E-05,0.001224,0.161052,0.0804,0.57,5.03523E-05,0.000251161,0.00222148,0.194484,3.34773E-05,-3.01904E-06,-3.66054E-06,2.30419E-05,4.59084E-07,4.41864E-05
0.0013384,1.3491,0.67,4.75,0.001442,0.011189,1.0231,0.00091648,-8.53E-05,-0.00013804,0.0005574,1.78E-05,0.001203,0.161892,0.0804,0.57,4.83162E-05,0.00027398,0.00212591,0.194389,3.30849E-05,-3.07796E-06,-4.98324E-06,2.01221E-05,6.42761E-07,4.34283E-05
0.0013241,1.3504,0.67,4.75,0.0014988,0.011024,1.0229,0.00091725,-8.63E-05,-0.00014198,0.0005428,9.81E-06,0.0011882,0.162048,0.0804,0.57,4.78E-05,0.000284772,0.00209456,0.194351,3.31127E-05,-3.11565E-06,-5.12548E-06,1.95951E-05,3.54098E-07,4.2894E-05
0.0012575,1.3573,0.67,4.75,0.0017879,0.010156,1.0217,0.00091787,-9.07E-05,-0.00016324,0.00046165,-3.20E-05,0.0011355,0.162876,0.0804,0.57,4.53958E-05,0.000339701,0.00192964,0.194123,3.31351E-05,-3.27568E-06,-5.89296E-06,1.66656E-05,-1.15376E-06,4.09916E-05
0.0012454,1.3586,0.67,4.75,0.0018561,0.0099123,1.0215,0.00091839,-9.20E-05,-0.00016287,0.00045237,-4.41E-05,0.0011201,0.163032,0.0804,0.57,4.49589E-05,0.000352659,0.001883337,0.194085,3.31539E-05,-3.32019E-06,-5.87961E-06,1.63306E-05,-1.59147E-06,4.04356E-05
0.0011766,1.3656,0.67,4.75,0.0021965,0.0085964,1.0203,0.00092184,-9.84E-05,-0.00016435,0.00039927,-0.00010999,0.0010321,0.163872,0.0804,0.57,4.24753E-05,0.000417335,0.001633316,0.193857,3.32784E-05,-3.55303E-06,-5.93304E-06,1.44136E-05,-3.97064E-06,3.72588E-05
0.0011715,1.3669,0.67,4.75,0.0022477,0.0083192,1.0201,0.00092184,-9.92E-05,-0.00016358,0.00039793,-0.0001214,0.0010232,0.164028,0.0804,0.57,4.22912E-05,0.000427063,0.001580648,0.193819,3.32784E-05,-3.57968E-06,-5.90524E-06,1.43653E-05,-4.38254E-06,3.69375E-05
0.0011392,1.3738,0.67,4.75,0.0024828,0.0067915,1.0195,0.00092232,-0.00010221,-0.00015454,0.00039074,-0.00018465,0.00096532,0.164856,0.0804,0.57,4.11251E-05,0.000471732,0.001290385,0.193705,3.32958E-05,-3.68978E-06,-5.57889E-06,1.41057E-05,-6.66587E-06,3.48481E-05
0.0011317,1.3751,0.67,4.75,0.0024991,0.0065667,1.0195,0.00092135,-0.00010168,-0.000153,0.00039483,-0.00019233,0.00094721,0.165012,0.0804,0.57,4.08544E-05,0.000474829,0.001247673,0.193705,3.32607E-05,-3.67065E-06,-5.5233E-06,1.42534E-05,-6.94311E-06,3.41943E-05
0.0011086,1.3821,0.67,4.75,0.0025219,0.0053258,1.0198,0.00091773,-9.69E-05,-0.00013673,0.00041994,-0.00023342,0.00087943,0.165852,0.0804,0.57,4.00205E-05,0.000479161,0.001011902,0.193762,3.31301E-05,-3.49675E-06,-4.93595E-06,1.51598E-05,-8.42646E-06,3.17474E-05
0.0011029,1.3834,0.67,4.75,0.0025145,0.0051893,1.0199,0.00091504,-9.56E-05,-0.00013088,0.00042671,-0.00023614,0.00086404,0.166008,0.0804,0.57,3.98147E-05,0.000477755,0.000985967,0.193781,3.30329E-05,-3.44975E-06,-4.72477E-06,1.54042E-05,-8.52465E-06,3.11918E-05
0.0010675,1.3903,0.67,4.75,0.0023867,0.0044156,1.0205,0.00090688,-8.67E-05,-0.00010042,0.00046446,-0.00025197,0.00076373,0.166836,0.0804,0.57,3.85368E-05,0.000453473,0.000838964,0.193895,3.27384E-05,-3.13153E-06,-3.62516E-06,1.6767E-05,-9.09612E-06,2.75707E-05
0.0010657,1.3916,0.67,4.75,0.0023776,0.0043333,1.0206,0.00090364,-8.61E-05,-9.55E-05,0.00047137,-0.00025125,0.00075634,0.166992,0.0804,0.57,3.84718E-05,0.000451744,0.000823327,0.193914,3.26214E-05,-3.1094E-06,-3.44852E-06,1.70165E-05,-9.07013E-06,2.73039E-05
0.0010583,1.3986,0.67,4.75,0.0022598,0.0038291,1.0211,0.00089229,-8.22E-05,-5.53E-05,0.00050821,-0.00024591,0.00071603,0.167832,0.0804,0.57,3.82046E-05,0.000429362,0.000727529,0.194009,3.22117E-05,-2.96919E-06,-1.99575E-06,1.83464E-05,-8.87735E-06,2.58487E-05
0.0010564,1.3999,0.67,4.75,0.0022625,0.0037695,1.0213,0.00088864,-8.29E-05,-4.85E-05,0.00051401,-0.00024615,0.00071023,0.167988,0.0804,0.57,3.8136E-05,0.000429875,0.000716205,0.194047,3.20799E-05,-2.99352E-06,-1.74919E-06,1.85558E-05,-8.88602E-06,2.56393E-05
0.0010512,1.4069,0.67,4.75,0.0022306,0.0033926,1.0222,0.0008737,-8.79E-05,-1.28E-05,0.00054548,-0.00024348,0.00068321,0.168828,0.0804,0.57,3.79483E-05,0.000423814,0.000644594,0.194218,3.15406E-05,-3.17323E-06,-4.61394E-07,1.96918E-05,-8.78963E-06,2.46639E-05
0.0010544,1.4081,0.67,4.75,0.0022413,0.0033545,1.0225,0.00086948,-8.98E-05,-5.88E-06,0.00055235,-0.00024454,0.00068698,0.168972,0.0804,0.57,3.80638E-05,0.000425847,0.000637355,0.194275,3.13882E-05,-3.2421E-06,-2.12264E-07,1.99398E-05,-8.82789E-06,2.48E-05
0.0010665,1.4151,0.67,4.75,0.0022452,0.0031158,1.024,0.00084778,-0.00010286,3.19E-05,0.00059076,-0.00025033,0.00069451,0.169812,0.0804,0.57,3.85007E-05,0.000426588,0.000592002,0.19456,3.06049E-05,-3.71325E-06,1.15314E-06,2.13264E-05,-9.03691E-06,2.50718E-05
0.001075,1.4164,0.67,4.75,0.0022508,0.0030884,1.0244,0.00084305,-0.00010529,3.72E-05,0.00060279,-0.00025306,0.00070411,0.169968,0.0804,0.57,3.88075E-05,0.000427652,0.000586796,0.194636,3.04341E-05,-3.80097E-06,1.34303E-06,2.17607E-05,-9.13547E-06,2.54184E-05
0.0011257,1.4234,0.67,4.75,0.0022064,0.0029362,1.0268,0.00081654,-0.00012131,7.35E-05,0.00066959,-0.00026698,0.00076533,0.170808,0.0804,0.57,4.06378E-05,0.000419216,0.000557878,0.195092,2.94771E-05,-4.37929E-06,2.65443E-06,2.41722E-05,-9.63798E-06,2.76284E-05
0.0011417,1.4247,0.67,4.75,0.0021985,0.0028886,1.0273,0.00081153,-0.00012365,7.83E-05,0.00069082,-0.00027227,0.00078098,0.170964,0.0804,0.57,4.12154E-05,0.000417715,0.000548834,0.195187,2.92962E-05,-4.46377E-06,2.82529E-06,2.49386E-05,-9.82895E-06,2.81934E-05
0.0012219,1.4316,0.67,4.75,0.0020665,0.0026336,1.0302,0.00078288,-0.00013743,0.00010135,0.00080754,-0.00030524,0.00085339,0.171792,0.0804,0.57,4.41106E-05,0.000392635,0.000500384,0.195738,2.8262E-05,-4.96122E-06,3.65874E-06,2.91522E-05,-1.10192E-05,3.08074E-05
0.0012454,1.4329,0.67,4.75,0.0020427,0.0025239,1.0308,0.00077806,-0.0001401,0.00010346,0.00083862,-0.0003124,0.00087421,0.171948,0.0804,0.57,4.49589E-05,0.000388113,0.000479541,0.195852,2.8088E-05,-5.05761E-06,3.73491E-06,3.02742E-05,-1.12776E-05,3.1559E-05
0.0013675,1.4399,0.67,4.75,0.0018281,0.0019366,1.0342,0.00074777,-0.0001531,0.00011848,0.0010098,-0.00035517,0.00097746,0.172788,0.0804,0.57,4.93668E-05,0.000347339,0.000367954,0.196498,2.69945E-05,-5.52691E-06,4.27713E-06,3.64538E-05,-1.28216E-05,3.52863E-05
0.0013931,1.4412,0.67,4.75,0.0017867,0.0017282,1.0349,0.00074303,-0.00015647,0.00012085,0.0010452,-0.00036432,0.00099797,0.172944,0.0804,0.57,5.02909E-05,0.000339473,0.000328358,0.196631,2.68234E-05,-5.64857E-06,4.36269E-06,3.77317E-05,-1.3152E-05,3.60267E-05
0.0015301,1.4481,0.67,4.75,0.001505,0.00062416,1.0389,0.00071097,-0.00017205,0.00012972,0.0012405,-0.00041934,0.0011086,0.173772,0.0804,0.57,5.52366E-05,0.00028595,0.00011859,0.197391,2.5666E-05,-6.21101E-06,4.68289E-06,4.47821E-05,-1.51382E-05,4.00205E-05
0.0015521,1.4494,0.67,4.75,0.0014487,0.0003242,1.0396,0.00070616,-0.00017534,0.00013276,0.0012712,-0.00043162,0.0011269,0.173928,0.0804,0.57,5.60308E-05,0.000275253,0.000061598,0.197524,2.54924E-05,-6.32977E-06,4.79264E-06,4.58903E-05,-1.55815E-05,4.06811E-05
0.0016717,1.4564,0.67,4.75,0.001124,-0.0012482,1.0437,0.00067342,-0.00019141,0.00014451,0.0014388,-0.00050233,0.0012313,0.174768,0.0804,0.57,6.03484E-05,0.00021356,-0.000237158,0.198303,2.43105E-05,-6.9099E-06,5.21681E-06,5.19407E-05,-1.81341E-05,4.44499E-05
0.0016855,1.4577,0.67,4.75,0.0010658,-0.0015837,1.0444,0.000669,-0.00019348,0.00014849,0.0014566,-0.00051652,0.0012454,0.174924,0.0804,0.57,6.08466E-05,0.000202502,-0.000300903,0.198436,2.41509E-05,-6.98463E-06,5.36049E-06,5.25833E-05,-1.86464E-05,4.49589E-05
0.0017645,1.4647,0.67,4.75,0.00076531,-0.0033215,1.0482,0.0006415,-0.00020415,0.00016584,0.0015517,-0.00059519,0.0013358,0.175764,0.0804,0.57,6.36985E-05,0.000145409,-0.000631085,0.199158,2.31582E-05,-7.36982E-06,5.98682E-06,5.60164E-05,-2.14864E-05,4.82224E-05
0.0017712,1.4659,0.67,4.75,0.00072156,-0.0036302,1.0489,0.00063809,-0.00020498,0.00017067,0.0015545,-0.00060869,0.0013499,0.175908,0.0804,0.57,6.39403E-05,0.000137096,-0.000689738,0.199291,2.3035E-05,-7.39978E-06,6.16119E-06,5.61175E-05,-2.19737E-05,4.87314E-05
0.0018104,1.4729,0.67,4.75,0.00052468,-0.0052249,1.0525,0.00061903,-0.00020982,0.00019431,0.0015688,-0.00068179,0.001433,0.176748,0.0804,0.57,6.53554E-05,9.96892E-05,-0.000992731,0.199975,2.2347E-05,-7.5745E-06,7.01459E-06,5.66337E-05,-2.46126E-05,5.17313E-05
0.0018159,1.4742,0.67,4.75,0.00050213,-0.0054658,1.0532,0.00061658,-0.00021047,0.00020101,0.0015618,-0.00069335,0.0014534,0.176904,0.0804,0.57,6.5554E-05,9.54047E-05,-0.001038502,0.200108,2.22585E-05,-7.59797E-06,7.25646E-06,5.6381E-05,-2.50299E-05,5.24677E-05
0.0018494,1.4812,0.67,4.75,0.00042087,-0.0067249,1.0567,0.00060296,-0.00021464,0.00023697,0.0015273,-0.00075564,0.0015685,0.177744,0.0804,0.57,6.67633E-05,7.99653E-05,-0.001277731,0.200773,2.17669E-05,-7.7485E-06,8.55462E-06,5.51355E-05,-2.72786E-05,5.66229E-05
0.0018597,1.4825,0.67,4.75,0.00041534,-0.0068492,1.0572,0.00060107,-0.00021588,0.00024614,0.0015185,-0.00076649,0.0015999,0.1779,0.0804,0.57,6.71352E-05,7.89146E-05,-0.001301348,0.200868,2.16986E-05,-7.79327E-06,8.88565E-06,5.48179E-05,-2.76703E-05,5.77564E-05
0.0019185,1.4894,0.67,4.75,0.00038777,-0.0075002,1.0603,0.00058795,-0.00022294,0.00029716,0.0014745,-0.00082555,0.0017746,0.178728,0.0804,0.57,6.92579E-05,7.36763E-05,-0.001425038,0.201457,2.1225E-05,-8.04813E-06,1.07275E-05,5.32295E-05,-2.98024E-05,6.40631E-05
0.0019324,1.4907,0.67,4.75,0.00039228,-0.0074577,1.0608,0.00058605,-0.00022496,0.00030733,0.0014716,-0.00084121,0.0018072,0.178884,0.0804,0.57,6.97596E-05,7.45332E-05,-0.001416963,0.201552,2.11564E-05,-8.12106E-06,1.10946E-05,5.31248E-05,-3.03677E-05,6.52399E-05
0.0020095,1.4977,0.67,4.75,0.00038482,-0.0072205,1.0634,0.00057073,-0.00023747,0.00036197,0.0014561,-0.00093168,0.0019921,0.179724,0.0804,0.57,7.2543E-05,7.31158E-05,-0.001371895,0.202046,2.06034E-05,-8.57267E-06,1.30671E-05,5.25652E-05,-3.36336E-05,7.19148E-05
0.0020193,1.499,0.67,4.75,0.00040298,-0.007069,1.0638,0.0005685,-0.00024049,0.00036969,0.0014608,-0.00095054,0.0020093,0.17988,0.0804,0.57,7.28967E-05,7.65662E-05,-0.00134311,0.202122,2.05229E-05,-8.68169E-06,1.33458E-05,5.27349E-05,-3.43145E-05,7.25357E-05
0.0020711,1.5059,0.67,4.75,0.00046486,-0.0062631,1.0662,0.00055113,-0.00026065,0.00040831,0.0014894,-0.0010581,0.0021018,0.180708,0.0804,0.57,7.47667E-05,8.83234E-05,-0.001189989,0.202578,1.98958E-05,-9.40947E-06,1.474E-05,5.37673E-05,-3.81974E-05,7.5875E-05
0.0020723,1.5072,0.67,4.75,0.00051434,-0.0061791,1.0666,0.00054827,-0.00026377,0.00041136,0.0014931,-0.0010717,0.0021032,0.180864,0.0804,0.57,7.481E-05,9.77246E-05,-0.001174029,0.202654,1.97925E-05,-9.5221E-06,1.48501E-05,5.39009E-05,-3.86884E-05,7.59255E-05
0.0020755,1.5142,0.67,4.75,0.00074268,-0.0057649,1.0685,0.00053016,-0.00028326,0.00042307,0.0015159,-0.0011446,0.002105,0.181704,0.0804,0.57,7.49256E-05,0.000141109,-0.001095331,0.203015,1.91388E-05,-1.02257E-05,1.52728E-05,5.4724E-05,-4.13201E-05,7.59905E-05
0.0020672,1.5155,0.67,4.75,0.00083659,-0.0058422,1.0688,0.00052654,-0.00028479,0.00042148,0.0015114,-0.0011479,0.0020965,0.18186,0.0804,0.57,7.46259E-05,0.000158952,-0.001110018,0.203072,1.90081E-05,-1.02809E-05,1.52154E-05,5.45615E-05,-4.14392E-05,7.56837E-05
0.0020191,1.5224,0.67,4.75,0.0013102,-0.0063115,1.07,0.00050859,-0.00029049,0.00040918,0.0014825,-0.001161,0.002047,0.182688,0.0804,0.57,7.28895E-05,0.000248938,-0.001199185,0.2033,1.83601E-05,-1.04867E-05,1.47714E-05,5.35183E-05,-4.19121E-05,7.38967E-05
0.002004,1.5237,0.67,4.75,0.0014422,-0.006475,1.0702,0.00050499,-0.00028953,0.00040407,0.0014728,-0.0011567,0.0020302,0.182844,0.0804,0.57,7.23444E-05,0.000274018,-0.00123025,0.203338,1.82301E-05,-1.0452E-05,1.45869E-05,5.31681E-05,-4.17569E-05,7.32902E-05
0.0019189,1.5307,0.67,4.75,0.0021419,-0.0073814,1.0714,0.0004906,-0.0002797,0.0003744,0.0014146,-0.0011242,0.0019325,0.183684,0.0804,0.57,6.92723E-05,0.000406961,-0.001402466,0.203566,1.77107E-05,-1.00972E-05,1.35158E-05,5.10671E-05,-4.05836E-05,6.97633E-05
0.0019053,1.532,0.67,4.75,0.0022923,-0.007522,1.0716,0.00048809,-0.00027691,0.00036877,0.0014059,-0.0011184,0.0019166,0.18384,0.0804,0.57,6.87813E-05,0.000435537,-0.00142918,0.203604,1.762E-05,-9.99645E-06,1.33126E-05,5.0753E-05,-4.03742E-05,6.91893E-05
0.0018305,1.539,0.67,4.75,0.0031139,-0.0082602,1.0726,0.00048173,-0.00025824,0.00033751,0.0013554,-0.0010794,0.0018239,0.18468,0.0804,0.57,6.60811E-05,0.000591641,-0.001569438,0.203794,1.73905E-05,-9.32246E-06,1.21841E-05,4.89299E-05,-3.89663E-05,6.58428E-05
0.0018228,1.5402,0.67,4.75,0.0032678,-0.0083098,1.0727,0.00048073,-0.00025478,0.00033236,0.0013505,-0.0010763,0.0018143,0.184824,0.0804,0.57,6.58031E-05,0.000620882,-0.001578862,0.203813,1.73544E-05,-9.19756E-06,1.19982E-05,4.87531E-05,-3.88544E-05,6.54962E-05
0.001781,1.5472,0.67,4.75,0.0040856,-0.0085518,1.0735,0.00048204,-0.00023292,0.00030496,0.0013208,-0.0010534,0.0017592,0.185664,0.0804,0.57,6.42941E-05,0.000776264,-0.001624842,0.203965,1.74016E-05,-8.40841E-06,1.10091E-05,4.76809E-05,-3.80277E-05,6.35071E-05
0.0017781,1.5485,0.67,4.75,0.0042325,-0.0085059,1.0735,0.00048196,-0.00022903,0.00029974,0.0013186,-0.0010535,0.0017557,0.18582,0.0804,0.57,6.41894E-05,0.000804175,-0.001616121,0.203965,1.73988E-05,-8.26798E-06,1.08206E-05,4.76015E-05,-3.80314E-05,6.33808E-05
0.0017634,1.5555,0.67,4.75,0.0049635,-0.0082722,1.0738,0.00048603,-0.00020491,0.0002697,0.0013058,-0.0010512,0.001735,0.18666,0.0804,0.57,6.36587E-05,0.000943065,-0.001571718,0.204022,1.75457E-05,-7.39725E-06,9.73617E-06,4.71394E-05,-3.79483E-05,6.26335E-05
0.0017621,1.5568,0.67,4.75,0.0050895,-0.0082064,1.0737,0.00048603,-0.0002004,0.00026365,0.001304,-0.0010519,0.0017341,0.186816,0.0804,0.57,6.36118E-05,0.000967005,-0.001559216,0.204003,1.75457E-05,-7.23444E-06,9.51777E-06,4.70744E-05,-3.79736E-05,6.2601E-05
0.0017575,1.5637,0.67,4.75,0.0057228,-0.0078836,1.0734,0.00048923,-0.00017433,0.00022776,0.0012972,-0.0010541,0.0017286,0.187644,0.0804,0.57,6.34458E-05,0.001087332,-0.001497884,0.203946,1.76612E-05,-6.29331E-06,8.22214E-06,4.68289E-05,-3.8053E-05,6.24025E-05
0.0017544,1.565,0.67,4.75,0.0058217,-0.0078445,1.0733,0.00048904,-0.0001697,0.00022201,0.0012942,-0.0010517,0.0017256,0.1878,0.0804,0.57,6.33338E-05,0.001106123,-0.001490455,0.203927,1.76543E-05,-6.12617E-06,8.01456E-06,4.67206E-05,-3.79664E-05,6.22942E-05
0.0017394,1.572,0.67,4.75,0.0063637,-0.0076591,1.0725,0.0004902,-0.00014522,0.000189,0.0012818,-0.0010395,0.0017069,0.18864,0.0804,0.57,6.27923E-05,0.001209103,-0.001455229,0.203775,1.76962E-05,-5.24244E-06,6.8229E-06,4.6273E-05,-3.7526E-05,6.16191E-05
0.0017333,1.5733,0.67,4.75,0.0064406,-0.0076266,1.0723,0.00048989,-0.00014164,0.00018499,0.0012776,-0.0010323,0.0016991,0.188796,0.0804,0.57,6.25721E-05,0.001223714,-0.001449054,0.203737,1.7685E-05,-5.1132E-06,6.67814E-06,4.61214E-05,-3.7266E-05,6.13375E-05
0.0016975,1.5802,0.67,4.75,0.0068651,-0.0074705,1.0713,0.00048683,-0.00012301,0.00016198,0.0012552,-0.00099315,0.001653,0.189624,0.0804,0.57,6.12798E-05,0.001304369,-0.001419395,0.203547,1.75746E-05,-4.44066E-06,5.84748E-06,4.53127E-05,-3.58527E-05,5.96733E-05
0.0016882,1.5815,0.67,4.75,0.0069196,-0.0074006,1.071,0.00048679,-0.00012127,0.00015911,0.0012503,-0.00098046,0.0016393,0.18978,0.0804,0.57,6.0944E-05,0.001314724,-0.001406114,0.20349,1.75731E-05,-4.37785E-06,5.74387E-06,4.51358E-05,-3.53946E-05,5.91787E-05
0.0016318,1.5885,0.67,4.75,0.0072086,-0.0070337,1.0694,0.00048028,-0.0001112,0.00014102,0.001221,-0.00091082,0.0015622,0.19062,0.0804,0.57,5.8908E-05,0.001369634,-0.001336403,0.203186,1.73381E-05,-4.01432E-06,5.09082E-06,4.40781E-05,-3.28806E-05,5.63954E-05
0.0016186,1.5898,0.67,4.75,0.0072354,-0.0068752,1.0689,0.00048126,-0.00011132,0.00013712,0.0012149,-0.00089156,0.001541,0.190776,0.0804,0.57,5.84315E-05,0.001374726,-0.001306288,0.203091,1.73735E-05,-4.01865E-06,4.95003E-06,4.38579E-05,-3.21853E-05,5.56301E-05
0.0015416,1.5968,0.67,4.75,0.0074016,-0.0060251,1.0663,0.00047836,-0.00011004,0.00011326,0.0011784,-0.00078622,0.0014264,0.191616,0.0804,0.57,5.56518E-05,0.001406304,-0.001144769,0.202597,1.72688E-05,-3.97244E-06,4.08869E-06,4.25402E-05,-2.83825E-05,5.1493E-05
0.0015266,1.598,0.67,4.75,0.0074077,-0.0057412,1.0657,0.00048058,-0.00011137,0.00010819,0.0011701,-0.00076195,0.0014025,0.19176,0.0804,0.57,5.51103E-05,0.001407463,-0.001090828,0.202483,1.73489E-05,-4.02046E-06,3.90566E-06,4.22406E-05,-2.75064E-05,5.06303E-05
0.0014421,1.605,0.67,4.75,0.0074794,-0.0042073,1.0622,0.00048672,-0.00011683,8.01E-05,0.0011221,-0.0006312,0.0012753,0.1926,0.0804,0.57,5.20598E-05,0.001421086,-0.000799387,0.201818,1.75706E-05,-4.21756E-06,2.89277E-06,4.05078E-05,-2.27863E-05,4.60383E-05
0.0014309,1.6063,0.67,4.75,0.0074802,-0.0038021,1.0616,0.00048965,-0.00011835,7.79E-05,0.0011124,-0.00060784,0.0012598,0.192756,0.0804,0.57,5.16555E-05,0.001421238,-0.000722399,0.201704,1.76764E-05,-4.27244E-06,2.81078E-06,4.01576E-05,-2.1943E-05,4.54788E-05
0.0013664,1.6133,0.67,4.75,0.0075062,-0.001593,1.0583,0.00050254,-0.00012645,6.65E-05,0.001058,-0.00048209,0.0011722,0.193596,0.0804,0.57,4.9327E-05,0.001426178,-0.00030267,0.201077,1.81417E-05,-4.56485E-06,2.3991E-06,3.81938E-05,-1.74034E-05,4.23164E-05
0.0013622,1.6146,0.67,4.75,0.0075089,-0.0011356,1.058,0.00050586,-0.00012719,6.95E-05,0.0010496,-0.00046422,0.001169,0.193752,0.0804,0.57,4.91754E-05,0.001426691,-0.000215764,0.20102,1.82615E-05,-4.59156E-06,2.50715E-06,3.78906E-05,-1.67583E-05,4.22009E-05
0.001338,1.6215,0.67,4.75,0.0075181,0.0013697,1.0561,0.00052241,-0.00013231,8.71E-05,0.0010054,-0.00036691,0.0011483,0.19458,0.0804,0.57,4.83018E-05,0.001428439,0.000260243,0.200659,1.8859E-05,-4.77639E-06,3.14427E-06,3.62949E-05,-1.32455E-05,4.14536E-05
0.0013372,1.6228,0.67,4.75,0.0075145,0.0017986,1.056,0.00052721,-0.00013199,9.28E-05,0.0010004,-0.00035231,0.0011467,0.194736,0.0804,0.57,4.82729E-05,0.001427755,0.000341734,0.20064,1.90323E-05,-4.76484E-06,3.35105E-06,3.61144E-05,-1.27184E-05,4.13959E-05
0.0013364,1.6298,0.67,4.75,0.0074788,0.0041396,1.0555,0.0005533,-0.00013206,0.00012814,0.00097407,-0.00027367,0.0011453,0.195576,0.0804,0.57,4.8244E-05,0.001420972,0.000786524,0.200545,1.99741E-05,-4.76737E-06,4.62585E-06,3.51639E-05,-9.87949E-06,4.13453E-05
0.001331,1.6311,0.67,4.75,0.007448,0.0045037,1.0556,0.00056213,-0.00013188,0.00013107,0.00097153,-0.00025808,0.0011284,0.195732,0.0804,0.57,4.80491E-05,0.00141512,0.000855703,0.200564,2.02929E-05,-4.76087E-06,4.73163E-06,3.50722E-05,-9.31669E-06,4.07352E-05
0.0013108,1.638,0.67,4.75,0.0072786,0.0064627,1.0559,0.00061195,-0.00013306,0.00015663,0.00095435,-0.00017587,0.0010553,0.19656,0.0804,0.57,4.73199E-05,0.001382934,0.001227913,0.200621,2.20914E-05,-4.80347E-06,5.65434E-06,3.4452E-05,-6.34891E-06,3.80963E-05
0.0012997,1.6393,0.67,4.75,0.0071988,0.0067303,1.0562,0.00062689,-0.00013443,0.00015267,0.00095155,-0.00015865,0.001021,0.196716,0.0804,0.57,4.69192E-05,0.001367772,0.001278757,0.200678,2.26307E-05,-4.85292E-06,5.51139E-06,3.4351E-05,-5.72727E-06,3.68581E-05
0.0012441,1.6463,0.67,4.75,0.0067558,0.0081399,1.0574,0.00071101,-0.00014508,0.00014138,0.00093191,-6.72E-05,0.00084531,0.197556,0.0804,0.57,4.4912E-05,0.001283602,0.001546581,0.200906,2.56675E-05,-5.23739E-06,5.10382E-06,3.3642E-05,-2.42534E-06,3.05157E-05
0.0012378,1.6476,0.67,4.75,0.0066236,0.008272,1.0577,0.00073142,-0.00014775,0.00013542,0.00092681,-5.44E-05,0.00081746,0.197712,0.0804,0.57,4.46846E-05,0.001258484,0.00157168,0.200963,2.64043E-05,-5.33378E-06,4.88866E-06,3.34578E-05,-1.96366E-06,2.95103E-05
0.0011995,1.6545,0.67,4.75,0.0058506,0.0089372,1.059,0.00084574,-0.00016726,0.0001037,0.00089703,1.54E-05,0.00065631,0.19854,0.0804,0.57,4.3302E-05,0.001111614,0.001698068,0.20121,3.05312E-05,-6.03809E-06,3.74357E-06,3.23828E-05,5.56518E-07,2.36928E-05
0.0012097,1.6558,0.67,4.75,0.0056898,0.0089667,1.059,0.00086931,-0.00017078,0.00010659,0.00089085,1.63E-05,0.00065929,0.198696,0.0804,0.57,4.36702E-05,0.001081062,0.001703673,0.20121,3.13821E-05,-6.16516E-06,3.8479E-06,3.21597E-05,5.87744E-07,2.38004E-05
0.0012591,1.6628,0.67,4.75,0.0047324,0.0090753,1.0592,0.0010019,-0.00019472,0.00011897,0.00085552,2.01E-05,0.00066074,0.199536,0.0804,0.57,4.54535E-05,0.000899156,0.001724307,0.201248,3.61686E-05,-7.02939E-06,4.29482E-06,3.08843E-05,7.25863E-07,2.38527E-05
0.0012849,1.6641,0.67,4.75,0.0045744,0.0091301,1.0592,0.0010286,-0.00019968,0.00013309,0.00085179,9.98E-06,0.0006895,0.199692,0.0804,0.57,4.63849E-05,0.000869136,0.001734719,0.201248,3.71325E-05,-7.20845E-06,4.80455E-06,3.07496E-05,3.60098E-07,2.4891E-05
0.0014237,1.6711,0.67,4.75,0.0036479,0.0094122,1.0592,0.001178,-0.00022973,0.00021508,0.00082811,-4.81E-05,0.0008412,0.200532,0.0804,0.57,5.13956E-05,0.000693101,0.001788318,0.201248,4.25258E-05,-8.29325E-06,7.76439E-06,2.98948E-05,-1.73785E-06,3.03673E-05
0.0014554,1.6723,0.67,4.75,0.0035113,0.0096002,1.0593,0.0012096,-0.0002362,0.0002331,0.00083192,-6.54E-05,0.00086926,0.200676,0.0804,0.57,5.25399E-05,0.000667147,0.001824038,0.201267,4.36666E-05,-8.52682E-06,8.41491E-06,3.00323E-05,-2.36246E-06,3.13803E-05
0.0016234,1.6793,0.67,4.75,0.0027297,0.010653,1.0598,0.001381,-0.00027279,0.00033743,0.0008476,-0.00015437,0.0010181,0.201516,0.0804,0.57,5.86047E-05,0.000518643,0.00202407,0.201362,4.98541E-05,-9.84772E-06,1.21812E-05,3.05984E-05,-5.57276E-06,3.67534E-05
0.0016597,1.6806,0.67,4.75,0.0026255,0.01094,1.0599,0.0014169,-0.00027991,0.00035289,0.00086583,-0.00017818,0.0010367,0.201672,0.0804,0.57,5.99152E-05,0.000498845,0.0020786,0.201381,5.11501E-05,-1.01048E-05,1.27393E-05,3.12565E-05,-6.4323E-06,3.74249E-05
0.001847,1.6876,0.67,4.75,0.0020361,0.012541,1.0599,0.0016052,-0.00031977,0.00043441,0.00095975,-0.00029623,0.001129,0.202512,0.0804,0.57,6.66767E-05,0.000386859,0.00238279,0.201381,5.79477E-05,-1.15437E-05,1.56822E-05,3.4647E-05,-1.06939E-05,4.07569E-05
0.0018901,1.6889,0.67,4.75,0.0019791,0.012786,1.0597,0.0016415,-0.00032647,0.00044482,0.0009889,-0.00032365,0.0011499,0.202668,0.0804,0.57,6.82326E-05,0.000376029,0.00242934,0.201343,5.92582E-05,-1.17856E-05,1.6058E-05,3.56993E-05,-1.16838E-05,4.15114E-05
0.0021199,1.6958,0.67,4.75,0.0016567,0.014145,1.0584,0.0018317,-0.00036742,0.00049733,0.0011539,-0.00046732,0.0012541,0.203496,0.0804,0.57,7.65284E-05,0.000314773,0.00268755,0.201096,6.61244E-05,-1.32639E-05,1.79536E-05,4.16558E-05,-1.68703E-05,4.5273E-05
0.0021541,1.6971,0.67,4.75,0.0016542,0.014188,1.0581,0.001865,-0.00037306,0.0005009,0.0011754,-0.0004879,0.0012678,0.203652,0.0804,0.57,7.7763E-05,0.000314298,0.00269572,0.201039,6.73265E-05,-1.34675E-05,1.80825E-05,4.24319E-05,-1.76132E-05,4.57676E-05
0.0023465,1.7041,0.67,4.75,0.001626,0.014444,1.0566,0.0020398,-0.00041223,0.00051214,0.0013204,-0.00060347,0.0013328,0.204492,0.0804,0.57,8.47087E-05,0.00030894,0.00274436,0.200754,7.36368E-05,-1.48815E-05,1.84883E-05,4.76664E-05,-2.17853E-05,4.81141E-05
0.0023533,1.7054,0.67,4.75,0.0016569,0.014234,1.0564,0.0020689,-0.0004182,0.00050785,0.0013252,-0.00060485,0.0013125,0.204648,0.0804,0.57,8.49541E-05,0.000314811,0.00270446,0.200716,7.46873E-05,-1.5097E-05,1.83334E-05,4.78397E-05,-2.18351E-05,4.73813E-05
0.0024025,1.7123,0.67,4.75,0.0017867,0.013117,1.0554,0.0022169,-0.00045803,0.00046878,0.0013804,-0.00062371,0.0012077,0.205476,0.0804,0.57,8.67303E-05,0.000339473,0.00249223,0.200526,8.00301E-05,-1.65349E-05,1.6923E-05,4.98324E-05,-2.25159E-05,4.3598E-05
0.0023944,1.7136,0.67,4.75,0.0018099,0.012795,1.0553,0.00224,-0.0004665,0.00046011,0.0013808,-0.00061244,0.0011679,0.205632,0.0804,0.57,8.64378E-05,0.000343881,0.00243105,0.200507,0.000080864,-1.68407E-05,1.661E-05,4.98469E-05,-2.21091E-05,4.21612E-05
0.0023621,1.7206,0.67,4.75,0.0018814,0.011096,1.0546,0.0023585,-0.00051505,0.00040555,0.0013948,-0.00056133,0.00097087,0.206472,0.0804,0.57,8.52718E-05,0.000357466,0.00210824,0.200374,8.51419E-05,-1.85933E-05,1.46404E-05,5.03523E-05,-2.0264E-05,3.50484E-05
0.0023594,1.7219,0.67,4.75,0.0018713,0.010845,1.0545,0.0023732,-0.00052555,0.00039903,0.0014022,-0.00054992,0.00094334,0.206628,0.0804,0.57,8.51743E-05,0.000355547,0.00206055,0.200355,8.56725E-05,-1.89724E-05,1.4405E-05,5.06194E-05,-1.98521E-05,3.40546E-05
0.0023519,1.7289,0.67,4.75,0.0017565,0.0095527,1.0541,0.0024564,-0.00058088,0.00036933,0.0014413,-0.00049259,0.00080614,0.207468,0.0804,0.57,8.49036E-05,0.000333735,0.001815013,0.200279,8.8676E-05,-2.09698E-05,1.33328E-05,5.20309E-05,-1.77825E-05,2.91017E-05
0.0023536,1.7301,0.67,4.75,0.0017172,0.0094684,1.0541,0.002462,-0.00059165,0.00036785,0.0014548,-0.00048246,0.00079046,0.207612,0.0804,0.57,8.4965E-05,0.000326268,0.001798996,0.200279,8.88782E-05,-2.13586E-05,1.32794E-05,5.25183E-05,-1.74168E-05,2.85356E-05
0.002362,1.7371,0.67,4.75,0.0014327,0.0090407,1.054,0.0025002,-0.00064334,0.00036504,0.0015205,-0.00042486,0.00070324,0.208452,0.0804,0.57,8.52682E-05,0.000272213,0.001717733,0.20026,9.02572E-05,-2.32246E-05,1.31779E-05,5.48901E-05,-1.53374E-05,2.5387E-05
0.0023608,1.7384,0.67,4.75,0.0013835,0.0091441,1.0541,0.0024978,-0.00065337,0.00036498,0.0015351,-0.0004152,0.00068862,0.208608,0.0804,0.57,8.52249E-05,0.000262865,0.001737379,0.200279,9.01706E-05,-2.35867E-05,1.31758E-05,5.54171E-05,-1.49887E-05,2.48592E-05
0.0023505,1.7454,0.67,4.75,0.0010522,0.0096549,1.0548,0.0024906,-0.00069515,0.00036745,0.0016058,-0.00035226,0.00060458,0.209448,0.0804,0.57,8.48531E-05,0.000199918,0.001834431,0.200412,8.99107E-05,-2.50949E-05,1.32649E-05,5.79694E-05,-1.27166E-05,2.18253E-05
0.002348,1.7467,0.67,4.75,0.0010123,0.0098867,1.0551,0.0024819,-0.00070304,0.0003664,0.0016207,-0.00034011,0.00059337,0.209604,0.0804,0.57,8.47628E-05,0.000192337,0.001878473,0.200469,8.95966E-05,-2.53797E-05,1.3227E-05,5.85073E-05,-1.2278E-05,2.14207E-05
0.0023302,1.7536,0.67,4.75,0.00077092,0.011055,1.0568,0.0024395,-0.00073214,0.00036556,0.0016903,-0.0002682,0.00053067,0.210432,0.0804,0.57,8.41202E-05,0.000146475,0.00210045,0.200792,8.8066E-05,-2.64303E-05,1.31967E-05,6.10198E-05,-9.68202E-06,1.91572E-05
0.0023305,1.7549,0.67,4.75,0.00075378,0.011277,1.0572,0.0024268,-0.00073622,0.00036717,0.0017025,-0.00025493,0.00053168,0.210588,0.0804,0.57,8.41311E-05,0.000143218,0.00214263,0.200868,8.76075E-05,-2.65775E-05,1.32548E-05,6.14603E-05,-9.20297E-06,1.91936E-05
0.0023259,1.7619,0.67,4.75,0.0006807,0.012401,1.0595,0.0023612,-0.00074927,0.00038144,0.0017537,-0.00018896,0.00053687,0.211428,0.0804,0.57,8.3965E-05,0.000129333,0.00235619,0.201305,8.52393E-05,-2.70486E-05,1.377E-05,6.33086E-05,-6.82146E-06,1.9381E-05
0.0023232,1.7632,0.67,4.75,0.0006978,0.012452,1.0598,0.0023464,-0.00074855,0.00038939,0.0017511,-0.00018435,0.00054886,0.211584,0.0804,0.57,8.38675E-05,0.000132582,0.00236588,0.201362,8.4705E-05,-2.70227E-05,1.4057E-05,6.32147E-05,-6.65504E-06,1.98138E-05
0.0023047,1.7701,0.67,4.75,0.00083361,0.012655,1.0619,0.0022678,-0.0007432,0.00043508,0.0017262,-0.00016902,0.00061556,0.212412,0.0804,0.57,8.31997E-05,0.000158386,0.00240445,0.201761,8.18676E-05,-2.68295E-05,1.57064E-05,6.23158E-05,-6.10162E-06,2.22217E-05
0.002297,1.7714,0.67,4.75,0.00089474,0.012472,1.0622,0.0022521,-0.00073896,0.0004466,0.0017085,-0.00017974,0.00063348,0.212568,0.0804,0.57,8.29217E-05,0.000170001,0.00236968,0.201818,8.13008E-05,-2.66765E-05,1.61223E-05,6.16769E-05,-6.48861E-06,2.28686E-05
0.0022482,1.7784,0.67,4.75,0.0012606,0.011392,1.0632,0.0021632,-0.00071973,0.00049925,0.0016092,-0.00023418,0.00072407,0.213408,0.0804,0.57,8.116E-05,0.000239514,0.00216448,0.202008,7.80915E-05,-2.59823E-05,1.80229E-05,5.80921E-05,-8.4539E-06,2.61389E-05
0.0022423,1.7797,0.67,4.75,0.0013648,0.011042,1.0632,0.0021469,-0.00071575,0.00050613,0.0015927,-0.00025356,0.00074505,0.213564,0.0804,0.57,8.0947E-05,0.000259312,0.00209798,0.202008,7.75031E-05,-2.58386E-05,1.82713E-05,5.74965E-05,-9.15352E-06,2.68963E-05
0.0021951,1.7866,0.67,4.75,0.0019384,0.0090762,1.0628,0.0020476,-0.0006975,0.00052079,0.0015052,-0.00033995,0.00083751,0.214392,0.0804,0.57,7.92431E-05,0.000368296,0.001724478,0.201932,7.39184E-05,-2.51798E-05,1.88005E-05,5.43377E-05,-1.22722E-05,3.02341E-05
0.0021926,1.7879,0.67,4.75,0.0020727,0.0087123,1.0626,0.0020304,-0.00069748,0.0005194,0.0014993,-0.00035606,0.00085546,0.214548,0.0804,0.57,7.91529E-05,0.000393813,0.001655337,0.201894,7.32974E-05,-2.5179E-05,1.87503E-05,5.41247E-05,-1.28538E-05,3.08821E-05
0.0021655,1.7949,0.67,4.75,0.0027985,0.0067367,1.0611,0.0019255,-0.00069729,0.00049444,0.0014687,-0.00042548,0.00093673,0.215388,0.0804,0.57,7.81746E-05,0.000531715,0.001279973,0.201609,6.95106E-05,-2.51722E-05,1.78493E-05,5.30201E-05,-1.53598E-05,3.3816E-05
0.0021644,1.7962,0.67,4.75,0.0029449,0.0065277,1.0607,0.0019077,-0.0007019,0.00048875,0.0014709,-0.00043559,0.0009503,0.215544,0.0804,0.57,7.81348E-05,0.000559531,0.001240263,0.201533,6.8868E-05,-2.53386E-05,1.76439E-05,5.30995E-05,-1.57248E-05,3.43058E-05
0.0021595,1.8032,0.67,4.75,0.0037539,0.0054922,1.0588,0.0018032,-0.00072067,0.00045913,0.0014787,-0.00048257,0.0010372,0.216384,0.0804,0.57,7.7958E-05,0.000713241,0.001043518,0.201172,6.50955E-05,-2.60162E-05,1.65746E-05,5.33811E-05,-1.74208E-05,3.74429E-05
0.0021613,1.8044,0.67,4.75,0.0038953,0.0055172,1.0586,0.0017857,-0.00072572,0.00045606,0.0014856,-0.00049137,0.0010512,0.216528,0.0804,0.57,7.80229E-05,0.000740107,0.001048268,0.201134,6.44638E-05,-2.61985E-05,1.64638E-05,5.36302E-05,-1.77385E-05,3.79483E-05
0.0021788,1.8114,0.67,4.75,0.0047095,0.005802,1.0577,0.0016871,-0.00073916,0.00045409,0.0015155,-0.00054086,0.0011548,0.217368,0.0804,0.57,7.86547E-05,0.000894805,0.00110238,0.200963,6.09043E-05,-2.66837E-05,1.63926E-05,5.47096E-05,-1.9525E-05,4.16883E-05
0.0021849,1.8127,0.67,4.75,0.004837,0.0059731,1.0577,0.0016715,-0.00073863,0.00045962,0.001526,-0.00055346,0.0011722,0.217524,0.0804,0.57,7.88749E-05,0.00091903,0.001134889,0.200963,6.03412E-05,-2.66645E-05,1.65923E-05,5.50886E-05,-1.99799E-05,4.23164E-05
0.0022178,1.8197,0.67,4.75,0.0055976,0.0069852,1.0581,0.0015848,-0.00071987,0.00050072,0.0015773,-0.00062767,0.0012734,0.218364,0.0804,0.57,8.00626E-05,0.001063544,0.001327188,0.201039,5.72113E-05,-2.59873E-05,1.8076E-05,5.69405E-05,-2.26589E-05,4.59697E-05
0.0022273,1.821,0.67,4.75,0.00572,0.0071543,1.0581,0.0015715,-0.00071224,0.00051328,0.0015891,-0.00064532,0.0012941,0.21852,0.0804,0.57,8.04055E-05,0.0010868,0.001359317,0.201039,5.67312E-05,-2.57119E-05,1.85294E-05,5.73665E-05,-2.32961E-05,4.6717E-05
0.002271,1.8279,0.67,4.75,0.006445,0.0080133,1.0586,0.0014979,-0.00066055,0.00057918,0.0016497,-0.00074084,0.0013943,0.219348,0.0804,0.57,8.19831E-05,0.00122455,0.001522527,0.201134,5.40742E-05,-2.38459E-05,2.09084E-05,5.95542E-05,-2.67443E-05,5.03342E-05
0.00228,1.8292,0.67,4.75,0.0065893,0.0081115,1.0584,0.0014855,-0.00064913,0.00059133,0.0016603,-0.00075898,0.0014142,0.219504,0.0804,0.57,0.000082308,0.001251967,0.001541185,0.201096,5.36266E-05,-2.34336E-05,2.1347E-05,5.99368E-05,-2.73992E-05,5.10526E-05
0.0023227,1.8362,0.67,4.75,0.0073969,0.0085011,1.0577,0.0014183,-0.0005832,0.00064852,0.0017131,-0.00085175,0.0015141,0.220344,0.0804,0.57,8.38495E-05,0.001405411,0.001615209,0.200963,5.12006E-05,-2.10535E-05,2.34116E-05,6.18429E-05,-3.07482E-05,5.4659E-05
0.0023265,1.8375,0.67,4.75,0.0075925,0.0085414,1.0574,0.0014045,-0.00056995,0.00065341,0.0017173,-0.00086509,0.0015313,0.2205,0.0804,0.57,8.39867E-05,0.001442575,0.001622866,0.200906,5.07025E-05,-2.05752E-05,2.35881E-05,6.19945E-05,-3.12297E-05,5.52799E-05
0.0023426,1.8446,0.67,4.75,0.0086357,0.008657,1.0556,0.0013317,-0.00049572,0.00067529,0.0017321,-0.00093217,0.0016213,0.221352,0.0804,0.57,8.45679E-05,0.001640783,0.00164483,0.200564,4.80744E-05,-1.78955E-05,2.4378E-05,6.25288E-05,-3.36513E-05,5.85289E-05
0.0023392,1.8459,0.67,4.75,0.0088873,0.0086828,1.0553,0.0013153,-0.00048034,0.00067154,0.0017285,-0.00093753,0.0016346,0.221508,0.0804,0.57,8.44451E-05,0.001688587,0.001649732,0.200507,4.74823E-05,-1.73403E-05,2.42426E-05,6.23989E-05,-3.38448E-05,5.90091E-05
0.0023175,1.8534,0.67,4.75,0.010205,0.0088072,1.0538,0.0012292,-0.00039529,0.00065247,0.0017061,-0.00096286,0.0016996,0.222408,0.0804,0.57,8.36618E-05,0.00193895,0.001673368,0.200222,4.43741E-05,-1.427E-05,2.35542E-05,6.15902E-05,-3.47592E-05,6.13556E-05
0.0023087,1.8548,0.67,4.75,0.010475,0.0088134,1.0537,0.0012108,-0.00037885,0.00064081,0.0016993,-0.0009616,0.0017074,0.222576,0.0804,0.57,8.33441E-05,0.00199025,0.001674546,0.200203,4.37099E-05,-1.36765E-05,2.31332E-05,6.13447E-05,-3.47138E-05,6.16371E-05
0.0022614,1.8626,0.67,4.75,0.011886,0.008909,1.0533,0.0011143,-0.00029111,0.00057979,0.001668,-0.00095427,0.0017404,0.223512,0.0804,0.57,8.16365E-05,0.00225834,0.00169271,0.200127,4.02262E-05,-1.05091E-05,2.09304E-05,6.02148E-05,-3.44491E-05,6.28284E-05
0.0022501,1.8641,0.67,4.75,0.012111,0.0089455,1.0535,0.0010953,-0.00027297,0.00056416,0.0016605,-0.00094901,0.0017444,0.223692,0.0804,0.57,8.12286E-05,0.00230109,0.001699645,0.200165,3.95403E-05,-9.85422E-06,2.03662E-05,5.99441E-05,-3.42593E-05,6.29728E-05
0.0021981,1.8723,0.67,4.75,0.013313,0.0092399,1.0541,0.00099655,-0.00017951,0.00048205,0.0016295,-0.00092566,0.0017702,0.224676,0.0804,0.57,7.93514E-05,0.00252947,0.001755581,0.200279,3.59755E-05,-6.48031E-06,1.7402E-05,5.8825E-05,-3.34163E-05,6.39042E-05
0.0021816,1.8739,0.67,4.75,0.013462,0.009202,1.0543,0.0009789,-0.00016058,0.00046891,0.001616,-0.00090938,0.0017683,0.224868,0.0804,0.57,7.87558E-05,0.00255778,0.00174838,0.200317,3.53383E-05,-5.79694E-06,1.69277E-05,5.83376E-05,-3.28286E-05,6.38356E-05
0.0021011,1.8824,0.67,4.75,0.014283,0.0089986,1.0553,0.00088891,-6.68E-05,0.00040206,0.0015506,-0.00082547,0.0017626,0.225888,0.0804,0.57,7.58497E-05,0.00271377,0.001709734,0.200507,3.20897E-05,-2.41242E-06,1.45144E-05,5.59767E-05,-2.97995E-05,6.36299E-05
0.0020806,1.8841,0.67,4.75,0.01437,0.0087528,1.0552,0.00087598,-4.96E-05,0.00039167,0.0015252,-0.00079699,0.00176,0.226092,0.0804,0.57,7.51097E-05,0.0027303,0.001663032,0.200488,3.16229E-05,-1.79135E-06,1.41393E-05,5.50597E-05,-2.87713E-05,0.000063536
0.0019779,1.8931,0.67,4.75,0.014854,0.007413,1.0546,0.00081175,3.38E-05,0.00034436,0.0013938,-0.00064949,0.0017503,0.227172,0.0804,0.57,7.14022E-05,0.00282226,0.00140847,0.200374,2.93042E-05,1.21924E-06,1.24314E-05,5.03162E-05,-2.34466E-05,6.31858E-05
0.0019512,1.8948,0.67,4.75,0.014905,0.0071593,1.0543,0.00080574,4.84E-05,0.00033644,0.0013577,-0.00062146,0.0017389,0.227376,0.0804,0.57,7.04383E-05,0.00283195,0.001360267,0.200317,2.90872E-05,1.74814E-06,1.21455E-05,4.9013E-05,-2.24347E-05,6.27743E-05
0.0018157,1.9042,0.67,4.75,0.015144,0.0058775,1.0529,0.00077674,0.0001204,0.00030711,0.0011701,-0.0004803,0.0016845,0.228504,0.0804,0.57,6.55468E-05,0.00287736,0.001116725,0.200051,2.80403E-05,4.34644E-06,1.10867E-05,4.22406E-05,-1.73388E-05,6.08105E-05
0.00179,1.9061,0.67,4.75,0.015161,0.0058634,1.0526,0.00077625,0.00012809,0.00029737,0.0011294,-0.00046523,0.0016743,0.228732,0.0804,0.57,0.000064619,0.00288059,0.001114046,0.199994,2.80226E-05,4.62405E-06,1.07351E-05,4.07713E-05,-1.67948E-05,6.04422E-05
0.0016488,1.9159,0.67,4.75,0.015159,0.0058692,1.0506,0.00077396,0.00016089,0.00025123,0.00091122,-0.00039072,0.0016125,0.229908,0.0804,0.57,5.95217E-05,0.00288021,0.001115148,0.199614,2.794E-05,5.80813E-06,9.0694E-06,3.2895E-05,-1.4105E-05,5.82113E-05
0.0016226,1.9178,0.67,4.75,0.015109,0.0060817,1.0501,0.00077756,0.000162,0.00023896,0.00088363,-0.0003764,0.001584,0.230136,0.0804,0.57,5.85759E-05,0.00287071,0.001155523,0.199519,2.80699E-05,5.8482E-06,8.62646E-06,3.1899E-05,-1.3588E-05,5.71824E-05
0.0014826,1.9282,0.67,4.75,0.01472,0.0072786,1.0476,0.00079424,0.00015344,0.00017132,0.00073569,-0.0003072,0.0014352,0.231384,0.0804,0.57,5.35219E-05,0.0027968,0.001382934,0.199044,2.86721E-05,5.53918E-06,6.18465E-06,2.65584E-05,-1.10899E-05,5.18107E-05
0.0014697,1.9302,0.67,4.75,0.014587,0.007287,1.0472,0.00080294,0.00015306,0.00016694,0.0007269,-0.00028685,0.0014096,0.231624,0.0804,0.57,5.30562E-05,0.00277153,0.00138453,0.198968,2.89861E-05,5.52547E-06,6.02653E-06,2.62411E-05,-1.03553E-05,5.08866E-05
0.001404,1.941,0.67,4.75,0.013785,0.0072912,1.0448,0.00084571,0.00013705,0.0001427,0.00067954,-0.00018094,0.0012827,0.23292,0.0804,0.57,5.06844E-05,0.00261915,0.001385328,0.198512,3.05301E-05,4.94751E-06,5.15147E-06,2.45314E-05,-6.53193E-06,4.63055E-05
0.001407,1.9431,0.67,4.75,0.013588,0.0069588,1.0439,0.00085891,0.00013421,0.00013363,0.00067986,-0.00017104,0.0012752,0.233172,0.0804,0.57,5.07927E-05,0.00258172,0.001322172,0.198341,3.10067E-05,4.84498E-06,4.82404E-06,2.45429E-05,-6.17454E-06,4.60347E-05
0.0014238,1.9545,0.67,4.75,0.012543,0.0049885,1.0388,0.00093084,0.00011364,8.96E-05,0.00067741,-0.00011466,0.0012393,0.23454,0.0804,0.57,5.13992E-05,0.00238317,0.000947815,0.197372,3.36033E-05,4.1024E-06,3.23618E-06,2.44545E-05,-4.13923E-06,4.47387E-05
0.001421,1.9567,0.67,4.75,0.012337,0.004454,1.0382,0.0009442,9.99E-05,8.11E-05,0.00067915,-0.00011983,0.0012187,0.234804,0.0804,0.57,5.12981E-05,0.00234403,0.00084626,0.197258,3.40856E-05,3.60531E-06,2.9293E-06,2.45173E-05,-4.32586E-06,4.39951E-05
0.00141,1.9686,0.67,4.75,0.011256,0.0013511,1.0345,0.001023,2.76E-05,4.67E-05,0.00068672,-0.00015035,0.0011103,0.236232,0.0804,0.57,0.000050901,0.00213864,0.000256709,0.196555,3.69303E-05,9.97696E-07,1.685E-06,2.47906E-05,-5.42764E-06,4.00818E-05
0.0014197,1.9709,0.67,4.75,0.011071,0.00062545,1.0345,0.0010357,8.71E-06,4.52E-05,0.00067479,-0.0001482,0.0011289,0.236508,0.0804,0.57,5.12512E-05,0.00210349,0.000118836,0.196555,3.73888E-05,3.14424E-07,1.63136E-06,2.43599E-05,-5.35002E-06,4.07533E-05
0.0014856,1.9833,0.67,4.75,0.010013,-0.0032857,1.0348,0.0011115,-9.03E-05,4.77E-05,0.00061744,-0.00013218,0.0012423,0.237996,0.0804,0.57,5.36302E-05,0.00190247,-0.000624283,0.196612,4.01252E-05,-3.26023E-06,1.72327E-06,2.22896E-05,-4.7717E-06,4.4847E-05
0.0015223,1.9857,0.67,4.75,0.0097344,-0.0038902,1.0347,0.0011191,-8.89E-05,7.06E-05,0.00061124,-0.00010134,0.0013143,0.238284,0.0804,0.57,5.4955E-05,0.001849536,-0.000739138,0.196593,4.03995E-05,-3.20994E-06,2.54891E-06,2.20658E-05,-3.65837E-06,4.74462E-05
0.001719,1.9988,0.67,4.75,0.0081428,-0.0070227,1.0342,0.0011646,-8.13E-05,0.00017882,0.00059088,6.53E-05,0.0016825,0.239856,0.0804,0.57,6.20559E-05,0.001547132,-0.001334313,0.196498,4.20421E-05,-2.93446E-06,6.4554E-06,2.13308E-05,2.35888E-06,6.07383E-05
0.0017659,2.0013,0.67,4.75,0.0076921,-0.007448,1.0331,0.0011619,-6.62E-05,0.00019843,0.00059963,7.35E-05,0.0017702,0.240156,0.0804,0.57,6.3749E-05,0.001461499,-0.00141512,0.196289,4.19446E-05,-2.3913E-06,7.16332E-06,2.16466E-05,2.65317E-06,6.39042E-05
0.0019913,2.0149,0.67,4.75,0.0052557,-0.0098122,1.0271,0.0011447,1.51E-05,0.00028145,0.00064872,0.00010464,0.0021892,0.241788,0.0804,0.57,7.18859E-05,0.000998583,-0.001864318,0.195149,4.13237E-05,5.46482E-07,1.01603E-05,2.34188E-05,3.7775E-06,7.90301E-05
0.002057,2.0176,0.67,4.75,0.0047642,-0.010348,1.0258,0.0011377,2.27E-05,0.00029,0.00065661,7.47E-05,0.0023198,0.242112,0.0804,0.57,7.42577E-05,0.000905198,-0.00196612,0.194902,4.1071E-05,8.20553E-07,0.000010469,2.37036E-05,2.69699E-06,8.37448E-05
0.0024219,2.0319,0.67,4.75,0.0021373,-0.013292,1.0189,0.0010931,6.88E-05,0.00033803,0.00069686,-9.54E-05,0.0030538,0.243828,0.0804,0.57,8.74306E-05,0.000406087,-0.00252548,0.193591,3.94609E-05,2.48354E-06,1.22029E-05,2.51566E-05,-3.44246E-06,0.000110242
0.0024554,2.0346,0.67,4.75,0.0016927,-0.013683,1.018,0.0010916,6.29E-05,0.00038042,0.00069305,-0.00010484,0.0031262,0.244152,0.0804,0.57,8.86399E-05,0.000321613,-0.00259977,0.19342,3.94068E-05,2.26997E-06,1.37332E-05,2.50191E-05,-3.78472E-06,0.000112856
0.0026338,2.0496,0.67,4.75,-0.00075887,-0.015637,1.0135,0.0010772,4.10E-05,0.00060043,0.00067452,-0.00015567,0.003516,0.245952,0.0804,0.57,9.50802E-05,-0.000144185,-0.00297103,0.192565,3.88869E-05,1.47869E-06,2.16755E-05,2.43502E-05,-5.61969E-06,0.000126928
0.0027375,2.0525,0.67,4.75,-0.0010446,-0.014834,1.0113,0.0010905,2.69E-05,0.00069063,0.00067916,-0.00015787,0.0037053,0.2463,0.0804,0.57,9.88238E-05,-0.000198474,-0.00281846,0.192147,3.93671E-05,9.69682E-07,2.49317E-05,2.45177E-05,-5.69911E-06,0.000133761
0.003233,2.0681,0.67,4.75,-0.0026167,-0.010538,0.99962,0.0011622,-3.03E-05,0.0011502,0.00069158,-0.00014785,0.0046122,0.248172,0.0804,0.57,0.000116711,-0.000497173,-0.00200222,0.1899278,4.19554E-05,-1.0926E-06,4.15222E-05,2.4966E-05,-5.33739E-06,0.0001665
0.0034139,2.0711,0.67,4.75,-0.0025771,-0.0088677,0.99758,0.0011928,-6.34E-05,0.0012512,0.00073435,-0.0002191,0.0049006,0.248532,0.0804,0.57,0.000123242,-0.000489649,-0.001684863,0.1895402,4.30601E-05,-2.29036E-06,4.51683E-05,2.651E-05,-7.90951E-06,0.000176912
0.0043996,2.0875,0.67,4.75,-0.0022803,4.20E-05,0.98589,0.0013661,-0.00024239,0.001825,0.00093534,-0.00056478,0.0064977,0.2505,0.0804,0.57,0.000158826,-0.000433257,7.98722E-06,0.1873191,4.93162E-05,-8.75028E-06,6.58825E-05,3.37658E-05,-2.03886E-05,0.000234567
0.0044931,2.0907,0.67,4.75,-0.0017995,0.0016086,0.98445,0.0014024,-0.00026569,0.0018611,0.00098407,-0.00064487,0.0065998,0.250884,0.0804,0.57,0.000162201,-0.000341905,0.000305634,0.1870455,5.06266E-05,-9.59141E-06,6.71857E-05,3.55249E-05,-2.32798E-05,0.000238253
0.0050572,2.1078,0.67,4.75,0.00090321,0.010206,0.97702,0.0016024,-0.00043369,0.0020776,0.0012726,-0.0011149,0.0072393,0.252936,0.0804,0.57,0.000182565,0.00017161,0.00193914,0.1856338,5.78466E-05,-1.56562E-05,7.50014E-05,4.59409E-05,-4.02479E-05,0.000261339
0.0050634,2.1111,0.67,4.75,0.001662,0.010641,0.97578,0.001621,-0.00044248,0.0021151,0.0012757,-0.0011529,0.0072301,0.253332,0.0804,0.57,0.000182789,0.00031578,0.00202179,0.1853982,5.85181E-05,-1.59735E-05,7.63551E-05,4.60528E-05,-4.16197E-05,0.000261007
0.0050905,2.129,0.67,4.75,0.005851,0.013365,0.96911,0.0017103,-0.00051611,0.0022624,0.0013346,-0.0014286,0.0071361,0.25548,0.0804,0.57,0.000183767,0.00111169,0.00253935,0.1841309,6.17418E-05,-1.86316E-05,8.16726E-05,4.81791E-05,-5.15725E-05,0.000257613
0.0049312,2.1324,0.67,4.75,0.0062182,0.013681,0.96845,0.0017127,-0.00047193,0.0022409,0.0012902,-0.0013256,0.0068596,0.255888,0.0804,0.57,0.000178016,0.001181458,0.00259939,0.1840055,6.18285E-05,-1.70367E-05,8.08965E-05,4.65762E-05,-4.78542E-05,0.000247632
0.0040596,2.1511,0.67,4.75,0.0082857,0.015962,0.96369,0.001702,-0.00022084,0.0021188,0.0010199,-0.00076462,0.0053974,0.258132,0.0804,0.57,0.000146552,0.001574283,0.00303278,0.1831011,6.14422E-05,-7.97232E-06,7.64887E-05,3.68184E-05,-2.76028E-05,0.000194846
0.0039709,2.1547,0.67,4.75,0.0080917,0.016585,0.96312,0.0016851,-0.00012829,0.0020345,0.0010169,-0.00060284,0.0052398,0.258564,0.0804,0.57,0.000143349,0.001537423,0.00315115,0.1829928,6.08321E-05,-4.63127E-06,7.34455E-05,3.67101E-05,-2.17625E-05,0.000189157
0.0035493,2.1743,0.67,4.75,0.0070417,0.019921,0.9602,0.0015789,0.00040052,0.0016302,0.0010057,0.000344,0.0045139,0.260916,0.0804,0.57,0.00012813,0.001337923,0.00378499,0.182438,5.69983E-05,1.44588E-05,5.88502E-05,3.63058E-05,1.24184E-05,0.000162952
0.0035628,2.178,0.67,4.75,0.0066743,0.020225,0.9597,0.001539,0.00045226,0.0015787,0.0010947,0.00038872,0.0044919,0.26136,0.0804,0.57,0.000128617,0.001268117,0.00384275,0.182343,5.55579E-05,1.63266E-05,5.69911E-05,3.95187E-05,1.40328E-05,0.000162158
0.0036736,2.1984,0.67,4.75,0.0046488,0.021428,0.95704,0.0013339,0.00073557,0.0013119,0.0016063,0.00063549,0.0044069,0.263808,0.0804,0.57,0.000132617,0.000883272,0.00407132,0.1818376,4.81538E-05,2.65541E-05,4.73596E-05,5.79874E-05,2.29412E-05,0.000159089
0.0036636,2.2024,0.67,4.75,0.0043932,0.02095,0.95463,0.0013033,0.00072167,0.0012632,0.0016728,0.0006509,0.0043512,0.264288,0.0804,0.57,0.000132256,0.000834708,0.0039805,0.1813797,4.70491E-05,2.60523E-05,4.56015E-05,6.03881E-05,2.34975E-05,0.000157078
0.0035518,2.2237,0.67,4.75,0.0030455,0.017978,0.94216,0.0011687,0.00061704,0.0009802,0.0019923,0.00065718,0.0039425,0.266844,0.0804,0.57,0.00012822,0.000578645,0.00341582,0.1790104,4.21901E-05,2.22751E-05,3.53852E-05,7.1922E-05,2.37242E-05,0.000142324
0.0037562,2.2278,0.67,4.75,0.002921,0.017497,0.93948,0.0011418,0.00055227,0.0010264,0.0020042,0.00065384,0.0043664,0.267336,0.0804,0.57,0.000135599,0.00055499,0.00332443,0.1785012,4.1219E-05,1.99369E-05,3.7053E-05,7.23516E-05,2.36036E-05,0.000157627
0.0048093,2.2501,0.67,4.75,0.0022391,0.014845,0.92616,0.0010251,0.00021256,0.0012962,0.0020194,0.00065751,0.006574,0.270012,0.0804,0.57,0.000173616,0.000425429,0.00282055,0.1759704,3.70061E-05,7.67342E-06,4.67928E-05,7.29003E-05,2.37361E-05,0.000237321
0.0048005,2.2543,0.67,4.75,0.0020445,0.016332,0.9216,0.0010075,0.00018783,0.0013177,0.0020155,0.00057793,0.0065781,0.270516,0.0804,0.57,0.000173298,0.000388455,0.00310308,0.175104,3.63708E-05,6.78066E-06,4.7569E-05,7.27596E-05,2.08633E-05,0.000237469
0.0047886,2.2776,0.67,4.75,0.0011213,0.024625,0.89563,0.00091687,8.31E-05,0.0014593,0.0019913,0.00019658,0.0066689,0.273312,0.0804,0.57,0.000172868,0.000213047,0.00467875,0.1701697,3.3099E-05,2.99829E-06,5.26807E-05,7.18859E-05,7.09654E-06,0.000240747
0.0047932,2.282,0.67,4.75,0.00064546,0.026282,0.89344,0.00093256,0.0001297,0.0014249,0.0019398,9.78E-05,0.006714,0.27384,0.0804,0.57,0.000173035,0.000122637,0.00499358,0.1697536,3.36654E-05,4.68217E-06,5.14389E-05,7.00268E-05,3.53007E-06,0.000242375
0.0048075,2.3063,0.67,4.75,-0.0016026,0.035124,0.88107,0.0010278,0.00038753,0.0012186,0.0016714,-0.0004199,0.0069158,0.276756,0.0804,0.57,0.000173551,-0.000304494,0.00667356,0.1674033,3.71036E-05,1.39898E-05,4.39915E-05,6.03375E-05,-1.51584E-05,0.00024966
0.0048422,2.3109,0.67,4.75,-0.0023496,0.036091,0.88116,0.001065,0.00038741,0.0012239,0.0016704,-0.00048164,0.006949,0.277308,0.0804,0.57,0.000174803,-0.000446424,0.00685729,0.1674204,3.84465E-05,1.39855E-05,4.41828E-05,6.03014E-05,-1.73872E-05,0.000250859
0.0050234,2.3362,0.67,4.75,-0.006216,0.041055,0.88281,0.0012866,0.00036235,0.0012393,0.0016578,-0.00083006,0.0071024,0.280344,0.0804,0.57,0.000181345,-0.00118104,0.00780045,0.1677339,4.64463E-05,1.30808E-05,4.47387E-05,5.98466E-05,-2.99652E-05,0.000256397
0.0050056,2.3411,0.67,4.75,-0.006696,0.041733,0.87926,0.0013192,0.00031308,0.0012704,0.0017429,-0.00090419,0.0069492,0.280932,0.0804,0.57,0.000180702,-0.00127224,0.00792927,0.1670594,4.76231E-05,1.13022E-05,4.58614E-05,6.29187E-05,-3.26413E-05,0.000250866
0.0049304,2.3674,0.67,4.75,-0.0092509,0.045482,0.85974,0.0014691,3.32E-05,0.0014255,0.0021989,-0.0013223,0.0061928,0.284088,0.0804,0.57,0.000177987,-0.001757671,0.00864158,0.1633506,5.30345E-05,1.19816E-06,5.14606E-05,7.93803E-05,-4.7735E-05,0.00022356
0.0050799,2.3725,0.67,4.75,-0.0089648,0.046306,0.85525,0.0014652,5.13E-05,0.0014135,0.002321,-0.0011414,0.0063736,0.2847,0.0804,0.57,0.000183384,-0.001703312,0.00879814,0.1624975,5.28937E-05,1.85096E-06,5.10274E-05,8.37881E-05,-4.12045E-05,0.000230087
0.0058966,2.3999,0.67,4.75,-0.0074159,0.050171,0.8301,0.0013802,0.00015464,0.0013467,0.0029748,-0.00022306,0.0074381,0.287988,0.0804,0.57,0.000212867,-0.001409021,0.00953249,0.157719,4.98252E-05,5.5825E-06,4.86159E-05,0.00010739,-8.05247E-06,0.000268515
0.0057713,2.4052,0.67,4.75,-0.0066751,0.049739,0.82122,0.0013234,0.00016196,0.0012796,0.0029494,-2.76E-05,0.0072699,0.288624,0.0804,0.57,0.000208344,-0.001268269,0.00945041,0.1560318,4.77747E-05,5.84676E-06,4.61936E-05,0.000106473,-9.9636E-07,0.000262443
0.0050812,2.4338,0.67,4.75,-0.0026097,0.04722,0.77281,0.0010023,0.00021292,0.0008964,0.0028295,0.0010167,0.0063306,0.292056,0.0804,0.57,0.000183431,-0.000495843,0.0089718,0.1468339,3.6183E-05,7.68641E-06,3.236E-05,0.000102145,3.67029E-05,0.000228535
0.0048142,2.4393,0.67,4.75,-0.002231,0.045469,0.75409,0.00090295,0.00018516,0.00082816,0.0026623,0.0009631,0.0060631,0.292716,0.0804,0.57,0.000173793,-0.00042389,0.00863911,0.1432771,3.25965E-05,6.68428E-06,2.98966E-05,9.6109E-05,3.47679E-05,0.000218878
0.0033409,2.4691,0.67,4.75,-7.31E-05,0.036667,0.65267,0.00039947,4.68E-05,0.00045081,0.001788,0.00073407,0.0044943,0.296292,0.0804,0.57,0.000120606,-1.38934E-05,0.00696673,0.1240073,1.44209E-05,1.68934E-06,1.62742E-05,6.45468E-05,2.64999E-05,0.000162244
0.0030109,2.4748,0.67,4.75,-7.93E-05,0.033402,0.59551,0.00033879,4.19E-05,0.00038736,0.0016139,0.00066362,0.0040691,0.296976,0.0804,0.57,0.000108693,-1.50695E-05,0.00634638,0.1131469,1.22303E-05,1.51086E-06,1.39837E-05,5.82618E-05,2.39567E-05,0.000146895
0.001257,2.5058,0.67,4.75,-0.00022513,0.016108,0.28659,2.57E-05,8.12E-06,7.88E-05,0.00067968,0.00028966,0.0018087,0.300696,0.0804,0.57,4.53777E-05,-4.27747E-05,0.00306052,0.0544521,9.27301E-07,2.93161E-07,2.84421E-06,2.45364E-05,1.04567E-05,6.52941E-05
0.0010587,2.5118,0.67,4.75,-0.00022465,0.01355,0.24183,2.16E-05,7.07E-06,6.54E-05,0.00057292,0.00024374,0.0015229,0.301416,0.0804,0.57,3.82191E-05,-4.26835E-05,0.0025745,0.0459477,7.80193E-07,2.55227E-07,2.35989E-06,2.06824E-05,8.79901E-06,5.49767E-05
3.28E-07,2.544,0.67,4.75,-0.00021021,-4.37E-14,-8.34E-18,6.56E-07,1.37E-16,2.51E-21,2.87E-26,5.23E-31,1.62E-34,0.30528,0.0804,0.57,1.1848E-08,-3.99399E-05,-8.29407E-15,-1.58401E-18,2.3696E-08,4.95256E-18,9.06543E-23,1.03506E-27,1.88799E-32,5.8565E-36
1.87E-07,2.5502,0.67,4.75,-0.0002021,-4.20E-14,-7.83E-18,3.74E-07,7.80E-17,2.52E-22,1.63E-26,5.09E-32,1.28E-34,0.306024,0.0804,0.57,6.74456E-09,-0.000038399,-7.97791E-15,-1.48848E-18,1.34891E-08,2.81703E-18,9.09359E-24,5.88286E-28,1.83727E-33,4.61791E-36
0,2.5837,0.67,4.75,0,0,0,0,0,0,0,0,0,0.310044,0.0804,0.57,0,0,0,0,0,0,0,0,0,0
0,2.5901,0.67,4.75,0,0,0,0,0,0,0,0,0,0.310812,0.0804,0.57,0,0,0,0,0,0,0,0,0,0
0,2.625,0.67,4.75,0,0,0,0,0,0,0,0,0,0.315,0.0804,0.57,0,0,0,0,0,0,0,0,0,0
